1785242653180 0.0 1
1785242653181 0.0 2
1785242653182 0.0 3
1785242653184 0.0 4
1785242653185 0.0 5
1785242653186 0.0 6
1785242653187 0.0 7
1785242653189 0.0 8
1785242653190 0.0 9
1785242653191 0.0 10
1785242653192 0.0 11
1785242653193 0.0 12
1785242653195 0.0 13
1785242653196 0.0 14
1785242653197 0.0 15
1785242653199 0.0 16
1785242653200 0.0 17
1785242653201 0.0 18
1785242653202 0.0 19
1785242653204 0.0 20
1785242653205 0.0 21
1785242653206 0.0 22
1785242653207 0.0 23
1785242653209 0.0 24
1785242653210 0.0 25
1785242653211 0.0 26
1785242653212 0.0 27
1785242653214 0.0 28
1785242653215 0.0 29
1785242653216 0.0 30
1785242653217 0.0 31
1785242653219 0.0 32
1785242653220 0.0 33
1785242653221 0.0 34
1785242653222 0.0 35
1785242653224 0.0 36
1785242653225 0.0 37
