1785242653086 0.0711964428331703 1
1785242653087 0.008194813303416594 2
1785242653089 0.0045685692527331415 3
1785242653090 0.0034276575746480377 4
1785242653091 0.0029479971824912356 5
1785242653092 0.0028237749938853085 6
1785242653094 0.0026319119049003346 7
1785242653095 0.0023398661470855585 8
1785242653096 0.002102087064704392 9
1785242653098 0.0020391129903146064 10
1785242653099 0.002067673782876227 11
1785242653100 0.0018775452325644438 12
1785242653101 0.001882400580943795 13
1785242653103 0.0018749385444971267 14
1785242653104 0.0017758871670230292 15
1785242653105 0.001863531234266702 16
1785242653107 0.0015887530843610876 17
1785242653108 0.0015876815842057112 18
1785242653109 0.0014775945703149774 19
1785242653110 0.0014429493034549524 20
1785242653112 0.0014565113157732413 21
1785242653113 0.0013782337614975403 22
1785242653114 0.0013096511964977254 23
1785242653115 0.0012314855454314967 24
1785242653117 0.0011149536090670153 25
1785242653118 0.0010779934271704405 26
1785242653119 0.0010543271125061438 27
1785242653120 0.0010142953068134374 28
1785242653122 0.000992806598660536 29
1785242653123 0.0009797085185709875 30
1785242653124 0.0009678000980056822 31
1785242653125 0.0009568943482008762 32
1785242653127 0.0009370791050605476 33
1785242653128 0.0009285234278650023 34
1785242653129 0.0009218350374430883 35
1785242653131 0.0009157670768036041 36
1785242653132 0.0009092460442479932 37
