1785242653226 0.0 1
1785242653227 0.0 2
1785242653229 0.0 3
1785242653230 0.0 4
1785242653231 0.0 5
1785242653232 0.0 6
1785242653234 0.0 7
1785242653235 0.0 8
1785242653236 0.0 9
1785242653237 0.0 10
1785242653239 0.0 11
1785242653240 0.0 12
1785242653241 0.0 13
1785242653242 0.0 14
1785242653244 0.0 15
1785242653245 0.0 16
1785242653246 0.0 17
1785242653247 0.0 18
1785242653249 0.0 19
1785242653250 0.0 20
1785242653251 0.0 21
1785242653253 0.0 22
1785242653254 0.0 23
1785242653255 0.0 24
1785242653256 0.0 25
1785242653257 0.0 26
1785242653259 0.0 27
1785242653260 0.0 28
1785242653261 0.0 29
1785242653262 0.0 30
1785242653263 0.0 31
1785242653265 0.0 32
1785242653266 0.0 33
1785242653267 0.0 34
1785242653268 0.0 35
1785242653269 0.0 36
1785242653270 0.0 37
