1785248107589 0.08128159410785883 1
1785248107591 0.009118799371644854 2
1785248107592 0.005040608825511299 3
1785248107593 0.004095866343704984 4
1785248107595 0.003373896207776852 5
1785248107596 0.002925349687575363 6
1785248107597 0.002629570624267217 7
1785248107598 0.002394269818905741 8
1785248107600 0.0022216987743740903 9
1785248107601 0.002085334046569187 10
1785248107602 0.002086109809606569 11
1785248107603 0.0020791191018361133 12
1785248107605 0.001999667588970624 13
1785248107606 0.0019677684562338983 14
1785248107607 0.00193139253242407 15
1785248107608 0.0018684728247171734 16
1785248107610 0.001808415516570676 17
1785248107611 0.0017664297964074648 18
1785248107612 0.0017652833531610667 19
1785248107613 0.0017024967691395432 20
1785248107615 0.0016678235544532072 21
1785248107616 0.0016745496029034258 22
1785248107617 0.0017060964391566813 23
1785248107619 0.0017372717948455829 24
1785248107620 0.0016038427253079134 25
1785248107621 0.0015773477310722227 26
1785248107622 0.0015545304157421923 27
1785248107623 0.0014699441930861212 28
1785248107625 0.0013958943729812745 29
1785248107626 0.0013712952983041759 30
1785248107627 0.0013490109151462093 31
1785248107629 0.0013358342227729736 32
1785248107630 0.0013207818576483987 33
1785248107631 0.0013096238042635377 34
1785248107632 0.0013078254216816276 35
1785248107634 0.0013030638924101368 36
1785248107635 0.0012942750457295915 37
1785248107636 0.0012581644160673021 38
1785248107637 0.0012322092776594219 39
1785248107639 0.0012179128004936501 40
1785248107640 0.001210028854329721 41
1785248107641 0.0012043559425364947 42
1785248107642 0.0011879887003306067 43
1785248107644 0.001180634110205574 44
1785248107645 0.0011752928835630882 45
1785248107646 0.0011709455658274236 46
1785248107647 0.0011661967772670324 47
1785248107649 0.0011589428802835755 48
1785248107650 0.0011561623703164514 49
1785248107651 0.0011535010895022423 50
1785248107652 0.001151111845392734 51
1785248107654 0.00114887284435099 52
