1785248107785 0.0 1
1785248107786 0.0 2
1785248107788 0.0 3
1785248107789 0.0 4
1785248107790 0.0 5
1785248107792 0.0 6
1785248107793 0.0 7
1785248107794 0.0 8
1785248107795 0.0 9
1785248107797 0.0 10
1785248107798 0.0 11
1785248107799 0.0 12
1785248107800 0.0 13
1785248107802 0.0 14
1785248107803 0.0 15
1785248107804 0.0 16
1785248107805 0.0 17
1785248107807 0.0 18
1785248107808 0.0 19
1785248107809 0.0 20
1785248107810 0.0 21
1785248107812 0.0 22
1785248107813 0.0 23
1785248107814 0.0 24
1785248107815 0.0 25
1785248107817 0.0 26
1785248107818 0.0 27
1785248107819 0.0 28
1785248107821 0.0 29
1785248107822 0.0 30
1785248107823 0.0 31
1785248107824 0.0 32
1785248107826 0.0 33
1785248107827 0.0 34
1785248107828 0.0 35
1785248107829 0.0 36
1785248107831 0.0 37
1785248107832 0.0 38
1785248107833 0.0 39
1785248107834 0.0 40
1785248107836 0.0 41
1785248107837 0.0 42
1785248107838 0.0 43
1785248107839 0.0 44
1785248107841 0.0 45
1785248107842 0.0 46
1785248107843 0.0 47
1785248107844 0.0 48
1785248107846 0.0 49
1785248107847 0.0 50
1785248107848 0.0 51
1785248107849 0.0 52
