1785332826122 0.2694689673622258 1
1785332826154 0.4021870286576169 2
1785332826185 0.5951080112370435 4
1785332826215 0.6881405495202974 6
1785332826245 0.7269730019667442 8
1785332826274 0.8062690449646972 12
1785332826304 0.8070007522817703 16
1785332826334 0.8498013668637903 20
1785332826364 0.8849192699192698 28
1785332826394 0.9096046589069845 40
1785332826424 0.9716446533236096 60
1785332826451 0.9951219512195122 80
1785332826478 1.0 100
1785332826508 1.0 120
1785332826536 1.0 160
1785332826562 1.0 200
