1780314200423 0.19978769365698099 1
1780314200424 0.07851699703993896 2
1780314200426 0.034521360183134675 3
1780314200427 0.017711808431583147 4
1780314200428 0.011165421314459915 5
1780314200429 0.008152142374698693 6
1780314200430 0.006418095309830581 7
1780314200432 0.005376134844846092 8
1780314200433 0.004581861865396301 9
1780314200434 0.004022811171792758 10
1780314200436 0.003782341357145924 11
1780314200437 0.003415277986884272 12
1780314200438 0.0032539500859760056 13
1780314200439 0.0029949267472450932 14
1780314200440 0.0027789954974044425 15
1780314200442 0.0027496128027754215 16
1780314200443 0.0026163065163321638 17
1780314200444 0.0026266672447187982 18
1780314200445 0.0025314925638667773 19
1780314200447 0.0024597584422735965 20
1780314200448 0.002403656598229039 21
1780314200449 0.002312047984499562 22
1780314200450 0.0022826800523034763 23
1780314200451 0.0023112111945617166 24
1780314200453 0.002316327356917706 25
1780314200454 0.0023343034425730973 26
1780314200455 0.0022108644848534216 27
1780314200456 0.0021772560160267557 28
1780314200457 0.002264551113573058 29
1780314200459 0.0021659467779196954 30
1780314200460 0.002188520106089224 31
1780314200461 0.002162026630685432 32
1780314200462 0.002134404297612491 33
1780314200463 0.0021241236659989226 34
1780314200465 0.0021032048967754235 35
1780314200466 0.00209987085412043 36
1780314200467 0.002106130931012255 37
1780314200468 0.0021065385147570246 38
1780314200469 0.0021108062711088374 39
1780314200471 0.0020854958769632504 40
1780314200472 0.0020902188211039175 41
1780314200473 0.0020709585357205165 42
1780314200474 0.0020233267724203566 43
1780314200475 0.002020660652973068 44
1780314200477 0.002066314351759502 45
1780314200478 0.002041272266918289 46
1780314200479 0.0020051752903479307 47
1780314200480 0.0019917389278513533 48
1780314200481 0.0020202390868992856 49
1780314200483 0.0020178822910869106 50
1780314200484 0.00205334665782478 51
1780314200485 0.002009815932372779 52
1780314200486 0.0020272326983103994 53
1780314200487 0.002174855322179307 54
1780314200489 0.0019948469342731794 55
1780314200490 0.001975167397055581 56
1780314200491 0.0019832094133259187 57
1780314200492 0.0019822650179169917 58
1780314200493 0.0020505150641838554 59
1780314200495 0.0020006002865557092 60
1780314200497 0.001963050272631032 61
1780314200498 0.002000140540621942 62
1780314200499 0.001991086660200381 63
1780314200500 0.0019624629169508506 64
1780314200501 0.0019822141713423964 65
1780314200502 0.001966926713430439 66
1780314200504 0.0019754675282456446 67
1780314200505 0.0019682631764832573 68
1780314200506 0.0020245251599893283 69
1780314200507 0.001999097606676514 70
1780314200509 0.002023347441718215 71
1780314200510 0.0019371956046597915 72
1780314200511 0.001953632846319427 73
1780314200512 0.002000013179592012 74
1780314200514 0.001956875439767221 75
