1782689658805 0.0 1
1782689658807 0.0 2
1782689658808 0.0 3
1782689658809 0.0 4
1782689658810 0.0 5
1782689658811 0.0 6
1782689658812 0.0 7
1782689658813 0.0 8
1782689658814 0.0 9
1782689658815 0.0 10
1782689658816 0.0 11
1782689658817 0.0 12
1782689658818 0.0 13
1782689658820 0.0 14
1782689658821 0.0 15
1782689658822 0.0 16
1782689658823 0.0 17
1782689658824 0.0 18
1782689658825 0.0 19
1782689658826 0.0 20
1782689658827 0.0 21
1782689658828 0.0 22
1782689658829 0.0 23
1782689658830 0.0 24
1782689658831 0.0 25
1782689658833 0.0 26
1782689658834 0.0 27
1782689658835 0.0 28
1782689658836 0.0 29
1782689658837 0.0 30
1782689658838 0.0 31
1782689658839 0.0 32
1782689658840 0.0 33
1782689658841 0.0 34
1782689658842 0.0 35
1782689658843 0.0 36
1782689658844 0.0 37
1782689658846 0.0 38
1782689658847 0.0 39
1782689658848 0.0 40
1782689658849 0.0 41
1782689658850 0.0 42
1782689658851 0.0 43
1782689658852 0.0 44
1782689658853 0.0 45
1782689658854 0.0 46
1782689658855 0.0 47
1782689658856 0.0 48
1782689658857 0.0 49
1782689658859 0.0 50
1782689658860 0.0 51
1782689658861 0.0 52
1782689658862 0.0 53
1782689658863 0.0 54
1782689658864 0.0 55
1782689658865 0.0 56
1782689658866 0.0 57
1782689658867 0.0 58
