1782689658868 0.0 1
1782689658869 0.0 2
1782689658871 0.0 3
1782689658872 0.0 4
1782689658873 0.0 5
1782689658874 0.0 6
1782689658875 0.0 7
1782689658876 0.0 8
1782689658877 0.0 9
1782689658878 0.0 10
1782689658879 0.0 11
1782689658881 0.0 12
1782689658882 0.0 13
1782689658883 0.0 14
1782689658884 0.0 15
1782689658885 0.0 16
1782689658886 0.0 17
1782689658887 0.0 18
1782689658888 0.0 19
1782689658889 0.0 20
1782689658890 0.0 21
1782689658891 0.0 22
1782689658893 0.0 23
1782689658894 0.0 24
1782689658895 0.0 25
1782689658896 0.0 26
1782689658897 0.0 27
1782689658898 0.0 28
1782689658899 0.0 29
1782689658900 0.0 30
1782689658901 0.0 31
1782689658902 0.0 32
1782689658903 0.0 33
1782689658905 0.0 34
1782689658906 0.0 35
1782689658907 0.0 36
1782689658908 0.0 37
1782689658909 0.0 38
1782689658910 0.0 39
1782689658911 0.0 40
1782689658912 0.0 41
1782689658913 0.0 42
1782689658914 0.0 43
1782689658915 0.0 44
1782689658916 0.0 45
1782689658918 0.0 46
1782689658919 0.0 47
1782689658920 0.0 48
1782689658921 0.0 49
1782689658922 0.0 50
1782689658923 0.0 51
1782689658924 0.0 52
1782689658925 0.0 53
1782689658926 0.0 54
1782689658927 0.0 55
1782689658928 0.0 56
1782689658929 0.0 57
1782689658931 0.0 58
