1782689658679 0.07679178452119231 1
1782689658680 0.01396568251075223 2
1782689658681 0.00646457078284584 3
1782689658682 0.004542562295682728 4
1782689658683 0.0034952535619959236 5
1782689658684 0.0028165512077976016 6
1782689658686 0.0025991089025046675 7
1782689658687 0.0022078645805595444 8
1782689658688 0.0020820246540824883 9
1782689658689 0.001867166887386702 10
1782689658690 0.001752907848567702 11
1782689658691 0.00170377508882666 12
1782689658692 0.0017877693101763725 13
1782689658693 0.0017095458388212137 14
1782689658694 0.0016086332344275433 15
1782689658695 0.0015812219289364294 16
1782689658697 0.0014791137794964015 17
1782689658698 0.0013951952770003117 18
1782689658699 0.0013795920083066449 19
1782689658700 0.0015069873791071586 20
1782689658701 0.001445682169869542 21
1782689658702 0.001491162998281652 22
1782689658703 0.0013093089796893764 23
1782689658704 0.0012128452425531578 24
1782689658705 0.0011778135390341049 25
1782689658706 0.0011527966235007625 26
1782689658707 0.0011391125439695316 27
1782689658709 0.0011311815839871997 28
1782689658710 0.0011330289116449422 29
1782689658711 0.001136062341829529 30
1782689658712 0.0011170700322691118 31
1782689658713 0.001119144957847311 32
1782689658714 0.0011138845324603608 33
1782689658715 0.001120316284650471 34
1782689658716 0.0011170438463886966 35
1782689658717 0.0010696173258475028 36
1782689658718 0.00102267098161974 37
1782689658719 0.001002678869481315 38
1782689658721 0.0009910439237137325 39
1782689658722 0.000982416529004695 40
1782689658723 0.0009756107243447332 41
1782689658724 0.0009693970333319158 42
1782689658725 0.0009583805751026375 43
1782689658726 0.000948103011760395 44
1782689658727 0.0009431416310690111 45
1782689658728 0.0009385604153794703 46
1782689658729 0.0009344837180105969 47
1782689658730 0.0009296984437969513 48
1782689658731 0.000926627843582537 49
1782689658733 0.0009193837284692563 50
1782689658734 0.0009147997481341008 51
1782689658735 0.0009119948981970083 52
1782689658736 0.0009095602170418715 53
1782689658737 0.0009069944485236192 54
1782689658738 0.0009043208588991547 55
1782689658739 0.000902141007463797 56
1782689658740 0.0008978999259124976 57
1782689658741 0.000896037462662207 58
