1780314179896 0.22906700931489468 1
1780314179898 0.11544194344431162 2
1780314179900 0.0483253244496882 3
1780314179903 0.026357581689953804 4
1780314179905 0.016762735368683935 5
1780314179907 0.01156999537954107 6
1780314179910 0.00871194171719253 7
1780314179912 0.006784359007142484 8
1780314179914 0.00562739584594965 9
1780314179917 0.004978841253323481 10
1780314179919 0.0043424024898558854 11
1780314179921 0.003871297638397664 12
1780314179924 0.003552265746984631 13
1780314179926 0.0032022767834132535 14
1780314179929 0.0029973221162799745 15
1780314179931 0.002866578809916973 16
1780314179933 0.0027566190314246342 17
1780314179936 0.0026065392029704527 18
1780314179938 0.002498896091710776 19
1780314179940 0.002303156775305979 20
1780314179943 0.0022459759484627284 21
1780314179945 0.0022067241329932585 22
1780314179947 0.0021830236999085175 23
1780314179950 0.0020902085804846136 24
1780314179952 0.002148439106531441 25
1780314179954 0.001982771103212144 26
1780314179957 0.0019470336736412718 27
1780314179959 0.0019290909612027464 28
1780314179961 0.0018791476629849058 29
1780314179964 0.0018471843388397247 30
1780314179966 0.0019070813903817906 31
1780314179968 0.0017850233532954007 32
1780314179971 0.0018349759667762556 33
1780314179973 0.0017653495474951341 34
1780314179975 0.0017241356453450863 35
1780314179978 0.0017391977165243588 36
1780314179980 0.0017327695274434519 37
1780314179982 0.0016628860837954562 38
1780314179985 0.0016113792316173204 39
1780314179987 0.0016422718060493935 40
1780314179989 0.0016066391507047228 41
1780314179992 0.001561446249106666 42
1780314179994 0.0015857581878663042 43
1780314179997 0.0015520513949741144 44
1780314179999 0.001577178770530736 45
1780314180001 0.0016893030413484666 46
1780314180004 0.0016650547918106895 47
1780314180006 0.0015349865111056716 48
1780314180008 0.0015698079665889964 49
1780314180011 0.0015241190600499977 50
1780314180013 0.0014416247804183513 51
1780314180015 0.0014688074131117901 52
1780314180018 0.0014707474597526016 53
1780314180020 0.0014648377034609439 54
1780314180022 0.0015371456318098353 55
1780314180025 0.0014327751629753039 56
1780314180027 0.0014088612914201803 57
1780314180029 0.001417215677938657 58
1780314180032 0.0014529957196646138 59
1780314180034 0.0013997998148261104 60
1780314180036 0.0013803151212778174 61
1780314180038 0.0013795688754908043 62
1780314180041 0.0013567705072637182 63
1780314180043 0.0013853889841993804 64
1780314180045 0.0013853225717321037 65
1780314180048 0.0012874550536071184 66
1780314180050 0.0012490553818497573 67
1780314180052 0.001232390851728269 68
1780314180055 0.0012240585948165971 69
1780314180057 0.0012177142096334137 70
1780314180059 0.0012290018766361755 71
1780314180062 0.0012265957219642588 72
1780314180064 0.0012120116175356088 73
1780314180066 0.0012192707931535551 74
1780314180069 0.0012062290042376845 75
1780314180071 0.0011744620920944727 76
1780314180073 0.0011576057671481975 77
1780314180076 0.0011488256323355017 78
1780314180078 0.0011483334608055884 79
1780314180081 0.0011472499479714315 80
1780314180083 0.0011462439669412561 81
1780314180085 0.001143889115191996 82
1780314180087 0.001138889641588321 83
1780314180090 0.001137482075719163 84
1780314180092 0.0011317455430253176 85
1780314180094 0.001121257246049936 86
1780314180097 0.001118838602269534 87
1780314180099 0.0011113305587787182 88
1780314180101 0.0011100237389473477 89
1780314180104 0.0011052945077244657 90
1780314180106 0.0011069574722932885 91
1780314180108 0.0011056277425086592 92
1780314180111 0.001109222901868634 93
1780314180113 0.0011018763514584861 94
1780314180115 0.0010994241350272204 95
1780314180118 0.0010934036658727564 96
1780314180120 0.001090750340881641 97
1780314180122 0.0010854516629478894 98
1780314180125 0.0010856640294514364 99
1780314180127 0.0010855656233616172 100
