1782710993455 0.0 1
1782710993456 0.0 2
1782710993458 0.0 3
1782710993459 0.0 4
1782710993460 0.0 5
1782710993461 0.0 6
1782710993462 0.0 7
1782710993463 0.0 8
1782710993464 0.0 9
1782710993465 0.0 10
1782710993466 0.0 11
1782710993467 0.0 12
1782710993468 0.0 13
1782710993469 0.0 14
1782710993471 0.0 15
1782710993472 0.0 16
1782710993473 0.0 17
1782710993474 0.0 18
1782710993475 0.0 19
1782710993476 0.0 20
1782710993477 0.0 21
1782710993478 0.0 22
1782710993479 0.0 23
1782710993480 0.0 24
1782710993481 0.0 25
1782710993482 0.0 26
1782710993484 0.0 27
1782710993485 0.0 28
1782710993486 0.0 29
1782710993487 0.0 30
1782710993488 0.0 31
1782710993489 0.0 32
1782710993490 0.0 33
1782710993491 0.0 34
1782710993492 0.0 35
1782710993493 0.0 36
1782710993494 0.0 37
1782710993495 0.0 38
1782710993497 0.0 39
1782710993498 0.0 40
1782710993499 0.0 41
1782710993500 0.0 42
1782710993501 0.0 43
1782710993502 0.0 44
1782710993503 0.0 45
1782710993504 0.0 46
1782710993505 0.0 47
1782710993506 0.0 48
1782710993507 0.0 49
1782710993509 0.0 50
1782710993510 0.0 51
1782710993511 0.0 52
1782710993512 0.0 53
1782710993513 0.0 54
1782710993514 0.0 55
1782710993515 0.0 56
1782710993516 0.0 57
1782710993517 0.0 58
1782710993518 0.0 59
1782710993519 0.0 60
1782710993520 0.0 61
1782710993521 0.0 62
1782710993522 0.0 63
1782710993523 0.0 64
1782710993524 0.0 65
1782710993526 0.0 66
1782710993527 0.0 67
1782710993528 0.0 68
1782710993529 0.0 69
1782710993530 0.0 70
1782710993531 0.0 71
1782710993532 0.0 72
1782710993533 0.0 73
1782710993534 0.0 74
1782710993535 0.0 75
1782710993536 0.0 76
1782710993537 0.0 77
1782710993539 0.0 78
1782710993540 0.0 79
1782710993541 0.0 80
1782710993542 0.0 81
1782710993543 0.0 82
1782710993544 0.0 83
1782710993545 0.0 84
