1782710993180 0.14253054523840547 1
1782710993181 0.03354115098249167 2
1782710993182 0.010816782659385354 3
1782710993183 0.005709874028107151 4
1782710993184 0.003850627579377033 5
1782710993185 0.00298390245414339 6
1782710993186 0.0025293211376992988 7
1782710993188 0.0022365536776487714 8
1782710993189 0.0020152408961439505 9
1782710993190 0.0018899808800779284 10
1782710993191 0.001852665823244024 11
1782710993192 0.0017313143225328531 12
1782710993193 0.001638793495221762 13
1782710993194 0.0015546647796873003 14
1782710993195 0.0015037413463869598 15
1782710993196 0.0014819457255362068 16
1782710993197 0.0014503287464322056 17
1782710993198 0.001374094767961651 18
1782710993200 0.0013305302268418018 19
1782710993201 0.0012887705285538687 20
1782710993202 0.0012844206771114842 21
1782710993203 0.0013029178630677052 22
1782710993204 0.0012414992911362788 23
1782710993205 0.001229141483854619 24
1782710993206 0.0012364531180355698 25
1782710993207 0.0011917200610332657 26
1782710993208 0.001258541420174879 27
1782710993209 0.0012811481000244386 28
1782710993210 0.0011788591161894146 29
1782710993212 0.001153762429166818 30
1782710993213 0.0011338543039164505 31
1782710993214 0.001093262781505473 32
1782710993215 0.0010841704255290096 33
1782710993216 0.0010939908837463007 34
1782710993217 0.0010864790417690528 35
1782710993218 0.0010857049864716828 36
1782710993219 0.0010666777280857785 37
1782710993220 0.0010520571946835845 38
1782710993221 0.0010268849777639844 39
1782710993222 0.001035771672031842 40
1782710993223 0.0010719155157130444 41
1782710993225 0.0010420626118866495 42
1782710993226 0.0010009751750476425 43
1782710993227 0.001016637107823044 44
1782710993228 0.0009985349050839433 45
1782710993229 0.0009922042283869814 46
1782710993230 0.0009821697622101055 47
1782710993231 0.000971786374138901 48
1782710993232 0.0009847836409608134 49
1782710993233 0.0009573402507521678 50
1782710993234 0.0009692944580456242 51
1782710993235 0.0009466492369392654 52
1782710993237 0.0008944375676219351 53
1782710993238 0.0008592819064506329 54
1782710993239 0.000846625853664591 55
1782710993241 0.0008380006468360079 56
1782710993242 0.0008313209272819222 57
1782710993243 0.0008259859693134785 58
1782710993244 0.0008200679727815441 59
1782710993245 0.0008181410713586956 60
1782710993246 0.000823820731129672 61
1782710993247 0.0008204907037725206 62
1782710993248 0.0008005705670439057 63
1782710993249 0.0007933836938173044 64
1782710993250 0.0007890588188820402 65
1782710993251 0.0007858178979950025 66
1782710993253 0.0007826590872718952 67
1782710993254 0.0007809947129499051 68
1782710993255 0.0007764897511151503 69
1782710993256 0.0007722138336976059 70
1782710993257 0.0007699506537392154 71
1782710993258 0.000768154100915126 72
1782710993259 0.0007663029478862882 73
1782710993260 0.0007645060632785317 74
1782710993261 0.0007627238112763734 75
1782710993262 0.0007597108311529155 76
1782710993263 0.0007585455601292778 77
1782710993265 0.0007575148595788051 78
1782710993266 0.0007564356771763414 79
1782710993267 0.0007553806128998985 80
1782710993268 0.0007543671209714375 81
1782710993269 0.0007532958657611743 82
1782710993270 0.0007515978565061232 83
1782710993271 0.0007509743111222633 84
