1782710993364 0.0 1
1782710993365 0.0 2
1782710993366 0.0 3
1782710993367 0.0 4
1782710993368 0.0 5
1782710993369 0.0 6
1782710993370 0.0 7
1782710993371 0.0 8
1782710993372 0.0 9
1782710993374 0.0 10
1782710993375 0.0 11
1782710993376 0.0 12
1782710993377 0.0 13
1782710993378 0.0 14
1782710993379 0.0 15
1782710993380 0.0 16
1782710993381 0.0 17
1782710993382 0.0 18
1782710993383 0.0 19
1782710993384 0.0 20
1782710993386 0.0 21
1782710993387 0.0 22
1782710993388 0.0 23
1782710993389 0.0 24
1782710993390 0.0 25
1782710993391 0.0 26
1782710993392 0.0 27
1782710993393 0.0 28
1782710993394 0.0 29
1782710993395 0.0 30
1782710993396 0.0 31
1782710993398 0.0 32
1782710993399 0.0 33
1782710993400 0.0 34
1782710993401 0.0 35
1782710993402 0.0 36
1782710993403 0.0 37
1782710993404 0.0 38
1782710993405 0.0 39
1782710993406 0.0 40
1782710993407 0.0 41
1782710993408 0.0 42
1782710993410 0.0 43
1782710993411 0.0 44
1782710993412 0.0 45
1782710993413 0.0 46
1782710993414 0.0 47
1782710993415 0.0 48
1782710993416 0.0 49
1782710993417 0.0 50
1782710993418 0.0 51
1782710993419 0.0 52
1782710993420 0.0 53
1782710993422 0.0 54
1782710993423 0.0 55
1782710993424 0.0 56
1782710993425 0.0 57
1782710993426 0.0 58
1782710993427 0.0 59
1782710993428 0.0 60
1782710993429 0.0 61
1782710993430 0.0 62
1782710993431 0.0 63
1782710993433 0.0 64
1782710993434 0.0 65
1782710993435 0.0 66
1782710993436 0.0 67
1782710993437 0.0 68
1782710993438 0.0 69
1782710993439 0.0 70
1782710993440 0.0 71
1782710993441 0.0 72
1782710993442 0.0 73
1782710993443 0.0 74
1782710993444 0.0 75
1782710993446 0.0 76
1782710993447 0.0 77
1782710993448 0.0 78
1782710993449 0.0 79
1782710993450 0.0 80
1782710993451 0.0 81
1782710993452 0.0 82
1782710993453 0.0 83
1782710993454 0.0 84
