1782207813193 0.0 1
1782207813194 0.0 2
1782207813195 0.0 3
1782207813196 0.0 4
1782207813197 0.0 5
1782207813199 0.0 6
1782207813200 0.0 7
1782207813201 0.0 8
1782207813202 0.0 9
1782207813203 0.0 10
1782207813205 0.0 11
1782207813206 0.0 12
1782207813207 0.0 13
1782207813208 0.0 14
1782207813209 0.0 15
1782207813210 0.0 16
1782207813211 0.0 17
1782207813212 0.0 18
1782207813213 0.0 19
1782207813214 0.0 20
1782207813215 0.0 21
1782207813217 0.0 22
1782207813218 0.0 23
1782207813219 0.0 24
1782207813220 0.0 25
1782207813221 0.0 26
1782207813222 0.0 27
1782207813223 0.0 28
1782207813224 0.0 29
1782207813225 0.0 30
1782207813226 0.0 31
1782207813227 0.0 32
1782207813228 0.0 33
1782207813229 0.0 34
1782207813230 0.0 35
1782207813231 0.0 36
1782207813232 0.0 37
1782207813234 0.0 38
1782207813235 0.0 39
1782207813236 0.0 40
1782207813237 0.0 41
1782207813238 0.0 42
1782207813240 0.0 43
1782207813241 0.0 44
1782207813242 0.0 45
1782207813243 0.0 46
1782207813244 0.0 47
1782207813246 0.0 48
1782207813247 0.0 49
1782207813248 0.0 50
1782207813249 0.0 51
1782207813250 0.0 52
1782207813251 0.0 53
1782207813252 0.0 54
1782207813253 0.0 55
1782207813255 0.0 56
1782207813256 0.0 57
1782207813257 0.0 58
1782207813258 0.0 59
1782207813259 0.0 60
1782207813261 0.0 61
1782207813262 0.0 62
1782207813263 0.0 63
1782207813264 0.0 64
1782207813265 0.0 65
1782207813267 0.0 66
1782207813268 0.0 67
1782207813269 0.0 68
1782207813270 0.0 69
1782207813271 0.0 70
1782207813272 0.0 71
1782207813273 0.0 72
1782207813274 0.0 73
1782207813275 0.0 74
1782207813276 0.0 75
1782207813277 0.0 76
1782207813278 0.0 77
1782207813280 0.0 78
1782207813281 0.0 79
1782207813282 0.0 80
1782207813283 0.0 81
1782207813284 0.0 82
1782207813285 0.0 83
1782207813286 0.0 84
1782207813288 0.0 85
1782207813289 0.0 86
