1782207813090 0.0 1
1782207813091 0.0 2
1782207813092 0.0 3
1782207813094 0.0 4
1782207813095 0.0 5
1782207813096 0.0 6
1782207813097 0.0 7
1782207813098 0.0 8
1782207813100 0.0 9
1782207813101 0.0 10
1782207813102 0.0 11
1782207813103 0.0 12
1782207813104 0.0 13
1782207813106 0.0 14
1782207813107 0.0 15
1782207813108 0.0 16
1782207813109 0.0 17
1782207813110 0.0 18
1782207813111 0.0 19
1782207813113 0.0 20
1782207813114 0.0 21
1782207813115 0.0 22
1782207813116 0.0 23
1782207813117 0.0 24
1782207813119 0.0 25
1782207813120 0.0 26
1782207813121 0.0 27
1782207813122 0.0 28
1782207813123 0.0 29
1782207813125 0.0 30
1782207813126 0.0 31
1782207813127 0.0 32
1782207813128 0.0 33
1782207813129 0.0 34
1782207813131 0.0 35
1782207813132 0.0 36
1782207813133 0.0 37
1782207813134 0.0 38
1782207813135 0.0 39
1782207813137 0.0 40
1782207813138 0.0 41
1782207813139 0.0 42
1782207813140 0.0 43
1782207813141 0.0 44
1782207813143 0.0 45
1782207813144 0.0 46
1782207813145 0.0 47
1782207813146 0.0 48
1782207813147 0.0 49
1782207813149 0.0 50
1782207813150 0.0 51
1782207813151 0.0 52
1782207813152 0.0 53
1782207813153 0.0 54
1782207813155 0.0 55
1782207813156 0.0 56
1782207813157 0.0 57
1782207813158 0.0 58
1782207813159 0.0 59
1782207813160 0.0 60
1782207813162 0.0 61
1782207813163 0.0 62
1782207813164 0.0 63
1782207813165 0.0 64
1782207813166 0.0 65
1782207813168 0.0 66
1782207813169 0.0 67
1782207813170 0.0 68
1782207813171 0.0 69
1782207813172 0.0 70
1782207813174 0.0 71
1782207813175 0.0 72
1782207813176 0.0 73
1782207813177 0.0 74
1782207813178 0.0 75
1782207813180 0.0 76
1782207813181 0.0 77
1782207813182 0.0 78
1782207813183 0.0 79
1782207813184 0.0 80
1782207813186 0.0 81
1782207813187 0.0 82
1782207813188 0.0 83
1782207813189 0.0 84
1782207813190 0.0 85
1782207813191 0.0 86
