1782207812884 0.15247926577925683 1
1782207812885 0.054579424634575845 2
1782207812886 0.027704140366986395 3
1782207812888 0.016991278883069755 4
1782207812889 0.01161816886626184 5
1782207812890 0.008562558048870414 6
1782207812891 0.006539972424507141 7
1782207812892 0.005220341818640009 8
1782207812894 0.004215604523196816 9
1782207812895 0.0036982927657663823 10
1782207812896 0.0035406072472687813 11
1782207812897 0.0028950178710510956 12
1782207812898 0.0025397237011929976 13
1782207812900 0.0023379866388859227 14
1782207812901 0.002242035033996217 15
1782207812902 0.0019821407314157113 16
1782207812903 0.0019226887248805723 17
1782207812904 0.001789978443994187 18
1782207812906 0.0017000036282115616 19
1782207812907 0.0016554391020326875 20
1782207812908 0.0015352083326433785 21
1782207812909 0.0014350906302570366 22
1782207812910 0.001417638722632546 23
1782207812912 0.001345715897041373 24
1782207812913 0.001358892999996897 25
1782207812914 0.0012463174504227937 26
1782207812915 0.001253013836540049 27
1782207812916 0.0012280529558483977 28
1782207812918 0.0011441429222759326 29
1782207812919 0.0011995722299616319 30
1782207812920 0.0010816248229821213 31
1782207812921 0.000966659038385842 32
1782207812922 0.000924379746284103 33
1782207812924 0.0009346749700489454 34
1782207812925 0.000935160203371197 35
1782207812926 0.0014254148530017119 36
1782207812927 0.0012254338820639533 37
1782207812928 0.0009603564614371862 38
1782207812930 0.0008779354596481426 39
1782207812931 0.0008676693592133233 40
1782207812932 0.0008314634293492418 41
1782207812933 0.0007903280150640058 42
1782207812934 0.0007821887297177455 43
1782207812936 0.0008088470413349568 44
1782207812937 0.0007754588517855154 45
1782207812938 0.0007948755850520683 46
1782207812939 0.0008667359584069345 47
1782207812940 0.0008341764810757013 48
1782207812942 0.0007457719006197294 49
1782207812943 0.0007316639376949752 50
1782207812944 0.0007288788109872257 51
1782207812945 0.0007399052380060311 52
1782207812946 0.0007310209746356122 53
1782207812947 0.0007299885545216967 54
1782207812949 0.0007269310522679006 55
1782207812950 0.000696582721939194 56
1782207812951 0.0006963481090497225 57
1782207812952 0.0006692138037760742 58
1782207812953 0.0006529717711964622 59
1782207812955 0.0006830835967411986 60
1782207812956 0.0006572352707007668 61
1782207812957 0.0006849065780261299 62
1782207812958 0.0006652046312228776 63
1782207812959 0.0005721722338785185 64
1782207812961 0.0005153766152216122 65
1782207812962 0.0004970910640986403 66
1782207812963 0.0004853873943648068 67
1782207812964 0.0004780108338673017 68
1782207812965 0.00047170784640911736 69
1782207812967 0.0004651009352892288 70
1782207812968 0.0004551747118239291 71
1782207812969 0.0004483748831989942 72
1782207812970 0.00044454388320446013 73
1782207812971 0.0004411616805009544 74
1782207812972 0.0004376105010305764 75
1782207812974 0.000434298420768755 76
1782207812975 0.0004314555590826785 77
1782207812976 0.0004252054227254121 78
1782207812977 0.0004214958974625915 79
1782207812978 0.0004192124356268323 80
1782207812980 0.0004169644325520494 81
1782207812981 0.00041499930164718535 82
1782207812982 0.0004127358656114666 83
1782207812983 0.0004107771562121343 84
1782207812984 0.00040694023151445437 85
1782207812986 0.00040531386381189807 86
