1781172564104 0.11364679438993334 1
1781172564105 0.039287320161238315 2
1781172564106 0.019138759118504822 3
1781172564107 0.011888246606104077 4
1781172564109 0.008443341238889844 5
1781172564110 0.006553999274037778 6
1781172564111 0.0053577958093956116 7
1781172564112 0.0046065076324157414 8
1781172564113 0.0038029899972025303 9
1781172564114 0.0034109899442410097 10
1781172564115 0.0031544614961603657 11
1781172564117 0.002847151331952773 12
1781172564118 0.00267173717438709 13
1781172564119 0.002564655551104806 14
1781172564120 0.0023652121535269544 15
1781172564121 0.002313262189854868 16
1781172564122 0.002246739934780635 17
1781172564123 0.0021625287426286378 18
1781172564125 0.0020256028629955835 19
1781172564126 0.001998487658565864 20
1781172564127 0.0019392278327723033 21
1781172564128 0.001973954379791394 22
1781172564129 0.001989466171944514 23
1781172564130 0.0018811775039648637 24
1781172564131 0.0018118685655645094 25
1781172564133 0.0019290590050513856 26
1781172564134 0.0017832263399031945 27
1781172564135 0.0018031938312924468 28
1781172564136 0.0018049312979565003 29
1781172564137 0.0017211717573809438 30
1781172564138 0.001660694047459401 31
1781172564139 0.001675051024358254 32
1781172564141 0.001633050052478211 33
1781172564142 0.0016951507328485604 34
1781172564143 0.0017219585411658044 35
1781172564144 0.001733110403001774 36
1781172564145 0.0016385523491771893 37
1781172564146 0.0017138648446416481 38
1781172564147 0.001641800143115688 39
1781172564149 0.0015760747410240583 40
1781172564150 0.0015294254703621846 41
1781172564151 0.0015006659906066488 42
1781172564152 0.001494044380960986 43
1781172564153 0.0014816644668462686 44
1781172564154 0.0014763864249107428 45
1781172564155 0.001470678642654093 46
1781172564157 0.0014607309107668698 47
1781172564158 0.0014536395292088855 48
1781172564159 0.001452982636692468 49
1781172564160 0.0014616130228387193 50
1781172564161 0.0014260009439021814 51
1781172564162 0.001401667345489841 52
1781172564163 0.0013906373995996547 53
1781172564165 0.001398888602561783 54
1781172564166 0.0013831502149696461 55
1781172564167 0.0013742074568290263 56
1781172564168 0.0013665205563302152 57
1781172564169 0.001365441286470741 58
1781172564170 0.0013475439405010547 59
1781172564171 0.0013491951384639834 60
1781172564173 0.0013452190926182084 61
1781172564174 0.0013429380433808546 62
1781172564175 0.0013409143210446927 63
1781172564176 0.0013425016289693302 64
1781172564177 0.0013314931553031783 65
1781172564178 0.0013195328939764296 66
1781172564179 0.0013345821098482702 67
1781172564181 0.0013275811870698817 68
1781172564182 0.001322436712362105 69
1781172564183 0.0013218835783482064 70
1781172564184 0.0013148723417543806 71
1781172564185 0.0013096372134168632 72
1781172564186 0.001310046163125662 73
1781172564187 0.0013106873918150087 74
1781172564189 0.00131342189386487 75
1781172564190 0.0013132958680216688 76
1781172564191 0.0013020413531921805 77
1781172564192 0.0013020917669928167 78
1781172564193 0.00130437389263534 79
