1781172564284 0.1136334508471191 1
1781172564286 0.03925754191353917 2
1781172564287 0.01909480357542634 3
1781172564288 0.011833865889348089 4
1781172564289 0.00838295772438869 5
1781172564290 0.006486909429077059 6
1781172564291 0.005280862116487697 7
1781172564292 0.004521560206776485 8
1781172564294 0.0037170563300605863 9
1781172564295 0.0033200582780409603 10
1781172564296 0.0030535483988933265 11
1781172564297 0.002739721143152565 12
1781172564298 0.002558929700171575 13
1781172564299 0.0024421076267026366 14
1781172564300 0.00224571719794767 15
1781172564301 0.002180715084832627 16
1781172564303 0.0021069936515414156 17
1781172564304 0.0020231838562176562 18
1781172564305 0.0018906396612874232 19
1781172564306 0.0018548821806325577 20
1781172564307 0.0017976913225720636 21
1781172564308 0.0018222650958341546 22
1781172564309 0.0018302814615890383 23
1781172564310 0.0017218858090927824 24
1781172564311 0.0016494148295896594 25
1781172564312 0.0017564987334480974 26
1781172564313 0.0016119698982220143 27
1781172564314 0.0016238957086170559 28
1781172564315 0.0016066082206089049 29
1781172564316 0.0015379144895996432 30
1781172564317 0.0014843206833756995 31
1781172564318 0.0014907034665520768 32
1781172564319 0.001446413025696529 33
1781172564320 0.0015036912563664373 34
1781172564320 0.001521566992305452 35
1781172564321 0.0015233317545789759 36
1781172564322 0.0014377813210012392 37
1781172564324 0.0015117052740242797 38
1781172564325 0.0014460109554056543 39
1781172564326 0.0013654830666200723 40
1781172564327 0.0013102797821920832 41
1781172564328 0.0012897142353176605 42
1781172564329 0.0012769273240701296 43
1781172564330 0.0012638592448638518 44
1781172564331 0.0012671894697996323 45
1781172564333 0.0012593928306887392 46
1781172564334 0.001250066448119469 47
1781172564334 0.0012463063733594026 48
1781172564335 0.0012403544883272844 49
1781172564336 0.001237431944173295 50
1781172564337 0.0012167988003784558 51
1781172564338 0.0011924233628815273 52
1781172564339 0.0011782778849010356 53
1781172564340 0.0011835822922876104 54
1781172564342 0.0011669974439428188 55
1781172564343 0.0011599370960175292 56
1781172564344 0.0011534810752345949 57
1781172564344 0.0011570562326232903 58
1781172564345 0.0011331718068686315 59
1781172564346 0.0011408300809125649 60
1781172564347 0.0011302356548549143 61
1781172564348 0.0011263919139310019 62
1781172564349 0.0011225458121043629 63
1781172564350 0.00112873799589579 64
1781172564351 0.0011084869905607774 65
1781172564352 0.0011042224548873491 66
1781172564353 0.001114876392239239 67
1781172564354 0.0011049987368460278 68
1781172564355 0.0011018931798025733 69
1781172564356 0.0011028054488269846 70
1781172564357 0.0010981919629557523 71
1781172564358 0.0010938908822572557 72
1781172564359 0.0010969112661405234 73
1781172564360 0.0010946285622776485 74
1781172564361 0.001098570439426112 75
1781172564362 0.0010961940691049676 76
1781172564363 0.0010868767742067576 77
1781172564364 0.0010888237348262919 78
1781172564365 0.0010905565266148187 79
