1781172564366 2.4866524515859783 1
1781172564367 2.7747950702905655 2
1781172564368 2.7305690944194794 3
1781172564369 2.5336486852169036 4
1781172564370 2.2506585824489593 5
1781172564371 2.083850576877594 6
1781172564372 2.048234370350838 7
1781172564373 1.978888892531395 8
1781172564374 1.7794345533847808 9
1781172564375 1.6946356689929962 10
1781172564376 1.7096845406293868 11
1781172564377 1.6684232026338577 12
1781172564378 1.6171700930595398 13
1781172564379 1.6313198405504226 14
1781172564380 1.4846341687440872 15
1781172564381 1.5438724857568742 16
1781172564382 1.5319780746102334 17
1781172564383 1.4427121821045876 18
1781172564383 1.3238017174601555 19
1781172564384 1.3381420186161994 20
1781172564385 1.2560598266124725 21
1781172564386 1.2849712359905243 22
1781172564387 1.2898365944623946 23
1781172564389 1.2369240966439248 24
1781172564389 1.2110188096761703 25
1781172564390 1.2368830776214599 26
1781172564391 1.1820730528235435 27
1781172564392 1.1933804133534431 28
1781172564393 1.2744900131225585 29
1781172564394 1.1384162393212318 30
1781172564395 1.0603091362118722 31
1781172564396 1.073615052998066 32
1781172564397 1.0540107309818267 33
1781172564398 1.049443662762642 34
1781172564399 1.06701993227005 35
1781172564400 1.0859752768278121 36
1781172564401 1.0112545707821845 37
1781172564402 0.9914524298906326 38
1781172564403 0.9355893328785896 39
1781172564404 0.9811657536029815 40
1781172564405 0.9961167621612549 41
1781172564406 0.958871613740921 42
1781172564407 0.9868956729769707 43
1781172564408 0.9900237390398979 44
1781172564409 0.9508952215313912 45
1781172564410 0.9603900274634362 46
1781172564411 0.9575657343864441 47
1781172564412 0.9424234047532082 48
1781172564413 0.9664915728569031 49
1781172564414 1.0190048637986182 50
1781172564416 0.9509188166260719 51
1781172564417 0.9511090183258056 52
1781172564417 0.9652705195546151 53
1781172564419 0.9786650475859642 54
1781172564420 0.9825125825405121 55
1781172564421 0.9739561766386032 56
1781172564422 0.9683612531423569 57
1781172564423 0.9472047951817513 58
1781172564424 0.9744187897443771 59
1781172564425 0.9471138733625412 60
1781172564425 0.9771974566578865 61
1781172564426 0.9843005695939064 62
1781172564427 0.9925841143727303 63
1781172564428 0.9716528868675232 64
1781172564429 1.013664381504059 65
1781172564430 0.9786838072538376 66
1781172564431 0.9986623066663742 67
1781172564432 1.0117383942008018 68
1781172564433 1.0024705946445465 69
1781172564434 0.995809670984745 70
1781172564435 0.9849108186364174 71
1781172564436 0.9806651458144188 72
1781172564437 0.9687950032949447 73
1781172564438 0.9820855513215065 74
1781172564439 0.976597534418106 75
1781172564440 0.9868263506889343 76
1781172564441 0.9780208021402359 77
1781172564442 0.9694001656770707 78
1781172564443 0.9718970996141434 79
