1782734124927 0.08780647269450129 1
1782734124928 0.014876341577619315 2
1782734124929 0.006982246689731255 3
1782734124930 0.004765982102835551 4
1782734124931 0.003687991566839628 5
1782734124932 0.0032186761550838127 6
1782734124933 0.0026492393427179194 7
1782734124934 0.002485310680931434 8
1782734124936 0.002124303078453522 9
1782734124937 0.0019030214269878344 10
1782734124938 0.0018968617738573813 11
1782734124939 0.0017308717797277495 12
1782734124940 0.001607260303280782 13
1782734124941 0.0015865550108719617 14
1782734124942 0.0015247736628225539 15
1782734124943 0.0014081662290845998 16
1782734124944 0.0014458554769225885 17
1782734124945 0.0013937036125571468 18
1782734124946 0.0013667904054454993 19
1782734124948 0.0012786864224472083 20
1782734124949 0.0011982302977412472 21
1782734124950 0.0011584480892634019 22
1782734124951 0.001058056006586412 23
1782734124952 0.0010628193714364896 24
1782734124953 0.001001400365275913 25
1782734124954 0.0009543175643921131 26
1782734124955 0.0010227181560185272 27
1782734124956 0.0011850146856886568 28
1782734124957 0.0012571961414505495 29
1782734124958 0.0010577293910318986 30
1782734124960 0.000815841447620187 31
1782734124961 0.0007534664652484934 32
1782734124962 0.0007152608608157607 33
1782734124963 0.0006930776897206669 34
1782734124964 0.0006984679792367387 35
1782734124965 0.0006751995341619477 36
1782734124966 0.0006442389151925454 37
1782734124967 0.0006238554255833151 38
1782734124968 0.000611832325157593 39
1782734124969 0.0006036417412542505 40
1782734124970 0.0005957103834225563 41
1782734124972 0.0005867651849985122 42
1782734124973 0.0005799238316103584 43
1782734124974 0.0005739015415019822 44
1782734124975 0.0005820518152177101 45
1782734124976 0.0006195868846407393 46
1782734124977 0.0006049581533443415 47
1782734124978 0.0005849726426095003 48
1782734124979 0.0005643314212284167 49
1782734124980 0.0005576937765727053 50
1782734124981 0.0005449417440468096 51
1782734124982 0.0005333247037196998 52
1782734124983 0.0005248684626712929 53
1782734124985 0.000518737059464911 54
1782734124986 0.0005194838164607063 55
1782734124987 0.0005192167207133025 56
1782734124988 0.0005148459479096346 57
1782734124989 0.0004951855426406837 58
1782734124990 0.00047927729192451805 59
1782734124991 0.00047299210869823584 60
1782734124992 0.0004688605657793232 61
1782734124993 0.0004653238839455298 62
1782734124994 0.00046181241294107167 63
1782734124995 0.00045836276258341967 64
1782734124996 0.00045283094579644966 65
1782734124998 0.000450398903376481 66
1782734124999 0.00044843666633823885 67
1782734125000 0.00044645067871897483 68
1782734125001 0.0004445700546784792 69
1782734125002 0.0004427180667335051 70
1782734125003 0.00044101243274781156 71
1782734125004 0.0004374056085362099 72
1782734125005 0.0004359732119337423 73
1782734125006 0.00043477316969074307 74
1782734125007 0.00043363002849218903 75
1782734125008 0.00043251823997707105 76
1782734125010 0.0004313034058213816 77
1782734125011 0.00043015058916353157 78
1782734125012 0.00042825819193240025 79
1782734125013 0.0004275952707757824 80
