1782734125178 0.0 1
1782734125179 0.0 2
1782734125180 0.0 3
1782734125181 0.0 4
1782734125182 0.0 5
1782734125183 0.0 6
1782734125184 0.0 7
1782734125185 0.0 8
1782734125186 0.0 9
1782734125187 0.0 10
1782734125188 0.0 11
1782734125189 0.0 12
1782734125190 0.0 13
1782734125191 0.0 14
1782734125191 0.0 15
1782734125192 0.0 16
1782734125193 0.0 17
1782734125194 0.0 18
1782734125195 0.0 19
1782734125196 0.0 20
1782734125197 0.0 21
1782734125198 0.0 22
1782734125199 0.0 23
1782734125199 0.0 24
1782734125200 0.0 25
1782734125201 0.0 26
1782734125202 0.0 27
1782734125203 0.0 28
1782734125204 0.0 29
1782734125205 0.0 30
1782734125206 0.0 31
1782734125207 0.0 32
1782734125208 0.0 33
1782734125209 0.0 34
1782734125210 0.0 35
1782734125211 0.0 36
1782734125212 0.0 37
1782734125212 0.0 38
1782734125213 0.0 39
1782734125214 0.0 40
1782734125215 0.0 41
1782734125216 0.0 42
1782734125217 0.0 43
1782734125218 0.0 44
1782734125219 0.0 45
1782734125220 0.0 46
1782734125221 0.0 47
1782734125222 0.0 48
1782734125223 0.0 49
1782734125224 0.0 50
1782734125225 0.0 51
1782734125226 0.0 52
1782734125226 0.0 53
1782734125227 0.0 54
1782734125228 0.0 55
1782734125229 0.0 56
1782734125230 0.0 57
1782734125231 0.0 58
1782734125233 0.0 59
1782734125234 0.0 60
1782734125235 0.0 61
1782734125236 0.0 62
1782734125237 0.0 63
1782734125238 0.0 64
1782734125239 0.0 65
1782734125240 0.0 66
1782734125241 0.0 67
1782734125242 0.0 68
1782734125243 0.0 69
1782734125244 0.0 70
1782734125245 0.0 71
1782734125246 0.0 72
1782734125247 0.0 73
1782734125248 0.0 74
1782734125249 0.0 75
1782734125249 0.0 76
1782734125251 0.0 77
1782734125251 0.0 78
1782734125252 0.0 79
1782734125253 0.0 80
