1781174978553 0.11134625304490328 1
1781174978554 0.03803971576504409 2
1781174978555 0.019368008743040264 3
1781174978556 0.012326427143998444 4
1781174978558 0.00861426123417914 5
1781174978559 0.006628943802788854 6
1781174978560 0.005337002681335435 7
1781174978561 0.004416455852333456 8
1781174978562 0.0038047853927128017 9
1781174978563 0.003263117545284331 10
1781174978564 0.002978846638579853 11
1781174978565 0.0026804919290589167 12
1781174978567 0.002582532268133946 13
1781174978568 0.0023980330635095014 14
1781174978569 0.0022195649545756167 15
1781174978570 0.002185447450610809 16
1781174978571 0.002035463881620672 17
1781174978572 0.0019649849683628417 18
1781174978573 0.0018811548277153634 19
1781174978574 0.0018660585128236562 20
1781174978576 0.001758674317097757 21
1781174978577 0.0017271517115295865 22
1781174978578 0.0016579622119024862 23
1781174978579 0.0016419301851419731 24
1781174978580 0.001643578414368676 25
1781174978581 0.0016035520764125977 26
1781174978582 0.0015374109795084224 27
1781174978583 0.0015243689755152444 28
1781174978585 0.001512570353661431 29
1781174978586 0.0014461981388740241 30
1781174978587 0.0014866321042063646 31
1781174978588 0.0014759637218958233 32
1781174978589 0.0014821484278945717 33
1781174978590 0.001405815409088973 34
1781174978591 0.0013308007472369353 35
1781174978592 0.0012917449575616047 36
1781174978593 0.0012586682524124626 37
1781174978595 0.001240775226178812 38
1781174978596 0.0012497171442373656 39
1781174978597 0.0012404669140960323 40
1781174978597 0.0012463973585545318 41
1781174978599 0.0012235403768136165 42
1781174978600 0.0012172013246890855 43
1781174978601 0.0012273096930584871 44
1781174978602 0.0012403669724153589 45
1781174978603 0.0012261606806714554 46
1781174978604 0.0011640667633037083 47
1781174978605 0.0011470697123149875 48
1781174978606 0.0011510860895941732 49
1781174978607 0.0011263980287185404 50
1781174978608 0.0011317553771368694 51
1781174978609 0.0011186783980519977 52
1781174978610 0.0011168866005755263 53
1781174978611 0.0011066036998818162 54
1781174978612 0.0010998237892636098 55
1781174978613 0.0010932210260943976 56
1781174978614 0.0010965935834246921 57
1781174978615 0.001090585019410355 58
1781174978616 0.0010824840424902503 59
1781174978617 0.0010748865353525617 60
1781174978618 0.001085409562147106 61
1781174978619 0.0010759430137113669 62
1781174978620 0.0010731483749987093 63
1781174978621 0.0010727117131318663 64
1781174978622 0.0010708644489204743 65
1781174978623 0.0010660762197949225 66
1781174978624 0.0010655389283056138 67
