1781174978402 0.11135127587243915 1
1781174978404 0.03805653258226812 2
1781174978405 0.019393031592480837 3
1781174978406 0.012356321993283927 4
1781174978407 0.008651206460781396 5
1781174978408 0.006673658681102097 6
1781174978409 0.005388622891623527 7
1781174978410 0.004473807383328676 8
1781174978412 0.003867364574689418 9
1781174978413 0.003332747743697837 10
1781174978414 0.003053502697730437 11
1781174978415 0.002764027825323865 12
1781174978416 0.0026695208228193225 13
1781174978417 0.0024884076515445486 14
1781174978418 0.002312083597644232 15
1781174978419 0.002282363715057727 16
1781174978421 0.002141412812343333 17
1781174978422 0.002079158203559928 18
1781174978423 0.0019910940734553153 19
1781174978424 0.001977468842815142 20
1781174978425 0.0018770206812769176 21
1781174978426 0.0018560413722298109 22
1781174978427 0.0017844759882427751 23
1781174978428 0.0017666735858074389 24
1781174978430 0.0017733336164383218 25
1781174978431 0.001736199785664212 26
1781174978432 0.0016723700468719471 27
1781174978433 0.0016660066362237558 28
1781174978434 0.0016570854888414033 29
1781174978435 0.0015916334676148835 30
1781174978436 0.0016402170404035132 31
1781174978437 0.0016300397034501657 32
1781174978439 0.0016392371876281686 33
1781174978440 0.0015621249223477208 34
1781174978441 0.0014844967538374476 35
1781174978442 0.0014549571773386561 36
1781174978443 0.0014179552352288737 37
1781174978444 0.001401765415648697 38
1781174978445 0.0014086432493058965 39
1781174978446 0.0014072051210678182 40
1781174978448 0.0014276296147727407 41
1781174978449 0.0013999020869960078 42
1781174978450 0.0013926564058056102 43
1781174978451 0.00140129348175833 44
1781174978452 0.0014148225853568874 45
1781174978453 0.0014097845154174137 46
1781174978454 0.001340234148374293 47
1781174978455 0.0013178025059460198 48
1781174978457 0.0013258080871310085 49
1781174978458 0.0012969773780787364 50
1781174978459 0.0013051066297339277 51
1781174978460 0.0012912403867812827 52
1781174978461 0.0012894582607259509 53
1781174978462 0.0012827515527897048 54
1781174978463 0.0012785494959098287 55
1781174978464 0.0012686852975457442 56
1781174978465 0.0012769653533177916 57
1781174978467 0.0012669050319527742 58
1781174978468 0.0012571751953510102 59
1781174978469 0.0012490296190662774 60
1781174978470 0.001259950804669643 61
1781174978471 0.001251911017607199 62
1781174978472 0.0012488242618564982 63
1781174978473 0.0012473566411063076 64
1781174978475 0.0012453407091379631 65
1781174978476 0.0012408564207726158 66
1781174978477 0.001241688144946238 67
