1784023594461 0.01681069789396133 1
1784023594463 0.003796997964091133 2
1784023594465 0.0036578887785435653 3
1784023594466 0.003232157103921054 4
1784023594468 0.002939570697635645 5
1784023594469 0.0026246887978049927 6
1784023594471 0.003026269544934621 7
1784023594472 0.0029397206589055714 8
1784023594474 0.0024581641156692056 9
1784023594475 0.0021844226396933665 10
1784023594477 0.0022632904617057646 11
1784023594479 0.001990126320015406 12
1784023594480 0.0021469722606707363 13
1784023594482 0.0019399714043538553 14
1784023594483 0.002087995952460915 15
1784023594485 0.00212917684999411 16
1784023594486 0.0017925195262068882 17
1784023594488 0.001776688449899666 18
1784023594489 0.001872367945179576 19
1784023594491 0.0019228134633158334 20
1784023594492 0.001800450701121008 21
1784023594494 0.0017407328603439964 22
1784023594496 0.0017363200992986094 23
1784023594497 0.001795805329893483 24
1784023594499 0.0016407254827208817 25
1784023594500 0.0018245727596513462 26
1784023594502 0.001846689739759313 27
1784023594503 0.001538478578440845 28
1784023594505 0.00149489289149642 29
1784023594506 0.0015712803897622507 30
1784023594508 0.0020429344351578036 31
1784023594509 0.001855844957754016 32
1784023594511 0.0016093248523247894 33
1784023594513 0.0014118115555902476 34
1784023594514 0.0014630133506580024 35
1784023594516 0.0014530947214370826 36
1784023594517 0.0014170147848926718 37
1784023594519 0.0013222143111488549 38
1784023594520 0.0013591554423328489 39
1784023594522 0.0015097957549005513 40
1784023594523 0.0014749685139395297 41
1784023594525 0.0016238289895409252 42
1784023594527 0.0014773743832483888 43
1784023594528 0.0014140146537101827 44
1784023594530 0.0014795940113981488 45
1784023594531 0.0013228017237270251 46
1784023594533 0.0012599839887116105 47
1784023594534 0.0012645298660936533 48
1784023594536 0.0011479829125164542 49
1784023594537 0.0012551292119314895 50
1784023594539 0.0012904734846233624 51
1784023594540 0.0013954526638553944 52
1784023594542 0.0015124966319126543 53
1784023594544 0.0012529825575620635 54
1784023594545 0.0014189562418323476 55
1784023594547 0.0012558882638404611 56
1784023594548 0.0013768958605942317 57
1784023594550 0.0011709001348935999 58
1784023594551 0.0011659515256178565 59
1784023594553 0.001199936296325177 60
1784023594554 0.0012041703085560584 61
1784023594556 0.0011012493830639869 62
1784023594557 0.0010556809381523635 63
1784023594559 0.0010004427388776093 64
1784023594560 0.001003476302648778 65
1784023594562 0.0011368821338692213 66
1784023594564 0.001211032965220511 67
1784023594565 0.0014194215548195643 68
1784023594567 0.0012456034132628702 69
1784023594568 0.0010866631504904945 70
1784023594570 0.0009621204045106424 71
1784023594571 0.0008618400442355778 72
1784023594573 0.0008180025763431331 73
1784023594574 0.0007995787887921324 74
1784023594576 0.0007846182585490169 75
1784023594577 0.000772281834797468 76
1784023594579 0.0007587572922057007 77
1784023594581 0.0007739618369669188 78
1784023594582 0.0007761993154417723 79
1784023594584 0.0007543617596820696 80
1784023594585 0.0007525253923085983 81
1784023594587 0.000776902515135589 82
1784023594588 0.0007730329294281546 83
1784023594590 0.0007051305985078215 84
1784023594591 0.0006649440625187708 85
1784023594593 0.0006547551194671542 86
1784023594594 0.0006483307555754436 87
1784023594596 0.0006393809006840456 88
1784023594598 0.000638007133093197 89
1784023594599 0.0006289147401548689 90
1784023594601 0.0006216995097202016 91
1784023594602 0.0006163304725487251 92
1784023594604 0.0006012170689064078 93
1784023594605 0.0005877917024190537 94
1784023594607 0.0005840829959197436 95
1784023594608 0.0005812562035134761 96
1784023594610 0.0005795395089080557 97
1784023594611 0.000574936827251804 98
1784023594613 0.0005713378053769702 99
1784023594615 0.0005700440971122589 100
1784023594616 0.0005656929987162585 101
1784023594618 0.0005567990698909852 102
1784023594619 0.0005523426335275872 103
1784023594621 0.0005494103656383232 104
1784023594622 0.0005479480998474174 105
1784023594624 0.0005450589459360344 106
1784023594625 0.0005442298148409464 107
1784023594627 0.0005430475167668192 108
1784023594629 0.0005416859282559017 109
1784023594630 0.0005398771791806212 110
1784023594632 0.0005349137959274231 111
1784023594633 0.0005323460416548186 112
1784023594635 0.000532685661164578 113
1784023594636 0.0005306690376164625 114
1784023594637 0.0005290107218752382 115
1784023594638 0.0005281719019694719 116
1784023594640 0.0005284245475195348 117
1784023594641 0.0005270440944877919 118
