1784023594971 0.0 1
1784023594972 0.0 2
1784023594974 0.0 3
1784023594975 0.0 4
1784023594977 0.0 5
1784023594978 0.0 6
1784023594980 0.0 7
1784023594981 0.0 8
1784023594983 0.0 9
1784023594985 0.0 10
1784023594986 0.0 11
1784023594988 0.0 12
1784023594989 0.0 13
1784023594991 0.0 14
1784023594992 0.0 15
1784023594994 0.0 16
1784023594995 0.0 17
1784023594997 0.0 18
1784023594998 0.0 19
1784023595000 0.0 20
1784023595001 0.0 21
1784023595003 0.0 22
1784023595004 0.0 23
1784023595005 0.0 24
1784023595007 0.0 25
1784023595008 0.0 26
1784023595010 0.0 27
1784023595011 0.0 28
1784023595012 0.0 29
1784023595014 0.0 30
1784023595015 0.0 31
1784023595017 0.0 32
1784023595018 0.0 33
1784023595020 0.0 34
1784023595021 0.0 35
1784023595022 0.0 36
1784023595024 0.0 37
1784023595025 0.0 38
1784023595026 0.0 39
1784023595028 0.0 40
1784023595029 0.0 41
1784023595031 0.0 42
1784023595032 0.0 43
1784023595033 0.0 44
1784023595035 0.0 45
1784023595036 0.0 46
1784023595037 0.0 47
1784023595038 0.0 48
1784023595040 0.0 49
1784023595041 0.0 50
1784023595042 0.0 51
1784023595044 0.0 52
1784023595045 0.0 53
1784023595047 0.0 54
1784023595048 0.0 55
1784023595050 0.0 56
1784023595051 0.0 57
1784023595052 0.0 58
1784023595054 0.0 59
1784023595055 0.0 60
1784023595056 0.0 61
1784023595058 0.0 62
1784023595059 0.0 63
1784023595060 0.0 64
1784023595062 0.0 65
1784023595064 0.0 66
1784023595065 0.0 67
1784023595066 0.0 68
1784023595068 0.0 69
1784023595069 0.0 70
1784023595071 0.0 71
1784023595072 0.0 72
1784023595074 0.0 73
1784023595075 0.0 74
1784023595077 0.0 75
1784023595078 0.0 76
1784023595080 0.0 77
1784023595081 0.0 78
1784023595083 0.0 79
1784023595084 0.0 80
1784023595086 0.0 81
1784023595087 0.0 82
1784023595088 0.0 83
1784023595090 0.0 84
1784023595091 0.0 85
1784023595092 0.0 86
1784023595094 0.0 87
1784023595095 0.0 88
1784023595097 0.0 89
1784023595098 0.0 90
1784023595099 0.0 91
1784023595101 0.0 92
1784023595102 0.0 93
1784023595103 0.0 94
1784023595105 0.0 95
1784023595106 0.0 96
1784023595107 0.0 97
1784023595109 0.0 98
1784023595110 0.0 99
1784023595112 0.0 100
1784023595113 0.0 101
1784023595115 0.0 102
1784023595116 0.0 103
1784023595117 0.0 104
1784023595119 0.0 105
1784023595120 0.0 106
1784023595122 0.0 107
1784023595123 0.0 108
1784023595125 0.0 109
1784023595126 0.0 110
1784023595128 0.0 111
1784023595129 0.0 112
1784023595131 0.0 113
1784023595132 0.0 114
1784023595134 0.0 115
1784023595136 0.0 116
1784023595137 0.0 117
1784023595139 0.0 118
