1784023594807 0.0 1
1784023594808 0.0 2
1784023594810 0.0 3
1784023594811 0.0 4
1784023594812 0.0 5
1784023594813 0.0 6
1784023594815 0.0 7
1784023594816 0.0 8
1784023594817 0.0 9
1784023594819 0.0 10
1784023594820 0.0 11
1784023594822 0.0 12
1784023594823 0.0 13
1784023594825 0.0 14
1784023594826 0.0 15
1784023594828 0.0 16
1784023594829 0.0 17
1784023594831 0.0 18
1784023594833 0.0 19
1784023594834 0.0 20
1784023594835 0.0 21
1784023594837 0.0 22
1784023594838 0.0 23
1784023594840 0.0 24
1784023594841 0.0 25
1784023594842 0.0 26
1784023594844 0.0 27
1784023594845 0.0 28
1784023594846 0.0 29
1784023594847 0.0 30
1784023594849 0.0 31
1784023594850 0.0 32
1784023594851 0.0 33
1784023594853 0.0 34
1784023594854 0.0 35
1784023594856 0.0 36
1784023594857 0.0 37
1784023594858 0.0 38
1784023594859 0.0 39
1784023594861 0.0 40
1784023594862 0.0 41
1784023594864 0.0 42
1784023594865 0.0 43
1784023594866 0.0 44
1784023594868 0.0 45
1784023594869 0.0 46
1784023594871 0.0 47
1784023594872 0.0 48
1784023594873 0.0 49
1784023594874 0.0 50
1784023594876 0.0 51
1784023594877 0.0 52
1784023594879 0.0 53
1784023594880 0.0 54
1784023594881 0.0 55
1784023594882 0.0 56
1784023594884 0.0 57
1784023594885 0.0 58
1784023594887 0.0 59
1784023594888 0.0 60
1784023594889 0.0 61
1784023594891 0.0 62
1784023594892 0.0 63
1784023594893 0.0 64
1784023594895 0.0 65
1784023594896 0.0 66
1784023594897 0.0 67
1784023594898 0.0 68
1784023594900 0.0 69
1784023594901 0.0 70
1784023594903 0.0 71
1784023594904 0.0 72
1784023594906 0.0 73
1784023594907 0.0 74
1784023594909 0.0 75
1784023594910 0.0 76
1784023594912 0.0 77
1784023594913 0.0 78
1784023594915 0.0 79
1784023594916 0.0 80
1784023594918 0.0 81
1784023594919 0.0 82
1784023594921 0.0 83
1784023594922 0.0 84
1784023594924 0.0 85
1784023594925 0.0 86
1784023594927 0.0 87
1784023594928 0.0 88
1784023594930 0.0 89
1784023594931 0.0 90
1784023594933 0.0 91
1784023594934 0.0 92
1784023594936 0.0 93
1784023594937 0.0 94
1784023594938 0.0 95
1784023594940 0.0 96
1784023594941 0.0 97
1784023594942 0.0 98
1784023594943 0.0 99
1784023594945 0.0 100
1784023594946 0.0 101
1784023594947 0.0 102
1784023594949 0.0 103
1784023594950 0.0 104
1784023594951 0.0 105
1784023594953 0.0 106
1784023594954 0.0 107
1784023594955 0.0 108
1784023594957 0.0 109
1784023594958 0.0 110
1784023594959 0.0 111
1784023594960 0.0 112
1784023594962 0.0 113
1784023594963 0.0 114
1784023594964 0.0 115
1784023594966 0.0 116
1784023594968 0.0 117
1784023594969 0.0 118
