1784025595783 0.0 1
1784025595784 0.0 2
1784025595785 0.0 3
1784025595787 0.0 4
1784025595788 0.0 5
1784025595789 0.0 6
1784025595791 0.0 7
1784025595792 0.0 8
1784025595793 0.0 9
1784025595794 0.0 10
1784025595796 0.0 11
1784025595798 0.0 12
1784025595799 0.0 13
1784025595801 0.0 14
1784025595802 0.0 15
1784025595804 0.0 16
1784025595805 0.0 17
1784025595807 0.0 18
1784025595808 0.0 19
1784025595810 0.0 20
1784025595811 0.0 21
1784025595813 0.0 22
1784025595814 0.0 23
1784025595816 0.0 24
1784025595817 0.0 25
1784025595819 0.0 26
1784025595821 0.0 27
1784025595822 0.0 28
1784025595824 0.0 29
1784025595825 0.0 30
1784025595827 0.0 31
1784025595828 0.0 32
1784025595830 0.0 33
1784025595831 0.0 34
1784025595833 0.0 35
1784025595834 0.0 36
1784025595836 0.0 37
1784025595838 0.0 38
1784025595839 0.0 39
1784025595841 0.0 40
1784025595842 0.0 41
1784025595844 0.0 42
1784025595845 0.0 43
1784025595847 0.0 44
1784025595848 0.0 45
1784025595850 0.0 46
1784025595851 0.0 47
1784025595853 0.0 48
1784025595854 0.0 49
1784025595856 0.0 50
1784025595857 0.0 51
1784025595859 0.0 52
1784025595860 0.0 53
1784025595862 0.0 54
1784025595863 0.0 55
1784025595865 0.0 56
1784025595866 0.0 57
1784025595868 0.0 58
1784025595869 0.0 59
1784025595871 0.0 60
1784025595872 0.0 61
1784025595874 0.0 62
1784025595876 0.0 63
1784025595877 0.0 64
1784025595879 0.0 65
1784025595880 0.0 66
1784025595882 0.0 67
1784025595883 0.0 68
1784025595885 0.0 69
1784025595886 0.0 70
1784025595888 0.0 71
1784025595890 0.0 72
1784025595891 0.0 73
1784025595893 0.0 74
1784025595894 0.0 75
1784025595896 0.0 76
1784025595897 0.0 77
1784025595899 0.0 78
1784025595900 0.0 79
1784025595902 0.0 80
1784025595903 0.0 81
1784025595905 0.0 82
1784025595906 0.0 83
1784025595908 0.0 84
1784025595909 0.0 85
1784025595911 0.0 86
1784025595912 0.0 87
1784025595914 0.0 88
1784025595915 0.0 89
1784025595917 0.0 90
1784025595919 0.0 91
