1784025595353 0.016321022510819603 1
1784025595354 0.003924935605027713 2
1784025595356 0.0036574702960206194 3
1784025595358 0.0032770013493427542 4
1784025595359 0.0035990338877309115 5
1784025595361 0.0031607465783599765 6
1784025595363 0.003005589213571511 7
1784025595364 0.0028391516071860677 8
1784025595366 0.002778485839808127 9
1784025595367 0.0027520410003489815 10
1784025595369 0.0025388156036206056 11
1784025595371 0.0025237860657216517 12
1784025595372 0.0027126029768260195 13
1784025595374 0.002323700625129277 14
1784025595375 0.0024592621566262097 15
1784025595377 0.002361753816512646 16
1784025595378 0.002117773166828556 17
1784025595380 0.0020545736474741716 18
1784025595382 0.00211339396511903 19
1784025595383 0.0021970265138952527 20
1784025595385 0.0026198791396745947 21
1784025595387 0.0019782694488822018 22
1784025595388 0.0018253983827889897 23
1784025595390 0.0017599240415438545 24
1784025595391 0.00186135504336562 25
1784025595393 0.0017892325669527055 26
1784025595395 0.0017739449029613751 27
1784025595396 0.001654300582013093 28
1784025595398 0.001955738523392938 29
1784025595399 0.0019639910393743775 30
1784025595401 0.0016439518371771556 31
1784025595402 0.001572522497008322 32
1784025595404 0.0015282140296767465 33
1784025595406 0.0017678365542087703 34
1784025595407 0.0016155700453964529 35
1784025595409 0.0016019424522528425 36
1784025595410 0.0015825369430240244 37
1784025595412 0.001628565734863514 38
1784025595413 0.0014237390713969945 39
1784025595415 0.0012497759497637163 40
1784025595417 0.001203146157276933 41
1784025595418 0.0011941132225183537 42
1784025595420 0.0011682573162397603 43
1784025595421 0.0011620833493361715 44
1784025595423 0.0011598613454407315 45
1784025595424 0.001153875386225991 46
1784025595426 0.0011190017873741454 47
1784025595428 0.0011080821007635677 48
1784025595429 0.0010868250054772944 49
1784025595431 0.0010994362497149268 50
1784025595432 0.0012116205823258497 51
1784025595434 0.001142775023035938 52
1784025595435 0.0011182412243942964 53
1784025595437 0.0010884157662076177 54
1784025595439 0.0010526535798271652 55
1784025595440 0.0010308534858631902 56
1784025595442 0.0010173747925728094 57
1784025595444 0.0009276554008829408 58
1784025595445 0.0008859193625539774 59
1784025595447 0.0008709624669427285 60
1784025595448 0.0008614401960221585 61
1784025595450 0.0008504678597091697 62
1784025595451 0.0008338771200214979 63
1784025595453 0.0008364618668565526 64
1784025595454 0.000840105940005742 65
1784025595456 0.0008234251288376981 66
1784025595457 0.0008271803887328133 67
1784025595459 0.0008055546952527948 68
1784025595460 0.0007787130871292902 69
1784025595462 0.0007570533639955101 70
1784025595464 0.0007512066206982127 71
1784025595465 0.000745138749916805 72
1784025595467 0.0007381554116727784 73
1784025595468 0.000736919213886722 74
1784025595470 0.0007297136913257418 75
1784025595471 0.0007162861843971768 76
1784025595473 0.0007107104100577999 77
1784025595474 0.0007064250545954564 78
1784025595476 0.0007049295542674371 79
1784025595478 0.0007017955467745196 80
1784025595479 0.0007004144084930885 81
1784025595481 0.000695457466354128 82
1784025595482 0.0006879911126452498 83
1784025595484 0.0006875856486294651 84
1784025595485 0.0006856473004154395 85
1784025595487 0.0006851143302628771 86
1784025595488 0.0006807423951977398 87
1784025595490 0.0006789832931099227 88
1784025595491 0.0006780270068702521 89
1784025595493 0.0006772603606077609 90
1784025595494 0.0006750129235297209 91
