1784025595641 0.0 1
1784025595643 0.0 2
1784025595645 0.0 3
1784025595646 0.0 4
1784025595648 0.0 5
1784025595650 0.0 6
1784025595651 0.0 7
1784025595653 0.0 8
1784025595654 0.0 9
1784025595656 0.0 10
1784025595658 0.0 11
1784025595659 0.0 12
1784025595661 0.0 13
1784025595663 0.0 14
1784025595664 0.0 15
1784025595666 0.0 16
1784025595667 0.0 17
1784025595669 0.0 18
1784025595671 0.0 19
1784025595672 0.0 20
1784025595674 0.0 21
1784025595675 0.0 22
1784025595677 0.0 23
1784025595679 0.0 24
1784025595680 0.0 25
1784025595682 0.0 26
1784025595683 0.0 27
1784025595685 0.0 28
1784025595686 0.0 29
1784025595688 0.0 30
1784025595689 0.0 31
1784025595691 0.0 32
1784025595692 0.0 33
1784025595694 0.0 34
1784025595696 0.0 35
1784025595697 0.0 36
1784025595699 0.0 37
1784025595700 0.0 38
1784025595702 0.0 39
1784025595703 0.0 40
1784025595705 0.0 41
1784025595706 0.0 42
1784025595708 0.0 43
1784025595709 0.0 44
1784025595711 0.0 45
1784025595712 0.0 46
1784025595714 0.0 47
1784025595716 0.0 48
1784025595717 0.0 49
1784025595719 0.0 50
1784025595720 0.0 51
1784025595722 0.0 52
1784025595723 0.0 53
1784025595725 0.0 54
1784025595726 0.0 55
1784025595728 0.0 56
1784025595729 0.0 57
1784025595731 0.0 58
1784025595732 0.0 59
1784025595734 0.0 60
1784025595735 0.0 61
1784025595737 0.0 62
1784025595739 0.0 63
1784025595740 0.0 64
1784025595742 0.0 65
1784025595743 0.0 66
1784025595745 0.0 67
1784025595746 0.0 68
1784025595748 0.0 69
1784025595749 0.0 70
1784025595751 0.0 71
1784025595752 0.0 72
1784025595754 0.0 73
1784025595755 0.0 74
1784025595757 0.0 75
1784025595758 0.0 76
1784025595760 0.0 77
1784025595762 0.0 78
1784025595763 0.0 79
1784025595765 0.0 80
1784025595766 0.0 81
1784025595768 0.0 82
1784025595769 0.0 83
1784025595771 0.0 84
1784025595772 0.0 85
1784025595774 0.0 86
1784025595775 0.0 87
1784025595777 0.0 88
1784025595778 0.0 89
1784025595780 0.0 90
1784025595781 0.0 91
