1782221575320 0.0 1
1782221575321 0.0 2
1782221575322 0.0 3
1782221575323 0.0 4
1782221575325 0.0 5
1782221575326 0.0 6
1782221575327 0.0 7
1782221575328 0.0 8
1782221575330 0.0 9
1782221575331 0.0 10
1782221575332 0.0 11
1782221575333 0.0 12
1782221575335 0.0 13
1782221575336 0.0 14
1782221575337 0.0 15
1782221575338 0.0 16
1782221575340 0.0 17
1782221575341 0.0 18
1782221575342 0.0 19
1782221575343 0.0 20
1782221575345 0.0 21
1782221575346 0.0 22
1782221575347 0.0 23
1782221575348 0.0 24
1782221575350 0.0 25
1782221575351 0.0 26
1782221575352 0.0 27
1782221575353 0.0 28
1782221575354 0.0 29
1782221575356 0.0 30
1782221575359 0.0 31
1782221575360 0.0 32
1782221575361 0.0 33
1782221575363 0.0 34
1782221575364 0.0 35
1782221575365 0.0 36
1782221575366 0.0 37
1782221575368 0.0 38
1782221575369 0.0 39
1782221575370 0.0 40
1782221575371 0.0 41
1782221575373 0.0 42
1782221575374 0.0 43
1782221575375 0.0 44
1782221575376 0.0 45
1782221575378 0.0 46
1782221575379 0.0 47
1782221575380 0.0 48
1782221575381 0.0 49
1782221575383 0.0 50
1782221575384 0.0 51
1782221575385 0.0 52
1782221575386 0.0 53
1782221575387 0.0 54
1782221575389 0.0 55
1782221575390 0.0 56
1782221575391 0.0 57
1782221575392 0.0 58
1782221575394 0.0 59
