1783929429673 0.0 1
1783929429675 0.0 2
1783929429676 0.0 3
1783929429678 0.0 4
1783929429679 0.0 5
1783929429681 0.0 6
1783929429682 0.0 7
1783929429684 0.0 8
1783929429685 0.0 9
1783929429687 0.0 10
1783929429688 0.0 11
1783929429690 0.0 12
1783929429691 0.0 13
1783929429693 0.0 14
1783929429694 0.0 15
1783929429696 0.0 16
1783929429697 0.0 17
1783929429699 0.0 18
1783929429700 0.0 19
1783929429702 0.0 20
1783929429703 0.0 21
1783929429705 0.0 22
1783929429706 0.0 23
1783929429708 0.0 24
1783929429709 0.0 25
1783929429711 0.0 26
1783929429712 0.0 27
1783929429714 0.0 28
1783929429715 0.0 29
1783929429717 0.0 30
1783929429718 0.0 31
1783929429720 0.0 32
1783929429722 0.0 33
1783929429723 0.0 34
1783929429725 0.0 35
1783929429726 0.0 36
1783929429728 0.0 37
1783929429729 0.0 38
1783929429731 0.0 39
1783929429732 0.0 40
1783929429734 0.0 41
1783929429735 0.0 42
1783929429737 0.0 43
1783929429738 0.0 44
1783929429740 0.0 45
1783929429741 0.0 46
1783929429743 0.0 47
1783929429744 0.0 48
1783929429746 0.0 49
1783929429747 0.0 50
1783929429749 0.0 51
1783929429750 0.0 52
1783929429752 0.0 53
1783929429753 0.0 54
1783929429755 0.0 55
1783929429756 0.0 56
1783929429758 0.0 57
1783929429760 0.0 58
1783929429761 0.0 59
1783929429763 0.0 60
1783929429764 0.0 61
1783929429766 0.0 62
1783929429767 0.0 63
1783929429769 0.0 64
1783929429770 0.0 65
1783929429772 0.0 66
1783929429773 0.0 67
1783929429775 0.0 68
1783929429776 0.0 69
1783929429778 0.0 70
1783929429779 0.0 71
1783929429781 0.0 72
1783929429782 0.0 73
1783929429784 0.0 74
1783929429785 0.0 75
1783929429787 0.0 76
1783929429789 0.0 77
1783929429790 0.0 78
1783929429792 0.0 79
1783929429793 0.0 80
1783929429795 0.0 81
1783929429796 0.0 82
1783929429798 0.0 83
1783929429799 0.0 84
1783929429801 0.0 85
1783929429802 0.0 86
1783929429804 0.0 87
1783929429805 0.0 88
1783929429807 0.0 89
1783929429808 0.0 90
1783929429810 0.0 91
1783929429811 0.0 92
1783929429813 0.0 93
1783929429814 0.0 94
1783929429816 0.0 95
1783929429817 0.0 96
1783929429819 0.0 97
1783929429820 0.0 98
1783929429822 0.0 99
1783929429823 0.0 100
1783929429825 0.0 101
1783929429826 0.0 102
1783929429828 0.0 103
1783929429829 0.0 104
1783929429831 0.0 105
1783929429832 0.0 106
1783929429834 0.0 107
1783929429835 0.0 108
1783929429837 0.0 109
1783929429838 0.0 110
1783929429840 0.0 111
1783929429841 0.0 112
1783929429843 0.0 113
1783929429844 0.0 114
1783929429846 0.0 115
1783929429847 0.0 116
1783929429849 0.0 117
1783929429851 0.0 118
1783929429852 0.0 119
1783929429854 0.0 120
1783929429855 0.0 121
1783929429857 0.0 122
1783929429858 0.0 123
1783929429860 0.0 124
1783929429861 0.0 125
1783929429863 0.0 126
1783929429864 0.0 127
