1783929429866 0.0 1
1783929429867 0.0 2
1783929429869 0.0 3
1783929429871 0.0 4
1783929429872 0.0 5
1783929429874 0.0 6
1783929429875 0.0 7
1783929429877 0.0 8
1783929429878 0.0 9
1783929429880 0.0 10
1783929429881 0.0 11
1783929429883 0.0 12
1783929429884 0.0 13
1783929429886 0.0 14
1783929429887 0.0 15
1783929429889 0.0 16
1783929429890 0.0 17
1783929429892 0.0 18
1783929429893 0.0 19
1783929429895 0.0 20
1783929429896 0.0 21
1783929429898 0.0 22
1783929429899 0.0 23
1783929429901 0.0 24
1783929429902 0.0 25
1783929429904 0.0 26
1783929429905 0.0 27
1783929429907 0.0 28
1783929429908 0.0 29
1783929429910 0.0 30
1783929429911 0.0 31
1783929429913 0.0 32
1783929429914 0.0 33
1783929429916 0.0 34
1783929429917 0.0 35
1783929429919 0.0 36
1783929429921 0.0 37
1783929429922 0.0 38
1783929429923 0.0 39
1783929429925 0.0 40
1783929429926 0.0 41
1783929429928 0.0 42
1783929429930 0.0 43
1783929429931 0.0 44
1783929429933 0.0 45
1783929429934 0.0 46
1783929429936 0.0 47
1783929429937 0.0 48
1783929429939 0.0 49
1783929429940 0.0 50
1783929429942 0.0 51
1783929429943 0.0 52
1783929429945 0.0 53
1783929429946 0.0 54
1783929429948 0.0 55
1783929429949 0.0 56
1783929429951 0.0 57
1783929429952 0.0 58
1783929429954 0.0 59
1783929429955 0.0 60
1783929429957 0.0 61
1783929429958 0.0 62
1783929429960 0.0 63
1783929429961 0.0 64
1783929429963 0.0 65
1783929429964 0.0 66
1783929429966 0.0 67
1783929429967 0.0 68
1783929429969 0.0 69
1783929429970 0.0 70
1783929429972 0.0 71
1783929429973 0.0 72
1783929429975 0.0 73
1783929429976 0.0 74
1783929429978 0.0 75
1783929429979 0.0 76
1783929429981 0.0 77
1783929429982 0.0 78
1783929429984 0.0 79
1783929429985 0.0 80
1783929429987 0.0 81
1783929429988 0.0 82
1783929429990 0.0 83
1783929429991 0.0 84
1783929429993 0.0 85
1783929429995 0.0 86
1783929429996 0.0 87
1783929429998 0.0 88
1783929429999 0.0 89
1783929430001 0.0 90
1783929430002 0.0 91
1783929430004 0.0 92
1783929430005 0.0 93
1783929430007 0.0 94
1783929430008 0.0 95
1783929430010 0.0 96
1783929430011 0.0 97
1783929430013 0.0 98
1783929430014 0.0 99
1783929430016 0.0 100
1783929430017 0.0 101
1783929430019 0.0 102
1783929430020 0.0 103
1783929430022 0.0 104
1783929430023 0.0 105
1783929430025 0.0 106
1783929430026 0.0 107
1783929430028 0.0 108
1783929430029 0.0 109
1783929430031 0.0 110
1783929430032 0.0 111
1783929430034 0.0 112
1783929430035 0.0 113
1783929430037 0.0 114
1783929430038 0.0 115
1783929430040 0.0 116
1783929430042 0.0 117
1783929430043 0.0 118
1783929430048 0.0 119
1783929430055 0.0 120
1783929430056 0.0 121
1783929430058 0.0 122
1783929430060 0.0 123
1783929430061 0.0 124
1783929430063 0.0 125
1783929430064 0.0 126
1783929430066 0.0 127
