1783929429274 0.15452072486281396 1
1783929429276 0.09152509603649378 2
1783929429277 0.052202042024582625 3
1783929429279 0.031951013626530765 4
1783929429281 0.02117940964177251 5
1783929429282 0.01497817758936435 6
1783929429284 0.011233326853252948 7
1783929429286 0.008805870087817311 8
1783929429287 0.007021156048867851 9
1783929429289 0.005813651669304818 10
1783929429291 0.00493178172968328 11
1783929429292 0.004247413536068052 12
1783929429294 0.0037762496958021075 13
1783929429295 0.0033620937407249584 14
1783929429297 0.0030437155708204957 15
1783929429299 0.002801428190432489 16
1783929429300 0.0025752670946530996 17
1783929429302 0.0024556860711891205 18
1783929429303 0.0023067661141976713 19
1783929429305 0.0021846085324068554 20
1783929429307 0.0020668900027521887 21
1783929429308 0.0019879457933711818 22
1783929429310 0.0019114892237121239 23
1783929429312 0.0018644405703525991 24
1783929429313 0.0018086489368579351 25
1783929429315 0.0017571233626222239 26
1783929429316 0.0016980375398998149 27
1783929429318 0.0016388241456297692 28
1783929429320 0.0016252063499996438 29
1783929429321 0.001588774926494807 30
1783929429323 0.0015572668286040424 31
1783929429325 0.00152261044975603 32
1783929429326 0.0014847302591078915 33
1783929429328 0.0014819843556324486 34
1783929429330 0.001462683513382217 35
1783929429331 0.00145539120057947 36
1783929429333 0.001417768168175826 37
1783929429334 0.0013951037303195335 38
1783929429336 0.0013830275512009393 39
1783929429338 0.0013613175769569353 40
1783929429339 0.0013513291045092045 41
1783929429341 0.001327337842885754 42
1783929429343 0.0013010118728561792 43
1783929429344 0.0013051821912813467 44
1783929429346 0.0012884262955049053 45
1783929429347 0.0012801243151625385 46
1783929429349 0.0012823822522477712 47
1783929429351 0.0012721901312761474 48
1783929429352 0.0012473043293721275 49
1783929429354 0.001256124501232989 50
1783929429355 0.0012516219913231907 51
1783929429357 0.001231981106029707 52
1783929429359 0.0012183026655111463 53
1783929429360 0.0012108767613972305 54
1783929429362 0.0011960787837597309 55
1783929429364 0.0011959975805075373 56
1783929429365 0.0012038148097053636 57
1783929429367 0.0012068474191619316 58
1783929429369 0.0011882331425294979 59
1783929429370 0.0011781223750585922 60
1783929429372 0.0011601016411441378 61
1783929429373 0.0011510759559314465 62
1783929429375 0.0011616558271634859 63
1783929429377 0.0011555234864499653 64
1783929429378 0.0011384799495863262 65
1783929429380 0.0011159786013740813 66
1783929429381 0.001104196229716763 67
1783929429383 0.0010974258236092283 68
1783929429385 0.0010916921459283913 69
1783929429386 0.0010947097069583832 70
1783929429388 0.0010919777592789614 71
1783929429390 0.001086376600796939 72
1783929429391 0.0010853240622236626 73
1783929429393 0.0010798622513539158 74
1783929429394 0.0010849678184604273 75
1783929429396 0.0010768389797885902 76
1783929429398 0.0010665477568545612 77
1783929429399 0.001059283517752192 78
1783929429401 0.0010571715536207193 79
1783929429402 0.0010547994144872064 80
1783929429404 0.001057260509187472 81
1783929429406 0.0010519912000745534 82
1783929429407 0.001054987998722936 83
1783929429409 0.0010594246007531183 84
1783929429411 0.0010518176810001023 85
1783929429412 0.0010485742898163153 86
1783929429414 0.001049628135660896 87
1783929429415 0.001044594031991437 88
1783929429417 0.0010504041663079988 89
1783929429419 0.0010402577765489696 90
1783929429420 0.0010457116714678704 91
1783929429422 0.0010440732863207813 92
1783929429424 0.0010356300135026687 93
1783929429425 0.0010356923997460398 94
1783929429427 0.0010310672054765747 95
1783929429428 0.0010312648690887728 96
1783929429430 0.001033543233279488 97
1783929429432 0.0010284093585505615 98
1783929429433 0.0010280952689936385 99
1783929429435 0.0010312292847083882 100
1783929429436 0.0010279869515215979 101
1783929429438 0.0010287614788830979 102
1783929429440 0.0010257133714912925 103
1783929429441 0.0010230733219214016 104
1783929429443 0.001025290497855167 105
1783929429445 0.0010253064038261072 106
1783929429446 0.0010220820999529679 107
1783929429448 0.0010205031623627292 108
1783929429449 0.001026089268780197 109
1783929429451 0.0010169375731493347 110
1783929429453 0.0010219394462910713 111
1783929429454 0.0010208611621783349 112
1783929429456 0.001018668030956178 113
1783929429458 0.0010197454250010197 114
1783929429459 0.0010205863077862886 115
1783929429461 0.0010195157662383281 116
1783929429463 0.0010205025144387036 117
1783929429464 0.0010159397734969388 118
1783929429466 0.001020728044604766 119
1783929429467 0.001018795829586452 120
1783929429469 0.001015413448549225 121
1783929429471 0.0010162315751222194 122
1783929429472 0.001018767098285025 123
1783929429474 0.0010163312891381792 124
1783929429475 0.0010142885691311677 125
1783929429477 0.0010149537347024307 126
1783929429479 0.0010178903936321148 127
