1782599449801 0.0 1
1782599449802 0.0 2
1782599449803 0.0 3
1782599449804 0.0 4
1782599449805 0.0 5
1782599449806 0.0 6
1782599449807 0.0 7
1782599449809 0.0 8
1782599449810 0.0 9
1782599449811 0.0 10
1782599449812 0.0 11
1782599449813 0.0 12
1782599449814 0.0 13
1782599449815 0.0 14
1782599449816 0.0 15
1782599449817 0.0 16
1782599449818 0.0 17
1782599449819 0.0 18
1782599449821 0.0 19
1782599449822 0.0 20
1782599449823 0.0 21
1782599449824 0.0 22
1782599449825 0.0 23
1782599449826 0.0 24
1782599449827 0.0 25
1782599449828 0.0 26
1782599449829 0.0 27
1782599449830 0.0 28
1782599449831 0.0 29
1782599449832 0.0 30
1782599449833 0.0 31
1782599449835 0.0 32
1782599449836 0.0 33
1782599449837 0.0 34
1782599449838 0.0 35
1782599449839 0.0 36
1782599449840 0.0 37
1782599449841 0.0 38
1782599449842 0.0 39
1782599449843 0.0 40
1782599449844 0.0 41
1782599449845 0.0 42
1782599449846 0.0 43
1782599449847 0.0 44
1782599449849 0.0 45
1782599449850 0.0 46
1782599449851 0.0 47
1782599449852 0.0 48
1782599449853 0.0 49
1782599449854 0.0 50
1782599449855 0.0 51
1782599449856 0.0 52
1782599449857 0.0 53
1782599449858 0.0 54
1782599449859 0.0 55
1782599449860 0.0 56
1782599449861 0.0 57
1782599449863 0.0 58
1782599449864 0.0 59
1782599449865 0.0 60
1782599449866 0.0 61
1782599449867 0.0 62
1782599449868 0.0 63
1782599449869 0.0 64
