1782599449870 0.0 1
1782599449871 0.0 2
1782599449872 0.0 3
1782599449873 0.0 4
1782599449874 0.0 5
1782599449876 0.0 6
1782599449877 0.0 7
1782599449878 0.0 8
1782599449879 0.0 9
1782599449880 0.0 10
1782599449881 0.0 11
1782599449882 0.0 12
1782599449883 0.0 13
1782599449884 0.0 14
1782599449885 0.0 15
1782599449886 0.0 16
1782599449887 0.0 17
1782599449888 0.0 18
1782599449889 0.0 19
1782599449889 0.0 20
1782599449890 0.0 21
1782599449891 0.0 22
1782599449892 0.0 23
1782599449893 0.0 24
1782599449894 0.0 25
1782599449895 0.0 26
1782599449896 0.0 27
1782599449897 0.0 28
1782599449898 0.0 29
1782599449899 0.0 30
1782599449900 0.0 31
1782599449901 0.0 32
1782599449902 0.0 33
1782599449903 0.0 34
1782599449904 0.0 35
1782599449905 0.0 36
1782599449906 0.0 37
1782599449907 0.0 38
1782599449908 0.0 39
1782599449909 0.0 40
1782599449910 0.0 41
1782599449911 0.0 42
1782599449912 0.0 43
1782599449913 0.0 44
1782599449914 0.0 45
1782599449915 0.0 46
1782599449916 0.0 47
1782599449917 0.0 48
1782599449918 0.0 49
1782599449919 0.0 50
1782599449920 0.0 51
1782599449921 0.0 52
1782599449922 0.0 53
1782599449923 0.0 54
1782599449924 0.0 55
1782599449925 0.0 56
1782599449926 0.0 57
1782599449927 0.0 58
1782599449928 0.0 59
1782599449929 0.0 60
1782599449930 0.0 61
1782599449931 0.0 62
1782599449932 0.0 63
1782599449933 0.0 64
