1782599449662 0.11364676086232066 1
1782599449663 0.0411166444607079 2
1782599449664 0.020296430145390332 3
1782599449665 0.012128748991526663 4
1782599449666 0.008263139449991286 5
1782599449667 0.006257326724007726 6
1782599449669 0.004894239431014285 7
1782599449670 0.004077625032514334 8
1782599449671 0.0035457416833378375 9
1782599449672 0.003034467351390049 10
1782599449673 0.002663536296458915 11
1782599449674 0.0023944682255387308 12
1782599449675 0.0022317983472021296 13
1782599449676 0.002126364598516375 14
1782599449677 0.001981500772526488 15
1782599449678 0.0018344560792320408 16
1782599449679 0.0017274171474855394 17
1782599449681 0.0017080417581018992 18
1782599449682 0.0016288588161114603 19
1782599449683 0.0015503169147996231 20
1782599449684 0.0014823692438949365 21
1782599449685 0.0014021269984368701 22
1782599449686 0.0013431922592280897 23
1782599449687 0.0012919309419521597 24
1782599449688 0.0012523636587138754 25
1782599449689 0.0013183050787483807 26
1782599449690 0.001322145578888012 27
1782599449691 0.0012634964470635169 28
1782599449693 0.0012219298169657122 29
1782599449694 0.0011802705073205289 30
1782599449695 0.0011468397556745912 31
1782599449696 0.0011325621663127094 32
1782599449697 0.0011152679458609782 33
1782599449698 0.0011408691074029774 34
1782599449699 0.0010937551551614888 35
1782599449700 0.0010735678285709583 36
1782599449701 0.0010307594281039202 37
1782599449702 0.0010421883572416845 38
1782599449703 0.0010235046490561217 39
1782599449704 0.0010173976205987856 40
1782599449705 0.0010061623876390514 41
1782599449707 0.0009487399306817679 42
1782599449708 0.0008974186152045149 43
1782599449709 0.0008797426204546355 44
1782599449710 0.0008657399126968812 45
1782599449711 0.0008552227104519261 46
1782599449712 0.0008461468702444108 47
1782599449713 0.0008395932605344569 48
1782599449714 0.0008272302131081232 49
1782599449715 0.0008202668655940215 50
1782599449716 0.0008150009532255354 51
1782599449717 0.0008097131336762686 52
1782599449718 0.0008048572086045169 53
1782599449720 0.0007998515505096293 54
1782599449721 0.0007951136959673022 55
1782599449722 0.0007886270836388576 56
1782599449723 0.0007850437383240205 57
1782599449724 0.0007820513573096832 58
1782599449725 0.0007792087022244231 59
1782599449726 0.0007760848550969968 60
1782599449727 0.000773058761478751 61
1782599449728 0.0007697942985032569 62
1782599449729 0.0007657949900385574 63
1782599449730 0.0007638637620402733 64
