1782636398285 0.0 1
1782636398286 0.0 2
1782636398287 0.0 3
1782636398288 0.0 4
1782636398289 0.0 5
1782636398290 0.0 6
1782636398291 0.0 7
1782636398292 0.0 8
1782636398293 0.0 9
1782636398294 0.0 10
1782636398295 0.0 11
1782636398297 0.0 12
1782636398298 0.0 13
1782636398299 0.0 14
1782636398300 0.0 15
1782636398301 0.0 16
1782636398302 0.0 17
1782636398303 0.0 18
1782636398304 0.0 19
1782636398305 0.0 20
1782636398306 0.0 21
1782636398307 0.0 22
1782636398309 0.0 23
1782636398310 0.0 24
1782636398311 0.0 25
1782636398312 0.0 26
1782636398313 0.0 27
1782636398314 0.0 28
1782636398315 0.0 29
1782636398316 0.0 30
1782636398317 0.0 31
1782636398318 0.0 32
1782636398319 0.0 33
1782636398320 0.0 34
1782636398322 0.0 35
1782636398323 0.0 36
1782636398324 0.0 37
1782636398325 0.0 38
1782636398326 0.0 39
1782636398327 0.0 40
1782636398328 0.0 41
1782636398329 0.0 42
1782636398330 0.0 43
1782636398331 0.0 44
1782636398332 0.0 45
1782636398333 0.0 46
1782636398334 0.0 47
1782636398335 0.0 48
1782636398337 0.0 49
1782636398338 0.0 50
1782636398339 0.0 51
1782636398340 0.0 52
1782636398341 0.0 53
1782636398342 0.0 54
1782636398343 0.0 55
1782636398344 0.0 56
1782636398345 0.0 57
1782636398346 0.0 58
1782636398347 0.0 59
1782636398348 0.0 60
1782636398349 0.0 61
1782636398350 0.0 62
1782636398351 0.0 63
1782636398353 0.0 64
1782636398354 0.0 65
1782636398355 0.0 66
1782636398356 0.0 67
1782636398357 0.0 68
1782636398358 0.0 69
1782636398359 0.0 70
1782636398360 0.0 71
1782636398361 0.0 72
