1782636398206 0.0 1
1782636398207 0.0 2
1782636398208 0.0 3
1782636398209 0.0 4
1782636398210 0.0 5
1782636398211 0.0 6
1782636398212 0.0 7
1782636398213 0.0 8
1782636398214 0.0 9
1782636398215 0.0 10
1782636398216 0.0 11
1782636398217 0.0 12
1782636398218 0.0 13
1782636398219 0.0 14
1782636398221 0.0 15
1782636398222 0.0 16
1782636398223 0.0 17
1782636398224 0.0 18
1782636398225 0.0 19
1782636398226 0.0 20
1782636398227 0.0 21
1782636398228 0.0 22
1782636398229 0.0 23
1782636398230 0.0 24
1782636398231 0.0 25
1782636398232 0.0 26
1782636398233 0.0 27
1782636398234 0.0 28
1782636398235 0.0 29
1782636398237 0.0 30
1782636398238 0.0 31
1782636398239 0.0 32
1782636398240 0.0 33
1782636398241 0.0 34
1782636398242 0.0 35
1782636398243 0.0 36
1782636398244 0.0 37
1782636398245 0.0 38
1782636398246 0.0 39
1782636398247 0.0 40
1782636398248 0.0 41
1782636398251 0.0 42
1782636398252 0.0 43
1782636398253 0.0 44
1782636398254 0.0 45
1782636398255 0.0 46
1782636398257 0.0 47
1782636398258 0.0 48
1782636398259 0.0 49
1782636398260 0.0 50
1782636398261 0.0 51
1782636398262 0.0 52
1782636398263 0.0 53
1782636398264 0.0 54
1782636398265 0.0 55
1782636398266 0.0 56
1782636398267 0.0 57
1782636398268 0.0 58
1782636398269 0.0 59
1782636398270 0.0 60
1782636398272 0.0 61
1782636398273 0.0 62
1782636398274 0.0 63
1782636398275 0.0 64
1782636398276 0.0 65
1782636398277 0.0 66
1782636398278 0.0 67
1782636398279 0.0 68
1782636398280 0.0 69
1782636398281 0.0 70
1782636398282 0.0 71
1782636398284 0.0 72
