1782636398051 0.13826895371079445 1
1782636398052 0.05235502488911152 2
1782636398053 0.027552055101841687 3
1782636398054 0.016907223598100245 4
1782636398055 0.010662789295893163 5
1782636398056 0.007399104849901051 6
1782636398057 0.005493698130594566 7
1782636398059 0.004372374739032239 8
1782636398060 0.003520299403462559 9
1782636398061 0.0029447455436456948 10
1782636398062 0.002615894272457808 11
1782636398063 0.002504555045161396 12
1782636398064 0.00230523387377616 13
1782636398065 0.002060308228246868 14
1782636398066 0.0019501446626964025 15
1782636398067 0.0018443266436224803 16
1782636398068 0.00172173385421047 17
1782636398069 0.0016614975372795015 18
1782636398070 0.0015398189597181046 19
1782636398071 0.001479234213475138 20
1782636398073 0.0014384762971894815 21
1782636398074 0.0013747074057755527 22
1782636398075 0.0014056594406429213 23
1782636398076 0.0013317745825042948 24
1782636398077 0.0013365476303442848 25
1782636398078 0.0013337937759933993 26
1782636398079 0.0013893454693607054 27
1782636398080 0.0012454270271700808 28
1782636398081 0.0011614090950752144 29
1782636398082 0.0011057694016199094 30
1782636398083 0.001072650950809475 31
1782636398084 0.0010765544684545603 32
1782636398085 0.0010757714802457484 33
1782636398086 0.0010453432745998726 34
1782636398088 0.0010372982748231153 35
1782636398089 0.0010430858815379906 36
1782636398090 0.00102245164795022 37
1782636398091 0.0010131095604447183 38
1782636398092 0.001024614707857836 39
1782636398093 0.0010256621771259234 40
1782636398094 0.000980042480296106 41
1782636398095 0.0009665577705163742 42
1782636398096 0.000932137392956065 43
1782636398097 0.0009403614514303626 44
1782636398098 0.000942837407492334 45
1782636398099 0.0009444984025321901 46
1782636398100 0.0009139173645962729 47
1782636398101 0.0008931292717534234 48
1782636398102 0.000914443719011615 49
1782636398104 0.0008403978180285776 50
1782636398105 0.0007812885651583201 51
1782636398106 0.0007628553444737917 52
1782636398107 0.0007498127987855696 53
1782636398108 0.0007407208265431109 54
1782636398109 0.0007328872583457269 55
1782636398110 0.0007264013876192621 56
1782636398111 0.0007178159059913014 57
1782636398112 0.0007113123011731659 58
1782636398113 0.000706711276252463 59
1782636398114 0.0007026632060296834 60
1782636398115 0.0006987658430443844 61
1782636398117 0.0006953192876972026 62
1782636398118 0.0006925872868669103 63
1782636398119 0.0006879672419381677 64
1782636398120 0.0006837414254550822 65
1782636398121 0.0006810422349735745 66
1782636398122 0.0006785590183790191 67
1782636398123 0.000676183991599828 68
1782636398124 0.0006737910287847626 69
1782636398125 0.0006714611403367598 70
1782636398126 0.0006682958885357948 71
1782636398127 0.000666630576197349 72
