1780314198180 0.17157260626554488 1
1780314198183 0.13305064607411624 2
1780314198185 0.10370656840503216 3
1780314198187 0.081892584040761 4
1780314198190 0.06532075813040138 5
1780314198192 0.052695028707385065 6
1780314198195 0.04301331203430891 7
1780314198197 0.03549130331724882 8
1780314198200 0.029671184765174986 9
1780314198202 0.024978646337985994 10
1780314198212 0.021207914296537636 11
1780314198215 0.018201454230584203 12
1780314198217 0.015754085690714417 13
1780314198220 0.01374047951772809 14
1780314198222 0.012099470626562834 15
1780314198224 0.010702926823869348 16
1780314198227 0.009513344999868422 17
1780314198229 0.008511353128124028 18
1780314198232 0.007662863661535084 19
1780314198234 0.006937155828345567 20
1780314198236 0.006329203976783901 21
1780314198239 0.005765852972399443 22
1780314198241 0.005284836710197851 23
1780314198244 0.004871713701868429 24
1780314198246 0.004503656914457679 25
1780314198248 0.00418770330841653 26
1780314198251 0.003907772175734863 27
1780314198253 0.0036683866032399238 28
1780314198255 0.003424224400660023 29
1780314198258 0.003239042287459597 30
1780314198260 0.0030518731038318946 31
1780314198263 0.0028875385876744987 32
1780314198265 0.0027569810178829355 33
1780314198268 0.0026266772783128545 34
1780314198270 0.0024983046983834355 35
1780314198272 0.002401108135818504 36
1780314198275 0.002320643318234943 37
1780314198277 0.0022243471955880525 38
1780314198280 0.0021451428678119556 39
1780314198282 0.0020738215610617773 40
1780314198284 0.0020264576334739102 41
1780314198287 0.001965333452972118 42
1780314198289 0.0019084440820734017 43
1780314198292 0.0018539758870610968 44
1780314198294 0.0018064081118791364 45
1780314198297 0.0017664058529771865 46
1780314198299 0.0017527607674128376 47
1780314198301 0.0017446618442772887 48
1780314198304 0.0016950074402848259 49
1780314198306 0.0016462485038209707 50
1780314198309 0.001613027096609585 51
1780314198311 0.0015824054498807527 52
1780314198313 0.001555846540722996 53
1780314198316 0.0015487462987948675 54
1780314198318 0.0015309117610740942 55
1780314198321 0.0015157497447216882 56
1780314198323 0.0014919886202551425 57
1780314198325 0.0014714573793753517 58
1780314198328 0.0014546869273181072 59
1780314198330 0.0014618761571182403 60
1780314198333 0.0014417433907510714 61
1780314198335 0.0014265200807130896 62
1780314198337 0.0014173982638749293 63
1780314198340 0.0014126304766978138 64
1780314198342 0.0014060420804889874 65
1780314198345 0.001381086291439715 66
1780314198347 0.0013701489944651258 67
1780314198349 0.001367984141834313 68
1780314198352 0.001360171852138592 69
1780314198354 0.0013353573246422457 70
1780314198357 0.001320953368485789 71
1780314198359 0.0013149571052053944 72
1780314198361 0.0013204166037758113 73
1780314198364 0.0013111153553472831 74
1780314198366 0.0013064575415774016 75
1780314198369 0.0012777911507873797 76
1780314198371 0.001253273905167589 77
1780314198373 0.001241958374812384 78
1780314198376 0.0012344918133749161 79
1780314198378 0.001229316300523351 80
1780314198381 0.001225120236413204 81
1780314198383 0.0012219874557194998 82
1780314198385 0.0012184385828004451 83
1780314198388 0.001217695592495147 84
1780314198390 0.0012109880056232214 85
1780314198393 0.0012031874506647 86
