1782729233741 0.0 1
1782729233742 0.0 2
1782729233743 0.0 3
1782729233744 0.0 4
1782729233745 0.0 5
1782729233746 0.0 6
1782729233747 0.0 7
1782729233748 0.0 8
1782729233749 0.0 9
1782729233750 0.0 10
1782729233751 0.0 11
1782729233752 0.0 12
1782729233753 0.0 13
1782729233755 0.0 14
1782729233756 0.0 15
1782729233757 0.0 16
1782729233758 0.0 17
1782729233759 0.0 18
1782729233760 0.0 19
1782729233761 0.0 20
1782729233762 0.0 21
1782729233763 0.0 22
1782729233764 0.0 23
1782729233765 0.0 24
1782729233766 0.0 25
1782729233767 0.0 26
1782729233769 0.0 27
1782729233770 0.0 28
1782729233771 0.0 29
1782729233772 0.0 30
1782729233773 0.0 31
1782729233774 0.0 32
1782729233775 0.0 33
1782729233776 0.0 34
1782729233777 0.0 35
1782729233778 0.0 36
1782729233779 0.0 37
1782729233780 0.0 38
1782729233782 0.0 39
1782729233783 0.0 40
1782729233784 0.0 41
1782729233785 0.0 42
1782729233786 0.0 43
1782729233787 0.0 44
1782729233788 0.0 45
1782729233789 0.0 46
1782729233790 0.0 47
1782729233791 0.0 48
1782729233792 0.0 49
1782729233793 0.0 50
1782729233794 0.0 51
1782729233796 0.0 52
1782729233797 0.0 53
1782729233798 0.0 54
1782729233799 0.0 55
