1782729233621 0.06084382717497647 1
1782729233622 0.012289960542693735 2
1782729233623 0.006591924615204334 3
1782729233624 0.004737552315928042 4
1782729233626 0.0036975019314559178 5
1782729233627 0.003238899105344899 6
1782729233628 0.0025548787918523884 7
1782729233629 0.0022954902803758157 8
1782729233630 0.001940966428082902 9
1782729233631 0.001930567866365891 10
1782729233632 0.0018305182362382765 11
1782729233633 0.0017425788324908354 12
1782729233634 0.0016123322598286904 13
1782729233635 0.0015495922532863915 14
1782729233636 0.001496024255611701 15
1782729233638 0.0014445705237449147 16
1782729233639 0.0014540003531146794 17
1782729233640 0.0013159983341756742 18
1782729233641 0.001244583757215878 19
1782729233642 0.0011857523272919934 20
1782729233643 0.0012624971946934237 21
1782729233644 0.0011659456944471459 22
1782729233645 0.0011317015880194959 23
1782729233646 0.0010828433019923977 24
1782729233647 0.001072198968322482 25
1782729233648 0.0010988465209084098 26
1782729233649 0.0010873201337381034 27
1782729233651 0.001085071184716071 28
1782729233652 0.0011128930981794839 29
1782729233653 0.0010709132931515342 30
1782729233654 0.0010120744814776116 31
1782729233655 0.0008802543516503647 32
1782729233656 0.0007749818120646523 33
1782729233657 0.0007266310871636961 34
1782729233658 0.0006941432341409381 35
1782729233659 0.0006773050802439684 36
1782729233660 0.0006594449287513271 37
1782729233661 0.0006504535909334663 38
1782729233662 0.0006437985854427097 39
1782729233664 0.0006232290055777412 40
1782729233665 0.0005975033328286373 41
1782729233666 0.0005862953857285902 42
1782729233667 0.000579424111492699 43
1782729233668 0.0005710691080457763 44
1782729233669 0.0005636040148965549 45
1782729233670 0.0005590437217324507 46
1782729233671 0.0005470830969352392 47
1782729233672 0.0005381572934129508 48
1782729233673 0.0005327835251227953 49
1782729233674 0.0005290304785376066 50
1782729233675 0.0005247787508415058 51
1782729233677 0.0005205894578102743 52
1782729233678 0.0005171052703735767 53
1782729233679 0.0005103195229094127 54
1782729233680 0.0005063399573555216 55
