1782729233800 0.0 1
1782729233801 0.0 2
1782729233802 0.0 3
1782729233803 0.0 4
1782729233804 0.0 5
1782729233805 0.0 6
1782729233806 0.0 7
1782729233807 0.0 8
1782729233809 0.0 9
1782729233810 0.0 10
1782729233811 0.0 11
1782729233812 0.0 12
1782729233813 0.0 13
1782729233814 0.0 14
1782729233815 0.0 15
1782729233816 0.0 16
1782729233817 0.0 17
1782729233818 0.0 18
1782729233819 0.0 19
1782729233820 0.0 20
1782729233822 0.0 21
1782729233823 0.0 22
1782729233824 0.0 23
1782729233825 0.0 24
1782729233826 0.0 25
1782729233827 0.0 26
1782729233828 0.0 27
1782729233829 0.0 28
1782729233830 0.0 29
1782729233831 0.0 30
1782729233832 0.0 31
1782729233833 0.0 32
1782729233834 0.0 33
1782729233836 0.0 34
1782729233837 0.0 35
1782729233838 0.0 36
1782729233839 0.0 37
1782729233840 0.0 38
1782729233841 0.0 39
1782729233842 0.0 40
1782729233843 0.0 41
1782729233844 0.0 42
1782729233845 0.0 43
1782729233846 0.0 44
1782729233847 0.0 45
1782729233848 0.0 46
1782729233850 0.0 47
1782729233851 0.0 48
1782729233852 0.0 49
1782729233853 0.0 50
1782729233854 0.0 51
1782729233855 0.0 52
1782729233856 0.0 53
1782729233857 0.0 54
1782729233858 0.0 55
