1781248172688 517.248291015625 1
1781248176259 407.9830322265625 2
1781248179475 364.2318115234375 3
1781248182587 327.1109313964844 4
1781248186180 300.4948425292969 5
1781248189435 281.1392822265625 6
1781248192515 264.1015319824219 7
1781248195959 249.5568389892578 8
1781248199111 237.28353881835938 9
1781248202345 226.27223205566406 10
1781248205671 216.08416748046875 11
1781248208815 206.67286682128906 12
1781248211879 198.41278076171875 13
1781248215103 190.36572265625 14
1781248218323 183.79039001464844 15
1781248221871 177.9775848388672 16
1781248224895 172.1912841796875 17
1781248227927 166.8761749267578 18
1781248231087 161.68295288085938 19
1781248234159 156.87078857421875 20
1781248237343 152.3584442138672 21
1781248240423 148.1309814453125 22
1781248243555 144.09744262695312 23
1781248246651 140.2349853515625 24
1781248249883 136.46693420410156 25
1781248252991 132.90892028808594 26
1781248256259 129.43507385253906 27
1781248259471 126.20477294921875 28
1781248262819 123.17101287841797 29
1781248265995 120.18697357177734 30
1781248269055 117.34712982177734 31
1781248271987 114.65513610839844 32
1781248275180 112.0680923461914 33
1781248278383 109.58418273925781 34
1781248281392 107.24138641357422 35
1781248285603 104.96415710449219 36
1781248288743 102.73107147216797 37
1781248290723 100.54367065429688 38
1781248294031 98.42277526855469 39
1781248297323 96.33646392822266 40
1781248300307 94.3369369506836 41
1781248303612 92.43548583984375 42
1781248306844 90.55204772949219 43
1781248310139 88.71383666992188 44
1781248313307 86.91597747802734 45
1781248316499 85.18317413330078 46
1781248319627 83.48193359375 47
1781248323247 81.8303451538086 48
1781248326844 80.1838607788086 49
1781248330132 78.58399200439453 50
1781248333456 77.01045989990234 51
1781248336867 75.47437286376953 52
1781248340143 74.02142333984375 53
1781248343611 72.61962127685547 54
1781248347299 71.22782897949219 55
1781248350531 69.90335845947266 56
1781248354155 68.59870147705078 57
1781248357731 67.32365417480469 58
1781248360319 66.07831573486328 59
1781248363531 64.8603515625 60
1781248366687 63.65317916870117 61
1781248369860 62.47801208496094 62
1781248373167 61.326133728027344 63
1781248376355 60.19346618652344 64
1781248380332 59.0857048034668 65
1781248383824 57.985801696777344 66
1781248387268 56.908714294433594 67
1781248390628 55.848575592041016 68
1781248394643 54.80196762084961 69
1781248398404 53.789791107177734 70
1781248401944 52.810272216796875 71
1781248405312 51.86839294433594 72
1781248408635 50.936771392822266 73
1781248411843 50.01984786987305 74
1781248415488 49.11830139160156 75
1781248418640 48.24848175048828 76
1781248421839 47.38755798339844 77
1781248425388 46.540565490722656 78
1781248428767 45.70363235473633 79
1781248432160 44.87607955932617 80
1781248435552 44.059017181396484 81
1781248439352 43.266685485839844 82
1781248442819 42.48432159423828 83
1781248446603 41.71573257446289 84
1781248450176 40.954994201660156 85
1781248453408 40.21732711791992 86
1781248456600 39.49250793457031 87
1781248459799 38.775482177734375 88
1781248462888 38.06721496582031 89
1781248466100 37.381107330322266 90
1781248469346 36.714115142822266 91
1781248472560 36.057533264160156 92
1781248475560 35.4047966003418 93
1781248479064 34.76041030883789 94
1781248482420 34.12648010253906 95
1781248485712 33.510902404785156 96
1781248489035 32.905029296875 97
1781248492707 32.30115509033203 98
1781248495912 31.706064224243164 99
1781248499216 31.12029266357422 100
1781248502641 30.54167938232422 101
1781248506404 29.9787654876709 102
1781248509768 29.42007064819336 103
1781248512980 28.867277145385742 104
1781248516168 28.323387145996094 105
1781248519412 27.78549575805664 106
1781248522580 27.255508422851562 107
1781248525852 26.730138778686523 108
1781248529020 26.214563369750977 109
1781248532228 25.703777313232422 110
1781248535488 25.199848175048828 111
1781248538931 24.70075225830078 112
1781248542335 24.2100772857666 113
1781248546272 23.72286605834961 114
1781248549896 23.24588394165039 115
1781248553152 22.771699905395508 116
1781248556396 22.302980422973633 117
1781248559544 21.839126586914062 118
1781248562784 21.38277816772461 119
1781248566464 20.93231964111328 120
1781248569728 20.490068435668945 121
1781248572932 20.0519962310791 122
1781248576320 19.620725631713867 123
1781248579612 19.201398849487305 124
1781248582836 18.786787033081055 125
1781248586287 18.374162673950195 126
1781248589800 17.962133407592773 127
1781248593640 17.555017471313477 128
1781248596923 17.160348892211914 129
1781248600236 16.76746368408203 130
1781248603652 16.3787784576416 131
1781248606876 15.995281219482422 132
1781248610196 15.617539405822754 133
1781248613536 15.243982315063477 134
1781248617104 14.874911308288574 135
1781248620564 14.511396408081055 136
1781248623844 14.157434463500977 137
1781248627020 13.811701774597168 138
1781248630348 13.467491149902344 139
1781248633567 13.128856658935547 140
1781248636800 12.79373550415039 141
1781248640012 12.461170196533203 142
1781248643268 12.12939453125 143
1781248646464 11.805039405822754 144
1781248649948 11.481880187988281 145
1781248653560 11.162569999694824 146
1781248656904 10.844438552856445 147
1781248660116 10.52746868133545 148
1781248663824 10.219512939453125 149
1781248667129 9.914224624633789 150
1781248670636 9.616421699523926 151
1781248674048 9.321605682373047 152
1781248677512 9.028549194335938 153
1781248680936 8.741090774536133 154
1781248684520 8.458791732788086 155
1781248688224 8.178820610046387 156
1781248691488 7.904067516326904 157
1781248694792 7.635079383850098 158
1781248698148 7.369558334350586 159
1781248701664 7.1071271896362305 160
1781248704972 6.848714828491211 161
1781248708256 6.593252182006836 162
1781248711699 6.340533256530762 163
1781248715488 6.090976715087891 164
1781248718952 5.844763278961182 165
1781248722288 5.601095199584961 166
1781248725648 5.360284805297852 167
1781248728736 5.122968673706055 168
1781248731964 4.887058258056641 169
1781248735228 4.660927772521973 170
1781248738480 4.438131332397461 171
1781248741648 4.221187114715576 172
1781248745396 4.0084452629089355 173
1781248749108 3.798760414123535 174
1781248752400 3.5980162620544434 175
1781248755928 3.397627592086792 176
1781248759140 3.2016546726226807 177
1781248763168 3.0123984813690186 178
1781248766556 2.824859619140625 179
1781248769744 2.6394689083099365 180
1781248772984 2.4575328826904297 181
1781248776268 2.279301404953003 182
1781248779899 2.106238603591919 183
1781248783732 1.9391920566558838 184
1781248786856 1.7752079963684082 185
1781248790512 1.6141765117645264 186
1781248793832 1.4574518203735352 187
1781248797184 1.3037959337234497 188
1781248800876 1.152757167816162 189
1781248804220 1.0082793235778809 190
1781248807436 0.8712803721427917 191
1781248810864 0.7355561852455139 192
1781248814360 0.6020164489746094 193
1781248817828 0.47262808680534363 194
1781248821484 0.35453251004219055 195
1781248825256 0.2455824911594391 196
1781248828400 0.14928403496742249 197
1781248831808 0.06960154324769974 198
1781248835472 3.0906026040611323e-06 199
1781248839316 3.096854698014795e-06 200
