1781248172692 9136.068359375 1
1781248176262 3234.783447265625 2
1781248179478 2473.11767578125 3
1781248182590 2225.03076171875 4
1781248186183 2079.184814453125 5
1781248189438 1391.3433837890625 6
1781248192518 1188.4052734375 7
1781248195962 1028.7763671875 8
1781248199115 950.2944946289062 9
1781248202357 894.6453857421875 10
1781248205674 800.1036376953125 11
1781248208818 767.17919921875 12
1781248211883 624.484619140625 13
1781248215107 569.0433349609375 14
1781248218327 565.62158203125 15
1781248221875 556.76171875 16
1781248224898 527.4083862304688 17
1781248227931 526.1769409179688 18
1781248231090 455.0327453613281 19
1781248234163 401.8848876953125 20
1781248237347 380.40496826171875 21
1781248240426 356.07830810546875 22
1781248243559 328.9287109375 23
1781248246654 322.714599609375 24
1781248249888 316.068115234375 25
1781248252995 293.5559387207031 26
1781248256262 293.5472412109375 27
1781248259475 276.6885070800781 28
1781248262822 276.2225646972656 29
1781248265999 275.2756042480469 30
1781248269059 267.2391357421875 31
1781248271991 266.820068359375 32
1781248275183 243.2720184326172 33
1781248278387 232.28057861328125 34
1781248281395 218.47055053710938 35
1781248285607 209.72967529296875 36
1781248288747 203.04322814941406 37
1781248290726 203.03414916992188 38
1781248294035 199.928466796875 39
1781248297327 199.61817932128906 40
1781248300311 182.92752075195312 41
1781248303615 175.62725830078125 42
1781248306847 172.09132385253906 43
1781248310143 167.5343780517578 44
1781248313311 166.7794189453125 45
1781248316503 165.79647827148438 46
1781248319630 165.5040740966797 47
1781248323251 163.477783203125 48
1781248326847 163.40737915039062 49
1781248330135 152.24285888671875 50
1781248333460 149.96389770507812 51
1781248336871 140.692626953125 52
1781248340147 138.82177734375 53
1781248343614 138.81039428710938 54
1781248347302 138.29762268066406 55
1781248350535 138.29510498046875 56
1781248354159 122.2989501953125 57
1781248357734 115.13036346435547 58
1781248360323 113.26956176757812 59
1781248363535 113.11007690429688 60
1781248366691 111.77268981933594 61
1781248369863 110.29276275634766 62
1781248373171 109.60696411132812 63
1781248376358 108.72450256347656 64
1781248380335 107.58578491210938 65
1781248383827 104.20662689208984 66
1781248387272 101.45127868652344 67
1781248390631 99.18460845947266 68
1781248394653 98.8401870727539 69
1781248398407 97.40096282958984 70
1781248401947 97.19586181640625 71
1781248405315 96.73883056640625 72
1781248408639 96.5529556274414 73
1781248411847 96.22293090820312 74
1781248415491 92.30108642578125 75
1781248418643 91.13307189941406 76
1781248421843 90.15857696533203 77
1781248425391 90.13421630859375 78
1781248428771 86.64128112792969 79
1781248432163 86.63045501708984 80
1781248435555 76.32405090332031 81
1781248439355 75.77703094482422 82
1781248442822 74.68534851074219 83
1781248446607 73.15750885009766 84
1781248450179 72.52021789550781 85
1781248453411 71.00084686279297 86
1781248456603 70.29824829101562 87
1781248459803 69.84127807617188 88
1781248462891 68.82035827636719 89
1781248466103 68.24860382080078 90
1781248469349 66.19038391113281 91
1781248472563 65.36551666259766 92
1781248475563 63.848167419433594 93
1781248479067 62.363548278808594 94
1781248482423 60.13745880126953 95
1781248485715 59.72437286376953 96
1781248489039 59.57096862792969 97
1781248492710 59.565208435058594 98
1781248495915 58.792640686035156 99
1781248499219 58.02415466308594 100
1781248502644 56.644859313964844 101
1781248506408 56.56917190551758 102
1781248509771 55.682823181152344 103
1781248512983 55.51961135864258 104
1781248516171 55.00078582763672 105
1781248519415 54.39319610595703 106
1781248522583 54.39316940307617 107
1781248525855 54.36491012573242 108
1781248529023 54.36399841308594 109
1781248532231 54.35786437988281 110
1781248535492 54.172607421875 111
1781248538935 54.169864654541016 112
1781248542338 54.087310791015625 113
1781248546275 50.54471969604492 114
1781248549899 49.46377182006836 115
1781248553156 48.103851318359375 116
1781248556399 47.85578918457031 117
1781248559547 47.705223083496094 118
1781248562787 47.695316314697266 119
1781248566467 45.064208984375 120
1781248569731 44.82219696044922 121
1781248572935 43.74358367919922 122
1781248576324 43.685543060302734 123
1781248579615 43.682106018066406 124
1781248582839 43.61494064331055 125
1781248586290 43.473487854003906 126
1781248589803 42.95331573486328 127
1781248593644 42.74463653564453 128
1781248596926 42.40550994873047 129
1781248600239 41.86127471923828 130
1781248603655 41.77186965942383 131
1781248606879 41.08161926269531 132
1781248610199 40.671226501464844 133
1781248613539 40.041900634765625 134
1781248617108 38.61308288574219 135
1781248620568 38.594966888427734 136
1781248623847 38.54228973388672 137
1781248627024 38.52571105957031 138
1781248630351 38.523704528808594 139
1781248633571 37.760005950927734 140
1781248636803 37.68772888183594 141
1781248640015 36.98188018798828 142
1781248643272 36.947235107421875 143
1781248646467 36.75005340576172 144
1781248649952 35.1025276184082 145
1781248653564 35.09811782836914 146
1781248656908 35.07663345336914 147
1781248660119 33.717491149902344 148
1781248663828 33.592891693115234 149
1781248667133 33.39265441894531 150
1781248670639 33.19694519042969 151
1781248674051 32.40825271606445 152
1781248677516 32.371620178222656 153
1781248680940 30.806529998779297 154
1781248684524 30.198448181152344 155
1781248688228 29.46230697631836 156
1781248691491 29.45035171508789 157
1781248694795 29.259122848510742 158
1781248698151 28.59653663635254 159
1781248701667 27.85657501220703 160
1781248704975 27.559701919555664 161
1781248708260 27.547203063964844 162
1781248711702 27.535133361816406 163
1781248715491 26.314178466796875 164
1781248718956 25.672035217285156 165
1781248722292 25.525781631469727 166
1781248725652 25.506603240966797 167
1781248728740 25.23980712890625 168
1781248731967 25.155838012695312 169
1781248735232 24.81682586669922 170
1781248738484 24.816469192504883 171
1781248741651 24.496681213378906 172
1781248745399 24.42465591430664 173
1781248749111 23.26451873779297 174
1781248752403 23.261186599731445 175
1781248755932 23.216781616210938 176
1781248759143 23.06641387939453 177
1781248763172 23.050987243652344 178
1781248766560 23.036540985107422 179
1781248769748 21.774457931518555 180
1781248772987 21.42137908935547 181
1781248776272 21.327064514160156 182
1781248779903 20.21930694580078 183
1781248783736 20.193157196044922 184
1781248786860 20.193143844604492 185
1781248790516 19.75566864013672 186
1781248793836 19.25102996826172 187
1781248797187 17.30858039855957 188
1781248800880 16.367382049560547 189
1781248804225 15.444948196411133 190
1781248807440 15.422370910644531 191
1781248810868 15.154640197753906 192
1781248814364 12.719757080078125 193
1781248817832 11.967121124267578 194
1781248821488 9.21565055847168 195
1781248825259 8.117748260498047 196
1781248828404 8.117720603942871 197
1781248831812 6.864043235778809 198
1781248835476 6.222307274583727e-05 199
1781248839320 6.237772322492674e-05 200
