1781248172690 68.22623443603516 1
1781248176261 62.04997253417969 2
1781248179477 52.870635986328125 3
1781248182589 52.4630241394043 4
1781248186182 52.29412078857422 5
1781248189437 51.85559844970703 6
1781248192517 49.63587951660156 7
1781248195961 49.21284103393555 8
1781248199114 49.107337951660156 9
1781248202348 48.41952133178711 10
1781248205673 47.49555969238281 11
1781248208817 47.43076705932617 12
1781248211882 46.359474182128906 13
1781248215105 46.234806060791016 14
1781248218326 45.37762451171875 15
1781248221874 43.346214294433594 16
1781248224897 39.62117385864258 17
1781248227929 38.981136322021484 18
1781248231089 37.82175064086914 19
1781248234162 37.0702018737793 20
1781248237346 31.514379501342773 21
1781248240425 30.224323272705078 22
1781248243558 29.74618148803711 23
1781248246653 28.569061279296875 24
1781248249887 24.789936065673828 25
1781248252994 22.318119049072266 26
1781248256261 12.828502655029297 27
1781248259474 11.389601707458496 28
1781248262821 11.36323356628418 29
1781248265998 11.228250503540039 30
1781248269058 11.105693817138672 31
1781248271990 9.22767448425293 32
1781248275182 8.289164543151855 33
1781248278385 7.457390785217285 34
1781248281394 7.255268096923828 35
1781248285606 7.1858110427856445 36
1781248288745 7.18437385559082 37
1781248290725 4.00242280960083 38
1781248294034 3.8152453899383545 39
1781248297326 3.5233874320983887 40
1781248300310 2.8613011837005615 41
1781248303614 2.537649154663086 42
1781248306846 2.5225634574890137 43
1781248310142 2.445568561553955 44
1781248313310 2.389853000640869 45
1781248316502 2.287043571472168 46
1781248319629 1.3501639366149902 47
1781248323250 1.3347489833831787 48
1781248326846 1.3304643630981445 49
1781248330134 1.30193293094635 50
1781248333459 1.2648074626922607 51
1781248336870 1.2615522146224976 52
1781248340146 1.179830551147461 53
1781248343613 0.9611548185348511 54
1781248347301 0.9254918098449707 55
1781248350534 0.8700977563858032 56
1781248354158 0.7594885230064392 57
1781248357733 0.7551019191741943 58
1781248360322 0.7507596015930176 59
1781248363534 0.6778817176818848 60
1781248366690 0.6748853921890259 61
1781248369862 0.6746989488601685 62
1781248373170 0.5787137150764465 63
1781248376357 0.5258262157440186 64
1781248380334 0.5037163496017456 65
1781248383826 0.4866333603858948 66
1781248387270 0.46769583225250244 67
1781248390630 0.46769413352012634 68
1781248394645 0.4672454595565796 69
1781248398406 0.4574592709541321 70
1781248401946 0.40570154786109924 71
1781248405314 0.40552806854248047 72
1781248408638 0.3998136818408966 73
1781248411846 0.3997763693332672 74
1781248415490 0.386744886636734 75
1781248418642 0.3851369321346283 76
1781248421842 0.30893805623054504 77
1781248425390 0.3057401776313782 78
1781248428770 0.2914265990257263 79
1781248432162 0.2898637652397156 80
1781248435554 0.28444933891296387 81
1781248439354 0.281293660402298 82
1781248442821 0.26552337408065796 83
1781248446606 0.2595251798629761 84
1781248450178 0.2560053765773773 85
1781248453410 0.2483854591846466 86
1781248456602 0.23840998113155365 87
1781248459802 0.22798234224319458 88
1781248462890 0.2265544831752777 89
1781248466102 0.21741870045661926 90
1781248469348 0.20524999499320984 91
1781248472562 0.20524895191192627 92
1781248475562 0.19235925376415253 93
1781248479066 0.19078996777534485 94
1781248482422 0.18968763947486877 95
1781248485714 0.1883365511894226 96
1781248489038 0.18826624751091003 97
1781248492709 0.1717497855424881 98
1781248495914 0.16686807572841644 99
1781248499218 0.1658848077058792 100
1781248502643 0.16506212949752808 101
1781248506407 0.16497457027435303 102
1781248509770 0.1636384129524231 103
1781248512982 0.1481863558292389 104
1781248516170 0.14021378755569458 105
1781248519414 0.13592958450317383 106
1781248522582 0.13370759785175323 107
1781248525854 0.12996652722358704 108
1781248529022 0.1295918971300125 109
1781248532230 0.12785978615283966 110
1781248535491 0.09976385533809662 111
1781248538934 0.08666481077671051 112
1781248542337 0.08626443147659302 113
1781248546274 0.08101026713848114 114
1781248549898 0.07557056844234467 115
1781248553155 0.07439988851547241 116
1781248556398 0.07426557689905167 117
1781248559546 0.07277119904756546 118
1781248562786 0.06983902305364609 119
1781248566466 0.06971088796854019 120
1781248569730 0.06822620332241058 121
1781248572934 0.06809540092945099 122
1781248576323 0.06801313906908035 123
1781248579614 0.06774400174617767 124
1781248582838 0.06614086031913757 125
1781248586289 0.06614083051681519 126
1781248589802 0.06109220162034035 127
1781248593642 0.06041885167360306 128
1781248596925 0.05545178800821304 129
1781248600238 0.053984083235263824 130
1781248603654 0.05367036163806915 131
1781248606878 0.053242288529872894 132
1781248610198 0.05213329195976257 133
1781248613538 0.05092209577560425 134
1781248617107 0.05047713965177536 135
1781248620566 0.049991343170404434 136
1781248623846 0.04995577782392502 137
1781248627023 0.049864865839481354 138
1781248630350 0.04952395334839821 139
1781248633570 0.0484207384288311 140
1781248636802 0.04620600864291191 141
1781248640014 0.037610143423080444 142
1781248643271 0.03440754860639572 143
1781248646466 0.03359893709421158 144
1781248649950 0.03325454145669937 145
1781248653562 0.03227026388049126 146
1781248656906 0.02409910038113594 147
1781248660118 0.015356749296188354 148
1781248663826 0.015356618911027908 149
1781248667132 0.014263171702623367 150
1781248670638 0.01422902848571539 151
1781248674050 0.011967598460614681 152
1781248677515 0.011116962879896164 153
1781248680939 0.010122178122401237 154
1781248684523 0.009846922941505909 155
1781248688227 0.007943890988826752 156
1781248691490 0.007254432886838913 157
1781248694794 0.006407200824469328 158
1781248698150 0.005915040150284767 159
1781248701666 0.003989012911915779 160
1781248704974 0.003972753416746855 161
1781248708259 0.003818587167188525 162
1781248711701 0.0036763143725693226 163
1781248715490 0.0036762580275535583 164
1781248718954 0.0035380790941417217 165
1781248722290 0.0029483821708709 166
1781248725651 0.002597531070932746 167
1781248728739 0.002585583832114935 168
1781248731966 0.0025738803669810295 169
1781248735231 0.00225440738722682 170
1781248738483 0.0022493735887110233 171
1781248741650 0.0021668188273906708 172
1781248745398 0.0018088117940351367 173
1781248749110 0.0016960863722488284 174
1781248752402 0.001676452811807394 175
1781248755931 0.0016339413123205304 176
1781248759142 0.0013536051847040653 177
1781248763171 0.0013080853968858719 178
1781248766559 0.0011042561382055283 179
1781248769746 0.0010930441785603762 180
1781248772986 0.001092257909476757 181
1781248776271 0.0008334588492289186 182
1781248779902 0.0008334561134688556 183
1781248783734 0.000775505555793643 184
1781248786859 0.0002974170492962003 185
1781248790515 0.00028131698491051793 186
1781248793835 0.000264762609731406 187
1781248797186 0.0002632052346598357 188
1781248800878 0.0002514822699595243 189
1781248804224 0.0002185688936151564 190
1781248807439 0.0002078832476399839 191
1781248810866 0.00019960437202826142 192
1781248814363 2.3030916054267436e-05 193
1781248817831 2.2772823285777122e-05 194
1781248821487 9.191480785375461e-06 195
1781248825258 7.3024266384891234e-06 196
1781248828403 8.337584631590289e-07 197
1781248831811 2.2551104450485582e-07 198
1781248835475 1.0271620887181143e-08 199
1781248839319 3.957764338480274e-09 200
