1781248172706 0.10385801643133163 1
1781248176292 0.09552842378616333 2
1781248179493 0.08591358363628387 3
1781248182620 0.0865759402513504 4
1781248186197 0.08132963627576828 5
1781248189453 0.07970678061246872 6
1781248192548 0.07980421930551529 7
1781248195976 0.07852427661418915 8
1781248199130 0.07582027465105057 9
1781248202376 0.07388462871313095 10
1781248205688 0.07285529375076294 11
1781248208834 0.07206135988235474 12
1781248211897 0.07104798406362534 13
1781248215120 0.06892892718315125 14
1781248218341 0.06898277252912521 15
1781248221889 0.0683598443865776 16
1781248224912 0.0672120675444603 17
1781248227945 0.06519538909196854 18
1781248231104 0.06453103572130203 19
1781248234177 0.06372824311256409 20
1781248237361 0.06306380033493042 21
1781248240440 0.06249064952135086 22
1781248243573 0.06214125081896782 23
1781248246668 0.06212078407406807 24
1781248249902 0.061547279357910156 25
1781248253009 0.06154721975326538 26
1781248256276 0.06100572273135185 27
1781248259489 0.06033036857843399 28
1781248262836 0.05990375205874443 29
1781248266013 0.059740472584962845 30
1781248269073 0.0595053993165493 31
1781248272005 0.05898391082882881 32
1781248275197 0.05758874863386154 33
1781248278400 0.05716730281710625 34
1781248281411 0.0563843697309494 35
1781248285621 0.05594955384731293 36
1781248288760 0.055901337414979935 37
1781248290740 0.055638041347265244 38
1781248294057 0.05543367192149162 39
1781248297341 0.0550692044198513 40
1781248300325 0.054566387087106705 41
1781248303630 0.054396338760852814 42
1781248306861 0.053753551095724106 43
1781248310158 0.05362528935074806 44
1781248313325 0.05344941094517708 45
1781248316517 0.05286235734820366 46
1781248319644 0.052774105221033096 47
1781248323265 0.05254705250263214 48
1781248326861 0.05224939063191414 49
1781248330149 0.051990777254104614 50
1781248333474 0.05160260573029518 51
1781248336886 0.0511595718562603 52
1781248340161 0.050994470715522766 53
1781248343644 0.050718557089567184 54
1781248347319 0.05066613852977753 55
1781248350549 0.05058886483311653 56
1781248354173 0.05027361214160919 57
1781248357748 0.050024837255477905 58
1781248360337 0.04995854198932648 59
1781248363549 0.04983910545706749 60
1781248366705 0.049629319459199905 61
1781248369878 0.04919802397489548 62
1781248373185 0.049130842089653015 63
1781248376388 0.049047891050577164 64
1781248380349 0.04889822378754616 65
1781248383842 0.04883279278874397 66
1781248387286 0.04874034970998764 67
1781248390645 0.048366643488407135 68
1781248394666 0.047993648797273636 69
1781248398422 0.047655537724494934 70
1781248401961 0.04730059579014778 71
1781248405329 0.047201480716466904 72
1781248408653 0.04661130905151367 73
1781248411861 0.04627283662557602 74
1781248415506 0.04599468782544136 75
1781248418657 0.045987460762262344 76
1781248421856 0.045700304210186005 77
1781248425405 0.04545276239514351 78
1781248428784 0.045361366122961044 79
1781248432177 0.045252781361341476 80
1781248435570 0.04517307132482529 81
1781248439370 0.04507860541343689 82
1781248442836 0.04497569426894188 83
1781248446621 0.04485828056931496 84
1781248450193 0.044646598398685455 85
1781248453425 0.04443200305104256 86
1781248456619 0.04425077885389328 87
1781248459817 0.04411226138472557 88
1781248462906 0.04399065300822258 89
1781248466117 0.04388992860913277 90
1781248469363 0.043581124395132065 91
1781248472577 0.04346542805433273 92
1781248475577 0.04323872551321983 93
1781248479082 0.043025098741054535 94
1781248482437 0.0427061952650547 95
1781248485729 0.04254564642906189 96
1781248489053 0.042198546230793 97
1781248492724 0.04205207899212837 98
1781248495930 0.04189056530594826 99
1781248499233 0.04178383946418762 100
1781248502658 0.04156732186675072 101
1781248506422 0.041438668966293335 102
1781248509785 0.041335564106702805 103
1781248512997 0.04120046645402908 104
1781248516185 0.0409737192094326 105
1781248519429 0.040810104459524155 106
1781248522597 0.040722548961639404 107
1781248525869 0.040275152772665024 108
1781248529037 0.040013741701841354 109
1781248532246 0.03977036848664284 110
1781248535506 0.03970860317349434 111
1781248538948 0.039556827396154404 112
1781248542368 0.03916539251804352 113
1781248546290 0.03897881507873535 114
1781248549913 0.038642045110464096 115
1781248553170 0.038338713347911835 116
1781248556413 0.03809778392314911 117
1781248559561 0.037902072072029114 118
1781248562801 0.037710774689912796 119
1781248566481 0.03745494782924652 120
1781248569746 0.03733620047569275 121
1781248572950 0.03699535131454468 122
1781248576338 0.03663459047675133 123
1781248579629 0.036453891545534134 124
1781248582854 0.03615564852952957 125
1781248586304 0.03593524917960167 126
1781248589829 0.03565099462866783 127
1781248593658 0.035460907965898514 128
1781248596940 0.035261474549770355 129
1781248600254 0.03494568541646004 130
1781248603670 0.03474138304591179 131
1781248606893 0.03456422686576843 132
1781248610213 0.034411318600177765 133
1781248613553 0.03421887010335922 134
1781248617122 0.03390166163444519 135
1781248620582 0.033771611750125885 136
1781248623861 0.033634502440690994 137
1781248627038 0.03331662341952324 138
1781248630365 0.03313746675848961 139
1781248633585 0.032743874937295914 140
1781248636818 0.03258233144879341 141
1781248640029 0.03237683326005936 142
1781248643286 0.03208589553833008 143
1781248646483 0.031706616282463074 144
1781248649966 0.031250081956386566 145
1781248653579 0.031068408861756325 146
1781248656922 0.03076768107712269 147
1781248660133 0.03049609623849392 148
1781248663842 0.03018243797123432 149
1781248667147 0.029915060847997665 150
1781248670653 0.02951851114630699 151
1781248674065 0.029004743322730064 152
1781248677530 0.02876916527748108 153
1781248680954 0.02843216247856617 154
1781248684538 0.0283056553453207 155
1781248688242 0.027989251539111137 156
1781248691505 0.027626149356365204 157
1781248694809 0.027047503739595413 158
1781248698166 0.026802459731698036 159
1781248701682 0.02654087357223034 160
1781248704989 0.026250652968883514 161
1781248708274 0.02582758106291294 162
1781248711732 0.025549758225679398 163
1781248715505 0.025062154978513718 164
1781248718970 0.02477630041539669 165
1781248722306 0.024320760741829872 166
1781248725666 0.024018824100494385 167
1781248728754 0.023612722754478455 168
1781248731981 0.02300059050321579 169
1781248735246 0.022652674466371536 170
1781248738498 0.02209116704761982 171
1781248741666 0.021477559581398964 172
1781248745413 0.021054184064269066 173
1781248749125 0.02075037732720375 174
1781248752417 0.020334023982286453 175
1781248755946 0.01993866078555584 176
1781248759157 0.01912473700940609 177
1781248763186 0.01889573223888874 178
1781248766574 0.01850270852446556 179
1781248769762 0.01826629601418972 180
1781248773002 0.01787778176367283 181
1781248776288 0.017497047781944275 182
1781248779933 0.016452735289931297 183
1781248783750 0.016017943620681763 184
1781248786874 0.015353678725659847 185
1781248790530 0.014098875224590302 186
1781248793850 0.013135368935763836 187
1781248797201 0.012624230235815048 188
1781248800894 0.012095875106751919 189
1781248804239 0.0106210270896554 190
1781248807455 0.00921845342963934 191
1781248810882 0.00884584803134203 192
1781248814378 0.007975847460329533 193
1781248817846 0.0066932435147464275 194
1781248821502 0.004661719314754009 195
1781248825274 0.0027524116449058056 196
1781248828418 0.0017995031084865332 197
1781248831826 0.0016283963341265917 198
1781248835489 5.9604645663569045e-09 199
1781248839334 5.9604645663569045e-09 200
