1781248172705 0.7263383269309998 1
1781248176291 0.7547160387039185 2
1781248179492 0.7746728658676147 3
1781248182619 0.7857234477996826 4
1781248186196 0.797214150428772 5
1781248189452 0.8043763637542725 6
1781248192547 0.8108672499656677 7
1781248195975 0.8163508772850037 8
1781248199128 0.8236184120178223 9
1781248202375 0.8291881084442139 10
1781248205687 0.8337268829345703 11
1781248208833 0.8376857042312622 12
1781248211896 0.8409155011177063 13
1781248215119 0.8457443118095398 14
1781248218340 0.8482273817062378 15
1781248221888 0.8517642021179199 16
1781248224911 0.8556494116783142 17
1781248227943 0.8593475818634033 18
1781248231103 0.861865758895874 19
1781248234176 0.8646528720855713 20
1781248237360 0.8670884966850281 21
1781248240439 0.869262158870697 22
1781248243571 0.8714039325714111 23
1781248246667 0.8730722069740295 24
1781248249901 0.875325083732605 25
1781248253008 0.8767855167388916 26
1781248256275 0.8788332939147949 27
1781248259488 0.880998969078064 28
1781248262835 0.8829519748687744 29
1781248266012 0.8844866156578064 30
1781248269072 0.8859372138977051 31
1781248272004 0.8879486322402954 32
1781248275196 0.889988124370575 33
1781248278399 0.8916048407554626 34
1781248281409 0.8932068347930908 35
1781248285620 0.8948203325271606 36
1781248288759 0.8963285684585571 37
1781248290739 0.8977177143096924 38
1781248294052 0.8989704847335815 39
1781248297340 0.9005064964294434 40
1781248300324 0.9019221663475037 41
1781248303628 0.9032466411590576 42
1781248306860 0.9046870470046997 43
1781248310156 0.9058205485343933 44
1781248313324 0.9069099426269531 45
1781248316516 0.908301830291748 46
1781248319643 0.9094500541687012 47
1781248323264 0.9106905460357666 48
1781248326860 0.9119250774383545 49
1781248330148 0.9130590558052063 50
1781248333473 0.9142971038818359 51
1781248336885 0.9156067371368408 52
1781248340160 0.9167344570159912 53
1781248343643 0.9178807735443115 54
1781248347318 0.9187753200531006 55
1781248350548 0.9197671413421631 56
1781248354172 0.9208411574363708 57
1781248357747 0.9218981266021729 58
1781248360336 0.9228178262710571 59
1781248363548 0.9237332940101624 60
1781248366704 0.9247153997421265 61
1781248369877 0.9257706999778748 62
1781248373184 0.9266810417175293 63
1781248376387 0.9275500774383545 64
1781248380348 0.9284542798995972 65
1781248383841 0.929297685623169 66
1781248387285 0.9301130771636963 67
1781248390644 0.930999755859375 68
1781248394665 0.932006299495697 69
1781248398420 0.9329561591148376 70
1781248401960 0.933855414390564 71
1781248405328 0.934660792350769 72
1781248408652 0.9357081651687622 73
1781248411860 0.9366123676300049 74
1781248415505 0.93747878074646 75
1781248418656 0.9381500482559204 76
1781248421855 0.9389588832855225 77
1781248425404 0.9397738575935364 78
1781248428783 0.9404476881027222 79
1781248432176 0.9411735534667969 80
1781248435568 0.9418641924858093 81
1781248439369 0.942615270614624 82
1781248442835 0.9433333873748779 83
1781248446620 0.9440707564353943 84
1781248450192 0.9448378086090088 85
1781248453424 0.9455596804618835 86
1781248456618 0.9463046193122864 87
1781248459816 0.9469612240791321 88
1781248462904 0.9476222991943359 89
1781248466116 0.9483087658882141 90
1781248469362 0.9490345120429993 91
1781248472576 0.9497026205062866 92
1781248475576 0.9503767490386963 93
1781248479081 0.9510253667831421 94
1781248482436 0.951688289642334 95
1781248485728 0.952320396900177 96
1781248489052 0.953002393245697 97
1781248492723 0.9535999894142151 98
1781248495929 0.9542028903961182 99
1781248499232 0.9547833204269409 100
1781248502657 0.9554228782653809 101
1781248506421 0.9560418725013733 102
1781248509784 0.9566268920898438 103
1781248512996 0.9572039842605591 104
1781248516184 0.9577578902244568 105
1781248519428 0.9583680033683777 106
1781248522596 0.9589477777481079 107
1781248525868 0.9595758318901062 108
1781248529036 0.9601441025733948 109
1781248532244 0.9607427716255188 110
1781248535505 0.9612622261047363 111
1781248538947 0.961835503578186 112
1781248542367 0.9624607563018799 113
1781248546288 0.9629958868026733 114
1781248549912 0.9636088013648987 115
1781248553169 0.96419358253479 116
1781248556412 0.9647402763366699 117
1781248559560 0.9652503132820129 118
1781248562800 0.9657915234565735 119
1781248566480 0.9663345813751221 120
1781248569745 0.9668344259262085 121
1781248572949 0.9674026370048523 122
1781248576337 0.9679559469223022 123
1781248579628 0.9684537649154663 124
1781248582853 0.9689860343933105 125
1781248586303 0.9694910645484924 126
1781248589828 0.9700379967689514 127
1781248593657 0.9705546498298645 128
1781248596939 0.9710389971733093 129
1781248600252 0.9715567231178284 130
1781248603669 0.9720507860183716 131
1781248606892 0.972520112991333 132
1781248610212 0.9730021953582764 133
1781248613552 0.9734769463539124 134
1781248617121 0.9739634990692139 135
1781248620581 0.9744138121604919 136
1781248623860 0.9748314619064331 137
1781248627037 0.9753338694572449 138
1781248630364 0.9757859110832214 139
1781248633584 0.9762887358665466 140
1781248636817 0.97674161195755 141
1781248640028 0.9771772623062134 142
1781248643284 0.9776500463485718 143
1781248646482 0.9781274199485779 144
1781248649965 0.9786260724067688 145
1781248653576 0.9790264964103699 146
1781248656921 0.9794482588768005 147
1781248660132 0.9798895120620728 148
1781248663841 0.9803131222724915 149
1781248667146 0.9807662963867188 150
1781248670652 0.9812197685241699 151
1781248674064 0.9816821217536926 152
1781248677529 0.982097327709198 153
1781248680953 0.9825151562690735 154
1781248684537 0.9829075336456299 155
1781248688241 0.983325719833374 156
1781248691504 0.9837706685066223 157
1781248694808 0.9842241406440735 158
1781248698164 0.9846076369285583 159
1781248701681 0.9849905371665955 160
1781248704988 0.9853614568710327 161
1781248708273 0.9857573509216309 162
1781248711731 0.9861545562744141 163
1781248715504 0.9866006970405579 164
1781248718969 0.9869807362556458 165
1781248722305 0.9874618649482727 166
1781248725665 0.9878433346748352 167
1781248728753 0.9882829189300537 168
1781248731980 0.988762378692627 169
1781248735245 0.9891397953033447 170
1781248738497 0.9895861148834229 171
1781248741665 0.9900092482566833 172
1781248745412 0.9904342889785767 173
1781248749124 0.9908010363578796 174
1781248752416 0.9912607669830322 175
1781248755945 0.99163419008255 176
1781248759156 0.9920815229415894 177
1781248763185 0.992368757724762 178
1781248766573 0.9927400350570679 179
1781248769761 0.9930287003517151 180
1781248773001 0.9933989644050598 181
1781248776287 0.9937894344329834 182
1781248779932 0.994251012802124 183
1781248783749 0.9946138262748718 184
1781248786873 0.9950224161148071 185
1781248790529 0.9955106973648071 186
1781248793849 0.9959075450897217 187
1781248797200 0.9962741732597351 188
1781248800893 0.9965905547142029 189
1781248804238 0.997019350528717 190
1781248807454 0.9974414706230164 191
1781248810881 0.9977375268936157 192
1781248814377 0.9980758428573608 193
1781248817845 0.9985711574554443 194
1781248821501 0.9989928603172302 195
1781248825273 0.9994229674339294 196
1781248828417 0.9997543096542358 197
1781248831825 0.9998324513435364 198
1781248835488 1.0 199
1781248839333 1.0 200
