1781248172698 15.950505256652832 1
1781248176269 15.637580871582031 2
1781248179485 14.959562301635742 3
1781248182596 14.611065864562988 4
1781248186190 14.395267486572266 5
1781248189446 14.127342224121094 6
1781248192524 13.834199905395508 7
1781248195968 13.763976097106934 8
1781248199122 13.336662292480469 9
1781248202367 13.17120361328125 10
1781248205681 12.887653350830078 11
1781248208824 12.706823348999023 12
1781248211889 12.698385238647461 13
1781248215113 12.60797119140625 14
1781248218334 12.497697830200195 15
1781248221881 12.194927215576172 16
1781248224905 11.954914093017578 17
1781248227937 11.943535804748535 18
1781248231097 11.822354316711426 19
1781248234169 11.672380447387695 20
1781248237353 11.589075088500977 21
1781248240432 11.55716323852539 22
1781248243565 11.512691497802734 23
1781248246661 11.376487731933594 24
1781248249895 11.18163776397705 25
1781248253001 11.14889907836914 26
1781248256269 10.987663269042969 27
1781248259482 10.833176612854004 28
1781248262829 10.76509952545166 29
1781248266006 10.591642379760742 30
1781248269066 10.467056274414062 31
1781248271997 10.379953384399414 32
1781248275190 10.289268493652344 33
1781248278393 10.206175804138184 34
1781248281402 10.143041610717773 35
1781248285614 10.025386810302734 36
1781248288753 9.994199752807617 37
1781248290733 9.968693733215332 38
1781248294041 9.851264953613281 39
1781248297333 9.737503051757812 40
1781248300318 9.619359016418457 41
1781248303622 9.534418106079102 42
1781248306854 9.43989372253418 43
1781248310150 9.428953170776367 44
1781248313318 9.342066764831543 45
1781248316510 9.244159698486328 46
1781248319637 9.210050582885742 47
1781248323258 9.159370422363281 48
1781248326854 9.088093757629395 49
1781248330142 8.994590759277344 50
1781248333466 8.931534767150879 51
1781248336879 8.831223487854004 52
1781248340154 8.757505416870117 53
1781248343621 8.682043075561523 54
1781248347309 8.601128578186035 55
1781248350542 8.51746940612793 56
1781248354166 8.473154067993164 57
1781248357741 8.353452682495117 58
1781248360330 8.25244140625 59
1781248363542 8.221000671386719 60
1781248366697 8.175844192504883 61
1781248369871 8.10643196105957 62
1781248373178 8.067060470581055 63
1781248376365 7.995615005493164 64
1781248380342 7.94743537902832 65
1781248383834 7.915231704711914 66
1781248387278 7.871852874755859 67
1781248390638 7.799002647399902 68
1781248394659 7.746013641357422 69
1781248398414 7.699624061584473 70
1781248401954 7.644837379455566 71
1781248405322 7.570514678955078 72
1781248408645 7.500741481781006 73
1781248411853 7.489235877990723 74
1781248415498 7.435353755950928 75
1781248418650 7.393219947814941 76
1781248421849 7.338537216186523 77
1781248425398 7.23624324798584 78
1781248428777 7.196356773376465 79
1781248432170 7.145906448364258 80
1781248435562 7.120295524597168 81
1781248439363 7.029308319091797 82
1781248442829 7.0008649826049805 83
1781248446614 6.964014530181885 84
1781248450186 6.851687431335449 85
1781248453418 6.821205139160156 86
1781248456611 6.720623970031738 87
1781248459810 6.700769424438477 88
1781248462898 6.659348487854004 89
1781248466109 6.55790901184082 90
1781248469356 6.509619235992432 91
1781248472570 6.486047744750977 92
1781248475570 6.371397018432617 93
1781248479074 6.316526889801025 94
1781248482429 6.268618583679199 95
1781248485722 6.1460041999816895 96
1781248489045 6.055206298828125 97
1781248492717 6.011079788208008 98
1781248495922 5.898651123046875 99
1781248499226 5.875693321228027 100
1781248502651 5.855476379394531 101
1781248506414 5.8251543045043945 102
1781248509777 5.719353675842285 103
1781248512990 5.676734924316406 104
1781248516177 5.6443939208984375 105
1781248519421 5.623607635498047 106
1781248522590 5.615428924560547 107
1781248525862 5.584527015686035 108
1781248529030 5.493814468383789 109
1781248532238 5.3463335037231445 110
1781248535498 5.250077247619629 111
1781248538941 5.181379318237305 112
1781248542345 5.148273468017578 113
1781248546282 5.131647109985352 114
1781248549906 5.079469680786133 115
1781248553162 5.045604705810547 116
1781248556406 4.978097915649414 117
1781248559553 4.899209976196289 118
1781248562794 4.849765777587891 119
1781248566474 4.812119483947754 120
1781248569738 4.7219953536987305 121
1781248572942 4.704349517822266 122
1781248576331 4.6501617431640625 123
1781248579622 4.602924346923828 124
1781248582846 4.551486968994141 125
1781248586297 4.434830665588379 126
1781248589810 4.062612056732178 127
1781248593650 3.873880386352539 128
1781248596933 3.8690385818481445 129
1781248600246 3.8012847900390625 130
1781248603662 3.7430689334869385 131
1781248606886 3.663109540939331 132
1781248610206 3.6260735988616943 133
1781248613545 3.5486555099487305 134
1781248617114 3.538701057434082 135
1781248620574 3.409040927886963 136
1781248623854 3.275399684906006 137
1781248627030 3.2070465087890625 138
1781248630358 3.1645379066467285 139
1781248633578 3.083749294281006 140
1781248636811 3.0097410678863525 141
1781248640022 2.888700008392334 142
1781248643278 2.845057487487793 143
1781248646475 2.7726893424987793 144
1781248649959 2.6850767135620117 145
1781248653570 2.6240875720977783 146
1781248656914 2.5180153846740723 147
1781248660126 2.459568738937378 148
1781248663834 2.3636839389801025 149
1781248667140 2.322605609893799 150
1781248670646 2.1730740070343018 151
1781248674058 2.1236419677734375 152
1781248677522 2.0238378047943115 153
1781248680946 1.917812466621399 154
1781248684530 1.8290826082229614 155
1781248688235 1.7659969329833984 156
1781248691498 1.7144644260406494 157
1781248694802 1.6432511806488037 158
1781248698158 1.5553460121154785 159
1781248701674 1.4181902408599854 160
1781248704981 1.3249233961105347 161
1781248708266 1.2834111452102661 162
1781248711709 1.2353957891464233 163
1781248715498 1.2054531574249268 164
1781248718963 1.1657960414886475 165
1781248722299 1.0413856506347656 166
1781248725658 1.0332567691802979 167
1781248728747 0.9713029265403748 168
1781248731974 0.9261946678161621 169
1781248735239 0.8744667768478394 170
1781248738490 0.8407907485961914 171
1781248741658 0.8111257553100586 172
1781248745406 0.7599869966506958 173
1781248749118 0.7271778583526611 174
1781248752410 0.6899864673614502 175
1781248755938 0.6591216325759888 176
1781248759150 0.6339082717895508 177
1781248763179 0.6178392171859741 178
1781248766566 0.584599494934082 179
1781248769754 0.5691841840744019 180
1781248772994 0.5515670776367188 181
1781248776279 0.5198492407798767 182
1781248779909 0.492883563041687 183
1781248783742 0.4581543803215027 184
1781248786866 0.42227786779403687 185
1781248790522 0.3901030421257019 186
1781248793842 0.3566015362739563 187
1781248797194 0.33369749784469604 188
1781248800887 0.3208714723587036 189
1781248804232 0.2951783537864685 190
1781248807447 0.2550438344478607 191
1781248810875 0.22553420066833496 192
1781248814371 0.17175130546092987 193
1781248817839 0.14960871636867523 194
1781248821495 0.1139933243393898 195
1781248825266 0.0634080320596695 196
1781248828411 0.028617151081562042 197
1781248831818 0.015266219154000282 198
1781248835482 0.0006581450579687953 199
1781248839327 0.0006503132754005492 200
