1781248172704 5.775094032287598 1
1781248176290 5.3048553466796875 2
1781248179491 5.175393581390381 3
1781248182618 5.035459518432617 4
1781248186195 4.849468231201172 5
1781248189451 4.743742942810059 6
1781248192546 4.600165367126465 7
1781248195974 4.50173282623291 8
1781248199127 4.46671724319458 9
1781248202373 4.332186698913574 10
1781248205686 4.2602386474609375 11
1781248208832 4.179856300354004 12
1781248211895 4.150121688842773 13
1781248215118 4.121021270751953 14
1781248218339 4.092052459716797 15
1781248221887 3.9804563522338867 16
1781248224910 3.924264430999756 17
1781248227942 3.857517719268799 18
1781248231102 3.8003101348876953 19
1781248234175 3.795008659362793 20
1781248237359 3.7395195960998535 21
1781248240438 3.7215800285339355 22
1781248243570 3.6837737560272217 23
1781248246666 3.6679248809814453 24
1781248249900 3.653163433074951 25
1781248253007 3.626492500305176 26
1781248256274 3.5867676734924316 27
1781248259487 3.528715133666992 28
1781248262834 3.5183825492858887 29
1781248266011 3.4672765731811523 30
1781248269071 3.45011043548584 31
1781248272003 3.41448974609375 32
1781248275195 3.3754401206970215 33
1781248278398 3.382779836654663 34
1781248281408 3.3624141216278076 35
1781248285619 3.333714485168457 36
1781248288758 3.2876133918762207 37
1781248290738 3.2647345066070557 38
1781248294051 3.2398900985717773 39
1781248297339 3.232365369796753 40
1781248300323 3.213496208190918 41
1781248303627 3.2061891555786133 42
1781248306859 3.16434907913208 43
1781248310155 3.1700549125671387 44
1781248313323 3.1252689361572266 45
1781248316515 3.088003396987915 46
1781248319642 3.0209648609161377 47
1781248323263 3.0075855255126953 48
1781248326859 2.9694032669067383 49
1781248330147 2.95755672454834 50
1781248333472 2.8921382427215576 51
1781248336884 2.880260944366455 52
1781248340159 2.866647243499756 53
1781248343642 2.853707790374756 54
1781248347317 2.809807300567627 55
1781248350547 2.7870278358459473 56
1781248354171 2.780637264251709 57
1781248357746 2.764899253845215 58
1781248360335 2.742340326309204 59
1781248363547 2.7329189777374268 60
1781248366703 2.702533483505249 61
1781248369876 2.6861484050750732 62
1781248373183 2.672731876373291 63
1781248376386 2.6414449214935303 64
1781248380347 2.6299281120300293 65
1781248383840 2.605557918548584 66
1781248387284 2.5669238567352295 67
1781248390643 2.5579147338867188 68
1781248394664 2.5514144897460938 69
1781248398419 2.527918815612793 70
1781248401959 2.5121397972106934 71
1781248405327 2.504260540008545 72
1781248408651 2.4809789657592773 73
1781248411859 2.465726375579834 74
1781248415503 2.452293872833252 75
1781248418655 2.43690824508667 76
1781248421854 2.404005765914917 77
1781248425403 2.3986825942993164 78
1781248428782 2.381624698638916 79
1781248432175 2.3799736499786377 80
1781248435567 2.3749215602874756 81
1781248439368 2.3329293727874756 82
1781248442834 2.3131160736083984 83
1781248446619 2.2919507026672363 84
1781248450191 2.278623104095459 85
1781248453423 2.2462635040283203 86
1781248456617 2.2309062480926514 87
1781248459815 2.223221778869629 88
1781248462903 2.2110049724578857 89
1781248466115 2.1932311058044434 90
1781248469361 2.1702587604522705 91
1781248472575 2.139286994934082 92
1781248475575 2.120828628540039 93
1781248479080 2.119770050048828 94
1781248482435 2.0935845375061035 95
1781248485727 2.080440044403076 96
1781248489051 2.05254864692688 97
1781248492722 2.0256714820861816 98
1781248495928 2.019158363342285 99
1781248499231 1.9960546493530273 100
1781248502656 1.9672502279281616 101
1781248506420 1.9515749216079712 102
1781248509783 1.9170475006103516 103
1781248512995 1.9033787250518799 104
1781248516183 1.8844040632247925 105
1781248519427 1.8743760585784912 106
1781248522595 1.8366609811782837 107
1781248525867 1.8346436023712158 108
1781248529035 1.8120858669281006 109
1781248532243 1.788642168045044 110
1781248535504 1.7619233131408691 111
1781248538946 1.7232733964920044 112
1781248542366 1.7026220560073853 113
1781248546287 1.6979900598526 114
1781248549911 1.687571406364441 115
1781248553168 1.6743271350860596 116
1781248556411 1.662114143371582 117
1781248559559 1.6379834413528442 118
1781248562799 1.6341841220855713 119
1781248566479 1.6077983379364014 120
1781248569744 1.5895459651947021 121
1781248572948 1.5771138668060303 122
1781248576336 1.568501591682434 123
1781248579627 1.5683257579803467 124
1781248582852 1.551579475402832 125
1781248586302 1.5086443424224854 126
1781248589827 1.427020788192749 127
1781248593656 1.3647513389587402 128
1781248596938 1.3608264923095703 129
1781248600251 1.3320214748382568 130
1781248603668 1.3128248453140259 131
1781248606891 1.2885215282440186 132
1781248610211 1.2706737518310547 133
1781248613551 1.23268461227417 134
1781248617120 1.2317698001861572 135
1781248620580 1.1677522659301758 136
1781248623859 1.0910993814468384 137
1781248627036 1.0839592218399048 138
1781248630363 1.0549354553222656 139
1781248633583 1.0479137897491455 140
1781248636816 0.9784424901008606 141
1781248640027 0.9506474137306213 142
1781248643283 0.9463238716125488 143
1781248646481 0.9184995889663696 144
1781248649964 0.904212236404419 145
1781248653575 0.8772982358932495 146
1781248656920 0.86295485496521 147
1781248660131 0.7980917692184448 148
1781248663840 0.7772907614707947 149
1781248667145 0.7699095010757446 150
1781248670651 0.7090713977813721 151
1781248674063 0.6859555244445801 152
1781248677528 0.6570237278938293 153
1781248680952 0.6387736797332764 154
1781248684536 0.6121646761894226 155
1781248688240 0.6067116260528564 156
1781248691503 0.5665075778961182 157
1781248694807 0.5536162257194519 158
1781248698163 0.5390584468841553 159
1781248701680 0.510389506816864 160
1781248704987 0.48494017124176025 161
1781248708272 0.445132315158844 162
1781248711730 0.4351184070110321 163
1781248715503 0.41381552815437317 164
1781248718968 0.40667158365249634 165
1781248722304 0.3730379343032837 166
1781248725664 0.3639116883277893 167
1781248728752 0.3398052453994751 168
1781248731979 0.3143519163131714 169
1781248735244 0.29849401116371155 170
1781248738496 0.28554588556289673 171
1781248741664 0.27761492133140564 172
1781248745411 0.25936347246170044 173
1781248749123 0.24670541286468506 174
1781248752415 0.23330903053283691 175
1781248755944 0.22592437267303467 176
1781248759155 0.2119315266609192 177
1781248763184 0.20642131567001343 178
1781248766572 0.20184999704360962 179
1781248769760 0.1937650591135025 180
1781248772999 0.18417198956012726 181
1781248776284 0.17236179113388062 182
1781248779931 0.16194505989551544 183
1781248783748 0.14936617016792297 184
1781248786872 0.13959650695323944 185
1781248790528 0.13030092418193817 186
1781248793848 0.11731348186731339 187
1781248797199 0.10938053578138351 188
1781248800892 0.10370953381061554 189
1781248804237 0.09663249552249908 190
1781248807453 0.08164338767528534 191
1781248810880 0.07264246046543121 192
1781248814376 0.05468512326478958 193
1781248817844 0.046636395156383514 194
1781248821500 0.03559526428580284 195
1781248825272 0.017377357929944992 196
1781248828416 0.005162055604159832 197
1781248831824 0.002675903495401144 198
1781248835487 0.00020834433962590992 199
1781248839332 0.0002077984536299482 200
