1781248172696 8.259917259216309 1
1781248176266 7.877180576324463 2
1781248179483 7.271219730377197 3
1781248182594 7.243136405944824 4
1781248186188 7.231467247009277 5
1781248189444 7.201083183288574 6
1781248192522 7.045273780822754 7
1781248195966 7.015186309814453 8
1781248199120 7.007662773132324 9
1781248202365 6.958413600921631 10
1781248205679 6.891702175140381 11
1781248208822 6.88700008392334 12
1781248211887 6.808779239654541 13
1781248215111 6.799618244171143 14
1781248218332 6.736291408538818 15
1781248221879 6.583784103393555 16
1781248224903 6.294535160064697 17
1781248227935 6.243487358093262 18
1781248231095 6.149939060211182 19
1781248234167 6.088530540466309 20
1781248237351 5.613767147064209 21
1781248240430 5.4976654052734375 22
1781248243563 5.454006195068359 23
1781248246658 5.345003604888916 24
1781248249892 4.978949069976807 25
1781248252999 4.724205493927002 26
1781248256267 3.5816898345947266 27
1781248259480 3.3748483657836914 28
1781248262827 3.3709394931793213 29
1781248266003 3.350858211517334 30
1781248269063 3.3325207233428955 31
1781248271995 3.0377087593078613 32
1781248275188 2.8790910243988037 33
1781248278391 2.7308223247528076 34
1781248281400 2.6935606002807617 35
1781248285611 2.680636405944824 36
1781248288751 2.680368185043335 37
1781248290731 2.000605583190918 38
1781248294039 1.9532653093338013 39
1781248297331 1.8770688772201538 40
1781248300316 1.6915380954742432 41
1781248303620 1.593000054359436 42
1781248306852 1.5882580280303955 43
1781248310148 1.5638313293457031 44
1781248313315 1.545914888381958 45
1781248316507 1.5122973918914795 46
1781248319635 1.1619654893875122 47
1781248323256 1.1553133726119995 48
1781248326852 1.153457522392273 49
1781248330140 1.141022801399231 50
1781248333464 1.1246366500854492 51
1781248336876 1.1231883764266968 52
1781248340152 1.0861999988555908 53
1781248343618 0.9803850650787354 54
1781248347307 0.9620248675346375 55
1781248350540 0.9327902793884277 56
1781248354164 0.8714863657951355 57
1781248357739 0.8689659833908081 58
1781248360328 0.866463840007782 59
1781248363540 0.8233357071876526 60
1781248366695 0.8215140700340271 61
1781248369868 0.8214005827903748 62
1781248373176 0.7607323527336121 63
1781248376363 0.725138783454895 64
1781248380340 0.709729790687561 65
1781248383832 0.6975911259651184 66
1781248387276 0.6838828921318054 67
1781248390636 0.6838816404342651 68
1781248394657 0.6835535764694214 69
1781248398412 0.6763573288917542 70
1781248401952 0.6369470357894897 71
1781248405320 0.636810839176178 72
1781248408643 0.6323082447052002 73
1781248411851 0.6322787404060364 74
1781248415496 0.6218881607055664 75
1781248418648 0.6205940246582031 76
1781248421847 0.55582195520401 77
1781248425396 0.5529377460479736 78
1781248428775 0.5398394465446472 79
1781248432168 0.5383899807929993 80
1781248435560 0.5333379507064819 81
1781248439361 0.5303712487220764 82
1781248442827 0.5152896046638489 83
1781248446612 0.5094361305236816 84
1781248450184 0.505969762802124 85
1781248453416 0.4983828365802765 86
1781248456609 0.48827245831489563 87
1781248459808 0.47747495770454407 88
1781248462896 0.4759773910045624 89
1781248466107 0.4662817716598511 90
1781248469354 0.4530452489852905 91
1781248472568 0.4530440866947174 92
1781248475568 0.4385877847671509 93
1781248479072 0.43679511547088623 94
1781248482427 0.4355314373970032 95
1781248485720 0.4339776039123535 96
1781248489043 0.43389657139778137 97
1781248492715 0.4144270718097687 98
1781248495920 0.40849488973617554 99
1781248499224 0.40728959441185 100
1781248502649 0.4062784016132355 101
1781248506412 0.4061706066131592 102
1781248509775 0.40452244877815247 103
1781248512988 0.38494980335235596 104
1781248516175 0.37445130944252014 105
1781248519419 0.3686862885951996 106
1781248522587 0.36566048860549927 107
1781248525860 0.3605087101459503 108
1781248529027 0.3599887490272522 109
1781248532236 0.3575748801231384 110
1781248535496 0.31585416197776794 111
1781248538939 0.29438889026641846 112
1781248542343 0.29370808601379395 113
1781248546280 0.28462302684783936 114
1781248549903 0.27490100264549255 115
1781248553160 0.2727634310722351 116
1781248556403 0.2725171148777008 117
1781248559551 0.2697613835334778 118
1781248562792 0.26427075266838074 119
1781248566472 0.2640281915664673 120
1781248569736 0.2612014710903168 121
1781248572940 0.2609509527683258 122
1781248576328 0.2607932984828949 123
1781248579620 0.26027676463127136 124
1781248582844 0.2571786642074585 125
1781248586295 0.2571786046028137 126
1781248589807 0.24716836214065552 127
1781248593648 0.24580246210098267 128
1781248596931 0.23548203706741333 129
1781248600244 0.23234474658966064 130
1781248603660 0.2316686511039734 131
1781248606884 0.2307429015636444 132
1781248610203 0.22832715511322021 133
1781248613543 0.22565925121307373 134
1781248617112 0.22467118501663208 135
1781248620572 0.22358743846416473 136
1781248623852 0.22350789606571198 137
1781248627028 0.22330442070960999 138
1781248630356 0.2225397825241089 139
1781248633575 0.22004713118076324 140
1781248636809 0.21495583653450012 141
1781248640020 0.19393335282802582 142
1781248643276 0.18549272418022156 143
1781248646472 0.18330012261867523 144
1781248649957 0.1823582798242569 145
1781248653568 0.17963926494121552 146
1781248656912 0.15523885190486908 147
1781248660124 0.12392235547304153 148
1781248663832 0.12392182648181915 149
1781248667138 0.11942852288484573 150
1781248670644 0.11928549408912659 151
1781248674056 0.10939651727676392 152
1781248677520 0.1054370105266571 153
1781248680944 0.10060903429985046 154
1781248684528 0.09923166036605835 155
1781248688233 0.0891285091638565 156
1781248691496 0.08517295867204666 157
1781248694800 0.08004499226808548 158
1781248698156 0.07690929621458054 159
1781248701672 0.06315863132476807 160
1781248704979 0.06302978098392487 161
1781248708264 0.061794716864824295 162
1781248711707 0.0606326162815094 163
1781248715496 0.06063215434551239 164
1781248718961 0.05948175489902496 165
1781248722297 0.0542990081012249 166
1781248725656 0.05096597969532013 167
1781248728745 0.05084863677620888 168
1781248731972 0.050733424723148346 169
1781248735237 0.04748060181736946 170
1781248738488 0.04742756113409996 171
1781248741656 0.046549100428819656 172
1781248745404 0.0425301268696785 173
1781248749116 0.04118356853723526 174
1781248752407 0.04094450920820236 175
1781248755936 0.04042204096913338 176
1781248759148 0.036791373044252396 177
1781248763176 0.036167461425065994 178
1781248766564 0.03323034942150116 179
1781248769752 0.03306121751666069 180
1781248772992 0.033049326390028 181
1781248776277 0.028869686648249626 182
1781248779907 0.028869640082120895 183
1781248783740 0.027847900986671448 184
1781248786864 0.017245784401893616 185
1781248790520 0.01677250675857067 186
1781248793840 0.016271527856588364 187
1781248797192 0.01622360199689865 188
1781248800885 0.01585819199681282 189
1781248804229 0.014784075319766998 190
1781248807445 0.014418156817555428 191
1781248810872 0.014128141105175018 192
1781248814368 0.00479905353859067 193
1781248817836 0.004772088024765253 194
1781248821492 0.0030317455530166626 195
1781248825264 0.002702300203964114 196
1781248828408 0.000913103751372546 197
1781248831816 0.0004748800420202315 198
1781248835480 0.00010134900367120281 199
1781248839324 6.291076715569943e-05 200
