1781248172707 0.4024941921234131 1
1781248176293 0.40418368577957153 2
1781248179494 0.48768526315689087 3
1781248182637 0.5382732152938843 4
1781248186198 0.5564191341400146 5
1781248189454 0.5835047960281372 6
1781248192549 0.5875086188316345 7
1781248195977 0.5941559672355652 8
1781248199131 0.60390305519104 9
1781248202377 0.6213644742965698 10
1781248205689 0.6346094012260437 11
1781248208835 0.6349759101867676 12
1781248211898 0.63522869348526 13
1781248215121 0.6387858390808105 14
1781248218342 0.6424998044967651 15
1781248221890 0.6484533548355103 16
1781248224913 0.6518380045890808 17
1781248227946 0.6649686098098755 18
1781248231105 0.6705702543258667 19
1781248234178 0.6706615686416626 20
1781248237362 0.6707077026367188 21
1781248240441 0.6784039735794067 22
1781248243574 0.6845316886901855 23
1781248246669 0.6877773404121399 24
1781248249903 0.6927350759506226 25
1781248253010 0.6961857080459595 26
1781248256277 0.6981696486473083 27
1781248259490 0.698387861251831 28
1781248262837 0.7017689347267151 29
1781248266014 0.7051103711128235 30
1781248269074 0.7055574655532837 31
1781248272006 0.7055816054344177 32
1781248275198 0.7242848873138428 33
1781248278401 0.7247220277786255 34
1781248281412 0.724811315536499 35
1781248285622 0.7274345755577087 36
1781248288761 0.7308357357978821 37
1781248290741 0.7308359146118164 38
1781248294058 0.7314318418502808 39
1781248297342 0.731712281703949 40
1781248300326 0.7317532896995544 41
1781248303631 0.731757640838623 42
1781248306862 0.7327737212181091 43
1781248310159 0.7332333326339722 44
1781248313326 0.7361742854118347 45
1781248316518 0.7372615337371826 46
1781248319645 0.7378070950508118 47
1781248323266 0.737985372543335 48
1781248326862 0.7384151220321655 49
1781248330150 0.7399349808692932 50
1781248333475 0.7406105995178223 51
1781248336887 0.7452965974807739 52
1781248340162 0.745513916015625 53
1781248343645 0.746867299079895 54
1781248347320 0.7468677163124084 55
1781248350550 0.7470016479492188 56
1781248354174 0.7496341466903687 57
1781248357749 0.7496534585952759 58
1781248360338 0.7522596716880798 59
1781248363550 0.7526569366455078 60
1781248366706 0.7526590824127197 61
1781248369879 0.7549933195114136 62
1781248373186 0.7549938559532166 63
1781248376389 0.7560374736785889 64
1781248380350 0.7560970187187195 65
1781248383843 0.7570545673370361 66
1781248387287 0.7572137117385864 67
1781248390646 0.7618139982223511 68
1781248394667 0.7660402655601501 69
1781248398423 0.7671586871147156 70
1781248401962 0.7680743932723999 71
1781248405330 0.7693526744842529 72
1781248408654 0.7700601816177368 73
1781248411862 0.7700625061988831 74
1781248415507 0.7745792865753174 75
1781248418658 0.7746421098709106 76
1781248421857 0.7751137018203735 77
1781248425406 0.7779930830001831 78
1781248428786 0.7794032096862793 79
1781248432178 0.7795908451080322 80
1781248435571 0.7806997299194336 81
1781248439371 0.7808182239532471 82
1781248442837 0.7810937166213989 83
1781248446631 0.7811320424079895 84
1781248450194 0.7817751169204712 85
1781248453426 0.7818170189857483 86
1781248456620 0.7826383709907532 87
1781248459818 0.7832456231117249 88
1781248462907 0.7834465503692627 89
1781248466118 0.7835480570793152 90
1781248469364 0.7843203544616699 91
1781248472578 0.7846007347106934 92
1781248475578 0.7860513925552368 93
1781248479083 0.7865784168243408 94
1781248482438 0.787319540977478 95
1781248485730 0.787544846534729 96
1781248489054 0.7884343266487122 97
1781248492725 0.788484513759613 98
1781248495931 0.7887435555458069 99
1781248499234 0.7887705564498901 100
1781248502659 0.7889987230300903 101
1781248506423 0.7890963554382324 102
1781248509786 0.7894002199172974 103
1781248512998 0.7906614542007446 104
1781248516186 0.7947068810462952 105
1781248519430 0.7947217226028442 106
1781248522598 0.7947936654090881 107
1781248525871 0.7967643737792969 108
1781248529038 0.7969496250152588 109
1781248532247 0.7990848422050476 110
1781248535507 0.7990910410881042 111
1781248538949 0.7993007302284241 112
1781248542369 0.8004482388496399 113
1781248546291 0.8005764484405518 114
1781248549914 0.8006042242050171 115
1781248553171 0.8069131374359131 116
1781248556414 0.8080980777740479 117
1781248559562 0.8086214661598206 118
1781248562802 0.808661937713623 119
1781248566482 0.8091831207275391 120
1781248569747 0.8094674944877625 121
1781248572951 0.8095754384994507 122
1781248576339 0.8095831871032715 123
1781248579630 0.8103581666946411 124
1781248582855 0.8142905235290527 125
1781248586305 0.8162968158721924 126
1781248589830 0.8163175582885742 127
1781248593659 0.8164796829223633 128
1781248596941 0.8167484998703003 129
1781248600255 0.8176402449607849 130
1781248603671 0.8177073001861572 131
1781248606894 0.817722737789154 132
1781248610214 0.8177251815795898 133
1781248613554 0.8177562952041626 134
1781248617123 0.819140613079071 135
1781248620583 0.8200554847717285 136
1781248623862 0.8211985230445862 137
1781248627039 0.8215609192848206 138
1781248630366 0.8227931261062622 139
1781248633586 0.8228134512901306 140
1781248636819 0.8229807615280151 141
1781248640030 0.8232767581939697 142
1781248643287 0.823755145072937 143
1781248646484 0.8237675428390503 144
1781248649967 0.8237751722335815 145
1781248653580 0.8237819671630859 146
1781248656923 0.8287593126296997 147
1781248660134 0.8293034434318542 148
1781248663843 0.8295644521713257 149
1781248667148 0.8295811414718628 150
1781248670654 0.8307287693023682 151
1781248674066 0.8308439254760742 152
1781248677531 0.8310683965682983 153
1781248680955 0.833324134349823 154
1781248684539 0.8333292007446289 155
1781248688243 0.8340610265731812 156
1781248691506 0.8344377875328064 157
1781248694811 0.8399726152420044 158
1781248698167 0.8431757688522339 159
1781248701683 0.8444911241531372 160
1781248704990 0.8445115685462952 161
1781248708275 0.8447781801223755 162
1781248711733 0.8447899222373962 163
1781248715506 0.8461856245994568 164
1781248718971 0.8483991026878357 165
1781248722307 0.8487372398376465 166
1781248725667 0.8487604856491089 167
1781248728755 0.8487866520881653 168
1781248731982 0.8499629497528076 169
1781248735248 0.852921187877655 170
1781248738499 0.8608623147010803 171
1781248741667 0.86376953125 172
1781248745414 0.8654587864875793 173
1781248749126 0.8659451007843018 174
1781248752418 0.8667781352996826 175
1781248755947 0.868180513381958 176
1781248759158 0.873289167881012 177
1781248763187 0.8746855854988098 178
1781248766575 0.8774081468582153 179
1781248769763 0.8778550624847412 180
1781248773003 0.8786606788635254 181
1781248776289 0.8794578909873962 182
1781248779934 0.8801668882369995 183
1781248783751 0.8808646202087402 184
1781248786875 0.8824447989463806 185
1781248790531 0.8895238041877747 186
1781248793851 0.8999350070953369 187
1781248797202 0.9006668925285339 188
1781248800896 0.9007721543312073 189
1781248804240 0.9214484095573425 190
1781248807456 0.9247080087661743 191
1781248810883 0.9260150194168091 192
1781248814379 0.9379021525382996 193
1781248817847 0.9443429708480835 194
1781248821503 0.9636942148208618 195
1781248825275 0.9785490036010742 196
1781248828419 0.9831865429878235 197
1781248831827 0.9833774566650391 198
1781248835490 0.9999999403953552 199
1781248839335 0.9999999403953552 200
