1781248172699 7.237199783325195 1
1781248176270 6.415351390838623 2
1781248179486 6.086569309234619 3
1781248182597 5.69052267074585 4
1781248186191 5.456059455871582 5
1781248189447 5.317883491516113 6
1781248192526 5.139280796051025 7
1781248195970 5.034844875335693 8
1781248199123 4.923324108123779 9
1781248202368 4.746224880218506 10
1781248205682 4.658758163452148 11
1781248208826 4.583673000335693 12
1781248211890 4.512380599975586 13
1781248215114 4.430088520050049 14
1781248218335 4.3294782638549805 15
1781248221882 4.227334976196289 16
1781248224906 4.1516242027282715 17
1781248227938 4.093350887298584 18
1781248231098 4.040694713592529 19
1781248234170 3.992871046066284 20
1781248237354 3.937615394592285 21
1781248240434 3.8996024131774902 22
1781248243566 3.848691701889038 23
1781248246662 3.80058217048645 24
1781248249896 3.755387783050537 25
1781248253002 3.709019184112549 26
1781248256270 3.6532037258148193 27
1781248259483 3.609501361846924 28
1781248262830 3.575228214263916 29
1781248266007 3.5318188667297363 30
1781248269067 3.4793589115142822 31
1781248271999 3.444791316986084 32
1781248275191 3.3994438648223877 33
1781248278394 3.3623852729797363 34
1781248281403 3.33304500579834 35
1781248285615 3.3029706478118896 36
1781248288754 3.269692897796631 37
1781248290734 3.2341601848602295 38
1781248294042 3.198812246322632 39
1781248297335 3.1713972091674805 40
1781248300319 3.1393792629241943 41
1781248303623 3.108931303024292 42
1781248306855 3.0791585445404053 43
1781248310151 3.0507049560546875 44
1781248313319 3.0196056365966797 45
1781248316511 2.988145112991333 46
1781248319638 2.955313205718994 47
1781248323259 2.929269790649414 48
1781248326855 2.9016759395599365 49
1781248330143 2.8645830154418945 50
1781248333467 2.8366730213165283 51
1781248336880 2.811572790145874 52
1781248340155 2.7860960960388184 53
1781248343622 2.7568979263305664 54
1781248347310 2.7282345294952393 55
1781248350543 2.704364538192749 56
1781248354167 2.6830294132232666 57
1781248357742 2.6572723388671875 58
1781248360331 2.6276488304138184 59
1781248363543 2.60313081741333 60
1781248366698 2.5788347721099854 61
1781248369872 2.5558319091796875 62
1781248373179 2.531430721282959 63
1781248376366 2.5017664432525635 64
1781248380343 2.477540969848633 65
1781248383836 2.455540180206299 66
1781248387279 2.4271364212036133 67
1781248390639 2.4026360511779785 68
1781248394660 2.377598762512207 69
1781248398415 2.3558433055877686 70
1781248401955 2.332598924636841 71
1781248405323 2.3085412979125977 72
1781248408646 2.288863182067871 73
1781248411854 2.2664666175842285 74
1781248415499 2.244637966156006 75
1781248418651 2.2236647605895996 76
1781248421850 2.198934555053711 77
1781248425399 2.178032159805298 78
1781248428778 2.153137445449829 79
1781248432171 2.1326193809509277 80
1781248435563 2.1112635135650635 81
1781248439364 2.091249704360962 82
1781248442830 2.0710341930389404 83
1781248446615 2.0511231422424316 84
1781248450187 2.030289649963379 85
1781248453419 2.0100481510162354 86
1781248456612 1.9876705408096313 87
1781248459811 1.9681411981582642 88
1781248462899 1.9475486278533936 89
1781248466111 1.93110990524292 90
1781248469357 1.9124460220336914 91
1781248472571 1.8932408094406128 92
1781248475571 1.8749014139175415 93
1781248479075 1.8589797019958496 94
1781248482430 1.8398680686950684 95
1781248485723 1.8229762315750122 96
1781248489046 1.805585503578186 97
1781248492718 1.785825490951538 98
1781248495923 1.7647291421890259 99
1781248499227 1.743543267250061 100
1781248502652 1.724341630935669 101
1781248506415 1.7069581747055054 102
1781248509778 1.6887054443359375 103
1781248512991 1.6704516410827637 104
1781248516178 1.6533132791519165 105
1781248519422 1.6368697881698608 106
1781248522591 1.6198632717132568 107
1781248525863 1.6024508476257324 108
1781248529031 1.5849963426589966 109
1781248532239 1.5686589479446411 110
1781248535499 1.5509072542190552 111
1781248538942 1.531667947769165 112
1781248542346 1.513450026512146 113
1781248546283 1.4962725639343262 114
1781248549907 1.4784694910049438 115
1781248553163 1.4593716859817505 116
1781248556407 1.4416680335998535 117
1781248559555 1.4227503538131714 118
1781248562795 1.4036065340042114 119
1781248566475 1.385556936264038 120
1781248569739 1.3656272888183594 121
1781248572943 1.3492541313171387 122
1781248576332 1.3285751342773438 123
1781248579623 1.313254714012146 124
1781248582847 1.2987698316574097 125
1781248586298 1.2801144123077393 126
1781248589811 1.2624773979187012 127
1781248593651 1.2456198930740356 128
1781248596934 1.229616403579712 129
1781248600247 1.2143564224243164 130
1781248603663 1.1974679231643677 131
1781248606887 1.1817513704299927 132
1781248610207 1.160780429840088 133
1781248613546 1.144240379333496 134
1781248617115 1.12886643409729 135
1781248620575 1.1105479001998901 136
1781248623855 1.0913138389587402 137
1781248627031 1.0763325691223145 138
1781248630359 1.0594754219055176 139
1781248633579 1.0429191589355469 140
1781248636812 1.0274434089660645 141
1781248640023 1.0112510919570923 142
1781248643279 0.9947199821472168 143
1781248646476 0.9776668548583984 144
1781248649960 0.9625110626220703 145
1781248653571 0.9443591237068176 146
1781248656915 0.9276360273361206 147
1781248660127 0.9094381928443909 148
1781248663835 0.8915321826934814 149
1781248667141 0.8741571307182312 150
1781248670647 0.8557117581367493 151
1781248674059 0.8393698334693909 152
1781248677524 0.8224943280220032 153
1781248680947 0.806315541267395 154
1781248684531 0.7889314889907837 155
1781248688236 0.775511622428894 156
1781248691499 0.7589479684829712 157
1781248694803 0.7438520193099976 158
1781248698159 0.726500391960144 159
1781248701675 0.7074120044708252 160
1781248704982 0.6912675499916077 161
1781248708267 0.6701727509498596 162
1781248711710 0.6517974734306335 163
1781248715499 0.6356910467147827 164
1781248718964 0.6116684079170227 165
1781248722300 0.5930410623550415 166
1781248725659 0.5740405917167664 167
1781248728748 0.5555829405784607 168
1781248731975 0.5360240936279297 169
1781248735240 0.518217146396637 170
1781248738492 0.5011204481124878 171
1781248741659 0.48330971598625183 172
1781248745407 0.4676892161369324 173
1781248749119 0.44979870319366455 174
1781248752411 0.43375054001808167 175
1781248755940 0.41868820786476135 176
1781248759151 0.40214046835899353 177
1781248763180 0.38780075311660767 178
1781248766567 0.3709588348865509 179
1781248769755 0.35270631313323975 180
1781248772995 0.3346662223339081 181
1781248776280 0.31682994961738586 182
1781248779910 0.30156397819519043 183
1781248783743 0.28539329767227173 184
1781248786867 0.26869046688079834 185
1781248790524 0.2532126307487488 186
1781248793843 0.23726490139961243 187
1781248797195 0.21604523062705994 188
1781248800888 0.19728924334049225 189
1781248804233 0.18045943975448608 190
1781248807448 0.16326093673706055 191
1781248810876 0.1405557245016098 192
1781248814372 0.1175532415509224 193
1781248817840 0.09426481276750565 194
1781248821496 0.07350226491689682 195
1781248825267 0.04808606207370758 196
1781248828412 0.01551817636936903 197
1781248831819 0.008674770593643188 198
1781248835483 0.0003492432879284024 199
1781248839328 0.00034901348408311605 200
