1781248172700 5.110018730163574 1
1781248176271 3.515126943588257 2
1781248179487 3.279811382293701 3
1781248182598 2.6762804985046387 4
1781248186192 2.3992340564727783 5
1781248189448 2.2673487663269043 6
1781248192527 2.0647103786468506 7
1781248195971 1.9742494821548462 8
1781248199124 1.8844587802886963 9
1781248202370 1.7705795764923096 10
1781248205683 1.6717572212219238 11
1781248208827 1.5939608812332153 12
1781248211891 1.480751872062683 13
1781248215115 1.4370601177215576 14
1781248218336 1.350345492362976 15
1781248221883 1.324798345565796 16
1781248224907 1.3039565086364746 17
1781248227939 1.2726458311080933 18
1781248231099 1.238627314567566 19
1781248234171 1.205644965171814 20
1781248237355 1.1683400869369507 21
1781248240435 1.139176368713379 22
1781248243567 1.1088967323303223 23
1781248246663 1.0646148920059204 24
1781248249897 1.0456552505493164 25
1781248253003 1.0062192678451538 26
1781248256271 0.9881119728088379 27
1781248259484 0.9709230661392212 28
1781248262831 0.9488019943237305 29
1781248266008 0.942617654800415 30
1781248269068 0.9173955917358398 31
1781248272000 0.9141283631324768 32
1781248275192 0.9147841930389404 33
1781248278395 0.9006472229957581 34
1781248281404 0.8824499249458313 35
1781248285616 0.8762015104293823 36
1781248288755 0.8657191395759583 37
1781248290735 0.8459851741790771 38
1781248294043 0.8429543375968933 39
1781248297336 0.8285443782806396 40
1781248300320 0.8166271448135376 41
1781248303624 0.8080941438674927 42
1781248306856 0.7969196438789368 43
1781248310152 0.7952476143836975 44
1781248313320 0.7876507639884949 45
1781248316512 0.7858825325965881 46
1781248319639 0.7820563316345215 47
1781248323260 0.7754185795783997 48
1781248326856 0.7658898234367371 49
1781248330144 0.7666199803352356 50
1781248333468 0.7552669048309326 51
1781248336881 0.74978107213974 52
1781248340156 0.7454593181610107 53
1781248343623 0.736253559589386 54
1781248347311 0.7356193661689758 55
1781248350544 0.7289654612541199 56
1781248354168 0.7196723818778992 57
1781248357743 0.7139684557914734 58
1781248360332 0.7057516574859619 59
1781248363544 0.7010495662689209 60
1781248366699 0.6979874968528748 61
1781248369873 0.6967580914497375 62
1781248373180 0.6916589140892029 63
1781248376367 0.6880567669868469 64
1781248380344 0.6856821179389954 65
1781248383837 0.679843544960022 66
1781248387280 0.6801844239234924 67
1781248390640 0.676645040512085 68
1781248394661 0.6789491772651672 69
1781248398416 0.6769869923591614 70
1781248401956 0.675248920917511 71
1781248405324 0.6739174127578735 72
1781248408647 0.6708440184593201 73
1781248411855 0.673340380191803 74
1781248415500 0.6725797057151794 75
1781248418652 0.6758286356925964 76
1781248421851 0.6791530847549438 77
1781248425400 0.6791883707046509 78
1781248428779 0.6820753216743469 79
1781248432172 0.684245765209198 80
1781248435564 0.6852356195449829 81
1781248439365 0.6861168146133423 82
1781248442831 0.678867518901825 83
1781248446616 0.6774581670761108 84
1781248450188 0.6774255633354187 85
1781248453420 0.6736806035041809 86
1781248456614 0.6732572913169861 87
1781248459812 0.6748404502868652 88
1781248462900 0.6738219261169434 89
1781248466112 0.6688373684883118 90
1781248469358 0.6681979894638062 91
1781248472572 0.6686330437660217 92
1781248475572 0.668870747089386 93
1781248479076 0.6644958257675171 94
1781248482431 0.664402425289154 95
1781248485724 0.6618086099624634 96
1781248489047 0.6602538824081421 97
1781248492719 0.6602774262428284 98
1781248495924 0.6607950925827026 99
1781248499228 0.6590638160705566 100
1781248502653 0.6572990417480469 101
1781248506417 0.6552436947822571 102
1781248509779 0.654045820236206 103
1781248512992 0.6526305079460144 104
1781248516180 0.6539357304573059 105
1781248519423 0.6540001034736633 106
1781248522592 0.6539856195449829 107
1781248525864 0.6524159908294678 108
1781248529032 0.6502291560173035 109
1781248532240 0.6470568180084229 110
1781248535500 0.6465198993682861 111
1781248538943 0.6458228230476379 112
1781248542347 0.6446936726570129 113
1781248546284 0.6433843970298767 114
1781248549908 0.6419541835784912 115
1781248553164 0.640667736530304 116
1781248556408 0.6383939981460571 117
1781248559556 0.6383046507835388 118
1781248562796 0.6393247246742249 119
1781248566476 0.6397552490234375 120
1781248569740 0.6409040689468384 121
1781248572944 0.6388792991638184 122
1781248576333 0.638493001461029 123
1781248579624 0.6367626190185547 124
1781248582848 0.6325781941413879 125
1781248586299 0.6325553059577942 126
1781248589812 0.6298069357872009 127
1781248593652 0.6273069977760315 128
1781248596935 0.6241745948791504 129
1781248600248 0.6209548115730286 130
1781248603664 0.619152307510376 131
1781248606888 0.6173670291900635 132
1781248610208 0.6159793138504028 133
1781248613548 0.6112251877784729 134
1781248617116 0.6076682209968567 135
1781248620576 0.6066153645515442 136
1781248623856 0.6068084836006165 137
1781248627032 0.603160560131073 138
1781248630360 0.6006237268447876 139
1781248633580 0.5969584584236145 140
1781248636813 0.5941034555435181 141
1781248640024 0.5899374485015869 142
1781248643280 0.5853810906410217 143
1781248646478 0.5815088748931885 144
1781248649961 0.5775775909423828 145
1781248653572 0.5742686986923218 146
1781248656916 0.569804847240448 147
1781248660128 0.5663964748382568 148
1781248663836 0.5623094439506531 149
1781248667142 0.55864417552948 150
1781248670648 0.5561631321907043 151
1781248674060 0.5543922781944275 152
1781248677525 0.5502576231956482 153
1781248680948 0.5454097986221313 154
1781248684532 0.5409289002418518 155
1781248688237 0.5371058583259583 156
1781248691500 0.5327290296554565 157
1781248694804 0.5273719429969788 158
1781248698160 0.521841824054718 159
1781248701676 0.5188654661178589 160
1781248704983 0.5122952461242676 161
1781248708268 0.5046670436859131 162
1781248711711 0.5002211332321167 163
1781248715500 0.49313780665397644 164
1781248718965 0.4873215854167938 165
1781248722301 0.4811524450778961 166
1781248725660 0.4750785529613495 167
1781248728749 0.4683196544647217 168
1781248731976 0.4614879786968231 169
1781248735241 0.45530977845191956 170
1781248738493 0.4476415812969208 171
1781248741660 0.44041773676872253 172
1781248745408 0.43215781450271606 173
1781248749120 0.42495155334472656 174
1781248752412 0.4173971116542816 175
1781248755941 0.40838950872421265 176
1781248759152 0.3997598886489868 177
1781248763181 0.39030778408050537 178
1781248766568 0.38048475980758667 179
1781248769756 0.3708569407463074 180
1781248772996 0.36070716381073 181
1781248776281 0.3504343330860138 182
1781248779911 0.3394028842449188 183
1781248783745 0.3270801901817322 184
1781248786869 0.3149917423725128 185
1781248790525 0.3024975061416626 186
1781248793844 0.2889772355556488 187
1781248797196 0.27677035331726074 188
1781248800889 0.261118620634079 189
1781248804234 0.24466677010059357 190
1781248807449 0.22764074802398682 191
1781248810877 0.20880000293254852 192
1781248814373 0.18573623895645142 193
1781248817841 0.16494420170783997 194
1781248821497 0.13961289823055267 195
1781248825268 0.10746642202138901 196
1781248828413 0.06316207349300385 197
1781248831820 0.044222641736269 198
1781248835484 0.00037614526809193194 199
1781248839329 0.0003762614505831152 200
