1781248172695 11.65866470336914 1
1781248176265 9.027959823608398 2
1781248179482 8.198314666748047 3
1781248182593 7.304111957550049 4
1781248186187 6.651270389556885 5
1781248189442 6.1315693855285645 6
1781248192521 5.694689750671387 7
1781248195965 5.2731170654296875 8
1781248199119 5.060378074645996 9
1781248202360 4.808452129364014 10
1781248205678 4.572623252868652 11
1781248208821 4.33881139755249 12
1781248211886 4.075785160064697 13
1781248215110 3.9222753047943115 14
1781248218330 3.7494163513183594 15
1781248221878 3.705792188644409 16
1781248224902 3.6333200931549072 17
1781248227934 3.539748430252075 18
1781248231093 3.373814582824707 19
1781248234166 3.2493042945861816 20
1781248237350 3.1505017280578613 21
1781248240429 3.028339147567749 22
1781248243562 2.9385859966278076 23
1781248246657 2.845654249191284 24
1781248249891 2.7787861824035645 25
1781248252998 2.703204870223999 26
1781248256266 2.663295269012451 27
1781248259479 2.6263537406921387 28
1781248262826 2.5654165744781494 29
1781248266002 2.55782413482666 30
1781248269062 2.525155544281006 31
1781248271994 2.5068445205688477 32
1781248275187 2.5098633766174316 33
1781248278390 2.47240948677063 34
1781248281399 2.4178621768951416 35
1781248285610 2.401179313659668 36
1781248288750 2.374533176422119 37
1781248290730 2.333976984024048 38
1781248294038 2.337120532989502 39
1781248297330 2.2981019020080566 40
1781248300315 2.2745516300201416 41
1781248303619 2.2614219188690186 42
1781248306851 2.223602056503296 43
1781248310147 2.231304883956909 44
1781248313314 2.227804660797119 45
1781248316506 2.227050542831421 46
1781248319634 2.2269811630249023 47
1781248323255 2.21431565284729 48
1781248326851 2.1906070709228516 49
1781248330139 2.1967506408691406 50
1781248333463 2.1677801609039307 51
1781248336875 2.150848627090454 52
1781248340151 2.133111000061035 53
1781248343617 2.128582239151001 54
1781248347306 2.132289171218872 55
1781248350539 2.1209754943847656 56
1781248354163 2.0952324867248535 57
1781248357738 2.0842185020446777 58
1781248360327 2.0780739784240723 59
1781248363539 2.0745129585266113 60
1781248366694 2.0675265789031982 61
1781248369867 2.061483144760132 62
1781248373175 2.0560317039489746 63
1781248376361 2.054320812225342 64
1781248380339 2.0527539253234863 65
1781248383831 2.0411665439605713 66
1781248387275 2.0479977130889893 67
1781248390635 2.041602611541748 68
1781248394656 2.049804210662842 69
1781248398411 2.046093225479126 70
1781248401951 2.0397348403930664 71
1781248405319 2.038296937942505 72
1781248408642 2.0295591354370117 73
1781248411850 2.041506052017212 74
1781248415495 2.0400593280792236 75
1781248418647 2.0505964756011963 76
1781248421846 2.0647926330566406 77
1781248425395 2.0678277015686035 78
1781248428774 2.0769925117492676 79
1781248432167 2.0837371349334717 80
1781248435559 2.087398052215576 81
1781248439359 2.0890235900878906 82
1781248442826 2.0734505653381348 83
1781248446611 2.0716187953948975 84
1781248450183 2.074369430541992 85
1781248453415 2.0656018257141113 86
1781248456608 2.065521478652954 87
1781248459807 2.0735034942626953 88
1781248462895 2.072606325149536 89
1781248466106 2.0595359802246094 90
1781248469353 2.058140277862549 91
1781248472567 2.0628721714019775 92
1781248475567 2.0618631839752197 93
1781248479071 2.0485265254974365 94
1781248482426 2.0504305362701416 95
1781248485719 2.0437428951263428 96
1781248489042 2.039050817489624 97
1781248492714 2.0420334339141846 98
1781248495919 2.0454907417297363 99
1781248499223 2.0445196628570557 100
1781248502648 2.0406241416931152 101
1781248506411 2.034733295440674 102
1781248509774 2.0330371856689453 103
1781248512987 2.029691219329834 104
1781248516174 2.0313572883605957 105
1781248519418 2.028653860092163 106
1781248522586 2.0286636352539062 107
1781248525859 2.023885488510132 108
1781248529026 2.017007350921631 109
1781248532235 2.0076029300689697 110
1781248535495 2.006234645843506 111
1781248538938 2.004324436187744 112
1781248542341 2.00197696685791 113
1781248546279 1.9990525245666504 114
1781248549902 1.9945297241210938 115
1781248553159 1.991422176361084 116
1781248556402 1.9859745502471924 117
1781248559550 1.9860306978225708 118
1781248562791 1.9877232313156128 119
1781248566471 1.988004446029663 120
1781248569735 1.993467926979065 121
1781248572939 1.9849904775619507 122
1781248576327 1.9843099117279053 123
1781248579619 1.9781099557876587 124
1781248582843 1.9646565914154053 125
1781248586294 1.9629627466201782 126
1781248589806 1.955764889717102 127
1781248593647 1.9483988285064697 128
1781248596930 1.9391865730285645 129
1781248600243 1.9273319244384766 130
1781248603659 1.9206535816192627 131
1781248606883 1.9123646020889282 132
1781248610202 1.9114530086517334 133
1781248613542 1.8994598388671875 134
1781248617111 1.8877928256988525 135
1781248620571 1.884994387626648 136
1781248623851 1.8867169618606567 137
1781248627027 1.8736311197280884 138
1781248630355 1.8667641878128052 139
1781248633574 1.8546241521835327 140
1781248636807 1.8444349765777588 141
1781248640019 1.832057237625122 142
1781248643275 1.8194410800933838 143
1781248646471 1.807462453842163 144
1781248649956 1.7936104536056519 145
1781248653567 1.7834718227386475 146
1781248656911 1.7703088521957397 147
1781248660123 1.7604937553405762 148
1781248663831 1.7504531145095825 149
1781248667136 1.7404577732086182 150
1781248670643 1.7332885265350342 151
1781248674055 1.722708821296692 152
1781248677519 1.7095253467559814 153
1781248680943 1.6937737464904785 154
1781248684527 1.6822916269302368 155
1781248688231 1.66554594039917 156
1781248691494 1.6514108180999756 157
1781248694799 1.6332863569259644 158
1781248698155 1.618746280670166 159
1781248701671 1.6099071502685547 160
1781248704978 1.592390775680542 161
1781248708263 1.5780844688415527 162
1781248711706 1.5654038190841675 163
1781248715495 1.544973611831665 164
1781248718960 1.5332834720611572 165
1781248722296 1.5172533988952637 166
1781248725655 1.5003323554992676 167
1781248728743 1.4824572801589966 168
1781248731971 1.4648056030273438 169
1781248735236 1.4467244148254395 170
1781248738487 1.4246176481246948 171
1781248741655 1.4038058519363403 172
1781248745403 1.3782415390014648 173
1781248749115 1.3573434352874756 174
1781248752406 1.3333320617675781 175
1781248755935 1.3041836023330688 176
1781248759146 1.2773467302322388 177
1781248763175 1.2464076280593872 178
1781248766563 1.218375563621521 179
1781248769751 1.1904518604278564 180
1781248772991 1.1620304584503174 181
1781248776276 1.131542444229126 182
1781248779906 1.0957772731781006 183
1781248783739 1.0608869791030884 184
1781248786863 1.0254168510437012 185
1781248790519 0.98517245054245 186
1781248793839 0.9433507919311523 187
1781248797191 0.9090951085090637 188
1781248800884 0.8643141388893127 189
1781248804228 0.8163818120956421 190
1781248807444 0.7677696943283081 191
1781248810871 0.7209331393241882 192
1781248814367 0.6652268767356873 193
1781248817835 0.606095552444458 194
1781248821491 0.5365264415740967 195
1781248825263 0.461134672164917 196
1781248828407 0.3760422170162201 197
1781248831815 0.25899115204811096 198
1781248835479 0.0013040166813880205 199
1781248839323 0.0013108139391988516 200
