1781248172689 926.7517700195312 1
1781248176260 517.8953247070312 2
1781248179476 422.74139404296875 3
1781248182588 347.1420593261719 4
1781248186181 293.1252136230469 5
1781248189436 248.9364471435547 6
1781248192516 218.32870483398438 7
1781248195960 190.6499786376953 8
1781248199112 177.04006958007812 9
1781248202347 163.34877014160156 10
1781248205672 149.65866088867188 11
1781248208816 136.64244079589844 12
1781248211880 123.2064437866211 13
1781248215104 115.65843200683594 14
1781248218324 107.70941162109375 15
1781248221872 104.54124450683594 16
1781248224896 100.8389663696289 17
1781248227928 96.49752807617188 18
1781248231088 88.9654541015625 19
1781248234160 83.49699401855469 20
1781248237344 79.23323822021484 21
1781248240424 74.38523864746094 22
1781248243556 70.75552368164062 23
1781248246652 67.43450164794922 24
1781248249884 64.90850067138672 25
1781248252993 61.73237609863281 26
1781248256260 59.62495040893555 27
1781248259473 57.66489791870117 28
1781248262820 55.53383255004883 29
1781248265997 54.4035758972168 30
1781248269057 52.834930419921875 31
1781248271989 51.745059967041016 32
1781248275181 50.87091064453125 33
1781248278384 49.068843841552734 34
1781248281393 46.84713363647461 35
1781248285605 45.60266876220703 36
1781248288744 44.37980270385742 37
1781248290724 42.78521728515625 38
1781248294032 41.837013244628906 39
1781248297325 40.63059616088867 40
1781248300309 39.271915435791016 41
1781248303613 38.42692184448242 42
1781248306845 37.191654205322266 43
1781248310141 36.61806869506836 44
1781248313309 36.14939498901367 45
1781248316501 35.55400466918945 46
1781248319628 34.81462860107422 47
1781248323249 34.050777435302734 48
1781248326845 33.24213790893555 49
1781248330133 32.77482986450195 50
1781248333457 31.65064239501953 51
1781248336869 30.897741317749023 52
1781248340145 30.089937210083008 53
1781248343612 29.707855224609375 54
1781248347300 29.408092498779297 55
1781248350533 28.963979721069336 56
1781248354157 28.145488739013672 57
1781248357732 27.545116424560547 58
1781248360321 27.1933536529541 59
1781248363533 26.83568572998047 60
1781248366689 26.33795166015625 61
1781248369861 25.97496795654297 62
1781248373169 25.51589012145996 63
1781248376356 25.12834358215332 64
1781248380333 24.77324867248535 65
1781248383825 24.294898986816406 66
1781248387269 24.0667667388916 67
1781248390629 23.70676040649414 68
1781248394644 23.504018783569336 69
1781248398405 23.16972541809082 70
1781248401945 22.884469985961914 71
1781248405313 22.689136505126953 72
1781248408637 22.292497634887695 73
1781248411845 22.221168518066406 74
1781248415489 21.972679138183594 75
1781248418641 21.857704162597656 76
1781248421841 21.76077651977539 77
1781248425389 21.59943199157715 78
1781248428769 21.43047332763672 79
1781248432161 21.332691192626953 80
1781248435553 21.088573455810547 81
1781248439353 20.867717742919922 82
1781248442820 20.51087760925293 83
1781248446605 20.3309268951416 84
1781248450177 20.182876586914062 85
1781248453409 19.88241195678711 86
1781248456601 19.69818878173828 87
1781248459801 19.648927688598633 88
1781248462889 19.472440719604492 89
1781248466101 19.21181869506836 90
1781248469347 19.061336517333984 91
1781248472561 18.988008499145508 92
1781248475561 18.80712127685547 93
1781248479065 18.500640869140625 94
1781248482421 18.35411262512207 95
1781248485713 18.1558895111084 96
1781248489037 17.969221115112305 97
1781248492708 17.85065460205078 98
1781248495913 17.765901565551758 99
1781248499217 17.624080657958984 100
1781248502642 17.454206466674805 101
1781248506405 17.300071716308594 102
1781248509769 17.176410675048828 103
1781248512981 17.04195213317871 104
1781248516169 16.93326187133789 105
1781248519413 16.795499801635742 106
1781248522581 16.72248649597168 107
1781248525853 16.574329376220703 108
1781248529021 16.370546340942383 109
1781248532229 16.21673011779785 110
1781248535489 16.135663986206055 111
1781248538933 16.003368377685547 112
1781248542336 15.858025550842285 113
1781248546273 15.727118492126465 114
1781248549897 15.576892852783203 115
1781248553153 15.452112197875977 116
1781248556397 15.295687675476074 117
1781248559545 15.190496444702148 118
1781248562785 15.109354972839355 119
1781248566465 14.960606575012207 120
1781248569729 14.88626766204834 121
1781248572933 14.689745903015137 122
1781248576321 14.56591796875 123
1781248579613 14.385976791381836 124
1781248582837 14.176355361938477 125
1781248586288 14.041571617126465 126
1781248589801 13.86968994140625 127
1781248593641 13.716355323791504 128
1781248596924 13.547222137451172 129
1781248600237 13.348040580749512 130
1781248603653 13.17953872680664 131
1781248606877 13.024946212768555 132
1781248610197 12.92276382446289 133
1781248613537 12.720983505249023 134
1781248617106 12.531886100769043 135
1781248620565 12.435542106628418 136
1781248623845 12.381077766418457 137
1781248627022 12.19002628326416 138
1781248630349 12.051441192626953 139
1781248633569 11.858150482177734 140
1781248636801 11.702629089355469 141
1781248640013 11.546338081359863 142
1781248643269 11.382651329040527 143
1781248646465 11.144672393798828 144
1781248649949 10.897988319396973 145
1781248653561 10.753593444824219 146
1781248656905 10.580720901489258 147
1781248660117 10.439262390136719 148
1781248663825 10.288427352905273 149
1781248667131 10.1537446975708 150
1781248670637 10.028886795043945 151
1781248674049 9.837309837341309 152
1781248677514 9.673097610473633 153
1781248680937 9.480403900146484 154
1781248684521 9.345823287963867 155
1781248688226 9.166373252868652 156
1781248691489 8.980170249938965 157
1781248694793 8.770259857177734 158
1781248698149 8.627365112304688 159
1781248701665 8.501130104064941 160
1781248704973 8.327522277832031 161
1781248708257 8.185044288635254 162
1781248711700 8.05211067199707 163
1781248715489 7.8636651039123535 164
1781248718953 7.752193927764893 165
1781248722289 7.618844509124756 166
1781248725649 7.457371711730957 167
1781248728737 7.26909875869751 168
1781248731965 7.077552795410156 169
1781248735229 6.940440654754639 170
1781248738481 6.773644924163818 171
1781248741649 6.596281051635742 172
1781248745397 6.367761611938477 173
1781248749109 6.198354721069336 174
1781248752401 6.064586639404297 175
1781248755929 5.846839904785156 176
1781248759141 5.6214985847473145 177
1781248763170 5.426228046417236 178
1781248766557 5.280182838439941 179
1781248769745 5.089160919189453 180
1781248772985 4.925690650939941 181
1781248776270 4.7569475173950195 182
1781248779901 4.500909805297852 183
1781248783733 4.274191856384277 184
1781248786857 4.07129430770874 185
1781248790514 3.842470407485962 186
1781248793833 3.5469143390655518 187
1781248797185 3.375615358352661 188
1781248800877 3.0955138206481934 189
1781248804222 2.7686169147491455 190
1781248807438 2.4810423851013184 191
1781248810865 2.283855676651001 192
1781248814362 2.001124143600464 193
1781248817830 1.8133572340011597 194
1781248821486 1.4516713619232178 195
1781248825257 1.1855731010437012 196
1781248828402 1.031395673751831 197
1781248831810 0.6727294325828552 198
1781248835473 7.708183147769887e-06 199
1781248839318 7.745808943582233e-06 200
