1781248172693 254.4186248779297 1
1781248176263 244.5344696044922 2
1781248179480 223.78872680664062 3
1781248182591 213.48477172851562 4
1781248186184 207.22372436523438 5
1781248189440 199.58770751953125 6
1781248192519 191.39654541015625 7
1781248195963 189.44891357421875 8
1781248199116 177.87001037597656 9
1781248202358 173.48187255859375 10
1781248205676 166.09176635742188 11
1781248208819 161.46340942382812 12
1781248211884 161.24903869628906 13
1781248215108 158.9610137939453 14
1781248218328 156.19366455078125 15
1781248221876 148.717041015625 16
1781248224899 142.9208984375 17
1781248227932 142.64947509765625 18
1781248231091 139.77989196777344 19
1781248234164 136.2444610595703 20
1781248237348 134.3070831298828 21
1781248240427 133.5707244873047 22
1781248243560 132.54222106933594 23
1781248246655 129.4351043701172 24
1781248249889 125.0290298461914 25
1781248252996 124.29796600341797 26
1781248256264 120.73199462890625 27
1781248259476 117.35772705078125 28
1781248262823 115.88846588134766 29
1781248266000 112.18299865722656 30
1781248269060 109.56121063232422 31
1781248271992 107.74343872070312 32
1781248275185 105.86904907226562 33
1781248278388 104.16603088378906 34
1781248281396 102.88140869140625 35
1781248285608 100.50839233398438 36
1781248288748 99.88410949707031 37
1781248290728 99.37487030029297 38
1781248294036 97.04768371582031 39
1781248297328 94.8191909790039 40
1781248300312 92.53218841552734 41
1781248303617 90.9054946899414 42
1781248306848 89.1125259399414 43
1781248310144 88.90560913085938 44
1781248313312 87.27430725097656 45
1781248316504 85.4552001953125 46
1781248319632 84.82504272460938 47
1781248323252 83.89407348632812 48
1781248326848 82.59344482421875 49
1781248330137 80.90267181396484 50
1781248333461 79.77232360839844 51
1781248336872 77.99076843261719 52
1781248340148 76.69477844238281 53
1781248343615 75.37814331054688 54
1781248347303 73.9820556640625 55
1781248350536 72.54730224609375 56
1781248354160 71.79573822021484 57
1781248357735 69.78018188476562 58
1781248360324 68.10281372070312 59
1781248363536 67.58488464355469 60
1781248366692 66.84463500976562 61
1781248369864 65.71426391601562 62
1781248373172 65.07772827148438 63
1781248376359 63.92985534667969 64
1781248380336 63.16172790527344 65
1781248383828 62.651023864746094 66
1781248387273 61.96607971191406 67
1781248390632 60.82445526123047 68
1781248394654 60.000797271728516 69
1781248398408 59.284210205078125 70
1781248401948 58.443641662597656 71
1781248405316 57.31305694580078 72
1781248408640 56.26119613647461 73
1781248411848 56.088653564453125 74
1781248415493 55.28451156616211 75
1781248418644 54.65970993041992 76
1781248421844 53.8542366027832 77
1781248425392 52.363224029541016 78
1781248428772 51.78807830810547 79
1781248432165 51.063995361328125 80
1781248435557 50.698612213134766 81
1781248439357 49.411319732666016 82
1781248442823 49.01214599609375 83
1781248446608 48.49755096435547 84
1781248450181 46.945674896240234 85
1781248453413 46.52891159057617 86
1781248456605 45.166847229003906 87
1781248459804 44.900306701660156 88
1781248462893 44.346920013427734 89
1781248466104 43.00617980957031 90
1781248469351 42.37523651123047 91
1781248472564 42.06884002685547 92
1781248475565 40.59474182128906 93
1781248479069 39.898521423339844 94
1781248482424 39.29568862915039 95
1781248485716 37.775081634521484 96
1781248489040 36.66582107543945 97
1781248492712 36.13313293457031 98
1781248495917 34.794212341308594 99
1781248499220 34.523902893066406 100
1781248502646 34.28660583496094 101
1781248506409 33.932579040527344 102
1781248509772 32.71175003051758 103
1781248512984 32.22535705566406 104
1781248516172 31.85919761657715 105
1781248519416 31.625154495239258 106
1781248522584 31.533103942871094 107
1781248525857 31.18694305419922 108
1781248529024 30.18212127685547 109
1781248532233 28.583765029907227 110
1781248535493 27.563701629638672 111
1781248538936 26.84686279296875 112
1781248542339 26.504732131958008 113
1781248546277 26.33390998840332 114
1781248549900 25.8018741607666 115
1781248553157 25.45894432067871 116
1781248556400 24.78145980834961 117
1781248559548 24.00286293029785 118
1781248562788 23.52027702331543 119
1781248566468 23.156532287597656 120
1781248569733 22.297237396240234 121
1781248572937 22.13106918334961 122
1781248576325 21.624500274658203 123
1781248579616 21.187049865722656 124
1781248582840 20.71603775024414 125
1781248586291 19.671281814575195 126
1781248589804 16.509117126464844 127
1781248593645 15.007589340209961 128
1781248596927 14.969890594482422 129
1781248600241 14.457216262817383 130
1781248603657 14.011384963989258 131
1781248606880 13.424516677856445 132
1781248610200 13.15060043334961 133
1781248613540 12.595598220825195 134
1781248617109 12.52524471282959 135
1781248620569 11.621700286865234 136
1781248623848 10.728730201721191 137
1781248627025 10.285801887512207 138
1781248630353 10.014307022094727 139
1781248633572 9.509647369384766 140
1781248636804 9.058562278747559 141
1781248640016 8.345256805419922 142
1781248643273 8.096596717834473 143
1781248646469 7.687859535217285 144
1781248649953 7.209906101226807 145
1781248653565 6.886035442352295 146
1781248656909 6.340402126312256 147
1781248660121 6.04970645904541 148
1781248663829 5.587091445922852 149
1781248667134 5.395236015319824 150
1781248670640 4.722779750823975 151
1781248674052 4.510553359985352 152
1781248677517 4.095924377441406 153
1781248680941 3.67966365814209 154
1781248684525 3.345795154571533 155
1781248688229 3.118777275085449 156
1781248691492 2.939401149749756 157
1781248694797 2.7003397941589355 158
1781248698153 2.4191384315490723 159
1781248701668 2.011795997619629 160
1781248704976 1.7556099891662598 161
1781248708261 1.6473181247711182 162
1781248711703 1.5262086391448975 163
1781248715492 1.4532899856567383 164
1781248718957 1.3590835332870483 165
1781248722294 1.0844968557357788 166
1781248725653 1.0677452087402344 167
1781248728741 0.9434307217597961 168
1781248731968 0.8578633666038513 169
1781248735233 0.7648890614509583 170
1781248738485 0.7070592045783997 171
1781248741653 0.6579251289367676 172
1781248745400 0.5776764154434204 173
1781248749112 0.5288105010986328 174
1781248752404 0.4761751890182495 175
1781248755933 0.4344472885131836 176
1781248759144 0.4018487334251404 177
1781248763173 0.38188889622688293 178
1781248766561 0.34177857637405396 179
1781248769749 0.3239821195602417 180
1781248772989 0.3042544722557068 181
1781248776273 0.27033746242523193 182
1781248779904 0.24294453859329224 183
1781248783737 0.20990681648254395 184
1781248786861 0.17847320437431335 185
1781248790517 0.15218114852905273 186
1781248793837 0.12716466188430786 187
1781248797188 0.11135402321815491 188
1781248800882 0.10296032577753067 189
1781248804226 0.08713193982839584 190
1781248807441 0.06504735350608826 191
1781248810869 0.0508672259747982 192
1781248814365 0.029498513787984848 193
1781248817833 0.02238365449011326 194
1781248821489 0.01299602072685957 195
1781248825261 0.004020679742097855 196
1781248828405 0.0008189481450244784 197
1781248831813 0.0002330596762476489 198
1781248835477 4.331619152253552e-07 199
1781248839321 4.229076182582503e-07 200
