1781248172708 0.9120400547981262 1
1781248176294 0.9121325016021729 2
1781248179495 0.9125139713287354 3
1781248182638 0.9542992115020752 4
1781248186199 0.954976499080658 5
1781248189455 0.9860009551048279 6
1781248192550 0.9868327975273132 7
1781248195978 0.9915491342544556 8
1781248199132 0.992338240146637 9
1781248202378 0.9923412203788757 10
1781248205690 0.99419105052948 11
1781248208836 0.9968253374099731 12
1781248211899 0.9968613386154175 13
1781248215122 0.996924877166748 14
1781248218343 0.9972469806671143 15
1781248221891 0.9979730248451233 16
1781248224914 0.9982602596282959 17
1781248227947 0.9982883930206299 18
1781248231106 0.9983392953872681 19
1781248234179 0.9983723163604736 20
1781248237363 0.9983856678009033 21
1781248240442 0.9986729025840759 22
1781248243575 0.9986938834190369 23
1781248246670 0.9987455606460571 24
1781248249904 0.9989114999771118 25
1781248253011 0.9990200400352478 26
1781248256278 0.9994367361068726 27
1781248259491 0.9994999170303345 28
1781248262838 0.9995010495185852 29
1781248266015 0.9995070099830627 30
1781248269075 0.9995123744010925 31
1781248272007 0.9995124340057373 32
1781248275199 0.9995456337928772 33
1781248278402 0.9995626211166382 34
1781248281413 0.9995800852775574 35
1781248285623 0.9995812773704529 36
1781248288762 0.9996142387390137 37
1781248290742 0.9996442794799805 38
1781248294059 0.9996609091758728 39
1781248297343 0.9996868371963501 40
1781248300327 0.9997456669807434 41
1781248303632 0.9997744560241699 42
1781248306863 0.9997758269309998 43
1781248310160 0.9997997283935547 44
1781248313327 0.9998061656951904 45
1781248316519 0.9998104572296143 46
1781248319646 0.9998800158500671 47
1781248323267 0.999881386756897 48
1781248326863 0.9998817443847656 49
1781248330151 0.999884307384491 50
1781248333476 0.9998875856399536 51
1781248336888 0.9998878836631775 52
1781248340163 0.9998951554298401 53
1781248343646 0.9999145865440369 54
1781248347321 0.99991774559021 55
1781248350551 0.9999226927757263 56
1781248354175 0.9999325275421143 57
1781248357750 0.9999328851699829 58
1781248360339 0.9999333024024963 59
1781248363551 0.9999397397041321 60
1781248366707 0.999940037727356 61
1781248369880 0.999940037727356 62
1781248373187 0.9999485611915588 63
1781248376390 0.9999532699584961 64
1781248380351 0.9999552369117737 65
1781248383844 0.9999567270278931 66
1781248387288 0.9999584555625916 67
1781248390647 0.9999584555625916 68
1781248394668 0.9999584555625916 69
1781248398424 0.9999593496322632 70
1781248401963 0.9999639391899109 71
1781248405331 0.9999639391899109 72
1781248408655 0.9999644756317139 73
1781248411863 0.9999644756317139 74
1781248415508 0.9999656081199646 75
1781248418659 0.9999657869338989 76
1781248421858 0.9999725222587585 77
1781248425407 0.9999728202819824 78
1781248428787 0.9999740719795227 79
1781248432179 0.999974250793457 80
1781248435572 0.9999747276306152 81
1781248439372 0.9999768137931824 82
1781248442838 0.9999772906303406 83
1781248446632 0.9999774694442749 84
1781248450196 0.9999780654907227 85
1781248453427 0.9999794363975525 86
1781248456621 0.9999805092811584 87
1781248459819 0.9999805092811584 88
1781248462908 0.9999815821647644 89
1781248466119 0.9999816417694092 90
1781248469365 0.9999817609786987 91
1781248472579 0.9999820590019226 92
1781248475579 0.9999828934669495 93
1781248479084 0.9999830722808838 94
1781248482439 0.9999831914901733 95
1781248485731 0.9999832510948181 96
1781248489055 0.9999832510948181 97
1781248492726 0.9999847412109375 98
1781248495932 0.9999856352806091 99
1781248499235 0.9999856352806091 100
1781248502660 0.9999857544898987 101
1781248506424 0.9999858140945435 102
1781248509788 0.999985933303833 103
1781248512999 0.9999868273735046 104
1781248516187 0.9999875426292419 105
1781248519431 0.9999879002571106 106
1781248522599 0.9999881386756897 107
1781248525872 0.9999884366989136 108
1781248529039 0.9999884963035583 109
1781248532248 0.9999886155128479 110
1781248535508 0.9999911189079285 111
1781248538950 0.999992311000824 112
1781248542370 0.999992311000824 113
1781248546292 0.9999927878379822 114
1781248549915 0.9999932646751404 115
1781248553172 0.9999933838844299 116
1781248556415 0.9999933838844299 117
1781248559563 0.9999935030937195 118
1781248562803 0.9999938011169434 119
1781248566483 0.9999938011169434 120
1781248569748 0.9999939203262329 121
1781248572952 0.9999939203262329 122
1781248576340 0.9999939799308777 123
1781248579631 0.9999939799308777 124
1781248582856 0.9999940991401672 125
1781248586306 0.9999940991401672 126
1781248589831 0.9999945759773254 127
1781248593660 0.9999946355819702 128
1781248596942 0.9999950528144836 129
1781248600256 0.999995231628418 130
1781248603672 0.999995231628418 131
1781248606895 0.9999952912330627 132
1781248610215 0.9999953508377075 133
1781248613555 0.9999954700469971 134
1781248617124 0.9999955296516418 135
1781248620584 0.9999955296516418 136
1781248623863 0.9999955892562866 137
1781248627040 0.9999955892562866 138
1781248630367 0.9999955892562866 139
1781248633587 0.9999957084655762 140
1781248636820 0.9999958872795105 141
1781248640032 0.9999966621398926 142
1781248643288 0.9999969601631165 143
1781248646485 0.9999970197677612 144
1781248649968 0.9999970197677612 145
1781248653581 0.9999971389770508 146
1781248656924 0.9999978542327881 147
1781248660135 0.9999986290931702 148
1781248663844 0.9999986290931702 149
1781248667149 0.9999987483024597 150
1781248670655 0.9999987483024597 151
1781248674067 0.999998927116394 152
1781248677532 0.9999989867210388 153
1781248680956 0.9999991059303284 154
1781248684540 0.9999991059303284 155
1781248688244 0.9999992847442627 156
1781248691507 0.9999993443489075 157
1781248694812 0.9999994039535522 158
1781248698168 0.999999463558197 159
1781248701684 0.9999996423721313 160
1781248704991 0.9999996423721313 161
1781248708276 0.9999996423721313 162
1781248711734 0.9999997019767761 163
1781248715507 0.9999997019767761 164
1781248718972 0.9999997019767761 165
1781248722308 0.9999997615814209 166
1781248725668 0.9999997615814209 167
1781248728756 0.9999997615814209 168
1781248731983 0.9999997615814209 169
1781248735249 0.9999998211860657 170
1781248738500 0.9999998211860657 171
1781248741668 0.9999998211860657 172
1781248745415 0.9999998211860657 173
1781248749127 0.9999998211860657 174
1781248752419 0.9999998807907104 175
1781248755948 0.9999998807907104 176
1781248759159 0.9999998807907104 177
1781248763188 0.9999998807907104 178
1781248766576 0.9999998807907104 179
1781248769764 0.9999998807907104 180
1781248773004 0.9999998807907104 181
1781248776290 0.9999999403953552 182
1781248779935 0.9999999403953552 183
1781248783752 0.9999999403953552 184
1781248786876 1.0 185
1781248790532 1.0 186
1781248793853 1.0 187
1781248797203 1.0 188
1781248800898 1.0 189
1781248804242 1.0 190
1781248807457 1.0 191
1781248810884 1.0 192
1781248814380 1.0 193
1781248817848 1.0 194
1781248821504 1.0 195
1781248825276 1.0 196
1781248828420 1.0 197
1781248831828 1.0 198
1781248835491 1.0 199
1781248839336 1.0 200
