1781248172697 95.5827865600586 1
1781248176267 56.87515640258789 2
1781248179484 49.73044967651367 3
1781248182595 47.170230865478516 4
1781248186189 45.598079681396484 5
1781248189445 37.300716400146484 6
1781248192523 34.4732551574707 7
1781248195967 32.07454299926758 8
1781248199121 30.826847076416016 9
1781248202366 29.91062355041504 10
1781248205680 28.286104202270508 11
1781248208823 27.697999954223633 12
1781248211888 24.98969078063965 13
1781248215112 23.854629516601562 14
1781248218333 23.782800674438477 15
1781248221880 23.59579849243164 16
1781248224904 22.965373992919922 17
1781248227936 22.938547134399414 18
1781248231096 21.331497192382812 19
1781248234168 20.047067642211914 20
1781248237352 19.50397300720215 21
1781248240431 18.870037078857422 22
1781248243564 18.13639259338379 23
1781248246660 17.964258193969727 24
1781248249893 17.778305053710938 25
1781248253000 17.133474349975586 26
1781248256268 17.133220672607422 27
1781248259481 16.633956909179688 28
1781248262828 16.619945526123047 29
1781248266005 16.591432571411133 30
1781248269065 16.347450256347656 31
1781248271996 16.334627151489258 32
1781248275189 15.597179412841797 33
1781248278392 15.240754127502441 34
1781248281401 14.780749320983887 35
1781248285612 14.482047080993652 36
1781248288752 14.249323844909668 37
1781248290732 14.249005317687988 38
1781248294040 14.139606475830078 39
1781248297332 14.128629684448242 40
1781248300317 13.525070190429688 41
1781248303621 13.252443313598633 42
1781248306853 13.118358612060547 43
1781248310149 12.943507194519043 44
1781248313316 12.914310455322266 45
1781248316508 12.876197814941406 46
1781248319636 12.864838600158691 47
1781248323257 12.785842895507812 48
1781248326853 12.783089637756348 49
1781248330141 12.33867359161377 50
1781248333465 12.24597454071045 51
1781248336877 11.8613920211792 52
1781248340153 11.782265663146973 53
1781248343619 11.781782150268555 54
1781248347308 11.760001182556152 55
1781248350541 11.759894371032715 56
1781248354165 11.05888557434082 57
1781248357740 10.72988224029541 58
1781248360329 10.642817497253418 59
1781248363541 10.635322570800781 60
1781248366696 10.572260856628418 61
1781248369869 10.502036094665527 62
1781248373177 10.469334602355957 63
1781248376364 10.427103996276855 64
1781248380341 10.372356414794922 65
1781248383833 10.208165168762207 66
1781248387277 10.07230281829834 67
1781248390637 9.959146499633789 68
1781248394658 9.941840171813965 69
1781248398413 9.869193077087402 70
1781248401953 9.858796119689941 71
1781248405321 9.835590362548828 72
1781248408644 9.826136589050293 73
1781248411852 9.80932903289795 74
1781248415497 9.607345581054688 75
1781248418649 9.546364784240723 76
1781248421848 9.495186805725098 77
1781248425397 9.493904113769531 78
1781248428776 9.308130264282227 79
1781248432169 9.307548522949219 80
1781248435561 8.736363410949707 81
1781248439362 8.704999923706055 82
1781248442828 8.642068862915039 83
1781248446613 8.553215980529785 84
1781248450185 8.515880584716797 85
1781248453417 8.426199913024902 86
1781248456610 8.384405136108398 87
1781248459809 8.357109069824219 88
1781248462897 8.295804023742676 89
1781248466108 8.261271476745605 90
1781248469355 8.135746955871582 91
1781248472569 8.084894180297852 92
1781248475569 7.990504741668701 93
1781248479073 7.897059440612793 94
1781248482428 7.7548346519470215 95
1781248485721 7.72815465927124 96
1781248489044 7.7182230949401855 97
1781248492716 7.717850208282471 98
1781248495921 7.667635917663574 99
1781248499225 7.617358684539795 100
1781248502650 7.526278018951416 101
1781248506413 7.521247863769531 102
1781248509776 7.462092399597168 103
1781248512989 7.451148509979248 104
1781248516176 7.4162516593933105 105
1781248519420 7.375174522399902 106
1781248522589 7.3751726150512695 107
1781248525861 7.373256206512451 108
1781248529028 7.373194694519043 109
1781248532237 7.372778415679932 110
1781248535497 7.360204219818115 111
1781248538940 7.360017776489258 112
1781248542344 7.354407787322998 113
1781248546281 7.109480857849121 114
1781248549905 7.033048629760742 115
1781248553161 6.935694217681885 116
1781248556404 6.917788028717041 117
1781248559552 6.906896591186523 118
1781248562793 6.906179428100586 119
1781248566473 6.712987899780273 120
1781248569737 6.6949381828308105 121
1781248572941 6.613893032073975 122
1781248576329 6.609504222869873 123
1781248579621 6.609243869781494 124
1781248582845 6.604160785675049 125
1781248586296 6.593442916870117 126
1781248589808 6.553877830505371 127
1781248593649 6.537938117980957 128
1781248596932 6.511951446533203 129
1781248600245 6.470028877258301 130
1781248603661 6.46311616897583 131
1781248606885 6.409494400024414 132
1781248610204 6.377399444580078 133
1781248613544 6.327867031097412 134
1781248617113 6.213942527770996 135
1781248620573 6.212484836578369 136
1781248623853 6.2082438468933105 137
1781248627029 6.206908226013184 138
1781248630357 6.206746578216553 139
1781248633576 6.144917011260986 140
1781248636810 6.139033317565918 141
1781248640021 6.081273078918457 142
1781248643277 6.078423500061035 143
1781248646474 6.062182426452637 144
1781248649958 5.92473840713501 145
1781248653569 5.924366474151611 146
1781248656913 5.922553062438965 147
1781248660125 5.806676387786865 148
1781248663833 5.795937538146973 149
1781248667139 5.778637886047363 150
1781248670645 5.761679172515869 151
1781248674057 5.692824840545654 152
1781248677521 5.689606189727783 153
1781248680945 5.550363063812256 154
1781248684529 5.495311260223389 155
1781248688234 5.427919387817383 156
1781248691497 5.426817893981934 157
1781248694801 5.409170150756836 158
1781248698157 5.3475728034973145 159
1781248701673 5.277932643890381 160
1781248704980 5.2497334480285645 161
1781248708265 5.248542785644531 162
1781248711708 5.2473931312561035 163
1781248715497 5.129734516143799 164
1781248718962 5.066757678985596 165
1781248722298 5.052304744720459 166
1781248725657 5.050406455993652 167
1781248728746 5.023923397064209 168
1781248731973 5.015559673309326 169
1781248735238 4.981648921966553 170
1781248738489 4.9816131591796875 171
1781248741657 4.9494123458862305 172
1781248745405 4.9421305656433105 173
1781248749117 4.823330879211426 174
1781248752409 4.8229851722717285 175
1781248755937 4.8183794021606445 176
1781248759149 4.802750587463379 177
1781248763178 4.801144599914551 178
1781248766565 4.799639701843262 179
1781248769753 4.666310787200928 180
1781248772993 4.628323554992676 181
1781248776278 4.618123531341553 182
1781248779908 4.496588230133057 183
1781248783741 4.493679523468018 184
1781248786865 4.493678092956543 185
1781248790521 4.444735050201416 186
1781248793841 4.387599468231201 187
1781248797193 4.160358428955078 188
1781248800886 4.045661926269531 189
1781248804230 3.9300060272216797 190
1781248807446 3.9271326065063477 191
1781248810873 3.8928961753845215 192
1781248814370 3.566476821899414 193
1781248817837 3.459352731704712 194
1781248821493 3.035728931427002 195
1781248825265 2.84916615486145 196
1781248828410 2.849161386489868 197
1781248831817 2.619931936264038 198
1781248835481 0.007888160645961761 199
1781248839326 0.007897957228124142 200
