1781248172703 38.342002868652344 1
1781248176289 25.643272399902344 2
1781248179490 23.78160858154297 3
1781248182600 17.43853187561035 4
1781248186194 15.277650833129883 5
1781248189450 15.278396606445312 6
1781248192545 13.712129592895508 7
1781248195973 13.713019371032715 8
1781248199126 13.22968578338623 9
1781248202372 11.974764823913574 10
1781248205685 10.672947883605957 11
1781248208831 10.468683242797852 12
1781248211894 9.827718734741211 13
1781248215117 9.836134910583496 14
1781248218338 8.209905624389648 15
1781248221886 8.107925415039062 16
1781248224909 8.094758033752441 17
1781248227941 8.087889671325684 18
1781248231101 7.864259243011475 19
1781248234174 7.232635498046875 20
1781248237358 6.911210060119629 21
1781248240437 6.90739107131958 22
1781248243569 6.836592674255371 23
1781248246665 6.780101776123047 24
1781248249899 6.779448986053467 25
1781248253006 6.15634822845459 26
1781248256273 6.155337333679199 27
1781248259486 6.086181640625 28
1781248262833 6.074721336364746 29
1781248266010 6.033063888549805 30
1781248269070 5.7395782470703125 31
1781248272002 5.748839378356934 32
1781248275194 5.665654182434082 33
1781248278397 5.615016937255859 34
1781248281407 5.395242691040039 35
1781248285618 5.317509651184082 36
1781248288757 5.313530921936035 37
1781248290737 5.157876968383789 38
1781248294050 5.1404266357421875 39
1781248297338 4.943173408508301 40
1781248300322 4.9398088455200195 41
1781248303626 4.9125165939331055 42
1781248306858 4.881038188934326 43
1781248310154 4.766989707946777 44
1781248313322 4.767551422119141 45
1781248316514 4.754364013671875 46
1781248319641 4.745974063873291 47
1781248323262 4.741496562957764 48
1781248326858 4.7421088218688965 49
1781248330146 4.6443047523498535 50
1781248333471 4.291215896606445 51
1781248336883 4.247941970825195 52
1781248340158 4.204608917236328 53
1781248343641 4.03380823135376 54
1781248347315 3.9923062324523926 55
1781248350546 3.9883458614349365 56
1781248354170 3.9144535064697266 57
1781248357745 3.9115428924560547 58
1781248360334 3.908730983734131 59
1781248363546 3.8612730503082275 60
1781248366701 3.861499309539795 61
1781248369875 3.8334224224090576 62
1781248373182 3.7102575302124023 63
1781248376385 3.632577896118164 64
1781248380346 3.6271121501922607 65
1781248383839 3.6261367797851562 66
1781248387283 3.606544017791748 67
1781248390642 3.5345988273620605 68
1781248394663 3.531494140625 69
1781248398418 3.5231881141662598 70
1781248401958 3.5201029777526855 71
1781248405326 3.505810260772705 72
1781248408649 3.2951624393463135 73
1781248411858 3.291069507598877 74
1781248415502 3.2724108695983887 75
1781248418654 3.2372610569000244 76
1781248421853 3.187617301940918 77
1781248425402 3.158576250076294 78
1781248428781 3.1435933113098145 79
1781248432174 3.131404399871826 80
1781248435566 3.128124237060547 81
1781248439367 3.128122329711914 82
1781248442833 3.0448389053344727 83
1781248446618 3.043715476989746 84
1781248450190 3.0420026779174805 85
1781248453422 3.036281108856201 86
1781248456616 3.0428566932678223 87
1781248459814 3.0416271686553955 88
1781248462902 2.9012956619262695 89
1781248466114 2.8719372749328613 90
1781248469360 2.871931314468384 91
1781248472574 2.8640971183776855 92
1781248475574 2.85392427444458 93
1781248479079 2.8038671016693115 94
1781248482434 2.776432991027832 95
1781248485726 2.777129888534546 96
1781248489049 2.7714552879333496 97
1781248492721 2.7306666374206543 98
1781248495926 2.6874747276306152 99
1781248499230 2.678771495819092 100
1781248502655 2.6410467624664307 101
1781248506419 2.6403086185455322 102
1781248509782 2.627011775970459 103
1781248512994 2.6245462894439697 104
1781248516182 2.6186108589172363 105
1781248519426 2.5923218727111816 106
1781248522594 2.592406988143921 107
1781248525866 2.5918235778808594 108
1781248529034 2.5914645195007324 109
1781248532242 2.5920350551605225 110
1781248535503 2.585590362548828 111
1781248538945 2.5853357315063477 112
1781248542365 2.581993579864502 113
1781248546286 2.5267767906188965 114
1781248549910 2.51859712600708 115
1781248553167 2.490147113800049 116
1781248556410 2.4771158695220947 117
1781248559558 2.4682931900024414 118
1781248562798 2.467135429382324 119
1781248566478 2.2925665378570557 120
1781248569743 2.2946126461029053 121
1781248572946 2.2822508811950684 122
1781248576335 2.2817177772521973 123
1781248579626 2.2100000381469727 124
1781248582851 2.1728689670562744 125
1781248586301 2.1630122661590576 126
1781248589826 2.1571245193481445 127
1781248593655 2.156980037689209 128
1781248596937 2.1468279361724854 129
1781248600250 2.146745443344116 130
1781248603666 2.1422576904296875 131
1781248606890 2.14335298538208 132
1781248610210 2.1332483291625977 133
1781248613550 2.1328465938568115 134
1781248617119 2.096052646636963 135
1781248620579 2.0972907543182373 136
1781248623858 2.0933306217193604 137
1781248627035 2.0929245948791504 138
1781248630362 2.092583179473877 139
1781248633582 2.0693531036376953 140
1781248636815 2.0668959617614746 141
1781248640026 2.0580179691314697 142
1781248643282 2.0543065071105957 143
1781248646480 2.0430941581726074 144
1781248649963 2.010247230529785 145
1781248653574 1.99772047996521 146
1781248656919 1.9875750541687012 147
1781248660130 1.9840611219406128 148
1781248663839 1.984184741973877 149
1781248667144 1.9823880195617676 150
1781248670650 1.9801170825958252 151
1781248674062 1.9737545251846313 152
1781248677527 1.9534649848937988 153
1781248680951 1.9347343444824219 154
1781248684535 1.9292523860931396 155
1781248688239 1.805416226387024 156
1781248691502 1.8035413026809692 157
1781248694806 1.7174060344696045 158
1781248698162 1.708718180656433 159
1781248701679 1.6977033615112305 160
1781248704986 1.6689479351043701 161
1781248708270 1.662286639213562 162
1781248711729 1.6594116687774658 163
1781248715502 1.6298201084136963 164
1781248718967 1.629824161529541 165
1781248722303 1.6304898262023926 166
1781248725663 1.6296374797821045 167
1781248728751 1.620527744293213 168
1781248731978 1.618198037147522 169
1781248735243 1.6116918325424194 170
1781248738495 1.611860990524292 171
1781248741662 1.6021571159362793 172
1781248745410 1.5974847078323364 173
1781248749122 1.5525498390197754 174
1781248752414 1.5525853633880615 175
1781248755943 1.5535612106323242 176
1781248759154 1.5484964847564697 177
1781248763183 1.5485566854476929 178
1781248766571 1.54813814163208 179
1781248769759 1.4966135025024414 180
1781248772998 1.4782912731170654 181
1781248776283 1.4289541244506836 182
1781248779930 1.3940879106521606 183
1781248783747 1.3747444152832031 184
1781248786871 1.37021803855896 185
1781248790527 1.356346607208252 186
1781248793847 1.3395483493804932 187
1781248797198 1.3041226863861084 188
1781248800891 1.3036730289459229 189
1781248804236 1.2076202630996704 190
1781248807452 1.2066315412521362 191
1781248810879 1.1957095861434937 192
1781248814375 1.118683099746704 193
1781248817843 1.1177359819412231 194
1781248821499 0.9477992057800293 195
1781248825271 0.7770626544952393 196
1781248828415 0.48612770438194275 197
1781248831823 0.4474485516548157 198
1781248835486 0.0023944848217070103 199
1781248839331 0.0023925933055579662 200
