1781248172701 2.4117026329040527 1
1781248176272 2.565887451171875 2
1781248179488 2.5759568214416504 3
1781248182599 2.4440486431121826 4
1781248186193 2.328920364379883 5
1781248189449 2.3228893280029297 6
1781248192528 2.367586135864258 7
1781248195972 2.2860302925109863 8
1781248199125 2.2139816284179688 9
1781248202371 2.2434582710266113 10
1781248205684 2.209552526473999 11
1781248208828 2.210294008255005 12
1781248211892 2.2065014839172363 13
1781248215116 2.191967010498047 14
1781248218337 2.1232547760009766 15
1781248221884 2.047372341156006 16
1781248224908 2.0329055786132812 17
1781248227940 2.016753911972046 18
1781248231100 1.9910407066345215 19
1781248234172 1.9956223964691162 20
1781248237357 2.0011420249938965 21
1781248240436 1.9816555976867676 22
1781248243568 1.9826064109802246 23
1781248246664 1.897725224494934 24
1781248249898 1.7602137327194214 25
1781248253004 1.6499676704406738 26
1781248256272 1.300366759300232 27
1781248259485 1.2593846321105957 28
1781248262832 1.2557276487350464 29
1781248266009 1.2443265914916992 30
1781248269069 1.2176069021224976 31
1781248272001 1.2181416749954224 32
1781248275193 1.1755926609039307 33
1781248278396 1.1246954202651978 34
1781248281406 1.1067981719970703 35
1781248285617 1.102805256843567 36
1781248288756 1.0953654050827026 37
1781248290736 0.797720193862915 38
1781248294044 0.7865926027297974 39
1781248297337 0.7590615749359131 40
1781248300321 0.6884371042251587 41
1781248303625 0.6562650203704834 42
1781248306857 0.6524498462677002 43
1781248310153 0.6407018303871155 44
1781248313321 0.6345521211624146 45
1781248316513 0.6182204484939575 46
1781248319640 0.4689904749393463 47
1781248323261 0.46579357981681824 48
1781248326857 0.46523815393447876 49
1781248330145 0.456977903842926 50
1781248333470 0.4469391107559204 51
1781248336882 0.44675111770629883 52
1781248340157 0.43397730588912964 53
1781248343624 0.4046756625175476 54
1781248347312 0.3960992097854614 55
1781248350545 0.3818015456199646 56
1781248354169 0.35904383659362793 57
1781248357744 0.3589348793029785 58
1781248360333 0.35873866081237793 59
1781248363545 0.33503788709640503 60
1781248366700 0.3344792127609253 61
1781248369874 0.33437812328338623 62
1781248373181 0.31178656220436096 63
1781248376368 0.29413747787475586 64
1781248380345 0.28813230991363525 65
1781248383838 0.2831687331199646 66
1781248387282 0.27294886112213135 67
1781248390641 0.2729301154613495 68
1781248394662 0.272427499294281 69
1781248398417 0.26997312903404236 70
1781248401957 0.250217080116272 71
1781248405325 0.24991947412490845 72
1781248408648 0.24762871861457825 73
1781248411856 0.24763913452625275 74
1781248415501 0.24417053163051605 75
1781248418653 0.24406538903713226 76
1781248421852 0.2170553058385849 77
1781248425401 0.21656177937984467 78
1781248428780 0.2105758786201477 79
1781248432173 0.21029388904571533 80
1781248435565 0.20883674919605255 81
1781248439366 0.20766568183898926 82
1781248442832 0.20337378978729248 83
1781248446617 0.19979210197925568 84
1781248450189 0.1986999660730362 85
1781248453421 0.19564677774906158 86
1781248456615 0.19010496139526367 87
1781248459813 0.1852020025253296 88
1781248462901 0.18529507517814636 89
1781248466113 0.1797865331172943 90
1781248469359 0.17521780729293823 91
1781248472573 0.17522963881492615 92
1781248475573 0.17011182010173798 93
1781248479077 0.169266477227211 94
1781248482433 0.16899608075618744 95
1781248485725 0.16873416304588318 96
1781248489048 0.16873039305210114 97
1781248492720 0.1594017744064331 98
1781248495925 0.15561330318450928 99
1781248499229 0.15600448846817017 100
1781248502654 0.15598000586032867 101
1781248506418 0.15593364834785461 102
1781248509780 0.15521587431430817 103
1781248512993 0.14642062783241272 104
1781248516181 0.14225685596466064 105
1781248519425 0.1408247947692871 106
1781248522593 0.13971930742263794 107
1781248525865 0.13871191442012787 108
1781248529033 0.1383754014968872 109
1781248532241 0.13754387199878693 110
1781248535502 0.1216149777173996 111
1781248538944 0.1134461909532547 112
1781248542348 0.11309255659580231 113
1781248546285 0.10999744385480881 114
1781248549909 0.10691267997026443 115
1781248553166 0.10625875741243362 116
1781248556409 0.10630723834037781 117
1781248559557 0.10458285361528397 118
1781248562797 0.10217488557100296 119
1781248566477 0.10210385173559189 120
1781248569742 0.10059458762407303 121
1781248572945 0.1005505919456482 122
1781248576334 0.10044075548648834 123
1781248579625 0.10011975467205048 124
1781248582850 0.09878459572792053 125
1781248586300 0.09878890216350555 126
1781248589825 0.09513530135154724 127
1781248593654 0.09455506503582001 128
1781248596936 0.09106786549091339 129
1781248600249 0.09003026783466339 130
1781248603665 0.08963185548782349 131
1781248606889 0.08930149674415588 132
1781248610209 0.08805456012487411 133
1781248613549 0.0869564637541771 134
1781248617118 0.08628290891647339 135
1781248620578 0.0858413577079773 136
1781248623857 0.08584874868392944 137
1781248627034 0.08584070205688477 138
1781248630361 0.08535534143447876 139
1781248633581 0.08456027507781982 140
1781248636814 0.08266090601682663 141
1781248640025 0.07549062371253967 142
1781248643281 0.07161155343055725 143
1781248646479 0.07110778242349625 144
1781248649962 0.07093928754329681 145
1781248653573 0.07006596028804779 146
1781248656917 0.06101112812757492 147
1781248660129 0.048702314496040344 148
1781248663838 0.04870423674583435 149
1781248667143 0.04684062674641609 150
1781248670649 0.046910300850868225 151
1781248674061 0.042216427624225616 152
1781248677526 0.04018788039684296 153
1781248680950 0.03873272240161896 154
1781248684533 0.03828400373458862 155
1781248688238 0.03331681713461876 156
1781248691501 0.03159834444522858 157
1781248694805 0.02904495969414711 158
1781248698161 0.027555853128433228 159
1781248701677 0.022196393460035324 160
1781248704984 0.022118231281638145 161
1781248708269 0.021556414663791656 162
1781248711712 0.021076977252960205 163
1781248715501 0.021078096702694893 164
1781248718966 0.020580057054758072 165
1781248722302 0.018909070640802383 166
1781248725662 0.017627770081162453 167
1781248728750 0.017589911818504333 168
1781248731977 0.017576228827238083 169
1781248735242 0.01645563915371895 170
1781248738494 0.016424493864178658 171
1781248741661 0.016213608905673027 172
1781248745409 0.014811147004365921 173
1781248749121 0.01423695869743824 174
1781248752413 0.014176405966281891 175
1781248755942 0.013934079557657242 176
1781248759153 0.012754455208778381 177
1781248763182 0.01242578774690628 178
1781248766570 0.011326337233185768 179
1781248769757 0.011273125186562538 180
1781248772997 0.01126684807240963 181
1781248776282 0.009537206962704659 182
1781248779912 0.009537583217024803 183
1781248783746 0.009195001795887947 184
1781248786870 0.005707899108529091 185
1781248790526 0.00550798699259758 186
1781248793846 0.005330299027264118 187
1781248797197 0.005308376159518957 188
1781248800890 0.0052878642454743385 189
1781248804235 0.004849710501730442 190
1781248807451 0.004743379540741444 191
1781248810878 0.004657573066651821 192
1781248814374 0.001501062186434865 193
1781248817842 0.0014942032285034657 194
1781248821498 0.00086853007087484 195
1781248825269 0.0006847729673609138 196
1781248828414 0.00032530486350879073 197
1781248831822 0.00011772791185649112 198
1781248835485 3.2982883567456156e-05 199
1781248839330 3.3049283956643194e-05 200
