1780314192153 0.14193269349634646 1
1780314192155 0.10624725125730038 2
1780314192158 0.0801857429370284 3
1780314192161 0.06178518742322922 4
1780314192163 0.048522495478391645 5
1780314192166 0.038876872835680844 6
1780314192168 0.03166737930849194 7
1780314192171 0.02621236480772495 8
1780314192173 0.021993669420480727 9
1780314192176 0.018674273123033346 10
1780314192179 0.016005051075480878 11
1780314192181 0.013844878254458308 12
1780314192184 0.01206902826204896 13
1780314192186 0.010613144901581108 14
1780314192189 0.009437307852786035 15
1780314192191 0.008390172903891652 16
1780314192194 0.007532360265031457 17
1780314192196 0.00677452894859016 18
1780314192199 0.006130304967518896 19
1780314192201 0.0055712730740197 20
1780314192203 0.005091182601172477 21
1780314192206 0.00467719022417441 22
1780314192208 0.004319464379223064 23
1780314192211 0.003974130406277254 24
1780314192213 0.0036833165062125773 25
1780314192215 0.003446587863145396 26
1780314192218 0.0032325225055683405 27
1780314192220 0.0030253717233426868 28
1780314192222 0.002854397783521563 29
1780314192225 0.0027164459379855543 30
1780314192227 0.002560321613564156 31
1780314192229 0.002426550222444348 32
1780314192232 0.002323818196891807 33
1780314192234 0.0022147607093211262 34
1780314192237 0.002104941510478966 35
1780314192239 0.0020056046929676084 36
1780314192241 0.0019496959020034411 37
1780314192244 0.0019170689658494667 38
1780314192246 0.0018688948370981962 39
1780314192248 0.001783556982409209 40
1780314192251 0.0017100447363918648 41
1780314192253 0.0016502368968212978 42
1780314192255 0.0016083612601505593 43
1780314192258 0.0015782356125419027 44
1780314192260 0.0015448155734338798 45
1780314192262 0.0015604868857190012 46
1780314192265 0.0015415503809344956 47
1780314192267 0.0014852141044684685 48
1780314192269 0.0014219468559895177 49
1780314192272 0.0013861341109441129 50
1780314192274 0.001367583204555558 51
1780314192276 0.0013461180815647822 52
1780314192279 0.0013366152004164178 53
1780314192281 0.0013382936560083181 54
1780314192283 0.0013110621907981112 55
1780314192286 0.0012823488052526955 56
1780314192288 0.0012664913873595652 57
1780314192290 0.0012423056770057882 58
1780314192293 0.0012354166980367155 59
1780314192295 0.0012469241463259095 60
1780314192298 0.0012383543327450753 61
1780314192300 0.001209942337954999 62
1780314192302 0.0012160796173702692 63
1780314192305 0.0011959572626801674 64
1780314192307 0.0011857716938538942 65
1780314192309 0.001198185723624192 66
1780314192312 0.0011853804181737359 67
1780314192314 0.0011543033355701482 68
1780314192316 0.0011369139851012734 69
1780314192319 0.0011166436658095337 70
1780314192321 0.0011160899778042222 71
1780314192323 0.0011107333284599008 72
1780314192326 0.0011112947260699003 73
1780314192328 0.0011138694624241907 74
1780314192330 0.00110907483875053 75
1780314192333 0.001095809022008325 76
1780314192335 0.0010929639510868583 77
1780314192337 0.0010802833671186818 78
1780314192340 0.0010764546464633895 79
1780314192342 0.0010804832733992953 80
1780314192344 0.001090545867700712 81
1780314192347 0.001075757525904919 82
1780314192349 0.0010690359344152967 83
1780314192351 0.0010430729886138578 84
1780314192354 0.0010226676678576042 85
1780314192356 0.001002356672543101 86
1780314192359 0.0009939995987224392 87
1780314192361 0.0009885797814058607 88
1780314192363 0.000984315407622489 89
1780314192366 0.0009805664640953182 90
1780314192368 0.0009772755355515984 91
1780314192370 0.0009742977236965089 92
1780314192373 0.0009760123379601283 93
1780314192375 0.0009715885298282956 94
1780314192377 0.0009647378270528862 95
1780314192380 0.0009611043132463237 96
1780314192382 0.0009583960469899466 97
1780314192384 0.0009560490057992866 98
1780314192387 0.0009541772420197958 99
1780314192389 0.0009521531041173148 100
1780314192392 0.0009507432096506818 101
1780314192394 0.0009488612329732859 102
1780314192396 0.0009451991061723674 103
1780314192399 0.0009429309873303282 104
1780314192401 0.00094126283100195 105
1780314192403 0.0009399066202240647 106
1780314192406 0.0009386366584294592 107
1780314192408 0.0009374189937807387 108
1780314192410 0.0009359858324023662 109
1780314192413 0.0009346814448144869 110
1780314192415 0.0009334111920179566 111
1780314192417 0.0009314746365998871 112
1780314192420 0.0009304845732913236 113
1780314192422 0.0009297217867424479 114
1780314192424 0.0009289272050955333 115
