============================================================
Optuna Study : vae_opt2
Trials completed : 20
Best val MSE    : 0.000643

Best hyperparameters :
                    lr = 4.775116545835735e-05
          weight_decay = 1.0857172290081103e-07
              patience = 27
                  beta = 0.00022228404407614584
    beta_warmup_epochs = 41

Hyperparameter importance :
                  beta : 0.615  ██████████████████
    beta_warmup_epochs : 0.143  ████
                    lr : 0.135  ████
          weight_decay : 0.071  ██
              patience : 0.036  █

 Trial     Val loss  Epoch           lr weight_decay     patience         beta beta_warmup_epochs
-------------------------------------------------------------------------------------------------
    18     0.000643     68     4.78e-05     1.09e-07           27     2.22e-04           41
    14     0.000669     69     4.54e-05     1.03e-05           69     1.18e-03           30
    16     0.000673     54     3.07e-05     4.55e-07           43     1.03e-04           31
    13     0.000691     74     3.04e-05     3.62e-06           58     1.26e-03           31
     4     0.000714    180     2.80e-06     3.18e-05           69     5.22e-04           30
    15     0.000722     52     5.63e-05     6.04e-06           37     1.49e-03           50
    19     0.000727     44     5.53e-05     1.94e-07           20     3.07e-04           45
     7     0.000728    109     2.15e-05     2.19e-06           55     6.33e-03            8
    11     0.000764     52     3.67e-05     5.97e-07           52     5.05e-04            7
     3     0.000813     97     1.08e-05     2.64e-05           62     5.11e-03           26
    17     0.000828     40     9.31e-05     5.69e-07           45     1.19e-04           15
    10     0.000860    181     8.92e-05     9.35e-04           66     1.62e-04           34
    12     0.000911    285     1.03e-06     4.05e-05           50     9.18e-04            7
     6     0.000955    275     1.55e-06     2.30e-04           78     4.40e-03           17
     9     0.000984     82     1.38e-05     2.30e-06           37     1.83e-02           21
     0     0.000985     93     1.00e-05     1.00e-05           40     5.00e-02           20
     1     0.001092     98     1.38e-05     1.30e-04           60     1.09e-01           24
     5     0.001095    140     7.98e-06     2.05e-06           78     7.99e-02           44
     2     0.001597     84     4.62e-06     3.67e-04           72     8.12e-02           36
     8     0.001990    136     2.67e-06     1.02e-07           23     8.81e-01           40
============================================================