1782215250938 0.20135087475180627 1
1782215250940 0.06836188593879342 2
1782215250941 0.029612143132835625 3
1782215250942 0.016822685645893218 4
1782215250943 0.011289384968113153 5
1782215250945 0.008242141355294734 6
1782215250946 0.006475458648055792 7
1782215250947 0.0052768298960290845 8
1782215250948 0.004385555980261416 9
1782215250950 0.0037409740278963 10
1782215250951 0.0033122554852161555 11
1782215250952 0.002994987024576403 12
1782215250953 0.002745672182063572 13
1782215250954 0.0025334076955914496 14
1782215250956 0.00241098576632794 15
1782215250957 0.002224484253965784 16
1782215250958 0.0021828664350323377 17
1782215250959 0.0020127354862052014 18
1782215250960 0.0019206776766804979 19
1782215250962 0.001845192524488084 20
1782215250963 0.001767370472953189 21
1782215250964 0.0016777841965085827 22
1782215250965 0.00165583030146081 23
1782215250966 0.0017184307903517037 24
1782215250968 0.00159089139837306 25
1782215250969 0.001536388200474903 26
1782215250970 0.0015055392468639184 27
1782215250971 0.0014723523671273141 28
1782215250972 0.0014195578286307865 29
1782215250974 0.001388912452821387 30
1782215250975 0.0014142132403503638 31
1782215250976 0.0013669206842314451 32
1782215250977 0.0013259709056001156 33
1782215250978 0.0013389769117929972 34
1782215250980 0.0012358552133082412 35
1782215250981 0.0011628852317517157 36
1782215250982 0.0011248946762498235 37
1782215250983 0.001104712594897137 38
1782215250985 0.0010858718401868827 39
1782215250986 0.0010723159402550664 40
1782215250987 0.0010581588755303529 41
1782215250988 0.0010674680984084262 42
1782215250989 0.0010799127732025226 43
1782215250991 0.0010827376628003548 44
1782215250992 0.0010692034340900136 45
1782215250993 0.0010546648433955852 46
1782215250994 0.0010376406663272063 47
1782215250995 0.0010138625741092256 48
1782215250997 0.00098854993149871 49
1782215250998 0.000974138145611505 50
1782215250999 0.0009714687649102416 51
1782215251000 0.000979623893945245 52
1782215251001 0.0009884928487008436 53
1782215251003 0.0009496454823965905 54
1782215251004 0.000910611926447018 55
1782215251005 0.0008954064885620028 56
1782215251006 0.000885540314411628 57
1782215251007 0.0008782110192987602 58
1782215251009 0.0008720971296861535 59
1782215251010 0.0008669364059460349 60
1782215251011 0.0008569013117084979 61
1782215251012 0.0008513782986847218 62
1782215251013 0.0008469523910025601 63
1782215251015 0.0008435982018272626 64
1782215251016 0.0008399699754954781 65
1782215251017 0.0008362942357052816 66
1782215251018 0.0008329837837663945 67
1782215251019 0.0008270028996776091 68
1782215251021 0.0008240850026049884 69
1782215251022 0.0008220674502081238 70
1782215251023 0.0008200480511732167 71
1782215251024 0.0008178828341624467 72
1782215251026 0.0008158153041586047 73
1782215251027 0.0008136092330823885 74
1782215251028 0.0008103430017217761 75
1782215251029 0.0008089157194626751 76
