1782215251124 0.0 1
1782215251125 0.0 2
1782215251126 0.0 3
1782215251128 0.0 4
1782215251129 0.0 5
1782215251130 0.0 6
1782215251131 0.0 7
1782215251132 0.0 8
1782215251134 0.0 9
1782215251135 0.0 10
1782215251136 0.0 11
1782215251137 0.0 12
1782215251138 0.0 13
1782215251140 0.0 14
1782215251141 0.0 15
1782215251142 0.0 16
1782215251143 0.0 17
1782215251144 0.0 18
1782215251146 0.0 19
1782215251147 0.0 20
1782215251148 0.0 21
1782215251149 0.0 22
1782215251151 0.0 23
1782215251152 0.0 24
1782215251153 0.0 25
1782215251154 0.0 26
1782215251155 0.0 27
1782215251157 0.0 28
1782215251158 0.0 29
1782215251159 0.0 30
1782215251160 0.0 31
1782215251161 0.0 32
1782215251163 0.0 33
1782215251164 0.0 34
1782215251165 0.0 35
1782215251166 0.0 36
1782215251167 0.0 37
1782215251169 0.0 38
1782215251170 0.0 39
1782215251171 0.0 40
1782215251172 0.0 41
1782215251174 0.0 42
1782215251175 0.0 43
1782215251176 0.0 44
1782215251177 0.0 45
1782215251178 0.0 46
1782215251180 0.0 47
1782215251181 0.0 48
1782215251182 0.0 49
1782215251183 0.0 50
1782215251184 0.0 51
1782215251186 0.0 52
1782215251187 0.0 53
1782215251188 0.0 54
1782215251189 0.0 55
1782215251190 0.0 56
1782215251192 0.0 57
1782215251193 0.0 58
1782215251194 0.0 59
1782215251195 0.0 60
1782215251196 0.0 61
1782215251197 0.0 62
1782215251198 0.0 63
1782215251199 0.0 64
1782215251201 0.0 65
1782215251202 0.0 66
1782215251203 0.0 67
1782215251204 0.0 68
1782215251205 0.0 69
1782215251206 0.0 70
1782215251207 0.0 71
1782215251208 0.0 72
1782215251209 0.0 73
1782215251210 0.0 74
1782215251211 0.0 75
1782215251212 0.0 76
