1783981646162 0.0 1
1783981646163 0.0 2
1783981646164 0.0 3
1783981646165 0.0 4
1783981646166 0.0 5
1783981646167 0.0 6
1783981646168 0.0 7
1783981646169 0.0 8
1783981646170 0.0 9
1783981646171 0.0 10
1783981646172 0.0 11
1783981646173 0.0 12
1783981646174 0.0 13
1783981646175 0.0 14
1783981646176 0.0 15
1783981646178 0.0 16
1783981646179 0.0 17
1783981646180 0.0 18
1783981646181 0.0 19
1783981646182 0.0 20
1783981646183 0.0 21
1783981646184 0.0 22
1783981646185 0.0 23
1783981646186 0.0 24
1783981646187 0.0 25
1783981646188 0.0 26
1783981646189 0.0 27
1783981646190 0.0 28
1783981646191 0.0 29
1783981646192 0.0 30
1783981646194 0.0 31
1783981646195 0.0 32
1783981646196 0.0 33
1783981646197 0.0 34
1783981646198 0.0 35
1783981646200 0.0 36
1783981646201 0.0 37
1783981646202 0.0 38
1783981646203 0.0 39
1783981646204 0.0 40
1783981646206 0.0 41
1783981646207 0.0 42
1783981646208 0.0 43
1783981646209 0.0 44
1783981646210 0.0 45
1783981646212 0.0 46
1783981646213 0.0 47
1783981646214 0.0 48
1783981646215 0.0 49
1783981646216 0.0 50
1783981646218 0.0 51
1783981646219 0.0 52
1783981646220 0.0 53
1783981646221 0.0 54
1783981646223 0.0 55
1783981646224 0.0 56
1783981646225 0.0 57
1783981646226 0.0 58
1783981646227 0.0 59
1783981646229 0.0 60
1783981646230 0.0 61
1783981646231 0.0 62
1783981646232 0.0 63
1783981646233 0.0 64
1783981646235 0.0 65
1783981646236 0.0 66
1783981646237 0.0 67
1783981646238 0.0 68
1783981646240 0.0 69
1783981646241 0.0 70
1783981646242 0.0 71
1783981646243 0.0 72
1783981646244 0.0 73
1783981646246 0.0 74
1783981646247 0.0 75
1783981646248 0.0 76
1783981646249 0.0 77
1783981646251 0.0 78
1783981646252 0.0 79
1783981646253 0.0 80
1783981646254 0.0 81
1783981646255 0.0 82
1783981646257 0.0 83
1783981646258 0.0 84
1783981646259 0.0 85
1783981646260 0.0 86
1783981646262 0.0 87
1783981646263 0.0 88
1783981646264 0.0 89
1783981646265 0.0 90
1783981646266 0.0 91
1783981646268 0.0 92
1783981646269 0.0 93
1783981646270 0.0 94
1783981646271 0.0 95
1783981646273 0.0 96
1783981646274 0.0 97
1783981646275 0.0 98
1783981646276 0.0 99
1783981646278 0.0 100
1783981646279 0.0 101
1783981646280 0.0 102
1783981646281 0.0 103
