1783981646282 0.0 1
1783981646284 0.0 2
1783981646285 0.0 3
1783981646286 0.0 4
1783981646287 0.0 5
1783981646289 0.0 6
1783981646290 0.0 7
1783981646291 0.0 8
1783981646292 0.0 9
1783981646293 0.0 10
1783981646295 0.0 11
1783981646296 0.0 12
1783981646297 0.0 13
1783981646298 0.0 14
1783981646299 0.0 15
1783981646301 0.0 16
1783981646302 0.0 17
1783981646303 0.0 18
1783981646304 0.0 19
1783981646306 0.0 20
1783981646307 0.0 21
1783981646308 0.0 22
1783981646309 0.0 23
1783981646310 0.0 24
1783981646312 0.0 25
1783981646313 0.0 26
1783981646314 0.0 27
1783981646315 0.0 28
1783981646316 0.0 29
1783981646317 0.0 30
1783981646319 0.0 31
1783981646320 0.0 32
1783981646321 0.0 33
1783981646322 0.0 34
1783981646323 0.0 35
1783981646324 0.0 36
1783981646325 0.0 37
1783981646327 0.0 38
1783981646328 0.0 39
1783981646329 0.0 40
1783981646330 0.0 41
1783981646331 0.0 42
1783981646333 0.0 43
1783981646334 0.0 44
1783981646335 0.0 45
1783981646336 0.0 46
1783981646337 0.0 47
1783981646339 0.0 48
1783981646340 0.0 49
1783981646341 0.0 50
1783981646342 0.0 51
1783981646343 0.0 52
1783981646345 0.0 53
1783981646346 0.0 54
1783981646347 0.0 55
1783981646348 0.0 56
1783981646349 0.0 57
1783981646351 0.0 58
1783981646352 0.0 59
1783981646353 0.0 60
1783981646354 0.0 61
1783981646355 0.0 62
1783981646357 0.0 63
1783981646358 0.0 64
1783981646359 0.0 65
1783981646360 0.0 66
1783981646361 0.0 67
1783981646363 0.0 68
1783981646364 0.0 69
1783981646365 0.0 70
1783981646366 0.0 71
1783981646367 0.0 72
1783981646368 0.0 73
1783981646369 0.0 74
1783981646370 0.0 75
1783981646371 0.0 76
1783981646372 0.0 77
1783981646373 0.0 78
1783981646375 0.0 79
1783981646376 0.0 80
1783981646377 0.0 81
1783981646378 0.0 82
1783981646379 0.0 83
1783981646380 0.0 84
1783981646381 0.0 85
1783981646382 0.0 86
1783981646384 0.0 87
1783981646385 0.0 88
1783981646386 0.0 89
1783981646387 0.0 90
1783981646388 0.0 91
1783981646389 0.0 92
1783981646390 0.0 93
1783981646391 0.0 94
1783981646392 0.0 95
1783981646393 0.0 96
1783981646394 0.0 97
1783981646395 0.0 98
1783981646396 0.0 99
1783981646397 0.0 100
1783981646398 0.0 101
1783981646399 0.0 102
1783981646401 0.0 103
