1784022377345 0.0 1
1784022377346 0.0 2
1784022377348 0.0 3
1784022377350 0.0 4
1784022377351 0.0 5
1784022377353 0.0 6
1784022377354 0.0 7
1784022377356 0.0 8
1784022377357 0.0 9
1784022377359 0.0 10
1784022377360 0.0 11
1784022377362 0.0 12
1784022377363 0.0 13
1784022377365 0.0 14
1784022377367 0.0 15
1784022377368 0.0 16
1784022377370 0.0 17
1784022377371 0.0 18
1784022377373 0.0 19
1784022377374 0.0 20
1784022377376 0.0 21
1784022377377 0.0 22
1784022377379 0.0 23
1784022377380 0.0 24
1784022377382 0.0 25
1784022377383 0.0 26
1784022377385 0.0 27
1784022377387 0.0 28
1784022377388 0.0 29
1784022377390 0.0 30
1784022377391 0.0 31
1784022377393 0.0 32
1784022377394 0.0 33
1784022377396 0.0 34
1784022377397 0.0 35
1784022377399 0.0 36
1784022377400 0.0 37
1784022377402 0.0 38
1784022377403 0.0 39
1784022377405 0.0 40
1784022377406 0.0 41
1784022377408 0.0 42
1784022377409 0.0 43
1784022377411 0.0 44
1784022377412 0.0 45
1784022377414 0.0 46
1784022377415 0.0 47
1784022377417 0.0 48
1784022377418 0.0 49
1784022377420 0.0 50
1784022377421 0.0 51
1784022377423 0.0 52
1784022377424 0.0 53
1784022377426 0.0 54
1784022377428 0.0 55
1784022377429 0.0 56
1784022377430 0.0 57
1784022377431 0.0 58
1784022377433 0.0 59
1784022377434 0.0 60
1784022377436 0.0 61
1784022377437 0.0 62
1784022377439 0.0 63
1784022377440 0.0 64
1784022377442 0.0 65
1784022377443 0.0 66
1784022377445 0.0 67
1784022377446 0.0 68
1784022377448 0.0 69
1784022377449 0.0 70
1784022377451 0.0 71
1784022377452 0.0 72
1784022377454 0.0 73
1784022377455 0.0 74
1784022377457 0.0 75
1784022377458 0.0 76
1784022377459 0.0 77
1784022377461 0.0 78
1784022377462 0.0 79
1784022377463 0.0 80
1784022377465 0.0 81
1784022377466 0.0 82
1784022377468 0.0 83
1784022377469 0.0 84
1784022377471 0.0 85
1784022377472 0.0 86
1784022377473 0.0 87
1784022377475 0.0 88
1784022377476 0.0 89
1784022377477 0.0 90
1784022377479 0.0 91
1784022377480 0.0 92
1784022377482 0.0 93
1784022377483 0.0 94
1784022377485 0.0 95
1784022377486 0.0 96
1784022377487 0.0 97
1784022377489 0.0 98
1784022377490 0.0 99
1784022377491 0.0 100
1784022377493 0.0 101
1784022377494 0.0 102
1784022377495 0.0 103
