1784022377041 0.01703525634133257 1
1784022377043 0.003910360810405109 2
1784022377045 0.0036811556911561637 3
1784022377046 0.0032575639695278367 4
1784022377048 0.00305821312853368 5
1784022377049 0.003025246164470445 6
1784022377051 0.0029497068349155597 7
1784022377053 0.0026687130935897584 8
1784022377054 0.00269216380736907 9
1784022377056 0.002911977190669859 10
1784022377057 0.0024827936802466867 11
1784022377059 0.0025897817009536083 12
1784022377060 0.0023481125618855002 13
1784022377062 0.0022771256403939333 14
1784022377063 0.0022865086847741623 15
1784022377065 0.0021833170419267843 16
1784022377067 0.002086109598458279 17
1784022377068 0.0021610604510351548 18
1784022377070 0.002028919707809109 19
1784022377071 0.001964664932456799 20
1784022377073 0.0019968097704986575 21
1784022377074 0.0019123084408056456 22
1784022377076 0.0018391028206679039 23
1784022377077 0.0017381000965542627 24
1784022377079 0.0017451560474000872 25
1784022377080 0.0017388481422676704 26
1784022377082 0.001600839012535289 27
1784022377084 0.001796694218646735 28
1784022377085 0.0016615133386221714 29
1784022377087 0.0016854388255160301 30
1784022377088 0.0014837790331512224 31
1784022377090 0.0013537516367068748 32
1784022377091 0.0012964968156302349 33
1784022377093 0.0012456174568796995 34
1784022377094 0.0012509995239815908 35
1784022377096 0.0012362380509148352 36
1784022377097 0.001237058519254788 37
1784022377099 0.0012904346143477595 38
1784022377100 0.0011916678190755192 39
1784022377102 0.001186800815121387 40
1784022377104 0.0012028399558039382 41
1784022377105 0.001158909237055923 42
1784022377107 0.0011020290980377468 43
1784022377108 0.0011031978004029952 44
1784022377110 0.001056029505416518 45
1784022377111 0.000980336332868319 46
1784022377113 0.0009575812120601768 47
1784022377114 0.0009472464823193149 48
1784022377116 0.000930608785856748 49
1784022377118 0.0009218951121874853 50
1784022377119 0.000914268881897442 51
1784022377121 0.0009138790290307952 52
1784022377122 0.0009068775980267674 53
1784022377124 0.0009030092236935162 54
1784022377125 0.0009242341551725985 55
1784022377127 0.0009133007019408979 56
1784022377128 0.0008796781821001786 57
1784022377130 0.0008544601510948269 58
1784022377131 0.0008424669956730213 59
1784022377133 0.0008397411832265788 60
1784022377135 0.0008466417791350978 61
1784022377136 0.0008382700176298386 62
1784022377138 0.0008326106106687803 63
1784022377139 0.000819176390505163 64
1784022377141 0.0007802835293114186 65
1784022377142 0.0007516442548512714 66
1784022377144 0.0007405593417206546 67
1784022377145 0.0007340842861594865 68
1784022377147 0.000727560374798486 69
1784022377148 0.0007230843672732589 70
1784022377150 0.0007180461733514676 71
1784022377151 0.0007134399673668668 72
1784022377153 0.0007151442407484865 73
1784022377155 0.0007133956991310697 74
1784022377156 0.0007048956062499201 75
1784022377158 0.0006894457886664895 76
1784022377159 0.0006799595191841945 77
1784022377161 0.000675807810985134 78
1784022377162 0.000672393350105267 79
1784022377164 0.0006691426881297957 80
1784022377165 0.0006663989696244244 81
1784022377167 0.0006637932280864334 82
1784022377168 0.0006606571694283048 83
1784022377170 0.0006579136081563775 84
1784022377172 0.0006553162950876868 85
1784022377173 0.0006531443878338905 86
1784022377175 0.0006454465448769043 87
1784022377176 0.0006423159169935389 88
1784022377178 0.0006403586420492502 89
1784022377179 0.000638953814341221 90
1784022377181 0.0006375098400167189 91
1784022377182 0.0006360570393735543 92
1784022377184 0.0006345050845266087 93
1784022377186 0.0006328423484228551 94
1784022377187 0.0006313368956762133 95
1784022377189 0.0006298260080075124 96
1784022377190 0.0006281296997622121 97
1784022377192 0.0006243172942049568 98
1784022377193 0.0006232432365504792 99
1784022377195 0.0006224082131666364 100
1784022377196 0.0006216210166894598 101
1784022377198 0.00062085894838674 102
1784022377199 0.000619921753386734 103
