1784022377497 0.0 1
1784022377498 0.0 2
1784022377500 0.0 3
1784022377501 0.0 4
1784022377502 0.0 5
1784022377504 0.0 6
1784022377505 0.0 7
1784022377507 0.0 8
1784022377508 0.0 9
1784022377510 0.0 10
1784022377511 0.0 11
1784022377513 0.0 12
1784022377514 0.0 13
1784022377516 0.0 14
1784022377518 0.0 15
1784022377519 0.0 16
1784022377521 0.0 17
1784022377522 0.0 18
1784022377524 0.0 19
1784022377525 0.0 20
1784022377527 0.0 21
1784022377528 0.0 22
1784022377530 0.0 23
1784022377531 0.0 24
1784022377533 0.0 25
1784022377534 0.0 26
1784022377536 0.0 27
1784022377538 0.0 28
1784022377539 0.0 29
1784022377541 0.0 30
1784022377542 0.0 31
1784022377544 0.0 32
1784022377545 0.0 33
1784022377547 0.0 34
1784022377548 0.0 35
1784022377550 0.0 36
1784022377551 0.0 37
1784022377553 0.0 38
1784022377554 0.0 39
1784022377556 0.0 40
1784022377558 0.0 41
1784022377559 0.0 42
1784022377560 0.0 43
1784022377562 0.0 44
1784022377563 0.0 45
1784022377565 0.0 46
1784022377566 0.0 47
1784022377567 0.0 48
1784022377568 0.0 49
1784022377570 0.0 50
1784022377571 0.0 51
1784022377572 0.0 52
1784022377574 0.0 53
1784022377575 0.0 54
1784022377576 0.0 55
1784022377578 0.0 56
1784022377579 0.0 57
1784022377580 0.0 58
1784022377582 0.0 59
1784022377583 0.0 60
1784022377585 0.0 61
1784022377586 0.0 62
1784022377588 0.0 63
1784022377589 0.0 64
1784022377590 0.0 65
1784022377592 0.0 66
1784022377593 0.0 67
1784022377595 0.0 68
1784022377596 0.0 69
1784022377598 0.0 70
1784022377599 0.0 71
1784022377601 0.0 72
1784022377602 0.0 73
1784022377604 0.0 74
1784022377605 0.0 75
1784022377607 0.0 76
1784022377608 0.0 77
1784022377609 0.0 78
1784022377611 0.0 79
1784022377613 0.0 80
1784022377614 0.0 81
1784022377615 0.0 82
1784022377617 0.0 83
1784022377618 0.0 84
1784022377620 0.0 85
1784022377621 0.0 86
1784022377622 0.0 87
1784022377624 0.0 88
1784022377625 0.0 89
1784022377627 0.0 90
1784022377628 0.0 91
1784022377629 0.0 92
1784022377631 0.0 93
1784022377632 0.0 94
1784022377633 0.0 95
1784022377635 0.0 96
1784022377636 0.0 97
1784022377638 0.0 98
1784022377639 0.0 99
1784022377640 0.0 100
1784022377642 0.0 101
1784022377643 0.0 102
1784022377645 0.0 103
