1782757940953 0.15357835620641708 1
1782757940954 0.038515975531190634 2
1782757940955 0.013564311258960515 3
1782757940956 0.0073893390083685515 4
1782757940957 0.004831983523909003 5
1782757940958 0.0035311998095130547 6
1782757940960 0.0029335286992136387 7
1782757940961 0.0025042548816418277 8
1782757940962 0.0022681649896549062 9
1782757940963 0.0020636186498450117 10
1782757940964 0.001879812178085558 11
1782757940965 0.0017901540684397332 12
1782757940966 0.0016464481572620571 13
1782757940967 0.0015963606964214704 14
1782757940968 0.0015368906932417303 15
1782757940969 0.001456102697411552 16
1782757940971 0.0014300337940221653 17
1782757940972 0.0014098827632551547 18
1782757940973 0.0013220252064638771 19
1782757940974 0.0013065582897979766 20
1782757940975 0.0013639923198206815 21
1782757940976 0.0013828928090515546 22
1782757940977 0.0013572858426778112 23
1782757940978 0.00127086923654133 24
1782757940979 0.0011996754230494844 25
1782757940980 0.001168802081301692 26
1782757940982 0.0011552938888053177 27
1782757940983 0.0011773512352374381 28
1782757940984 0.0011724497876275564 29
1782757940985 0.0011641727149981308 30
1782757940986 0.001100794106896501 31
1782757940987 0.0011006500294752186 32
1782757940988 0.0011037184761516982 33
1782757940989 0.001106339152174769 34
1782757940990 0.0010942609686753714 35
1782757940991 0.001080610725475708 36
1782757940993 0.0010236016051931073 37
1782757940994 0.0009755537396995351 38
1782757940995 0.000957968123984756 39
1782757940996 0.00094454174330167 40
1782757940997 0.000935321404467686 41
1782757940998 0.0009275385011278559 42
1782757940999 0.0009230039070098428 43
1782757941000 0.0009255458869301947 44
1782757941001 0.0009165289323573234 45
1782757941002 0.0009016510203582584 46
1782757941004 0.0008936082465879735 47
1782757941005 0.0008875592645927099 48
1782757941006 0.0008828128286404535 49
1782757941007 0.0008786956115363864 50
1782757941008 0.0008758627304632683 51
1782757941009 0.0008698036613350268 52
1782757941010 0.0008647301198288915 53
1782757941011 0.0008620156809411128 54
1782757941012 0.0008594439183434588 55
1782757941013 0.0008569312575491494 56
1782757941015 0.0008548377719489508 57
1782757941016 0.0008525041206667083 58
1782757941017 0.0008486107033240842 59
1782757941018 0.0008467746052701841 60
1782757941019 0.0008452666125594988 61
1782757941020 0.0008438530583225656 62
1782757941021 0.0008424093652502052 63
1782757941022 0.0008409020913313725 64
1782757941023 0.0008394597683945903 65
1782757941024 0.0008372815365510177 66
1782757941025 0.0008364076536963693 67
