1782757941169 0.0 1
1782757941170 0.0 2
1782757941171 0.0 3
1782757941172 0.0 4
1782757941173 0.0 5
1782757941174 0.0 6
1782757941175 0.0 7
1782757941176 0.0 8
1782757941177 0.0 9
1782757941178 0.0 10
1782757941178 0.0 11
1782757941179 0.0 12
1782757941180 0.0 13
1782757941181 0.0 14
1782757941182 0.0 15
1782757941183 0.0 16
1782757941184 0.0 17
1782757941185 0.0 18
1782757941186 0.0 19
1782757941187 0.0 20
1782757941188 0.0 21
1782757941189 0.0 22
1782757941190 0.0 23
1782757941191 0.0 24
1782757941192 0.0 25
1782757941193 0.0 26
1782757941193 0.0 27
1782757941194 0.0 28
1782757941195 0.0 29
1782757941196 0.0 30
1782757941198 0.0 31
1782757941199 0.0 32
1782757941200 0.0 33
1782757941200 0.0 34
1782757941201 0.0 35
1782757941202 0.0 36
1782757941203 0.0 37
1782757941204 0.0 38
1782757941205 0.0 39
1782757941206 0.0 40
1782757941207 0.0 41
1782757941208 0.0 42
1782757941209 0.0 43
1782757941210 0.0 44
1782757941211 0.0 45
1782757941212 0.0 46
1782757941213 0.0 47
1782757941214 0.0 48
1782757941215 0.0 49
1782757941216 0.0 50
1782757941217 0.0 51
1782757941218 0.0 52
1782757941219 0.0 53
1782757941220 0.0 54
1782757941221 0.0 55
1782757941222 0.0 56
1782757941223 0.0 57
1782757941224 0.0 58
1782757941224 0.0 59
1782757941225 0.0 60
1782757941226 0.0 61
1782757941228 0.0 62
1782757941229 0.0 63
1782757941230 0.0 64
1782757941231 0.0 65
1782757941232 0.0 66
1782757941233 0.0 67
