1780314202956 0.1658835518794755 1
1780314202957 0.06304034129716456 2
1780314202959 0.02533093171659857 3
1780314202960 0.014344456644418338 4
1780314202961 0.009772316424641759 5
1780314202962 0.007314955774927512 6
1780314202964 0.005909688524358595 7
1780314202965 0.004818592318527711 8
1780314202966 0.004139655611167351 9
1780314202967 0.0038131875451654198 10
1780314202968 0.0033029941968076553 11
1780314202970 0.0030090035739704034 12
1780314202971 0.002749540862957171 13
1780314202972 0.002544576123182196 14
1780314202973 0.002372277054625253 15
1780314202975 0.0023421806103821534 16
1780314202976 0.0021550485175491 17
1780314202977 0.002080691348965047 18
1780314202978 0.001969425298981757 19
1780314202979 0.0019995303819693314 20
1780314202981 0.001886422220801857 21
1780314202982 0.0018923931102714656 22
1780314202983 0.002011802313669856 23
1780314202985 0.0017841914789945197 24
1780314202986 0.0017087230302422541 25
1780314202987 0.0016627517782277816 26
1780314202988 0.0016155746350705158 27
1780314202989 0.001606108663690975 28
1780314202991 0.0016057994671427878 29
1780314202992 0.001613721186974241 30
1780314202993 0.0015752426706361197 31
1780314202994 0.0015421491533440226 32
1780314202995 0.001635667659866158 33
1780314202997 0.0015933623788441764 34
1780314202998 0.0015714766427360398 35
1780314202999 0.0015366428513516439 36
1780314203000 0.001489668127396726 37
1780314203001 0.0014551510487459988 38
1780314203003 0.001455286770821355 39
1780314203004 0.0014291858411525026 40
1780314203005 0.0015080317301908509 41
1780314203006 0.001499124644275677 42
1780314203008 0.0014425940593355336 43
1780314203009 0.0014282757160496355 44
1780314203010 0.00138179609002691 45
1780314203011 0.001448682431631217 46
1780314203013 0.0014078219104097418 47
1780314203014 0.0013976079722245534 48
1780314203015 0.001362466693293148 49
1780314203016 0.0014023515709898978 50
1780314203017 0.0013520677989921144 51
1780314203019 0.0013641694188966842 52
1780314203020 0.0013702321682406667 53
1780314203021 0.0013611651413157233 54
1780314203023 0.0013867703080904902 55
1780314203024 0.0013277964122001625 56
1780314203025 0.0013211524671229806 57
1780314203026 0.0013622154197946656 58
1780314203028 0.0013378969510085882 59
1780314203029 0.0013057159414529452 60
1780314203030 0.0013025451211433393 61
1780314203032 0.0013148950275232588 62
1780314203033 0.0013198239231617967 63
1780314203034 0.0012961105872818734 64
1780314203036 0.001269385072858616 65
1780314203037 0.001280660063275718 66
1780314203038 0.0013478530250116212 67
1780314203040 0.0012660803044127534 68
1780314203041 0.0012590536137092082 69
1780314203042 0.0012344777737477368 70
1780314203044 0.0013040853086446684 71
1780314203045 0.0012643310548204076 72
1780314203046 0.0012292597857594956 73
1780314203048 0.0012321185654703489 74
1780314203049 0.0012277892285055714 75
