1780314133242 0.19041375637054445 1
1780314133245 0.16757332265377045 2
1780314133247 0.14556985348463058 3
1780314133249 0.12545877404510974 4
1780314133251 0.10921569645404816 5
1780314133253 0.09622913368046283 6
1780314133255 0.08552557960152626 7
1780314133257 0.07651805251836777 8
1780314133259 0.0687123827636242 9
1780314133261 0.06186224009841681 10
1780314133263 0.055899553671479224 11
1780314133265 0.05060931526124477 12
1780314133267 0.045940385684371 13
1780314133269 0.04180197618901729 14
1780314133272 0.03814521420747042 15
1780314133274 0.03487201750278473 16
1780314133276 0.03199533948674798 17
1780314133278 0.029417509492486716 18
1780314133280 0.02708941137418151 19
1780314133282 0.025010466240346432 20
1780314133284 0.023146927151829005 21
1780314133286 0.021486072149127722 22
1780314133288 0.0199607914313674 23
1780314133290 0.01855367793701589 24
1780314133292 0.01730956551618874 25
1780314133294 0.01615673248656094 26
1780314133296 0.015103179793804884 27
1780314133299 0.014140603952109814 28
1780314133301 0.01326548496261239 29
1780314133303 0.012490092599764467 30
1780314133305 0.0117741568852216 31
1780314133307 0.011138365101069213 32
1780314133309 0.010517617398872971 33
1780314133311 0.009934680256992578 34
1780314133313 0.009404248138889671 35
1780314133315 0.00891035262029618 36
1780314133317 0.008457438363693654 37
1780314133319 0.00804225298576057 38
1780314133321 0.007670214273966849 39
1780314133323 0.007341190571896732 40
1780314133325 0.007035291758365929 41
1780314133329 0.006750763379968703 42
1780314133331 0.006487494315952063 43
1780314133333 0.006198552092537284 44
1780314133335 0.005930519644171 45
1780314133337 0.005690499884076416 46
1780314133339 0.0054672387684695425 47
1780314133341 0.005271740439347923 48
1780314133343 0.005073382614646107 49
1780314133345 0.004906900357455015 50
1780314133347 0.0047497543133795265 51
1780314133349 0.004566116454079747 52
1780314133351 0.004404396731406451 53
1780314133354 0.004267691662535072 54
1780314133356 0.004130989334080368 55
1780314133358 0.003999953786842525 56
1780314133360 0.003886805602815002 57
1780314133362 0.0037661771895363925 58
1780314133364 0.003656689540948719 59
1780314133366 0.003554731586482376 60
1780314133368 0.003481656115036458 61
1780314133370 0.003379582914058119 62
1780314133372 0.003281293038744479 63
1780314133374 0.003208777077961713 64
1780314133377 0.0031129408720880747 65
1780314133379 0.0030381701211445035 66
1780314133381 0.0029582516686059534 67
1780314133383 0.0028999934485182165 68
1780314133385 0.00282653764821589 69
1780314133387 0.0027556095412001012 70
1780314133390 0.0026996988838072864 71
1780314133403 0.0026698014116846025 72
1780314133406 0.0026295045495498925 73
1780314133408 0.002602435415610671 74
1780314133410 0.002559282175498083 75
1780314133412 0.002466903036693111 76
1780314133414 0.00241591781610623 77
1780314133416 0.002387228028383106 78
1780314133418 0.0023462146800011397 79
1780314133420 0.0023147541243815793 80
1780314133422 0.002272873531910591 81
1780314133424 0.002246580655919388 82
1780314133427 0.002195621080463752 83
1780314133429 0.0021746911981608717 84
1780314133431 0.0021652149176225066 85
1780314133433 0.002148729464970529 86
1780314133435 0.0021683651994680985 87
1780314133437 0.0021096940292045473 88
1780314133439 0.002071118131862022 89
1780314133441 0.0020365415536798535 90
1780314133443 0.002004634261247702 91
1780314133445 0.0019847347890026867 92
1780314133447 0.001983699697884731 93
1780314133449 0.0019518766744295135 94
1780314133451 0.001918284399434924 95
1780314133454 0.0018999350204830989 96
1780314133456 0.0018836556747555732 97
1780314133458 0.0018702881579520181 98
1780314133460 0.0018669817020418122 99
1780314133462 0.0018932209606282414 100
1780314133464 0.0018961657455656678 101
1780314133466 0.0018595880607608706 102
1780314133468 0.0018278432177612559 103
1780314133470 0.0017977395781781525 104
1780314133472 0.0017742796358652412 105
1780314133474 0.0017566792192519642 106
1780314133476 0.001757726643991191 107
1780314133478 0.0017664025907288305 108
1780314133481 0.001749416049278807 109
1780314133483 0.0017372890104888938 110
1780314133485 0.0017195317824371158 111
1780314133487 0.0017123603119398468 112
1780314133489 0.0017180558043764903 113
1780314133491 0.0017205574081162922 114
1780314133493 0.0017143525337451138 115
1780314133495 0.0017096656895591877 116
1780314133497 0.00169500056799734 117
1780314133499 0.001661254572973121 118
1780314133502 0.00165426059771562 119
1780314133504 0.0016330473541165702 120
1780314133506 0.0016359371092403308 121
1780314133509 0.0016411305058863946 122
1780314133511 0.0016010756188188679 123
1780314133513 0.0015796236199093982 124
1780314133516 0.001569693392084446 125
1780314133518 0.0015622029721271246 126
1780314133520 0.0015578768332488834 127
1780314133522 0.001555060832761228 128
1780314133525 0.0015492229192750528 129
1780314133527 0.0015465073205996305 130
1780314133529 0.0015434998660930432 131
1780314133531 0.0015319032021216116 132
1780314133533 0.0015281487742322497 133
