1785326336787 0.1272444215292732 1
1785326336789 0.060395969667782386 2
1785326336791 0.035073124687187374 3
1785326336792 0.022891290322877466 4
1785326336794 0.016122634852460276 5
1785326336796 0.012020366409948717 6
1785326336798 0.009378333735124518 7
1785326336799 0.00759775036907134 8
1785326336801 0.00624764832512786 9
1785326336803 0.005331763652308533 10
1785326336804 0.004601111862575636 11
1785326336806 0.004128459986532107 12
1785326336808 0.0036546126105046523 13
1785326336809 0.003348835342815922 14
1785326336811 0.003065295582928229 15
1785326336813 0.002893194674591844 16
1785326336814 0.002669179564206085 17
1785326336816 0.002518851706796947 18
1785326336818 0.00239117704477394 19
1785326336819 0.0022706465041361906 20
1785326336821 0.002196439718682086 21
1785326336823 0.002091506470848496 22
1785326336825 0.0020251670735888182 23
1785326336826 0.001969087478937581 24
1785326336828 0.001886817802490744 25
1785326336830 0.00188084352654793 26
1785326336831 0.0018611509947125645 27
1785326336833 0.001773575249778029 28
1785326336835 0.0017427729981136508 29
1785326336836 0.001707253283287476 30
1785326336838 0.0016905284644356774 31
1785326336840 0.0016717973828538864 32
1785326336841 0.0016337186424304187 33
1785326336843 0.0016006523729932573 34
1785326336845 0.001573586776915666 35
1785326336846 0.001563685736740202 36
1785326336848 0.001543507647632699 37
1785326336850 0.0016195451190772778 38
1785326336851 0.0015447629750269698 39
1785326336853 0.001508185734443638 40
1785326336855 0.0015001783718616934 41
1785326336856 0.0014492183276161087 42
1785326336858 0.0014367249651210537 43
1785326336860 0.0014493229225384615 44
1785326336861 0.0014446773357121856 45
1785326336863 0.0014092134135353263 46
1785326336865 0.0014081656305279465 47
1785326336866 0.0013934989474364556 48
1785326336868 0.0014200608231476509 49
1785326336870 0.001411420608019398 50
1785326336871 0.0013705836399215817 51
1785326336873 0.0013590590719104513 52
1785326336875 0.001348928379472151 53
1785326336876 0.00133460631853571 54
1785326336878 0.001340219703646047 55
1785326336879 0.0013161896956565518 56
1785326336881 0.001309231862554346 57
1785326336883 0.0012899993005097107 58
1785326336884 0.0013018770472020453 59
1785326336886 0.0012930115624840254 60
1785326336888 0.0012819126956552889 61
1785326336889 0.001280505256181641 62
1785326336891 0.0012804725741564955 63
1785326336893 0.0012799665914523454 64
1785326336894 0.0012859508620143363 65
1785326336896 0.0012618408491713732 66
1785326336898 0.0012397367382315375 67
1785326336899 0.0012499953258156894 68
1785326336901 0.0012362008688796776 69
1785326336903 0.0012257860140380216 70
1785326336904 0.001243527097600842 71
1785326336906 0.0012364426351268777 72
1785326336908 0.001211354103058208 73
1785326336909 0.0011944659005772944 74
1785326336911 0.0011945814708572773 75
1785326336913 0.0012163238719949732 76
1785326336914 0.0012133905511897561 77
1785326336916 0.0012073121847909836 78
1785326336918 0.0012031241987642716 79
1785326336919 0.0011953310255800413 80
1785326336921 0.0011627434933567807 81
1785326336923 0.0011843492426730033 82
1785326336924 0.001157807473706877 83
1785326336926 0.0011592214726382128 84
1785326336928 0.0011552590685823816 85
1785326336929 0.00115441987078763 86
1785326336931 0.001168355447104356 87
1785326336933 0.0011579688976174414 88
1785326336934 0.0011380517946842398 89
1785326336936 0.0011340482342954298 90
1785326336937 0.0011323782347365827 91
1785326336939 0.0011225135644053808 92
1785326336940 0.001137529318293673 93
1785326336942 0.0011446138665633042 94
1785326336943 0.0011293339068288333 95
1785326336945 0.001104323863425331 96
1785326336946 0.0011163717186718713 97
1785326336948 0.0011148679155667195 98
1785326336950 0.0010850603797734949 99
1785326336951 0.0011077615068643353 100
