1780314152417 0.24182573184370995 1
1780314152420 0.18828233763575553 2
1780314152423 0.14607154421508312 3
1780314152436 0.11769324228167534 4
1780314152438 0.09668312761932611 5
1780314152440 0.08005511846393347 6
1780314152443 0.06655912278220058 7
1780314152445 0.05560209335759282 8
1780314152447 0.046632687989622355 9
1780314152449 0.039210018161684276 10
1780314152451 0.03309794352389872 11
1780314152454 0.028116162475198506 12
1780314152456 0.02402401781640947 13
1780314152458 0.02065667986869812 14
1780314152460 0.017856939504854383 15
1780314152463 0.01552389828953892 16
1780314152465 0.013578030625358223 17
1780314152467 0.011936981384642421 18
1780314152469 0.010551536872517317 19
1780314152471 0.009379987793508918 20
1780314152474 0.008396685898769646 21
1780314152476 0.007519328899215907 22
1780314152478 0.006734077429864555 23
1780314152480 0.006067415052093565 24
1780314152482 0.00551124592544511 25
1780314152485 0.005027546876808628 26
1780314152487 0.004596533834701404 27
1780314152489 0.0042277613887563344 28
1780314152491 0.003908062259433791 29
1780314152494 0.0036093562317546456 30
1780314152496 0.0033392344368621705 31
1780314152498 0.0031125315278768538 32
1780314152500 0.002909462527022697 33
1780314152502 0.0027408747433219104 34
1780314152505 0.002575124540599063 35
1780314152507 0.0024252623942447827 36
1780314152509 0.002307570739649236 37
1780314152511 0.002197661196696572 38
1780314152513 0.002093243332346901 39
1780314152516 0.001999183044536039 40
1780314152518 0.001911285005044192 41
1780314152520 0.0018254456567228772 42
1780314152522 0.0017493487391038798 43
1780314152524 0.0016892672926769592 44
1780314152527 0.0016360282243113033 45
1780314152529 0.0015930923650739714 46
1780314152531 0.0015602223118185066 47
1780314152533 0.001521469636936672 48
1780314152535 0.001479705738602206 49
1780314152538 0.00142491475911811 50
1780314152540 0.0013793708953016904 51
1780314152542 0.0013440533724497071 52
1780314152544 0.0013203252216044347 53
1780314152546 0.0013046316304826178 54
1780314152549 0.0012977621488971635 55
1780314152551 0.0012743328130454755 56
1780314152553 0.0012593027227558195 57
1780314152555 0.001227272592659574 58
1780314152558 0.0012053981733333786 59
1780314152560 0.001185266793181654 60
1780314152562 0.0011687342962250114 61
1780314152564 0.0011535646768606965 62
1780314152566 0.0011420349746185821 63
1780314152569 0.001134444779891055 64
1780314152571 0.0011233816771709826 65
1780314152573 0.001106181253635441 66
1780314152575 0.0011049889857531526 67
1780314152577 0.0011051175300235627 68
1780314152580 0.0010869310126145138 69
1780314152582 0.0010682395387993893 70
1780314152584 0.0010667416911019246 71
1780314152586 0.0010472679878148483 72
1780314152588 0.001044310404904536 73
1780314152591 0.0010359207030705875 74
1780314152593 0.0010272250327398068 75
1780314152595 0.001018860093463445 76
1780314152597 0.0010133035707985982 77
1780314152600 0.0010099399909813656 78
1780314152602 0.0010089234615588793 79
1780314152604 0.001010417095531011 80
1780314152606 0.00100729016787227 81
1780314152608 0.0009923833116044988 82
1780314152611 0.0009858997645642376 83
1780314152613 0.000981093646332738 84
1780314152616 0.0009695575158548309 85
1780314152618 0.0009602167524280958 86
1780314152620 0.000961938604232273 87
1780314152622 0.0009786837126375758 88
1780314152625 0.0009769078534736764 89
1780314152627 0.000961794811191794 90
1780314152629 0.0009514301172021078 91
1780314152631 0.000940882702197996 92
1780314152634 0.0009357749194168718 93
1780314152636 0.0009266278163340757 94
1780314152638 0.000912229742098134 95
1780314152640 0.0009069155055840383 96
1780314152642 0.0009033265914695221 97
1780314152645 0.0009004699355864432 98
1780314152647 0.0008979526316034025 99
1780314152649 0.0008954529055699822 100
1780314152652 0.0008932165135411196 101
1780314152654 0.000891448189941002 102
1780314152656 0.0008911233036633348 103
1780314152658 0.0008892613051648368 104
1780314152661 0.0008848178282642038 105
1780314152663 0.0008824335015015094 106
1780314152665 0.0008807599817737355 107
1780314152667 0.0008791926239064196 108
1780314152669 0.000877716961549595 109
1780314152672 0.0008763537045160774 110
1780314152674 0.0008750342454732163 111
1780314152676 0.0008740518075501313 112
1780314152678 0.0008721331438209745 113
1780314152681 0.000870646407820459 114
