1783878418900 0.139070735424757 1
1783878418902 0.042865174813196065 2
1783878418903 0.015682129212655126 3
1783878418905 0.00882269331952557 4
1783878418906 0.006334696816047654 5
1783878418908 0.005001687622861937 6
1783878418909 0.004139294689521194 7
1783878418911 0.003663306582602672 8
1783878418912 0.003231689599924721 9
1783878418914 0.00299931752786506 10
1783878418915 0.0027586444787448274 11
1783878418917 0.0026260849728714673 12
1783878418918 0.0024683781497878954 13
1783878418920 0.002420450857898686 14
1783878418921 0.00228787536645541 15
1783878418923 0.0022258934169076382 16
1783878418924 0.0021315965880057772 17
1783878418926 0.002079810730938334 18
1783878418927 0.0020869744307128713 19
1783878418929 0.0020434556432883254 20
1783878418930 0.001977732625673525 21
1783878418932 0.001957590754609555 22
1783878418933 0.0019313434160721954 23
1783878418935 0.0019022786649293265 24
1783878418936 0.0018975538060476537 25
1783878418938 0.0019060666537552605 26
1783878418939 0.0019089051135233604 27
1783878418940 0.0018390155826637055 28
1783878418942 0.0018350036430638283 29
1783878418943 0.0018078764469828456 30
1783878418945 0.001790538330678828 31
1783878418946 0.0017843474145047367 32
1783878418948 0.0018005679069028702 33
1783878418949 0.0017897698987508193 34
1783878418951 0.0017625902066356503 35
1783878418952 0.0017786955289193428 36
1783878418954 0.0018045202175562736 37
1783878418955 0.0017414354954962618 38
1783878418957 0.001706703901581932 39
1783878418958 0.0016858786571538075 40
1783878418960 0.0016764670333941467 41
1783878418961 0.001672436973603908 42
1783878418963 0.0016659956678631716 43
1783878418964 0.0016517210978781805 44
1783878418966 0.00165221884555649 45
1783878418967 0.001643191457114881 46
1783878418969 0.0016432094485207926 47
1783878418970 0.0016386003143998096 48
1783878418971 0.0016369732462771936 49
1783878418973 0.0016326371430477593 50
1783878418974 0.0016279077967919875 51
1783878418976 0.001634194418002153 52
1783878418977 0.0016212009619630408 53
1783878418979 0.0016337326874781865 54
1783878418980 0.0016252416772476862 55
1783878418982 0.001617324022881803 56
1783878418983 0.001624502562917769 57
1783878418985 0.0016201453568646684 58
1783878418986 0.0016174426711950218 59
1783878418988 0.0016164030312211253 60
