1783878419157 0.0 1
1783878419159 0.0 2
1783878419160 0.0 3
1783878419161 0.0 4
1783878419163 0.0 5
1783878419164 0.0 6
1783878419166 0.0 7
1783878419167 0.0 8
1783878419168 0.0 9
1783878419169 0.0 10
1783878419171 0.0 11
1783878419172 0.0 12
1783878419173 0.0 13
1783878419174 0.0 14
1783878419176 0.0 15
1783878419177 0.0 16
1783878419179 0.0 17
1783878419180 0.0 18
1783878419181 0.0 19
1783878419182 0.0 20
1783878419184 0.0 21
1783878419185 0.0 22
1783878419186 0.0 23
1783878419188 0.0 24
1783878419189 0.0 25
1783878419190 0.0 26
1783878419192 0.0 27
1783878419193 0.0 28
1783878419194 0.0 29
1783878419196 0.0 30
1783878419197 0.0 31
1783878419198 0.0 32
1783878419200 0.0 33
1783878419201 0.0 34
1783878419202 0.0 35
1783878419203 0.0 36
1783878419204 0.0 37
1783878419206 0.0 38
1783878419207 0.0 39
1783878419208 0.0 40
1783878419210 0.0 41
1783878419211 0.0 42
1783878419212 0.0 43
1783878419214 0.0 44
1783878419215 0.0 45
1783878419216 0.0 46
1783878419218 0.0 47
1783878419219 0.0 48
1783878419220 0.0 49
1783878419222 0.0 50
1783878419223 0.0 51
1783878419225 0.0 52
1783878419226 0.0 53
1783878419228 0.0 54
1783878419229 0.0 55
1783878419230 0.0 56
1783878419232 0.0 57
1783878419233 0.0 58
1783878419234 0.0 59
1783878419236 0.0 60
