1783878419077 0.0 1
1783878419078 0.0 2
1783878419080 0.0 3
1783878419081 0.0 4
1783878419082 0.0 5
1783878419084 0.0 6
1783878419085 0.0 7
1783878419087 0.0 8
1783878419088 0.0 9
1783878419090 0.0 10
1783878419091 0.0 11
1783878419092 0.0 12
1783878419094 0.0 13
1783878419095 0.0 14
1783878419096 0.0 15
1783878419097 0.0 16
1783878419099 0.0 17
1783878419100 0.0 18
1783878419102 0.0 19
1783878419103 0.0 20
1783878419104 0.0 21
1783878419105 0.0 22
1783878419106 0.0 23
1783878419108 0.0 24
1783878419109 0.0 25
1783878419110 0.0 26
1783878419111 0.0 27
1783878419113 0.0 28
1783878419114 0.0 29
1783878419116 0.0 30
1783878419117 0.0 31
1783878419118 0.0 32
1783878419120 0.0 33
1783878419121 0.0 34
1783878419122 0.0 35
1783878419124 0.0 36
1783878419125 0.0 37
1783878419126 0.0 38
1783878419128 0.0 39
1783878419129 0.0 40
1783878419130 0.0 41
1783878419132 0.0 42
1783878419133 0.0 43
1783878419135 0.0 44
1783878419136 0.0 45
1783878419138 0.0 46
1783878419139 0.0 47
1783878419140 0.0 48
1783878419142 0.0 49
1783878419143 0.0 50
1783878419144 0.0 51
1783878419145 0.0 52
1783878419147 0.0 53
1783878419148 0.0 54
1783878419150 0.0 55
1783878419151 0.0 56
1783878419153 0.0 57
1783878419154 0.0 58
1783878419155 0.0 59
1783878419156 0.0 60
