1780314153558 0.1505399500951171 1
1780314153560 0.05799923539161682 2
1780314153563 0.028255352303385734 3
1780314153565 0.017054150798358023 4
1780314153567 0.011626207632943988 5
1780314153569 0.008627402242273092 6
1780314153571 0.006699939204845577 7
1780314153574 0.005393489258131013 8
1780314153576 0.004587564263492823 9
1780314153578 0.003969882543897256 10
1780314153580 0.0035082838614471255 11
1780314153582 0.0031628466391703113 12
1780314153585 0.00297206568880938 13
1780314153587 0.0027886836969992146 14
1780314153589 0.002472805746947415 15
1780314153591 0.002301029853988439 16
1780314153594 0.002142131841974333 17
1780314153596 0.002045190945500508 18
1780314153598 0.001957406594592612 19
1780314153600 0.0018901074497262016 20
1780314153603 0.001825606590427924 21
1780314153605 0.001781709734350443 22
1780314153607 0.001743099275336135 23
1780314153609 0.0016919773010886274 24
1780314153611 0.0016619836396421306 25
1780314153614 0.0015657445968827234 26
1780314153616 0.0014893746780580842 27
1780314153618 0.0014572653263167012 28
1780314153620 0.001458505094778957 29
1780314153623 0.0014430342223204207 30
1780314153625 0.0014294244680786506 31
1780314153627 0.0013770304282661528 32
1780314153629 0.0013400065897440072 33
1780314153631 0.0013425097841536626 34
1780314153633 0.0013162731099873781 35
1780314153636 0.001302261178934714 36
1780314153638 0.001356389193679206 37
1780314153640 0.00130433982834802 38
1780314153642 0.0012840683379909024 39
1780314153644 0.0012360539888322819 40
1780314153647 0.0012314917716139463 41
1780314153649 0.0011942971462849527 42
1780314153651 0.0011834356408508028 43
1780314153653 0.001204918604780687 44
1780314153655 0.0012103559922252316 45
1780314153658 0.001200301987992134 46
1780314153660 0.0011895627550256903 47
1780314153662 0.0011446644855459453 48
1780314153664 0.0011304439079685834 49
1780314153667 0.001144355035648914 50
1780314153669 0.001097649847069988 51
1780314153671 0.0010276318329124478 52
1780314153673 0.00100622099780594 53
1780314153675 0.0009991756778617855 54
1780314153678 0.0009946433757431804 55
1780314153680 0.0009920253494783537 56
1780314153682 0.0009950251966074574 57
1780314153684 0.000995280970382737 58
1780314153686 0.000986840580808348 59
1780314153689 0.000997676554688951 60
1780314153691 0.0009994573798030614 61
1780314153693 0.000987837695356575 62
1780314153695 0.0009837862620770466 63
1780314153697 0.0009899743903224588 64
1780314153700 0.000991727270593401 65
1780314153702 0.0009678891906514764 66
1780314153704 0.000954366988662514 67
1780314153706 0.0009442398314058664 68
1780314153708 0.0009263622566504637 69
1780314153710 0.000906677281964221 70
1780314153713 0.0009028911833229358 71
1780314153715 0.0008967092372404295 72
1780314153717 0.0008942414830744382 73
1780314153719 0.0008943509612436174 74
1780314153721 0.0008905177496853866 75
1780314153724 0.0008891526578372577 76
1780314153726 0.0008889940918015782 77
1780314153728 0.000884708952253277 78
1780314153730 0.0008804964363662293 79
1780314153732 0.0008711427692105645 80
1780314153735 0.0008682955633776146 81
1780314153737 0.0008651789661234943 82
1780314153739 0.0008644892895972589 83
1780314153741 0.0008618167145687039 84
1780314153743 0.000861755836303928 85
1780314153746 0.0008606890337978256 86
1780314153748 0.0008590264386657509 87
1780314153750 0.0008556288244290044 88
1780314153752 0.000852736106789962 89
1780314153754 0.0008509534945187624 90
1780314153757 0.0008489574844497838 91
1780314153759 0.0008477551459509414 92
1780314153761 0.0008470518552348949 93
1780314153763 0.0008467823944010889 94
1780314153765 0.0008451249525023741 95
1780314153768 0.0008451397552562412 96
1780314153770 0.000844550240690296 97
1780314153772 0.0008427783467777771 98
1780314153774 0.0008407024747066317 99
1780314153776 0.000841392385555082 100
1780314153779 0.0008399724344417336 101
1780314153781 0.0008408616353699472 102
1780314153783 0.0008388386208753218 103
