1782218388144 0.0 1
1782218388145 0.0 2
1782218388146 0.0 3
1782218388147 0.0 4
1782218388149 0.0 5
1782218388150 0.0 6
1782218388151 0.0 7
1782218388152 0.0 8
1782218388154 0.0 9
1782218388155 0.0 10
1782218388156 0.0 11
1782218388157 0.0 12
1782218388159 0.0 13
1782218388160 0.0 14
1782218388161 0.0 15
1782218388162 0.0 16
1782218388163 0.0 17
1782218388165 0.0 18
1782218388166 0.0 19
1782218388167 0.0 20
1782218388168 0.0 21
1782218388170 0.0 22
1782218388171 0.0 23
1782218388172 0.0 24
1782218388173 0.0 25
1782218388175 0.0 26
1782218388176 0.0 27
1782218388177 0.0 28
1782218388178 0.0 29
1782218388180 0.0 30
1782218388181 0.0 31
1782218388182 0.0 32
1782218388183 0.0 33
1782218388184 0.0 34
1782218388186 0.0 35
1782218388187 0.0 36
1782218388188 0.0 37
1782218388189 0.0 38
1782218388191 0.0 39
1782218388192 0.0 40
1782218388193 0.0 41
1782218388194 0.0 42
1782218388196 0.0 43
1782218388197 0.0 44
1782218388198 0.0 45
1782218388199 0.0 46
1782218388201 0.0 47
1782218388202 0.0 48
1782218388203 0.0 49
1782218388204 0.0 50
1782218388205 0.0 51
1782218388206 0.0 52
1782218388207 0.0 53
1782218388208 0.0 54
1782218388210 0.0 55
1782218388211 0.0 56
1782218388212 0.0 57
1782218388213 0.0 58
1782218388214 0.0 59
1782218388216 0.0 60
1782218388217 0.0 61
1782218388218 0.0 62
1782218388219 0.0 63
1782218388221 0.0 64
1782218388222 0.0 65
1782218388223 0.0 66
1782218388224 0.0 67
