1782218387896 0.14424466498196126 1
1782218387898 0.05217727731913328 2
1782218387899 0.024546938324347137 3
1782218387900 0.014532987237907946 4
1782218387901 0.00983770469436422 5
1782218387903 0.0071727359457872805 6
1782218387904 0.005751310862833634 7
1782218387905 0.0047700079716742035 8
1782218387906 0.003986138048348948 9
1782218387908 0.0034325779310893268 10
1782218387909 0.003121878621750511 11
1782218387910 0.002761988812126219 12
1782218387911 0.0024663973704446107 13
1782218387912 0.0022800353390630334 14
1782218387914 0.002156733475276269 15
1782218387915 0.0020394253946142272 16
1782218387916 0.0019707354553975165 17
1782218387917 0.001896447292820085 18
1782218387919 0.0018259155089617707 19
1782218387920 0.0016996885373373517 20
1782218387921 0.0015681969045544975 21
1782218387922 0.0015096800078754314 22
1782218387924 0.0014902368801995181 23
1782218387925 0.0014662438195955473 24
1782218387926 0.0014685546862892806 25
1782218387927 0.0014268802227161358 26
1782218387929 0.001363159353204537 27
1782218387930 0.0013362677353143226 28
1782218387931 0.0012801107679842971 29
1782218387932 0.00128198917635018 30
1782218387934 0.001305765363649698 31
1782218387935 0.0012559525879623835 32
1782218387936 0.0012475319890654646 33
1782218387937 0.0012514322958304548 34
1782218387938 0.001218815680622356 35
1782218387940 0.001154196137940744 36
1782218387941 0.0011216387651802506 37
1782218387942 0.0011280125562188913 38
1782218387943 0.001132931736719911 39
1782218387945 0.0011127040459541603 40
1782218387946 0.001088374997052597 41
1782218387947 0.0010919021310110111 42
1782218387948 0.0010427825224178378 43
1782218387950 0.0010533511285029818 44
1782218387951 0.0009866634666104801 45
1782218387952 0.000924615688418271 46
1782218387953 0.0009009517452068394 47
1782218387954 0.0008866965787456138 48
1782218387956 0.0008759742657275637 49
1782218387957 0.0008663940602127696 50
1782218387958 0.0008612881450244459 51
1782218387959 0.0008503646658937214 52
1782218387961 0.0008369533969016629 53
1782218387962 0.0008298646286857547 54
1782218387963 0.0008242091454303591 55
1782218387964 0.0008189043782476801 56
1782218387966 0.0008143905303222709 57
1782218387967 0.0008116701164908591 58
1782218387968 0.0008055916025841725 59
1782218387969 0.0007979222938593011 60
1782218387971 0.0007939391045511002 61
1782218387972 0.000790523234718421 62
1782218387973 0.0007872645442330395 63
1782218387974 0.0007839889937531552 64
1782218387975 0.0007806744219487883 65
1782218387977 0.0007762405230823788 66
1782218387978 0.0007740163324706373 67
