1781939299574 0.0 1
1781939299575 0.0 2
1781939299576 0.0 3
1781939299577 0.0 4
1781939299578 0.0 5
1781939299579 0.0 6
1781939299580 0.0 7
1781939299581 0.0 8
1781939299582 0.0 9
1781939299583 0.0 10
1781939299584 0.0 11
1781939299584 0.0 12
1781939299585 0.0 13
1781939299586 0.0 14
1781939299587 0.0 15
1781939299588 0.0 16
1781939299589 0.0 17
1781939299590 0.0 18
1781939299591 0.0 19
1781939299592 0.0 20
1781939299593 0.0 21
1781939299594 0.0 22
1781939299595 0.0 23
1781939299596 0.0 24
1781939299597 0.0 25
1781939299598 0.0 26
1781939299598 0.0 27
1781939299599 0.0 28
1781939299600 0.0 29
1781939299601 0.0 30
1781939299602 0.0 31
1781939299603 0.0 32
1781939299604 0.0 33
1781939299605 0.0 34
1781939299606 0.0 35
1781939299607 0.0 36
1781939299608 0.0 37
1781939299609 0.0 38
1781939299610 0.0 39
1781939299611 0.0 40
1781939299611 0.0 41
1781939299612 0.0 42
1781939299613 0.0 43
1781939299614 0.0 44
1781939299615 0.0 45
1781939299616 0.0 46
1781939299617 0.0 47
1781939299618 0.0 48
1781939299619 0.0 49
1781939299620 0.0 50
1781939299621 0.0 51
1781939299622 0.0 52
1781939299623 0.0 53
1781939299624 0.0 54
1781939299625 0.0 55
1781939299626 0.0 56
1781939299626 0.0 57
