1781939299467 0.14391209729015828 1
1781939299468 0.04902448783628643 2
1781939299469 0.02274615239351988 3
1781939299470 0.013637752840295433 4
1781939299471 0.009324584417045116 5
1781939299472 0.006906658443622291 6
1781939299473 0.005393053469015285 7
1781939299474 0.004572180977556854 8
1781939299475 0.003842862357851118 9
1781939299476 0.0032658919796813277 10
1781939299477 0.0029213829297805205 11
1781939299478 0.0026073294330853968 12
1781939299478 0.002406402214546688 13
1781939299479 0.002244207340409048 14
1781939299480 0.002217198122525588 15
1781939299481 0.00208322026708629 16
1781939299482 0.001958451102836989 17
1781939299483 0.0018382634920999408 18
1781939299484 0.001770634968415834 19
1781939299485 0.0016696628188947215 20
1781939299486 0.0015943110347143375 21
1781939299487 0.0016195010457886383 22
1781939299488 0.00156422236803337 23
1781939299489 0.0014747593972424511 24
1781939299490 0.0014714019614621065 25
1781939299491 0.0014555104858300183 26
1781939299492 0.0014985290248296223 27
1781939299493 0.001391523801139556 28
1781939299494 0.0013778193079633638 29
1781939299494 0.0013152389488823245 30
1781939299495 0.0012900471317698248 31
1781939299496 0.0012612070237810258 32
1781939299497 0.0013008602397167124 33
1781939299498 0.001275531111023156 34
1781939299499 0.0012019505297212164 35
1781939299500 0.0012053370046487544 36
1781939299501 0.0011489989404799416 37
1781939299502 0.0010753174436831615 38
1781939299503 0.001048711297335103 39
1781939299504 0.0010332149292662507 40
1781939299505 0.0010187659790972248 41
1781939299506 0.0010077938045287738 42
1781939299507 0.0009935852819035064 43
1781939299507 0.0009811949029244716 44
1781939299508 0.0009745425598521252 45
1781939299509 0.0009667778242146597 46
1781939299510 0.0009598722424561856 47
1781939299511 0.0009534657155018067 48
1781939299512 0.0009440090393036372 49
1781939299513 0.0009394555856124498 50
1781939299514 0.0009353364647540729 51
1781939299515 0.0009311590530705871 52
1781939299516 0.0009268031807732768 53
1781939299517 0.0009226432814466534 54
1781939299518 0.0009170930486288853 55
1781939299519 0.000914265897590667 56
1781939299520 0.0009116984614956892 57
