1781939299627 0.0 1
1781939299628 0.0 2
1781939299629 0.0 3
1781939299630 0.0 4
1781939299631 0.0 5
1781939299632 0.0 6
1781939299633 0.0 7
1781939299634 0.0 8
1781939299635 0.0 9
1781939299636 0.0 10
1781939299637 0.0 11
1781939299638 0.0 12
1781939299639 0.0 13
1781939299640 0.0 14
1781939299640 0.0 15
1781939299641 0.0 16
1781939299642 0.0 17
1781939299643 0.0 18
1781939299644 0.0 19
1781939299645 0.0 20
1781939299646 0.0 21
1781939299647 0.0 22
1781939299648 0.0 23
1781939299649 0.0 24
1781939299650 0.0 25
1781939299651 0.0 26
1781939299652 0.0 27
1781939299653 0.0 28
1781939299654 0.0 29
1781939299654 0.0 30
1781939299655 0.0 31
1781939299656 0.0 32
1781939299657 0.0 33
1781939299658 0.0 34
1781939299659 0.0 35
1781939299660 0.0 36
1781939299661 0.0 37
1781939299662 0.0 38
1781939299663 0.0 39
1781939299664 0.0 40
1781939299665 0.0 41
1781939299666 0.0 42
1781939299667 0.0 43
1781939299668 0.0 44
1781939299668 0.0 45
1781939299669 0.0 46
1781939299670 0.0 47
1781939299671 0.0 48
1781939299672 0.0 49
1781939299673 0.0 50
1781939299674 0.0 51
1781939299675 0.0 52
1781939299676 0.0 53
1781939299677 0.0 54
1781939299678 0.0 55
1781939299679 0.0 56
1781939299680 0.0 57
