1780574640009 6.954733848571777 1
1780574644003 6.035247802734375 2
1780574647623 5.739450931549072 3
1780574651422 5.36624813079834 4
1780574655829 5.1830220222473145 5
1780574659790 5.048068046569824 6
1780574664199 4.868801593780518 7
1780574668199 4.777254581451416 8
1780574671838 4.593165874481201 9
1780574675688 4.497525691986084 10
1780574679873 4.422512531280518 11
1780574684055 4.356687068939209 12
1780574688195 4.304298400878906 13
1780574692662 4.226555347442627 14
1780574696655 4.186254024505615 15
1780574700599 4.088945388793945 16
1780574705015 4.000343322753906 17
1780574709793 3.9473378658294678 18
1780574713918 3.887073278427124 19
1780574717699 3.8449015617370605 20
1780574721559 3.801295280456543 21
1780574725367 3.751481533050537 22
1780574729203 3.7122411727905273 23
1780574732927 3.6629350185394287 24
1780574737411 3.6121857166290283 25
1780574741759 3.580838441848755 26
1780574745775 3.5369954109191895 27
1780574749689 3.5000526905059814 28
1780574753459 3.466456174850464 29
1780574757275 3.4308955669403076 30
1780574760997 3.3948044776916504 31
1780574764855 3.3650333881378174 32
1780574768874 3.32619571685791 33
1780574772871 3.2882487773895264 34
1780574777264 3.2578020095825195 35
1780574781383 3.2302637100219727 36
1780574785143 3.199530839920044 37
1780574788967 3.1721291542053223 38
1780574792816 3.1482245922088623 39
1780574797003 3.124746799468994 40
1780574800896 3.091766357421875 41
1780574804799 3.0596094131469727 42
1780574808542 3.0349247455596924 43
1780574812647 3.008974313735962 44
1780574816708 2.9790048599243164 45
1780574820396 2.951641321182251 46
1780574824367 2.930537462234497 47
1780574828296 2.9052398204803467 48
1780574832155 2.8788068294525146 49
1780574836227 2.8590118885040283 50
1780574840826 2.837015390396118 51
1780574845128 2.815155506134033 52
1780574848871 2.7888312339782715 53
1780574852684 2.769552707672119 54
1780574856602 2.747114658355713 55
1780574860624 2.726217031478882 56
1780574864980 2.7051198482513428 57
1780574868832 2.6826493740081787 58
1780574872716 2.6606051921844482 59
1780574876592 2.638453245162964 60
1780574880743 2.6183013916015625 61
1780574884759 2.598133087158203 62
1780574888632 2.577970027923584 63
1780574892495 2.5571560859680176 64
1780574896464 2.5355350971221924 65
1780574900717 2.51603364944458 66
1780574904722 2.4976816177368164 67
1780574908572 2.475872755050659 68
1780574912336 2.4526219367980957 69
1780574916147 2.435016393661499 70
1780574919976 2.416057825088501 71
1780574924297 2.3959004878997803 72
1780574928275 2.3752424716949463 73
1780574932275 2.3548355102539062 74
1780574936120 2.336005210876465 75
1780574940577 2.319075584411621 76
1780574944728 2.2963674068450928 77
1780574949084 2.277824640274048 78
1780574953280 2.260981798171997 79
1780574957205 2.2410547733306885 80
1780574961240 2.2254202365875244 81
1780574965520 2.2097325325012207 82
1780574969660 2.1928908824920654 83
1780574973444 2.177577018737793 84
1780574977780 2.1616551876068115 85
1780574981572 2.1468889713287354 86
1780574985396 2.1329128742218018 87
1780574989296 2.1158246994018555 88
1780574993572 2.098877429962158 89
1780574997615 2.0822253227233887 90
1780575001504 2.0665359497070312 91
1780575005388 2.0508077144622803 92
1780575009386 2.036210775375366 93
1780575013796 2.020305871963501 94
1780575017968 2.0067248344421387 95
1780575021808 1.991953730583191 96
1780575026524 1.9787417650222778 97
1780575030671 1.964087724685669 98
1780575034680 1.9501217603683472 99
1780575038720 1.9339231252670288 100
1780575042856 1.919013261795044 101
1780575046779 1.9042576551437378 102
1780575050884 1.8882629871368408 103
1780575055059 1.8753814697265625 104
1780575059153 1.8608248233795166 105
1780575063328 1.847790241241455 106
1780575067768 1.8332302570343018 107
1780575072189 1.8191735744476318 108
1780575076382 1.803868055343628 109
1780575080432 1.7908438444137573 110
1780575084444 1.775551438331604 111
1780575088385 1.7629722356796265 112
1780575092356 1.7478656768798828 113
1780575096713 1.7332743406295776 114
1780575101075 1.7181618213653564 115
1780575104976 1.7040114402770996 116
1780575109228 1.68947172164917 117
1780575113403 1.6744649410247803 118
1780575117308 1.6606125831604004 119
1780575121600 1.6466351747512817 120
1780575125644 1.6330817937850952 121
1780575129551 1.6192187070846558 122
1780575134008 1.6046810150146484 123
1780575138128 1.5897377729415894 124
1780575142187 1.575454592704773 125
1780575146254 1.5617530345916748 126
1780575150448 1.547766089439392 127
1780575154656 1.535720705986023 128
1780575158948 1.5229753255844116 129
1780575162916 1.5077613592147827 130
1780575167039 1.4935853481292725 131
1780575171002 1.4789069890975952 132
1780575175064 1.4649559259414673 133
1780575179044 1.4514222145080566 134
1780575183645 1.438536524772644 135
1780575187640 1.4265778064727783 136
1780575191564 1.4142953157424927 137
1780575195652 1.4015812873840332 138
1780575199852 1.3875555992126465 139
1780575203908 1.375101089477539 140
1780575208068 1.3611479997634888 141
1780575212127 1.3484101295471191 142
1780575216220 1.3358204364776611 143
1780575220596 1.321103811264038 144
1780575224956 1.3085464239120483 145
1780575228983 1.296179175376892 146
1780575233040 1.2825195789337158 147
1780575236901 1.268678069114685 148
1780575240872 1.2561672925949097 149
1780575244700 1.2429511547088623 150
1780575248628 1.2303187847137451 151
1780575252925 1.2173042297363281 152
1780575257025 1.2038002014160156 153
1780575261648 1.191407322883606 154
1780575265660 1.1784653663635254 155
1780575269916 1.1658650636672974 156
1780575274769 1.1531535387039185 157
1780575278785 1.1407066583633423 158
1780575283048 1.1262222528457642 159
1780575287156 1.1127150058746338 160
1780575291244 1.1000124216079712 161
1780575295783 1.0883243083953857 162
1780575299712 1.0744969844818115 163
1780575304068 1.062244176864624 164
1780575308456 1.0495936870574951 165
1780575312568 1.0363178253173828 166
1780575316613 1.0236684083938599 167
1780575321009 1.0117329359054565 168
1780575325556 0.997480034828186 169
1780575329584 0.9850170016288757 170
1780575333716 0.9716367721557617 171
1780575337728 0.9583439230918884 172
1780575341828 0.9449260234832764 173
1780575345766 0.932862401008606 174
1780575350076 0.9206266403198242 175
1780575354116 0.9095533490180969 176
1780575358252 0.8968278169631958 177
1780575362328 0.8842050433158875 178
1780575366292 0.8706550598144531 179
1780575370240 0.8566951751708984 180
1780575374253 0.844886839389801 181
1780575378257 0.8336350917816162 182
1780575382190 0.8207060694694519 183
1780575386631 0.8082048296928406 184
1780575391020 0.7921234369277954 185
1780575395229 0.7796621918678284 186
1780575399345 0.7663412094116211 187
1780575403506 0.7523874044418335 188
1780575407713 0.7381399869918823 189
1780575411827 0.7227234244346619 190
1780575415990 0.7095101475715637 191
1780575418354 0.6955155730247498 192
1780575421848 0.6811631321907043 193
1780575424564 0.6644877195358276 194
1780575426939 0.6492899656295776 195
1780575429343 0.6364308595657349 196
1780575431657 0.6225201487541199 197
1780575434200 0.6084778904914856 198
1780575436551 0.5942978262901306 199
1780575438871 0.5816581845283508 200
1780575441288 0.5642744898796082 201
1780575443779 0.5501484274864197 202
1780575446091 0.5366631150245667 203
1780575448314 0.5234172344207764 204
1780575450775 0.5092458724975586 205
1780575453292 0.49706652760505676 206
1780575455662 0.4850492477416992 207
1780575458069 0.47325894236564636 208
1780575460505 0.46000710129737854 209
1780575463482 0.44653937220573425 210
1780575465859 0.43364009261131287 211
1780575468211 0.41879794001579285 212
1780575470570 0.40433067083358765 213
1780575473051 0.38904184103012085 214
1780575475446 0.3741546869277954 215
1780575477746 0.35905012488365173 216
1780575480584 0.34486308693885803 217
1780575483134 0.33114221692085266 218
1780575485598 0.3172066807746887 219
1780575487898 0.3046281933784485 220
1780575490785 0.2918832004070282 221
1780575494512 0.27657169103622437 222
1780575496916 0.2605620324611664 223
1780575499196 0.24729487299919128 224
1780575501631 0.2331908792257309 225
1780575504142 0.2173108458518982 226
1780575506739 0.20188060402870178 227
1780575509143 0.18342489004135132 228
1780575511713 0.1632547229528427 229
1780575514341 0.14688199758529663 230
1780575516893 0.13225963711738586 231
1780575519338 0.11681307107210159 232
1780575521807 0.10091295093297958 233
1780575524367 0.08276966959238052 234
1780575526817 0.06403091549873352 235
1780575529460 0.04649071767926216 236
1780575532805 0.01791829988360405 237
1780575535316 0.011763152666389942 238
1780575537758 0.004974717739969492 239
1780575540156 0.004977008327841759 240
