1780574640018 0.9123802781105042 1
1780574644014 0.912493109703064 2
1780574647634 0.9127288460731506 3
1780574651434 0.9525165557861328 4
1780574655840 0.9536699652671814 5
1780574659801 0.9872782826423645 6
1780574664210 0.9873045086860657 7
1780574668210 0.9915854334831238 8
1780574671849 0.992014467716217 9
1780574675699 0.9934216737747192 10
1780574679883 0.9937671422958374 11
1780574684066 0.9966897368431091 12
1780574688206 0.9967392683029175 13
1780574692673 0.9967968463897705 14
1780574696666 0.9968873262405396 15
1780574700610 0.9979389309883118 16
1780574705026 0.9979390501976013 17
1780574709803 0.9979996681213379 18
1780574713929 0.9980000853538513 19
1780574717710 0.9980048537254333 20
1780574721570 0.998123824596405 21
1780574725379 0.9981290102005005 22
1780574729215 0.9988914728164673 23
1780574732938 0.9991570115089417 24
1780574737422 0.9992668032646179 25
1780574741770 0.9992890357971191 26
1780574745786 0.9992890357971191 27
1780574749700 0.9993253946304321 28
1780574753470 0.9993571043014526 29
1780574757286 0.9993571043014526 30
1780574761009 0.9994639754295349 31
1780574764866 0.9994808435440063 32
1780574768900 0.9995071887969971 33
1780574772882 0.9995094537734985 34
1780574777275 0.9995104670524597 35
1780574781394 0.9995329976081848 36
1780574785166 0.999563992023468 37
1780574788978 0.9996363520622253 38
1780574792827 0.9996510148048401 39
1780574797014 0.9996731281280518 40
1780574800918 0.9996782541275024 41
1780574804810 0.9997056722640991 42
1780574808552 0.9997099041938782 43
1780574812658 0.9997513890266418 44
1780574816719 0.9998129606246948 45
1780574820407 0.9998142123222351 46
1780574824378 0.9998148083686829 47
1780574828307 0.9998157620429993 48
1780574832166 0.9998185634613037 49
1780574836238 0.9998219609260559 50
1780574840845 0.9998341202735901 51
1780574845139 0.9998418092727661 52
1780574848882 0.999846339225769 53
1780574852695 0.9998599886894226 54
1780574856613 0.9998694062232971 55
1780574860636 0.9998766183853149 56
1780574864991 0.9999068379402161 57
1780574868843 0.9999107122421265 58
1780574872727 0.9999181628227234 59
1780574876603 0.9999344944953918 60
1780574880754 0.999935507774353 61
1780574884770 0.9999374151229858 62
1780574888643 0.9999375939369202 63
1780574892506 0.999939501285553 64
1780574896475 0.9999404549598694 65
1780574900727 0.9999404549598694 66
1780574904732 0.9999433755874634 67
1780574908583 0.9999434947967529 68
1780574912347 0.9999435544013977 69
1780574916158 0.9999435544013977 70
1780574919987 0.9999445676803589 71
1780574924308 0.9999445676803589 72
1780574928287 0.9999450445175171 73
1780574932286 0.9999561309814453 74
1780574936131 0.9999580979347229 75
1780574940601 0.9999592900276184 76
1780574944739 0.9999603033065796 77
1780574949095 0.9999610781669617 78
1780574953291 0.999962329864502 79
1780574957216 0.9999624490737915 80
1780574961251 0.9999653697013855 81
1780574965531 0.9999656081199646 82
1780574969671 0.9999659061431885 83
1780574973455 0.9999672770500183 84
1780574977791 0.9999676942825317 85
1780574981583 0.9999680519104004 86
1780574985407 0.9999681711196899 87
1780574989307 0.9999681711196899 88
1780574993584 0.999968409538269 89
1780574997625 0.999975323677063 90
1780575001516 0.9999756813049316 91
1780575005399 0.9999763369560242 92
1780575009397 0.9999763369560242 93
1780575013807 0.999976396560669 94
1780575017979 0.9999768137931824 95
1780575021819 0.9999773502349854 96
1780575026536 0.9999781250953674 97
1780575030683 0.9999796748161316 98
1780575034691 0.9999796748161316 99
1780575038731 0.9999799132347107 100
1780575042867 0.9999819397926331 101
1780575046789 0.9999819993972778 102
1780575050895 0.9999819993972778 103
1780575055070 0.9999828934669495 104
1780575059165 0.9999834299087524 105
1780575063339 0.9999834895133972 106
1780575067779 0.999983549118042 107
1780575072200 0.9999852776527405 108
1780575076393 0.9999855756759644 109
1780575080443 0.9999858736991882 110
1780575084454 0.9999870657920837 111
1780575088396 0.9999874830245972 112
1780575092367 0.9999874830245972 113
1780575096724 0.9999876618385315 114
1780575101091 0.9999878406524658 115
1780575104987 0.9999879002571106 116
1780575109240 0.9999879598617554 117
1780575113414 0.9999879598617554 118
1780575117320 0.9999879598617554 119
1780575121611 0.9999880194664001 120
1780575125654 0.9999880194664001 121
1780575129562 0.9999892711639404 122
1780575134019 0.9999895095825195 123
1780575138139 0.9999905228614807 124
1780575142198 0.9999908208847046 125
1780575146280 0.9999913573265076 126
1780575150459 0.9999922513961792 127
1780575154668 0.999992847442627 128
1780575158959 0.9999929070472717 129
1780575162927 0.9999942183494568 130
1780575167049 0.9999942183494568 131
1780575171012 0.9999942183494568 132
1780575175075 0.9999943375587463 133
1780575179055 0.9999943375587463 134
1780575183655 0.9999943971633911 135
1780575187651 0.9999948143959045 136
1780575191575 0.9999948740005493 137
1780575195663 0.9999949336051941 138
1780575199863 0.9999949336051941 139
1780575203919 0.9999949336051941 140
1780575208079 0.9999950528144836 141
1780575212138 0.9999950528144836 142
1780575216231 0.999995231628418 143
1780575220607 0.999995231628418 144
1780575224967 0.9999952912330627 145
1780575228994 0.9999952912330627 146
1780575233052 0.9999955296516418 147
1780575236912 0.9999955892562866 148
1780575240883 0.9999955892562866 149
1780575244711 0.9999956488609314 150
1780575248639 0.9999957084655762 151
1780575252936 0.999995768070221 152
1780575257037 0.9999958276748657 153
1780575261659 0.9999959468841553 154
1780575265671 0.9999960064888 155
1780575269927 0.9999960660934448 156
1780575274780 0.9999961256980896 157
1780575278796 0.9999961853027344 158
1780575283059 0.9999961853027344 159
1780575287175 0.9999963045120239 160
1780575291254 0.9999963045120239 161
1780575295794 0.9999963045120239 162
1780575299723 0.9999966025352478 163
1780575304079 0.9999966025352478 164
1780575308467 0.9999975562095642 165
1780575312579 0.9999979138374329 166
1780575316623 0.9999979138374329 167
1780575321020 0.9999979138374329 168
1780575325567 0.9999979138374329 169
1780575329595 0.9999979734420776 170
1780575333727 0.9999979734420776 171
1780575337739 0.9999980330467224 172
1780575341839 0.9999980330467224 173
1780575345777 0.9999980926513672 174
1780575350087 0.9999980926513672 175
1780575354127 0.999998152256012 176
1780575358263 0.999998152256012 177
1780575362339 0.9999982714653015 178
1780575366303 0.9999983310699463 179
1780575370251 0.9999983310699463 180
1780575374264 0.9999984502792358 181
1780575378268 0.9999985098838806 182
1780575382201 0.9999985098838806 183
1780575386643 0.9999985098838806 184
1780575391031 0.9999985694885254 185
1780575395240 0.9999986290931702 186
1780575399356 0.9999986886978149 187
1780575403517 0.9999986886978149 188
1780575407724 0.9999987483024597 189
1780575411838 0.9999987483024597 190
1780575416016 0.9999988675117493 191
1780575418365 0.9999991059303284 192
1780575421859 0.9999993443489075 193
1780575424575 0.9999994039535522 194
1780575426951 0.9999994039535522 195
1780575429354 0.999999463558197 196
1780575431669 0.999999463558197 197
1780575434211 0.999999463558197 198
1780575436562 0.9999995231628418 199
1780575438883 0.9999995231628418 200
1780575441299 0.9999996423721313 201
1780575443791 0.9999996423721313 202
1780575446102 0.9999996423721313 203
1780575448325 0.9999997019767761 204
1780575450786 0.9999997019767761 205
1780575453303 0.9999997019767761 206
1780575455673 0.9999997019767761 207
1780575458080 0.9999997019767761 208
1780575460516 0.9999997019767761 209
1780575463494 0.9999997615814209 210
1780575465870 0.9999998211860657 211
1780575468222 0.9999998211860657 212
1780575470581 0.9999998211860657 213
1780575473062 0.9999998211860657 214
1780575475457 0.9999998211860657 215
1780575477757 0.9999998807907104 216
1780575480595 0.9999998807907104 217
1780575483150 0.9999998807907104 218
1780575485610 0.9999998807907104 219
1780575487909 0.9999998807907104 220
1780575490796 0.9999999403953552 221
1780575494524 0.9999999403953552 222
1780575496926 0.9999999403953552 223
1780575499207 0.9999999403953552 224
1780575501642 0.9999999403953552 225
1780575504153 0.9999999403953552 226
1780575506749 0.9999999403953552 227
1780575509157 0.9999999403953552 228
1780575511724 1.0 229
1780575514352 1.0 230
1780575516905 1.0 231
1780575519349 1.0 232
1780575521818 1.0 233
1780575524378 1.0 234
1780575526828 1.0 235
1780575529471 1.0 236
1780575532816 1.0 237
1780575535327 1.0 238
1780575537769 1.0 239
1780575540167 1.0 240
