1780574640003 18.214580535888672 1
1780574643996 16.797828674316406 2
1780574647616 16.08112335205078 3
1780574651415 15.444561004638672 4
1780574655822 15.007909774780273 5
1780574659783 14.65121841430664 6
1780574664192 14.297703742980957 7
1780574668192 14.011877059936523 8
1780574671831 13.708325386047363 9
1780574675681 13.424459457397461 10
1780574679859 13.194498062133789 11
1780574684048 12.959249496459961 12
1780574688188 12.761235237121582 13
1780574692656 12.547799110412598 14
1780574696648 12.377685546875 15
1780574700592 12.181499481201172 16
1780574705008 11.993264198303223 17
1780574709771 11.84351634979248 18
1780574713911 11.691923141479492 19
1780574717692 11.548727989196777 20
1780574721552 11.415285110473633 21
1780574725347 11.271825790405273 22
1780574729196 11.13746166229248 23
1780574732920 11.013567924499512 24
1780574737404 10.886311531066895 25
1780574741752 10.770013809204102 26
1780574745768 10.649476051330566 27
1780574749682 10.52401065826416 28
1780574753452 10.411873817443848 29
1780574757268 10.300583839416504 30
1780574760990 10.188742637634277 31
1780574764848 10.082865715026855 32
1780574768868 9.981046676635742 33
1780574772864 9.877094268798828 34
1780574777256 9.773844718933105 35
1780574781376 9.67828369140625 36
1780574785128 9.585758209228516 37
1780574788960 9.495725631713867 38
1780574792809 9.407903671264648 39
1780574796996 9.320781707763672 40
1780574800889 9.227396965026855 41
1780574804792 9.139178276062012 42
1780574808535 9.05315113067627 43
1780574812641 8.966626167297363 44
1780574816701 8.884952545166016 45
1780574820389 8.806023597717285 46
1780574824360 8.729147911071777 47
1780574828289 8.655792236328125 48
1780574832148 8.576083183288574 49
1780574836220 8.504161834716797 50
1780574840815 8.430514335632324 51
1780574845121 8.361333847045898 52
1780574848864 8.2894868850708 53
1780574852677 8.221185684204102 54
1780574856596 8.151124954223633 55
1780574860617 8.086116790771484 56
1780574864973 8.01717758178711 57
1780574868825 7.952063083648682 58
1780574872709 7.889255046844482 59
1780574876585 7.823600769042969 60
1780574880736 7.759203910827637 61
1780574884752 7.696683883666992 62
1780574888625 7.634436130523682 63
1780574892489 7.571130275726318 64
1780574896457 7.511474609375 65
1780574900695 7.449444770812988 66
1780574904716 7.3891921043396 67
1780574908565 7.330399513244629 68
1780574912329 7.2667999267578125 69
1780574916141 7.209416389465332 70
1780574919969 7.150873184204102 71
1780574924275 7.09248161315918 72
1780574928268 7.033354759216309 73
1780574932268 6.975960731506348 74
1780574936113 6.919846057891846 75
1780574940570 6.865490436553955 76
1780574944721 6.806536674499512 77
1780574949077 6.751847743988037 78
1780574953273 6.697408199310303 79
1780574957197 6.643462181091309 80
1780574961233 6.59353494644165 81
1780574965513 6.54218053817749 82
1780574969653 6.4890828132629395 83
1780574973437 6.439660549163818 84
1780574977773 6.388132572174072 85
1780574981565 6.340828895568848 86
1780574985389 6.292847633361816 87
1780574989289 6.2439422607421875 88
1780574993565 6.195404052734375 89
1780574997608 6.14591646194458 90
1780575001497 6.098502159118652 91
1780575005381 6.052087306976318 92
1780575009380 6.005482196807861 93
1780575013789 5.959347724914551 94
1780575017961 5.913260459899902 95
1780575021801 5.867350101470947 96
1780575026517 5.823362827301025 97
1780575030665 5.777289390563965 98
1780575034673 5.731515407562256 99
1780575038713 5.686981201171875 100
1780575042849 5.64279842376709 101
1780575046772 5.598114967346191 102
1780575050877 5.552540302276611 103
1780575055052 5.510058403015137 104
1780575059146 5.466502666473389 105
1780575063321 5.424028396606445 106
1780575067761 5.3808746337890625 107
1780575072182 5.3384690284729 108
1780575076376 5.2952656745910645 109
1780575080425 5.253312110900879 110
1780575084437 5.212067604064941 111
1780575088377 5.170675754547119 112
1780575092349 5.1265482902526855 113
1780575096706 5.084829807281494 114
1780575101069 5.042730808258057 115
1780575104969 5.0014872550964355 116
1780575109222 4.958861351013184 117
1780575113396 4.914836406707764 118
1780575117301 4.874790668487549 119
1780575121593 4.833315849304199 120
1780575125637 4.793289661407471 121
1780575129544 4.754120349884033 122
1780575134001 4.713192939758301 123
1780575138121 4.671462059020996 124
1780575142180 4.630791187286377 125
1780575146247 4.591446876525879 126
1780575150441 4.549989700317383 127
1780575154649 4.512248516082764 128
1780575158942 4.472715377807617 129
1780575162909 4.432863712310791 130
1780575167033 4.391092300415039 131
1780575170996 4.350356101989746 132
1780575175057 4.308730602264404 133
1780575179038 4.269559860229492 134
1780575183623 4.22965669631958 135
1780575187633 4.190811634063721 136
1780575191557 4.152524471282959 137
1780575195645 4.11464262008667 138
1780575199845 4.07413387298584 139
1780575203901 4.034863471984863 140
1780575208061 3.995574474334717 141
1780575212121 3.9575984477996826 142
1780575216213 3.919167995452881 143
1780575220589 3.8795652389526367 144
1780575224949 3.8424956798553467 145
1780575228976 3.8034300804138184 146
1780575233033 3.7653257846832275 147
1780575236894 3.724975109100342 148
1780575240865 3.686089038848877 149
1780575244693 3.6475398540496826 150
1780575248621 3.610434055328369 151
1780575252918 3.571486711502075 152
1780575257018 3.5321044921875 153
1780575261641 3.4946932792663574 154
1780575265653 3.457975149154663 155
1780575269909 3.4204752445220947 156
1780575274762 3.3835337162017822 157
1780575278779 3.346013307571411 158
1780575283041 3.3056938648223877 159
1780575287149 3.267756700515747 160
1780575291237 3.2293639183044434 161
1780575295776 3.1934173107147217 162
1780575299705 3.1551623344421387 163
1780575304061 3.1200077533721924 164
1780575308449 3.0840158462524414 165
1780575312562 3.0469157695770264 166
1780575316606 3.010241746902466 167
1780575321002 2.972943067550659 168
1780575325549 2.9364380836486816 169
1780575329577 2.8994317054748535 170
1780575333710 2.8614845275878906 171
1780575337722 2.825625419616699 172
1780575341821 2.7873544692993164 173
1780575345745 2.750981569290161 174
1780575350069 2.7141103744506836 175
1780575354109 2.6762354373931885 176
1780575358245 2.63881778717041 177
1780575362321 2.600475311279297 178
1780575366285 2.5618436336517334 179
1780575370233 2.522723436355591 180
1780575374246 2.4873976707458496 181
1780575378250 2.4505913257598877 182
1780575382183 2.4131999015808105 183
1780575386625 2.375889778137207 184
1780575391014 2.336353302001953 185
1780575395222 2.2989726066589355 186
1780575399338 2.260938882827759 187
1780575403499 2.2230889797210693 188
1780575407706 2.1839511394500732 189
1780575411821 2.1445348262786865 190
1780575415983 2.106259822845459 191
1780575418347 2.0675036907196045 192
1780575421841 2.029625177383423 193
1780575424557 1.9881612062454224 194
1780575426932 1.946807622909546 195
1780575429336 1.9092909097671509 196
1780575431649 1.8690526485443115 197
1780575434193 1.8289096355438232 198
1780575436544 1.7879639863967896 199
1780575438864 1.7506548166275024 200
1780575441282 1.7075955867767334 201
1780575443772 1.6663055419921875 202
1780575446084 1.6276308298110962 203
1780575448307 1.5882076025009155 204
1780575450768 1.5478769540786743 205
1780575453285 1.5100420713424683 206
1780575455655 1.473098635673523 207
1780575458062 1.4366888999938965 208
1780575460498 1.3965599536895752 209
1780575463475 1.35725736618042 210
1780575465852 1.318360686302185 211
1780575468204 1.27696692943573 212
1780575470563 1.235287070274353 213
1780575473044 1.1934417486190796 214
1780575475439 1.1511995792388916 215
1780575477739 1.1083582639694214 216
1780575480577 1.0665189027786255 217
1780575483128 1.0247230529785156 218
1780575485591 0.9833571314811707 219
1780575487891 0.9438957571983337 220
1780575490778 0.9047598242759705 221
1780575494505 0.8582847714424133 222
1780575496908 0.8113592863082886 223
1780575499189 0.7710208296775818 224
1780575501624 0.7270495295524597 225
1780575504135 0.6824033260345459 226
1780575506732 0.6356701254844666 227
1780575509136 0.5829476118087769 228
1780575511705 0.5301915407180786 229
1780575514334 0.4816858172416687 230
1780575516886 0.43477532267570496 231
1780575519331 0.38749513030052185 232
1780575521800 0.33705806732177734 233
1780575524360 0.2803540527820587 234
1780575526810 0.22323185205459595 235
1780575529454 0.16721540689468384 236
1780575532798 0.08370957523584366 237
1780575535309 0.04936898499727249 238
1780575537751 0.009457211941480637 239
1780575540149 0.009471481665968895 240
