1780574640002 229.09469604492188 1
1780574643994 207.50521850585938 2
1780574647615 187.2874755859375 3
1780574651414 175.01077270507812 4
1780574655820 169.4070281982422 5
1780574659782 164.02151489257812 6
1780574664191 156.94805908203125 7
1780574668191 155.20616149902344 8
1780574671830 150.88247680664062 9
1780574675679 147.8749237060547 10
1780574679857 144.18959045410156 11
1780574684047 142.93040466308594 12
1780574688186 140.37013244628906 13
1780574692654 135.80043029785156 14
1780574696647 134.95751953125 15
1780574700591 132.13389587402344 16
1780574705007 125.52108001708984 17
1780574709770 124.95733642578125 18
1780574713909 122.53343200683594 19
1780574717691 121.37203979492188 20
1780574721551 120.50617980957031 21
1780574725346 118.53966522216797 22
1780574729195 116.43954467773438 23
1780574732919 115.03075408935547 24
1780574737403 110.73965454101562 25
1780574741751 107.25477600097656 26
1780574745767 106.9464111328125 27
1780574749681 104.83172607421875 28
1780574753451 103.70341491699219 29
1780574757267 101.68093872070312 30
1780574760988 99.84168243408203 31
1780574764847 98.84165954589844 32
1780574768867 97.88906860351562 33
1780574772863 97.42111206054688 34
1780574777255 94.32250213623047 35
1780574781375 92.4841079711914 36
1780574785127 92.06758117675781 37
1780574788958 90.74383544921875 38
1780574792807 89.31797790527344 39
1780574796995 87.2865982055664 40
1780574800887 86.1590576171875 41
1780574804791 85.5684585571289 42
1780574808534 84.5064697265625 43
1780574812639 83.62059020996094 44
1780574816699 83.11076354980469 45
1780574820387 81.44105529785156 46
1780574824359 80.75045776367188 47
1780574828287 80.0517578125 48
1780574832147 79.01660919189453 49
1780574836219 77.25418853759766 50
1780574840814 76.23818969726562 51
1780574845119 75.6629638671875 52
1780574848863 74.73089599609375 53
1780574852676 74.18395233154297 54
1780574856595 72.91238403320312 55
1780574860616 71.77095794677734 56
1780574864971 71.16258239746094 57
1780574868823 69.87857055664062 58
1780574872708 68.9061050415039 59
1780574876583 68.1903076171875 60
1780574880735 67.47312927246094 61
1780574884751 66.2291030883789 62
1780574888623 65.53126525878906 63
1780574892487 64.78758239746094 64
1780574896456 64.04177856445312 65
1780574900694 63.22494888305664 66
1780574904714 62.294158935546875 67
1780574908563 61.67167663574219 68
1780574912327 60.7951774597168 69
1780574916139 60.423648834228516 70
1780574919967 60.120208740234375 71
1780574924274 58.18939208984375 72
1780574928267 57.392974853515625 73
1780574932267 57.042564392089844 74
1780574936112 56.51811599731445 75
1780574940569 56.04044723510742 76
1780574944719 55.415924072265625 77
1780574949075 54.708580017089844 78
1780574953272 54.22117614746094 79
1780574957196 53.409122467041016 80
1780574961232 52.51472473144531 81
1780574965512 51.48759078979492 82
1780574969652 50.67256164550781 83
1780574973435 50.40155029296875 84
1780574977772 49.89544677734375 85
1780574981563 49.45869445800781 86
1780574985387 49.015899658203125 87
1780574989287 48.10662841796875 88
1780574993564 47.52236557006836 89
1780574997607 47.178314208984375 90
1780575001495 46.62986373901367 91
1780575005379 45.93995666503906 92
1780575009378 45.11787033081055 93
1780575013787 44.775047302246094 94
1780575017959 44.169166564941406 95
1780575021800 43.340049743652344 96
1780575026516 42.9912109375 97
1780575030663 42.182193756103516 98
1780575034672 41.74943542480469 99
1780575038711 41.32789611816406 100
1780575042848 40.46132278442383 101
1780575046771 40.030914306640625 102
1780575050876 39.59107971191406 103
1780575055051 39.113624572753906 104
1780575059145 38.46352005004883 105
1780575063320 37.15156936645508 106
1780575067760 36.701656341552734 107
1780575072180 36.46225357055664 108
1780575076374 35.654075622558594 109
1780575080424 35.39722442626953 110
1780575084435 34.855140686035156 111
1780575088376 34.06606674194336 112
1780575092348 33.69336700439453 113
1780575096704 33.4638786315918 114
1780575101067 33.045467376708984 115
1780575104968 32.607078552246094 116
1780575109220 32.40074920654297 117
1780575113395 31.992294311523438 118
1780575117300 31.145042419433594 119
1780575121592 31.01888084411621 120
1780575125636 30.801528930664062 121
1780575129543 30.572956085205078 122
1780575134000 30.473892211914062 123
1780575138120 30.135852813720703 124
1780575142179 29.48326873779297 125
1780575146246 28.988502502441406 126
1780575150440 28.82318115234375 127
1780575154648 28.696910858154297 128
1780575158940 28.424728393554688 129
1780575162908 28.162166595458984 130
1780575167032 27.51615333557129 131
1780575170994 27.3128604888916 132
1780575175056 26.47620964050293 133
1780575179037 26.162994384765625 134
1780575183622 25.75658416748047 135
1780575187631 24.990318298339844 136
1780575191556 24.64422607421875 137
1780575195644 24.22590446472168 138
1780575199844 23.91733741760254 139
1780575203900 23.323808670043945 140
1780575208060 22.6931209564209 141
1780575212119 22.508628845214844 142
1780575216211 21.71771240234375 143
1780575220588 21.480915069580078 144
1780575224948 21.053970336914062 145
1780575228975 20.333934783935547 146
1780575233032 19.84075164794922 147
1780575236892 19.179351806640625 148
1780575240864 19.006996154785156 149
1780575244692 18.050701141357422 150
1780575248620 17.25667953491211 151
1780575252916 16.7587890625 152
1780575257016 16.19287109375 153
1780575261640 15.876909255981445 154
1780575265652 15.406150817871094 155
1780575269908 15.180168151855469 156
1780575274761 14.243234634399414 157
1780575278777 13.865779876708984 158
1780575283039 13.515264511108398 159
1780575287148 12.794469833374023 160
1780575291235 11.690689086914062 161
1780575295775 11.331392288208008 162
1780575299704 10.71784782409668 163
1780575304059 10.704179763793945 164
1780575308448 10.208465576171875 165
1780575312560 10.181442260742188 166
1780575316604 9.867539405822754 167
1780575321001 9.67068862915039 168
1780575325539 9.438255310058594 169
1780575329576 8.933028221130371 170
1780575333708 8.624773025512695 171
1780575337720 8.463300704956055 172
1780575341820 8.086636543273926 173
1780575345743 7.906585693359375 174
1780575350068 7.331655502319336 175
1780575354108 7.043139457702637 176
1780575358244 6.737287521362305 177
1780575362320 6.2323150634765625 178
1780575366284 5.9200053215026855 179
1780575370232 5.731248378753662 180
1780575374244 5.705178737640381 181
1780575378248 5.507884979248047 182
1780575382181 5.094821929931641 183
1780575386623 4.516544342041016 184
1780575391012 4.309919357299805 185
1780575395220 3.9582347869873047 186
1780575399336 3.5801830291748047 187
1780575403498 3.346148729324341 188
1780575407704 2.9588398933410645 189
1780575411819 2.9085521697998047 190
1780575415982 2.7439863681793213 191
1780575418345 2.428957462310791 192
1780575421840 2.334291458129883 193
1780575424556 2.1969094276428223 194
1780575426931 2.0305376052856445 195
1780575429334 1.9805831909179688 196
1780575431648 1.7637288570404053 197
1780575434191 1.653674602508545 198
1780575436543 1.530238151550293 199
1780575438863 1.3891217708587646 200
1780575441280 1.3355984687805176 201
1780575443771 1.2601722478866577 202
1780575446082 1.1301188468933105 203
1780575448306 1.0804402828216553 204
1780575450766 1.0029959678649902 205
1780575453283 0.9411997199058533 206
1780575455654 0.8954535722732544 207
1780575458061 0.8110221028327942 208
1780575460497 0.7658287286758423 209
1780575463467 0.6999396085739136 210
1780575465851 0.6398575305938721 211
1780575468202 0.5959231853485107 212
1780575470561 0.5359163284301758 213
1780575473043 0.5038026571273804 214
1780575475437 0.4413173496723175 215
1780575477738 0.41566964983940125 216
1780575480576 0.3550441563129425 217
1780575483126 0.34370705485343933 218
1780575485590 0.31466835737228394 219
1780575487890 0.28586864471435547 220
1780575490777 0.2389344871044159 221
1780575494504 0.22451093792915344 222
1780575496907 0.17112568020820618 223
1780575499187 0.15371398627758026 224
1780575501623 0.1412167251110077 225
1780575504134 0.12150537222623825 226
1780575506731 0.09926477074623108 227
1780575509134 0.08665391057729721 228
1780575511703 0.07055030763149261 229
1780575514332 0.05767464637756348 230
1780575516885 0.045114126056432724 231
1780575519329 0.03495796397328377 232
1780575521799 0.024761445820331573 233
1780575524359 0.014782903715968132 234
1780575526809 0.00833473727107048 235
1780575529452 0.003830418922007084 236
1780575532796 0.0007963813259266317 237
1780575535307 0.0002740862837526947 238
1780575537749 8.871403406374156e-05 239
1780575540147 8.886634896043688e-05 240
