1780574640004 10.977640151977539 1
1780574643997 8.586746215820312 2
1780574647618 7.775749206542969 3
1780574651417 6.972314357757568 4
1780574655823 6.357940673828125 5
1780574659785 5.869071960449219 6
1780574664193 5.471505165100098 7
1780574668193 5.082367897033691 8
1780574671833 4.810979843139648 9
1780574675682 4.598491191864014 10
1780574679860 4.328815937042236 11
1780574684049 4.132329940795898 12
1780574688189 3.904071807861328 13
1780574692657 3.763056993484497 14
1780574696650 3.573352098464966 15
1780574700593 3.4684462547302246 16
1780574705009 3.424389123916626 17
1780574709772 3.294610023498535 18
1780574713912 3.198888063430786 19
1780574717693 3.105274200439453 20
1780574721554 2.9798355102539062 21
1780574725349 2.8955438137054443 22
1780574729198 2.804123640060425 23
1780574732922 2.7165510654449463 24
1780574737406 2.6516799926757812 25
1780574741754 2.559109926223755 26
1780574745770 2.497563600540161 27
1780574749683 2.478581428527832 28
1780574753454 2.432481527328491 29
1780574757270 2.39033842086792 30
1780574760991 2.3577380180358887 31
1780574764850 2.3211777210235596 32
1780574768869 2.274827480316162 33
1780574772866 2.261338472366333 34
1780574777258 2.2464091777801514 35
1780574781377 2.2146105766296387 36
1780574785130 2.184225559234619 37
1780574788961 2.1517744064331055 38
1780574792810 2.1112565994262695 39
1780574796998 2.0804381370544434 40
1780574800890 2.0825774669647217 41
1780574804794 2.070988178253174 42
1780574808536 2.0641353130340576 43
1780574812642 2.0592286586761475 44
1780574816702 2.039670944213867 45
1780574820390 2.0168118476867676 46
1780574824361 1.9953241348266602 47
1780574828290 1.9668488502502441 48
1780574832149 1.9696019887924194 49
1780574836222 1.950315237045288 50
1780574840816 1.9417458772659302 51
1780574845122 1.9240660667419434 52
1780574848865 1.9213069677352905 53
1780574852678 1.9067598581314087 54
1780574856597 1.9031931161880493 55
1780574860619 1.8794041872024536 56
1780574864974 1.878678798675537 57
1780574868826 1.8667963743209839 58
1780574872710 1.8453819751739502 59
1780574876586 1.8437778949737549 60
1780574880738 1.8419679403305054 61
1780574884754 1.8343323469161987 62
1780574888626 1.8293230533599854 63
1780574892490 1.8281705379486084 64
1780574896458 1.819770336151123 65
1780574900696 1.822994589805603 66
1780574904717 1.8188683986663818 67
1780574908566 1.8114104270935059 68
1780574912330 1.8248587846755981 69
1780574916142 1.8199224472045898 70
1780574919970 1.8194761276245117 71
1780574924276 1.8221948146820068 72
1780574928270 1.8292633295059204 73
1780574932270 1.8306849002838135 74
1780574936115 1.8316806554794312 75
1780574940572 1.8316552639007568 76
1780574944722 1.8483868837356567 77
1780574949078 1.849361538887024 78
1780574953274 1.8519355058670044 79
1780574957198 1.8598772287368774 80
1780574961234 1.852491021156311 81
1780574965515 1.8508243560791016 82
1780574969654 1.8559441566467285 83
1780574973438 1.8521640300750732 84
1780574977775 1.8571006059646606 85
1780574981566 1.8494014739990234 86
1780574985390 1.8435457944869995 87
1780574989290 1.8416153192520142 88
1780574993567 1.8395872116088867 89
1780574997610 1.8420392274856567 90
1780575001499 1.8398773670196533 91
1780575005382 1.8375685214996338 92
1780575009381 1.8366870880126953 93
1780575013790 1.8358876705169678 94
1780575017962 1.8348534107208252 95
1780575021802 1.833311676979065 96
1780575026519 1.827712059020996 97
1780575030666 1.828845500946045 98
1780575034675 1.8295763731002808 99
1780575038714 1.8271135091781616 100
1780575042850 1.8248449563980103 101
1780575046773 1.8240753412246704 102
1780575050878 1.8260881900787354 103
1780575055053 1.821266531944275 104
1780575059148 1.8191441297531128 105
1780575063323 1.814222812652588 106
1780575067763 1.8113648891448975 107
1780575072183 1.8078678846359253 108
1780575076377 1.8062857389450073 109
1780575080426 1.802965760231018 110
1780575084438 1.7982378005981445 111
1780575088379 1.793750286102295 112
1780575092351 1.7971826791763306 113
1780575096707 1.7957020998001099 114
1780575101070 1.7956278324127197 115
1780575104970 1.7942167520523071 116
1780575109223 1.796236276626587 117
1780575113398 1.8026248216629028 118
1780575117303 1.7985026836395264 119
1780575121595 1.7985405921936035 120
1780575125638 1.7955960035324097 121
1780575129546 1.790725827217102 122
1780575134003 1.7902312278747559 123
1780575138123 1.791440725326538 124
1780575142182 1.791142463684082 125
1780575146249 1.7880268096923828 126
1780575150443 1.7908267974853516 127
1780575154651 1.7844727039337158 128
1780575158943 1.7820836305618286 129
1780575162911 1.7817696332931519 130
1780575167034 1.7863357067108154 131
1780575170997 1.7878907918930054 132
1780575175059 1.7910045385360718 133
1780575179039 1.7881383895874023 134
1780575183624 1.787685751914978 135
1780575187634 1.7855191230773926 136
1780575191559 1.7825915813446045 137
1780575195647 1.7783230543136597 138
1780575199847 1.7797986268997192 139
1780575203903 1.7781614065170288 140
1780575208063 1.776822566986084 141
1780575212122 1.7721607685089111 142
1780575216214 1.768822193145752 143
1780575220591 1.767299771308899 144
1780575224951 1.761109709739685 145
1780575228977 1.7588789463043213 146
1780575233035 1.7545301914215088 147
1780575236895 1.7550060749053955 148
1780575240866 1.7519692182540894 149
1780575244694 1.7482311725616455 150
1780575248623 1.741788625717163 151
1780575252919 1.7393028736114502 152
1780575257019 1.7373621463775635 153
1780575261643 1.7324234247207642 154
1780575265655 1.7259304523468018 155
1780575269911 1.7209423780441284 156
1780575274763 1.7141664028167725 157
1780575278780 1.7088215351104736 158
1780575283042 1.7095403671264648 159
1780575287151 1.7052628993988037 160
1780575291238 1.7024145126342773 161
1780575295777 1.6948782205581665 162
1780575299707 1.692001461982727 163
1780575304062 1.6828389167785645 164
1780575308451 1.675455927848816 165
1780575312563 1.6695845127105713 166
1780575316607 1.663370966911316 167
1780575321004 1.6581809520721436 168
1780575325550 1.6508798599243164 169
1780575329579 1.644378900527954 170
1780575333711 1.63886559009552 171
1780575337723 1.62985360622406 172
1780575341823 1.624903917312622 173
1780575345761 1.616384506225586 174
1780575350071 1.60820472240448 175
1780575354111 1.6016422510147095 176
1780575358247 1.5940839052200317 177
1780575362322 1.5874826908111572 178
1780575366286 1.5818145275115967 179
1780575370235 1.5764415264129639 180
1780575374247 1.5645625591278076 181
1780575378251 1.5550248622894287 182
1780575382184 1.546574592590332 183
1780575386626 1.5374610424041748 184
1780575391015 1.5314557552337646 185
1780575395223 1.5220365524291992 186
1780575399339 1.5127257108688354 187
1780575403501 1.5028202533721924 188
1780575407707 1.4944255352020264 189
1780575411822 1.4861514568328857 190
1780575415985 1.4762746095657349 191
1780575418348 1.4663310050964355 192
1780575421842 1.4543460607528687 193
1780575424558 1.4471120834350586 194
1780575426934 1.4393597841262817 195
1780575429337 1.4268608093261719 196
1780575431651 1.4171000719070435 197
1780575434194 1.4065051078796387 198
1780575436546 1.39622163772583 199
1780575438866 1.3810831308364868 200
1780575441283 1.372641682624817 201
1780575443774 1.3615328073501587 202
1780575446085 1.346652865409851 203
1780575448309 1.3324164152145386 204
1780575450769 1.318808913230896 205
1780575453286 1.3013888597488403 206
1780575455657 1.2832258939743042 207
1780575458064 1.2635918855667114 208
1780575460499 1.2478023767471313 209
1780575463476 1.2301909923553467 210
1780575465854 1.2110941410064697 211
1780575468205 1.1934386491775513 212
1780575470564 1.1756995916366577 213
1780575473045 1.1565167903900146 214
1780575475440 1.136705756187439 215
1780575477740 1.1173409223556519 216
1780575480579 1.0957963466644287 217
1780575483129 1.0734299421310425 218
1780575485593 1.0490285158157349 219
1780575487893 1.0230298042297363 220
1780575490779 0.9955955743789673 221
1780575494507 0.9725250005722046 222
1780575496910 0.9477782249450684 223
1780575499190 0.9161198735237122 224
1780575501626 0.8868111968040466 225
1780575504136 0.8550906181335449 226
1780575506734 0.8230300545692444 227
1780575509137 0.7920386791229248 228
1780575511706 0.7576681971549988 229
1780575514335 0.7177751064300537 230
1780575516887 0.6750726103782654 231
1780575519332 0.6322383880615234 232
1780575521802 0.5859166383743286 233
1780575524362 0.5373965501785278 234
1780575526812 0.4797254800796509 235
1780575529455 0.4138231575489044 236
1780575532799 0.34140828251838684 237
1780575535310 0.23511409759521484 238
1780575537752 0.0002446100697852671 239
1780575540150 0.000264595786575228 240
