1780574640017 0.39228689670562744 1
1780574644012 0.4010477662086487 2
1780574647633 0.4857810139656067 3
1780574651433 0.5394245386123657 4
1780574655838 0.5736844539642334 5
1780574659800 0.5845245122909546 6
1780574664209 0.591566801071167 7
1780574668208 0.5980333089828491 8
1780574671848 0.6066524982452393 9
1780574675698 0.6226845979690552 10
1780574679882 0.6353675723075867 11
1780574684065 0.6356021165847778 12
1780574688204 0.6356114149093628 13
1780574692672 0.6422455310821533 14
1780574696665 0.6423922777175903 15
1780574700609 0.6524496078491211 16
1780574705025 0.65328049659729 17
1780574709802 0.6576405763626099 18
1780574713927 0.6694109439849854 19
1780574717709 0.673958420753479 20
1780574721569 0.6741092801094055 21
1780574725377 0.6971133947372437 22
1780574729213 0.7004998922348022 23
1780574732937 0.700654149055481 24
1780574737421 0.7008520364761353 25
1780574741769 0.7026097774505615 26
1780574745785 0.7036100625991821 27
1780574749699 0.7101922035217285 28
1780574753469 0.7125896215438843 29
1780574757285 0.7168571949005127 30
1780574761007 0.7179532051086426 31
1780574764865 0.7193084359169006 32
1780574768899 0.7194032669067383 33
1780574772881 0.7197518348693848 34
1780574777273 0.7203598022460938 35
1780574781393 0.7204271554946899 36
1780574785164 0.7210724949836731 37
1780574788976 0.7228779196739197 38
1780574792826 0.724064826965332 39
1780574797013 0.7241353988647461 40
1780574800917 0.7244412899017334 41
1780574804809 0.724454402923584 42
1780574808551 0.7291919589042664 43
1780574812657 0.7292017936706543 44
1780574816717 0.7299855947494507 45
1780574820405 0.7304573059082031 46
1780574824377 0.7304592728614807 47
1780574828305 0.730833113193512 48
1780574832165 0.7318223118782043 49
1780574836237 0.7324896454811096 50
1780574840843 0.7349259853363037 51
1780574845138 0.7372519969940186 52
1780574848881 0.7378196716308594 53
1780574852694 0.7380547523498535 54
1780574856611 0.7477090358734131 55
1780574860634 0.7486583590507507 56
1780574864989 0.751066267490387 57
1780574868841 0.7525514364242554 58
1780574872725 0.7533197999000549 59
1780574876601 0.7534167170524597 60
1780574880753 0.7536239624023438 61
1780574884769 0.7538204193115234 62
1780574888641 0.7583203315734863 63
1780574892505 0.7583209872245789 64
1780574896474 0.7587625980377197 65
1780574900726 0.7587989568710327 66
1780574904731 0.76338130235672 67
1780574908581 0.7633923292160034 68
1780574912345 0.763500988483429 69
1780574916157 0.7636417150497437 70
1780574919986 0.7637997269630432 71
1780574924306 0.7655406594276428 72
1780574928285 0.7655662894248962 73
1780574932285 0.7671571373939514 74
1780574936130 0.767404317855835 75
1780574940600 0.7674255967140198 76
1780574944737 0.7688572406768799 77
1780574949093 0.7688587307929993 78
1780574953290 0.7737718224525452 79
1780574957214 0.7737823724746704 80
1780574961250 0.7753419876098633 81
1780574965530 0.776650071144104 82
1780574969670 0.7794432640075684 83
1780574973454 0.7803427577018738 84
1780574977790 0.7842649817466736 85
1780574981581 0.784265398979187 86
1780574985405 0.7850050926208496 87
1780574989305 0.7850478887557983 88
1780574993582 0.7852222323417664 89
1780574997624 0.7895746231079102 90
1780575001514 0.7926164269447327 91
1780575005398 0.7966200113296509 92
1780575009395 0.7966334819793701 93
1780575013805 0.797655463218689 94
1780575017978 0.799964189529419 95
1780575021818 0.800003170967102 96
1780575026534 0.801007866859436 97
1780575030681 0.8010152578353882 98
1780575034690 0.801029622554779 99
1780575038730 0.801233172416687 100
1780575042866 0.801722526550293 101
1780575046788 0.8039073944091797 102
1780575050894 0.8068746328353882 103
1780575055069 0.8087931871414185 104
1780575059163 0.8099051713943481 105
1780575063338 0.810103714466095 106
1780575067778 0.8113324642181396 107
1780575072199 0.8113536834716797 108
1780575076392 0.8113556504249573 109
1780575080441 0.8113604784011841 110
1780575084453 0.8115065097808838 111
1780575088394 0.8119340538978577 112
1780575092366 0.8119391798973083 113
1780575096723 0.8119673728942871 114
1780575101090 0.812117338180542 115
1780575104985 0.8135054111480713 116
1780575109238 0.8150534629821777 117
1780575113413 0.8154154419898987 118
1780575117318 0.8154157400131226 119
1780575121610 0.8158228993415833 120
1780575125653 0.8208275437355042 121
1780575129561 0.8209643363952637 122
1780575134018 0.8214054107666016 123
1780575138138 0.8223426938056946 124
1780575142197 0.8223583698272705 125
1780575146279 0.8237075805664062 126
1780575150458 0.8243449926376343 127
1780575154666 0.8244999051094055 128
1780575158958 0.8249495625495911 129
1780575162926 0.8263599276542664 130
1780575167048 0.8263939619064331 131
1780575171011 0.826965868473053 132
1780575175074 0.8300520181655884 133
1780575179053 0.8325871229171753 134
1780575183654 0.8327007293701172 135
1780575187649 0.8344079256057739 136
1780575191574 0.8348450660705566 137
1780575195662 0.8349388837814331 138
1780575199862 0.8349434733390808 139
1780575203918 0.8349476456642151 140
1780575208078 0.8350668549537659 141
1780575212137 0.8350709080696106 142
1780575216229 0.8351526856422424 143
1780575220606 0.8351570963859558 144
1780575224966 0.8351877927780151 145
1780575228993 0.8373410701751709 146
1780575233050 0.8376255035400391 147
1780575236911 0.8383778929710388 148
1780575240882 0.8386708498001099 149
1780575244710 0.8387835025787354 150
1780575248638 0.8397736549377441 151
1780575252934 0.8397931456565857 152
1780575257036 0.8403968811035156 153
1780575261658 0.840877890586853 154
1780575265670 0.8423323631286621 155
1780575269926 0.84300297498703 156
1780575274779 0.8435794115066528 157
1780575278795 0.8435901403427124 158
1780575283057 0.8437229990959167 159
1780575287174 0.8439013957977295 160
1780575291253 0.8441987037658691 161
1780575295793 0.8443628549575806 162
1780575299722 0.8444913029670715 163
1780575304077 0.8445047736167908 164
1780575308466 0.8445062637329102 165
1780575312578 0.844806432723999 166
1780575316622 0.8453604578971863 167
1780575321019 0.8455166816711426 168
1780575325566 0.8463305234909058 169
1780575329594 0.8471615314483643 170
1780575333726 0.8483486175537109 171
1780575337738 0.8485661149024963 172
1780575341838 0.8491165637969971 173
1780575345776 0.8520671129226685 174
1780575350086 0.8520688414573669 175
1780575354126 0.8525378704071045 176
1780575358262 0.8531867265701294 177
1780575362338 0.8535034656524658 178
1780575366301 0.8545455932617188 179
1780575370250 0.854638397693634 180
1780575374262 0.855661153793335 181
1780575378267 0.8556995391845703 182
1780575382199 0.8557009100914001 183
1780575386641 0.8562871813774109 184
1780575391030 0.856497585773468 185
1780575395238 0.8565006852149963 186
1780575399354 0.8567180633544922 187
1780575403516 0.8567191362380981 188
1780575407723 0.8573824763298035 189
1780575411837 0.8576669096946716 190
1780575416015 0.8583337068557739 191
1780575418364 0.8590620756149292 192
1780575421858 0.8618265986442566 193
1780575424574 0.8618303537368774 194
1780575426949 0.8625198602676392 195
1780575429352 0.862520694732666 196
1780575431668 0.8628144860267639 197
1780575434209 0.8635168075561523 198
1780575436561 0.8649045825004578 199
1780575438881 0.8681436777114868 200
1780575441298 0.8681436777114868 201
1780575443789 0.868190348148346 202
1780575446100 0.8682600259780884 203
1780575448324 0.8727825880050659 204
1780575450784 0.873396635055542 205
1780575453302 0.8733975291252136 206
1780575455672 0.8735336065292358 207
1780575458079 0.8747663497924805 208
1780575460515 0.8749370574951172 209
1780575463493 0.8754000067710876 210
1780575465869 0.8760259747505188 211
1780575468221 0.8761101961135864 212
1780575470579 0.8761254549026489 213
1780575473061 0.8781601190567017 214
1780575475456 0.8785997629165649 215
1780575477755 0.8804066181182861 216
1780575480594 0.8804858922958374 217
1780575483148 0.8819836378097534 218
1780575485608 0.8821442723274231 219
1780575487908 0.8838205933570862 220
1780575490795 0.8867699503898621 221
1780575494522 0.8884179592132568 222
1780575496925 0.8887032866477966 223
1780575499205 0.8952703475952148 224
1780575501641 0.8959673643112183 225
1780575504152 0.8960083723068237 226
1780575506748 0.896190881729126 227
1780575509152 0.8963524103164673 228
1780575511722 0.8982336521148682 229
1780575514351 0.9069452285766602 230
1780575516903 0.9305360913276672 231
1780575519348 0.9354662895202637 232
1780575521817 0.941920280456543 233
1780575524377 0.9545232653617859 234
1780575526827 0.9584107398986816 235
1780575529470 0.9715137481689453 236
1780575532814 0.9836242198944092 237
1780575535325 0.9838160276412964 238
1780575537767 0.9999994039535522 239
1780575540165 0.9999994039535522 240
