1780574639993 452.2795104980469 1
1780574643988 355.8992919921875 2
1780574647608 319.0647888183594 3
1780574651408 287.1476135253906 4
1780574655814 265.6607971191406 5
1780574659776 249.1042022705078 6
1780574664180 234.36172485351562 7
1780574668184 222.16317749023438 8
1780574671824 211.06370544433594 9
1780574675672 201.36224365234375 10
1780574679852 192.83340454101562 11
1780574684040 185.018310546875 12
1780574688180 178.09091186523438 13
1780574692648 171.60787963867188 14
1780574696640 165.97596740722656 15
1780574700584 160.41903686523438 16
1780574705001 155.56480407714844 17
1780574709764 151.123291015625 18
1780574713903 146.93394470214844 19
1780574717684 143.015869140625 20
1780574721545 139.18814086914062 21
1780574725340 135.43824768066406 22
1780574729189 131.90615844726562 23
1780574732912 128.67832946777344 24
1780574737397 125.54319763183594 25
1780574741745 122.54225158691406 26
1780574745761 119.64915466308594 27
1780574749674 116.89815521240234 28
1780574753444 114.3240737915039 29
1780574757260 111.8157730102539 30
1780574760982 109.3694076538086 31
1780574764840 107.0520248413086 32
1780574768861 104.79612731933594 33
1780574772857 102.67066192626953 34
1780574777249 100.57438659667969 35
1780574781368 98.57367706298828 36
1780574785121 96.6576156616211 37
1780574788952 94.7989273071289 38
1780574792801 92.96607208251953 39
1780574796989 91.20519256591797 40
1780574800881 89.48197937011719 41
1780574804785 87.81358337402344 42
1780574808528 86.22021484375 43
1780574812633 84.64080047607422 44
1780574816693 83.10265350341797 45
1780574820381 81.61356353759766 46
1780574824353 80.17935943603516 47
1780574828281 78.79125213623047 48
1780574832141 77.42851257324219 49
1780574836213 76.12449645996094 50
1780574840808 74.84394836425781 51
1780574845113 73.61392974853516 52
1780574848857 72.4070053100586 53
1780574852669 71.22362518310547 54
1780574856589 70.06298065185547 55
1780574860609 68.91744995117188 56
1780574864965 67.80458068847656 57
1780574868817 66.72022247314453 58
1780574872701 65.6457748413086 59
1780574876577 64.60824584960938 60
1780574880729 63.59809875488281 61
1780574884745 62.60371780395508 62
1780574888617 61.631038665771484 63
1780574892481 60.66422653198242 64
1780574896449 59.733821868896484 65
1780574900688 58.81753921508789 66
1780574904709 57.908447265625 67
1780574908557 57.01596450805664 68
1780574912321 56.13648986816406 69
1780574916133 55.28779602050781 70
1780574919961 54.44548416137695 71
1780574924268 53.62368392944336 72
1780574928261 52.814273834228516 73
1780574932261 52.015438079833984 74
1780574936105 51.239322662353516 75
1780574940548 50.48991775512695 76
1780574944713 49.745487213134766 77
1780574949069 49.00758361816406 78
1780574953265 48.284934997558594 79
1780574957189 47.594730377197266 80
1780574961225 46.90642547607422 81
1780574965505 46.22568130493164 82
1780574969645 45.5527229309082 83
1780574973429 44.899742126464844 84
1780574977765 44.25706481933594 85
1780574981557 43.62639617919922 86
1780574985381 42.998592376708984 87
1780574989281 42.37836837768555 88
1780574993557 41.76710510253906 89
1780574997601 41.1653938293457 90
1780575001489 40.57687759399414 91
1780575005373 40.004417419433594 92
1780575009373 39.439231872558594 93
1780575013781 38.884300231933594 94
1780575017953 38.33333206176758 95
1780575021793 37.786827087402344 96
1780575026509 37.2520866394043 97
1780575030657 36.721744537353516 98
1780575034665 36.1976203918457 99
1780575038705 35.68010330200195 100
1780575042841 35.171241760253906 101
1780575046765 34.666141510009766 102
1780575050869 34.16529846191406 103
1780575055045 33.67774963378906 104
1780575059138 33.19193649291992 105
1780575063313 32.711490631103516 106
1780575067753 32.2348518371582 107
1780575072173 31.767635345458984 108
1780575076368 31.302513122558594 109
1780575080417 30.847978591918945 110
1780575084429 30.39931297302246 111
1780575088370 29.953426361083984 112
1780575092341 29.51136016845703 113
1780575096698 29.08003807067871 114
1780575101061 28.653413772583008 115
1780575104961 28.23408317565918 116
1780575109213 27.816768646240234 117
1780575113389 27.405078887939453 118
1780575117293 26.998193740844727 119
1780575121585 26.595685958862305 120
1780575125630 26.19979476928711 121
1780575129537 25.808361053466797 122
1780575133994 25.419116973876953 123
1780575138113 25.031818389892578 124
1780575142173 24.65241813659668 125
1780575146240 24.278425216674805 126
1780575150433 23.909465789794922 127
1780575154642 23.54473114013672 128
1780575158934 23.180997848510742 129
1780575162902 22.824983596801758 130
1780575167026 22.472688674926758 131
1780575170981 22.122154235839844 132
1780575175049 21.772855758666992 133
1780575179031 21.426578521728516 134
1780575183616 21.0858154296875 135
1780575187625 20.750980377197266 136
1780575191549 20.421091079711914 137
1780575195637 20.092716217041016 138
1780575199837 19.766246795654297 139
1780575203893 19.441978454589844 140
1780575208053 19.121713638305664 141
1780575212113 18.803138732910156 142
1780575216205 18.488611221313477 143
1780575220581 18.174373626708984 144
1780575224942 17.866281509399414 145
1780575228969 17.559734344482422 146
1780575233026 17.256053924560547 147
1780575236886 16.95548439025879 148
1780575240857 16.656646728515625 149
1780575244685 16.36086082458496 150
1780575248614 16.069059371948242 151
1780575252910 15.78069019317627 152
1780575257010 15.494189262390137 153
1780575261634 15.21417236328125 154
1780575265646 14.93642807006836 155
1780575269901 14.661293983459473 156
1780575274754 14.38666820526123 157
1780575278771 14.115877151489258 158
1780575283033 13.850140571594238 159
1780575287142 13.58615493774414 160
1780575291229 13.327007293701172 161
1780575295769 13.070527076721191 162
1780575299698 12.817917823791504 163
1780575304053 12.56639575958252 164
1780575308442 12.318307876586914 165
1780575312554 12.071208000183105 166
1780575316598 11.828356742858887 167
1780575320995 11.587955474853516 168
1780575325533 11.348071098327637 169
1780575329570 11.110685348510742 170
1780575333702 10.873974800109863 171
1780575337713 10.640581130981445 172
1780575341813 10.40965747833252 173
1780575345737 10.180599212646484 174
1780575350061 9.952716827392578 175
1780575354102 9.727494239807129 176
1780575358238 9.504464149475098 177
1780575362314 9.282574653625488 178
1780575366278 9.065179824829102 179
1780575370225 8.849302291870117 180
1780575374238 8.635003089904785 181
1780575378242 8.423501014709473 182
1780575382175 8.21542739868164 183
1780575386617 8.008638381958008 184
1780575391006 7.8039045333862305 185
1780575395214 7.601870536804199 186
1780575399330 7.400183200836182 187
1780575403492 7.2005934715271 188
1780575407698 7.002950191497803 189
1780575411813 6.807675361633301 190
1780575415977 6.615716934204102 191
1780575418339 6.4246978759765625 192
1780575421834 6.234499931335449 193
1780575424549 6.046917915344238 194
1780575426924 5.861817359924316 195
1780575429328 5.681324481964111 196
1780575431642 5.501530647277832 197
1780575434185 5.323166370391846 198
1780575436537 5.146250247955322 199
1780575438857 4.9721832275390625 200
1780575441273 4.800027847290039 201
1780575443765 4.630345821380615 202
1780575446076 4.462656497955322 203
1780575448300 4.297737121582031 204
1780575450760 4.135180473327637 205
1780575453277 3.9738402366638184 206
1780575455648 3.816688299179077 207
1780575458055 3.6607394218444824 208
1780575460490 3.507390260696411 209
1780575463461 3.3555173873901367 210
1780575465844 3.2048237323760986 211
1780575468196 3.0549402236938477 212
1780575470555 2.908203601837158 213
1780575473036 2.761834144592285 214
1780575475430 2.6173605918884277 215
1780575477731 2.4769086837768555 216
1780575480569 2.3382318019866943 217
1780575483119 2.2023091316223145 218
1780575485584 2.0674521923065186 219
1780575487883 1.93752920627594 220
1780575490770 1.8098008632659912 221
1780575494498 1.682457447052002 222
1780575496901 1.5565874576568604 223
1780575499181 1.4337486028671265 224
1780575501617 1.3150348663330078 225
1780575504126 1.1968541145324707 226
1780575506725 1.081455111503601 227
1780575509129 0.9671531319618225 228
1780575511697 0.8551642298698425 229
1780575514326 0.7472222447395325 230
1780575516878 0.6447526216506958 231
1780575519323 0.5498778223991394 232
1780575521793 0.45690640807151794 233
1780575524352 0.3673933446407318 234
1780575526802 0.2799690067768097 235
1780575529446 0.19921061396598816 236
1780575532790 0.12356691062450409 237
1780575535301 0.05771593749523163 238
1780575537743 8.949868060881272e-05 239
1780575540141 8.977898687589914e-05 240
