1780574640005 7.338252067565918 1
1780574643999 7.2983527183532715 2
1780574647619 7.090333461761475 3
1780574651418 6.9873576164245605 4
1780574655825 6.9751763343811035 5
1780574659786 6.968355178833008 6
1780574664195 6.879004955291748 7
1780574668195 6.828064441680908 8
1780574671834 6.806948184967041 9
1780574675684 6.752424716949463 10
1780574679869 6.70536470413208 11
1780574684051 6.665982246398926 12
1780574688191 6.665510654449463 13
1780574692658 6.665450572967529 14
1780574696651 6.657744407653809 15
1780574700595 6.566270351409912 16
1780574705011 6.563326358795166 17
1780574709773 6.195622444152832 18
1780574713914 5.8760223388671875 19
1780574717695 5.650934219360352 20
1780574721555 5.650641918182373 21
1780574725350 5.620620250701904 22
1780574729199 5.02449369430542 23
1780574732923 4.381684303283691 24
1780574737407 4.086270809173584 25
1780574741755 4.023917198181152 26
1780574745771 4.023916721343994 27
1780574749685 3.748655319213867 28
1780574753455 3.748552083969116 29
1780574757271 3.7137269973754883 30
1780574760993 3.4938855171203613 31
1780574764851 3.3377723693847656 32
1780574768870 3.250999927520752 33
1780574772867 3.107292890548706 34
1780574777260 3.1072919368743896 35
1780574781379 2.706953287124634 36
1780574785131 2.4051966667175293 37
1780574788962 2.381209135055542 38
1780574792811 2.356642246246338 39
1780574796999 2.3561019897460938 40
1780574800891 2.036668300628662 41
1780574804795 1.8197838068008423 42
1780574808538 1.806592583656311 43
1780574812643 1.6723922491073608 44
1780574816703 1.4506837129592896 45
1780574820391 1.4459192752838135 46
1780574824363 1.443511724472046 47
1780574828291 1.439880609512329 48
1780574832151 1.4286994934082031 49
1780574836223 1.415389060974121 50
1780574840818 1.3997255563735962 51
1780574845124 1.3702934980392456 52
1780574848867 1.3519564867019653 53
1780574852680 1.3489435911178589 54
1780574856598 1.3232561349868774 55
1780574860620 1.3016738891601562 56
1780574864975 1.245517611503601 57
1780574868828 1.2143827676773071 58
1780574872712 1.1729965209960938 59
1780574876588 1.1722661256790161 60
1780574880739 1.1425303220748901 61
1780574884755 1.1212317943572998 62
1780574888627 1.1028960943222046 63
1780574892491 1.0612525939941406 64
1780574896460 1.0069469213485718 65
1780574900698 0.975409746170044 66
1780574904718 0.9477564692497253 67
1780574908568 0.9367464184761047 68
1780574912331 0.9367462396621704 69
1780574916143 0.9053667187690735 70
1780574919972 0.8949204087257385 71
1780574924278 0.8875444531440735 72
1780574928271 0.8465439081192017 73
1780574932271 0.7023912072181702 74
1780574936116 0.6865007877349854 75
1780574940573 0.6766456365585327 76
1780574944723 0.6682828068733215 77
1780574949080 0.6619686484336853 78
1780574953276 0.6509183645248413 79
1780574957200 0.650002121925354 80
1780574961236 0.6239988207817078 81
1780574965516 0.6218958497047424 82
1780574969656 0.6193442344665527 83
1780574973440 0.6066768169403076 84
1780574977776 0.6029266715049744 85
1780574981567 0.5993149876594543 86
1780574985392 0.5986093282699585 87
1780574989292 0.5982455611228943 88
1780574993568 0.5962496399879456 89
1780574997611 0.526893675327301 90
1780575001500 0.5230639576911926 91
1780575005384 0.5159122943878174 92
1780575009383 0.5158582925796509 93
1780575013792 0.5156259536743164 94
1780575017964 0.5106388330459595 95
1780575021804 0.51033616065979 96
1780575026520 0.5100951790809631 97
1780575030667 0.5100884437561035 98
1780575034676 0.5078678727149963 99
1780575038716 0.507868230342865 100
1780575042852 0.5051933526992798 101
1780575046775 0.48426553606987 102
1780575050880 0.4548961818218231 103
1780575055055 0.44581419229507446 104
1780575059149 0.4320363700389862 105
1780575063324 0.4311564266681671 106
1780575067764 0.4305235743522644 107
1780575072185 0.40667489171028137 108
1780575076378 0.4025496542453766 109
1780575080428 0.39900562167167664 110
1780575084439 0.38126468658447266 111
1780575088380 0.37545204162597656 112
1780575092352 0.37509793043136597 113
1780575096709 0.37268951535224915 114
1780575101071 0.36943119764328003 115
1780575104972 0.3692396283149719 116
1780575109224 0.36810624599456787 117
1780575113399 0.3678809702396393 118
1780575117304 0.3676419258117676 119
1780575121596 0.367091566324234 120
1780575125640 0.3668031394481659 121
1780575129547 0.3475843071937561 122
1780575134004 0.3436015248298645 123
1780575138124 0.32639721035957336 124
1780575142183 0.3214114010334015 125
1780575146250 0.3115197420120239 126
1780575150444 0.29568520188331604 127
1780575154652 0.28389501571655273 128
1780575158944 0.28276851773262024 129
1780575162912 0.25570523738861084 130
1780575167036 0.2556682527065277 131
1780575170998 0.25528115034103394 132
1780575175060 0.25244268774986267 133
1780575179041 0.252323180437088 134
1780575183625 0.25051289796829224 135
1780575187636 0.24102072417736053 136
1780575191560 0.24011282622814178 137
1780575195648 0.23916828632354736 138
1780575199848 0.2388656884431839 139
1780575203904 0.23807616531848907 140
1780575208064 0.23658563196659088 141
1780575212123 0.23569631576538086 142
1780575216215 0.23199352622032166 143
1780575220592 0.2319931536912918 144
1780575224952 0.22995221614837646 145
1780575228979 0.2298187017440796 146
1780575233036 0.22421982884407043 147
1780575236897 0.2223059982061386 148
1780575240868 0.222077414393425 149
1780575244696 0.22105376422405243 150
1780575248624 0.21978330612182617 151
1780575252921 0.2186003029346466 152
1780575257020 0.21654418110847473 153
1780575261644 0.21420571208000183 154
1780575265656 0.21128129959106445 155
1780575269912 0.2103029191493988 156
1780575274765 0.20856697857379913 157
1780575278781 0.20770613849163055 158
1780575283043 0.20767822861671448 159
1780575287152 0.20466139912605286 160
1780575291239 0.20446895062923431 161
1780575295779 0.20349055528640747 162
1780575299708 0.19633902609348297 163
1780575304064 0.1960756778717041 164
1780575308452 0.16670474410057068 165
1780575312564 0.15406788885593414 166
1780575316608 0.154045969247818 167
1780575321005 0.15398402512073517 168
1780575325552 0.1521206945180893 169
1780575329580 0.1518261432647705 170
1780575333712 0.1503867655992508 171
1780575337724 0.14967584609985352 172
1780575341824 0.1487143188714981 173
1780575345762 0.1466023474931717 174
1780575350072 0.14568352699279785 175
1780575354112 0.1445637196302414 176
1780575358248 0.1434611976146698 177
1780575362324 0.1391834318637848 178
1780575366288 0.13790898025035858 179
1780575370236 0.13790783286094666 180
1780575374249 0.13280270993709564 181
1780575378253 0.12965022027492523 182
1780575382186 0.1295931190252304 183
1780575386627 0.1288638859987259 184
1780575391016 0.12670105695724487 185
1780575395224 0.12524093687534332 186
1780575399341 0.12192036211490631 187
1780575403502 0.12008830904960632 188
1780575407709 0.11822233349084854 189
1780575411823 0.11772986501455307 190
1780575415986 0.11166545003652573 191
1780575418350 0.09887143224477768 192
1780575421844 0.08648314327001572 193
1780575424560 0.08322999626398087 194
1780575426935 0.07996425777673721 195
1780575429338 0.0782964900135994 196
1780575431652 0.07762652635574341 197
1780575434195 0.07650911808013916 198
1780575436547 0.07457533478736877 199
1780575438867 0.07350117713212967 200
1780575441284 0.06285092979669571 201
1780575443775 0.06279940158128738 202
1780575446087 0.06270679086446762 203
1780575448310 0.059084102511405945 204
1780575450770 0.05713526904582977 205
1780575453288 0.05713139474391937 206
1780575455658 0.05556575208902359 207
1780575458065 0.05546941980719566 208
1780575460501 0.0553443618118763 209
1780575463478 0.04958226531744003 210
1780575465855 0.044641245156526566 211
1780575468207 0.04378501698374748 212
1780575470565 0.04354662820696831 213
1780575473047 0.04341309517621994 214
1780575475442 0.04323188588023186 215
1780575477742 0.04083807021379471 216
1780575480580 0.0408383384346962 217
1780575483130 0.04054076597094536 218
1780575485594 0.034124452620744705 219
1780575487894 0.03306007757782936 220
1780575490781 0.03127933293581009 221
1780575494508 0.02911413460969925 222
1780575496911 0.028548164293169975 223
1780575499192 0.02854507602751255 224
1780575501627 0.027235427871346474 225
1780575504138 0.026265056803822517 226
1780575506735 0.023103855550289154 227
1780575509139 0.02288561500608921 228
1780575511707 0.017489224672317505 229
1780575514336 0.015586919151246548 230
1780575516889 0.015420711599290371 231
1780575519334 0.015034683048725128 232
1780575521803 0.012940220534801483 233
1780575524363 0.012696610763669014 234
1780575526813 0.011989172548055649 235
1780575529456 0.010261082090437412 236
1780575532800 0.009134074673056602 237
1780575535312 0.009100859053432941 238
1780575537753 0.00900669302791357 239
1780575540151 0.009007212705910206 240
