1780574640015 0.7302933931350708 1
1780574644010 0.760647177696228 2
1780574647630 0.778573751449585 3
1780574651430 0.790422797203064 4
1780574655836 0.7999204397201538 5
1780574659797 0.8065637946128845 6
1780574664206 0.8130733370780945 7
1780574668206 0.8182877898216248 8
1780574671845 0.8241689205169678 9
1780574675695 0.8301222920417786 10
1780574679879 0.8341573476791382 11
1780574684062 0.8379888534545898 12
1780574688202 0.8415655493736267 13
1780574692669 0.846195638179779 14
1780574696662 0.8489307165145874 15
1780574700606 0.8526450991630554 16
1780574705022 0.8553568720817566 17
1780574709799 0.8582187294960022 18
1780574713924 0.8613433837890625 19
1780574717706 0.8636335730552673 20
1780574721566 0.8656006455421448 21
1780574725374 0.8683569431304932 22
1780574729210 0.8706199526786804 23
1780574732934 0.8720847368240356 24
1780574737418 0.8738120198249817 25
1780574741766 0.8757398724555969 26
1780574745782 0.8776028752326965 27
1780574749696 0.8794813752174377 28
1780574753466 0.8811942934989929 29
1780574757282 0.8829680681228638 30
1780574761004 0.8848016262054443 31
1780574764862 0.8863471746444702 32
1780574768897 0.8878347873687744 33
1780574772878 0.8893901705741882 34
1780574777271 0.8908978700637817 35
1780574781390 0.8923916220664978 36
1780574785162 0.8939412832260132 37
1780574788973 0.8952741026878357 38
1780574792823 0.8970817923545837 39
1780574797010 0.8984414339065552 40
1780574800903 0.8997734785079956 41
1780574804806 0.9010400176048279 42
1780574808548 0.902297854423523 43
1780574812654 0.9035342335700989 44
1780574816715 0.9048888087272644 45
1780574820403 0.9063442349433899 46
1780574824374 0.9073726534843445 47
1780574828303 0.9084357023239136 48
1780574832162 0.9093116521835327 49
1780574836234 0.910320520401001 50
1780574840841 0.9113722443580627 51
1780574845135 0.9123179316520691 52
1780574848878 0.9131134748458862 53
1780574852691 0.9141507744789124 54
1780574856609 0.9151178002357483 55
1780574860632 0.9161452054977417 56
1780574864987 0.9172871708869934 57
1780574868839 0.9182916283607483 58
1780574872723 0.9192057251930237 59
1780574876598 0.9201382994651794 60
1780574880750 0.9210235476493835 61
1780574884766 0.9219769239425659 62
1780574888638 0.9229167699813843 63
1780574892502 0.9237138032913208 64
1780574896471 0.9246026873588562 65
1780574900724 0.9253367185592651 66
1780574904728 0.9261902570724487 67
1780574908579 0.9270423650741577 68
1780574912342 0.9278266429901123 69
1780574916154 0.9286519289016724 70
1780574919983 0.9294480085372925 71
1780574924304 0.9301443696022034 72
1780574928282 0.9308844208717346 73
1780574932282 0.9316409826278687 74
1780574936127 0.932331383228302 75
1780574940597 0.9330875277519226 76
1780574944734 0.9338040947914124 77
1780574949091 0.934607207775116 78
1780574953287 0.9352959990501404 79
1780574957212 0.9359073638916016 80
1780574961247 0.9366181492805481 81
1780574965527 0.9373433589935303 82
1780574969667 0.9380578398704529 83
1780574973451 0.9387734532356262 84
1780574977787 0.9394834637641907 85
1780574981579 0.9401406645774841 86
1780574985403 0.9407955408096313 87
1780574989302 0.9414480328559875 88
1780574993579 0.9420881271362305 89
1780574997621 0.9427845478057861 90
1780575001512 0.9434486627578735 91
1780575005395 0.9440994262695312 92
1780575009393 0.94471675157547 93
1780575013802 0.9453093409538269 94
1780575017975 0.9459763169288635 95
1780575021815 0.9465386867523193 96
1780575026531 0.9471142888069153 97
1780575030678 0.9476909637451172 98
1780575034687 0.9482589364051819 99
1780575038727 0.9487844705581665 100
1780575042863 0.9493272304534912 101
1780575046785 0.9498646855354309 102
1780575050891 0.9504439830780029 103
1780575055066 0.9509999752044678 104
1780575059160 0.951520562171936 105
1780575063335 0.9520626068115234 106
1780575067775 0.9525972008705139 107
1780575072196 0.9531163573265076 108
1780575076389 0.9536240100860596 109
1780575080439 0.9541708827018738 110
1780575084450 0.9546863436698914 111
1780575088392 0.9551836848258972 112
1780575092363 0.9556427597999573 113
1780575096720 0.9561342597007751 114
1780575101087 0.9566181302070618 115
1780575104983 0.9571018218994141 116
1780575109235 0.9576482176780701 117
1780575113410 0.9581138491630554 118
1780575117315 0.958590567111969 119
1780575121607 0.9590240120887756 120
1780575125650 0.959526002407074 121
1780575129558 0.9599870443344116 122
1780575134015 0.9604696035385132 123
1780575138135 0.9609165191650391 124
1780575142194 0.9614332318305969 125
1780575146276 0.9618902802467346 126
1780575150455 0.9623091220855713 127
1780575154663 0.9627796411514282 128
1780575158955 0.963213324546814 129
1780575162923 0.9636552333831787 130
1780575167046 0.9640914797782898 131
1780575171008 0.9645267724990845 132
1780575175071 0.9649717807769775 133
1780575179051 0.9654054045677185 134
1780575183651 0.9658000469207764 135
1780575187647 0.9662303924560547 136
1780575191571 0.966683566570282 137
1780575195659 0.9670785069465637 138
1780575199859 0.9674872159957886 139
1780575203915 0.9679197669029236 140
1780575208075 0.9683284759521484 141
1780575212134 0.968774676322937 142
1780575216226 0.9691864252090454 143
1780575220603 0.9695518612861633 144
1780575224963 0.9699346423149109 145
1780575228990 0.9703310132026672 146
1780575233047 0.9707266688346863 147
1780575236908 0.9710952639579773 148
1780575240879 0.9714952111244202 149
1780575244707 0.9718612432479858 150
1780575248635 0.9722264409065247 151
1780575252932 0.9726281762123108 152
1780575257033 0.9729912281036377 153
1780575261655 0.9733506441116333 154
1780575265667 0.9737492203712463 155
1780575269923 0.9741115570068359 156
1780575274776 0.9745137691497803 157
1780575278792 0.9748531579971313 158
1780575283054 0.9752157926559448 159
1780575287163 0.9755887389183044 160
1780575291250 0.9759243130683899 161
1780575295790 0.9762822389602661 162
1780575299719 0.976592481136322 163
1780575304075 0.9769003987312317 164
1780575308463 0.9772234559059143 165
1780575312575 0.9775536060333252 166
1780575316619 0.9779223799705505 167
1780575321016 0.9782345294952393 168
1780575325563 0.9785485863685608 169
1780575329591 0.9788779616355896 170
1780575333723 0.9792394042015076 171
1780575337735 0.9795875549316406 172
1780575341835 0.9799368381500244 173
1780575345773 0.9802982807159424 174
1780575350083 0.9806657433509827 175
1780575354123 0.9809823632240295 176
1780575358259 0.9813497066497803 177
1780575362335 0.9816915988922119 178
1780575366299 0.9820016026496887 179
1780575370247 0.9823465943336487 180
1780575374260 0.982661783695221 181
1780575378264 0.9829813838005066 182
1780575382197 0.9832789301872253 183
1780575386638 0.9835882186889648 184
1780575391027 0.9838609099388123 185
1780575395236 0.9841778874397278 186
1780575399352 0.9844940900802612 187
1780575403513 0.9848270416259766 188
1780575407720 0.9851134419441223 189
1780575411834 0.9854028224945068 190
1780575416012 0.985735297203064 191
1780575418361 0.9860238432884216 192
1780575421855 0.986315131187439 193
1780575424571 0.9865960478782654 194
1780575426946 0.9869167804718018 195
1780575429350 0.9872305393218994 196
1780575431665 0.987514853477478 197
1780575434206 0.9878755807876587 198
1780575436558 0.9881969690322876 199
1780575438878 0.9885367155075073 200
1780575441295 0.9888341426849365 201
1780575443786 0.9891155958175659 202
1780575446098 0.9894330501556396 203
1780575448321 0.9897297620773315 204
1780575450782 0.9900403618812561 205
1780575453299 0.9903331995010376 206
1780575455669 0.9906588196754456 207
1780575458076 0.9909707903862 208
1780575460512 0.9912508130073547 209
1780575463490 0.9915352463722229 210
1780575465866 0.9918279051780701 211
1780575468218 0.9920869469642639 212
1780575470576 0.9923679232597351 213
1780575473058 0.9926460981369019 214
1780575475453 0.9929065704345703 215
1780575477753 0.9932321906089783 216
1780575480591 0.993493914604187 217
1780575483145 0.9938093423843384 218
1780575485605 0.9940909147262573 219
1780575487905 0.9944203495979309 220
1780575490792 0.9947364330291748 221
1780575494520 0.9950295686721802 222
1780575496922 0.9952996969223022 223
1780575499203 0.9956263303756714 224
1780575501638 0.9959405064582825 225
1780575504149 0.9962148070335388 226
1780575506745 0.9964925050735474 227
1780575509150 0.9967606663703918 228
1780575511719 0.9970167875289917 229
1780575514348 0.9974167943000793 230
1780575516900 0.9978219270706177 231
1780575519345 0.9981194734573364 232
1780575521814 0.9984948635101318 233
1780575524374 0.9988542199134827 234
1780575526824 0.9991884231567383 235
1780575529467 0.9995310306549072 236
1780575532811 0.9997955560684204 237
1780575535323 0.9998607635498047 238
1780575537764 0.9999999403953552 239
1780575540163 0.9999999403953552 240
