1780574640000 8980.580078125 1
1780574643993 3255.193359375 2
1780574647613 2324.6904296875 3
1780574651413 2244.795654296875 4
1780574655819 1932.0262451171875 5
1780574659780 1430.589111328125 6
1780574664189 1200.255615234375 7
1780574668189 1051.0672607421875 8
1780574671829 966.2103881835938 9
1780574675677 861.2596435546875 10
1780574679856 790.1845703125 11
1780574684045 714.095947265625 12
1780574688185 643.9388427734375 13
1780574692653 615.3179321289062 14
1780574696646 554.2913208007812 15
1780574700589 551.3795166015625 16
1780574705005 551.242919921875 17
1780574709768 477.39447021484375 18
1780574713908 452.26019287109375 19
1780574717689 412.9178466796875 20
1780574721549 406.82403564453125 21
1780574725345 346.9355773925781 22
1780574729193 346.22979736328125 23
1780574732917 335.7621154785156 24
1780574737401 334.96759033203125 25
1780574741749 305.31072998046875 26
1780574745765 291.05029296875 27
1780574749679 284.13916015625 28
1780574753449 282.77996826171875 29
1780574757265 257.8642883300781 30
1780574760987 256.89892578125 31
1780574764845 250.68203735351562 32
1780574768865 243.6886749267578 33
1780574772862 242.14840698242188 34
1780574777254 215.20082092285156 35
1780574781373 209.131103515625 36
1780574785125 209.12893676757812 37
1780574788957 197.03726196289062 38
1780574792806 183.54006958007812 39
1780574796993 179.1189422607422 40
1780574800886 176.79458618164062 41
1780574804790 176.7681884765625 42
1780574808533 173.41317749023438 43
1780574812638 171.82998657226562 44
1780574816698 171.32308959960938 45
1780574820386 168.53839111328125 46
1780574824357 165.03948974609375 47
1780574828286 155.73373413085938 48
1780574832145 151.77325439453125 49
1780574836217 142.7401885986328 50
1780574840812 138.3480224609375 51
1780574845117 131.30735778808594 52
1780574848861 131.20852661132812 53
1780574852674 122.83399963378906 54
1780574856593 122.12750244140625 55
1780574860614 121.04144287109375 56
1780574864970 121.0413818359375 57
1780574868822 117.77239990234375 58
1780574872706 116.05819702148438 59
1780574876582 116.05802154541016 60
1780574880734 114.94354248046875 61
1780574884749 107.69850158691406 62
1780574888622 105.02851867675781 63
1780574892486 103.87417602539062 64
1780574896454 103.81278991699219 65
1780574900692 101.75425720214844 66
1780574904713 101.46250915527344 67
1780574908562 95.91765594482422 68
1780574912326 95.37967681884766 69
1780574916138 94.60061645507812 70
1780574919966 92.92779541015625 71
1780574924272 92.03117370605469 72
1780574928266 91.89320373535156 73
1780574932265 91.07804870605469 74
1780574936110 90.89730834960938 75
1780574940568 90.66720581054688 76
1780574944717 89.23816680908203 77
1780574949074 87.61811065673828 78
1780574953270 85.08750915527344 79
1780574957194 83.82855987548828 80
1780574961230 81.234130859375 81
1780574965510 78.69779968261719 82
1780574969650 78.66923522949219 83
1780574973434 75.9730224609375 84
1780574977770 75.86128234863281 85
1780574981562 73.6794662475586 86
1780574985386 73.41068267822266 87
1780574989286 72.14924621582031 88
1780574993562 68.61506652832031 89
1780574997606 68.54512786865234 90
1780575001494 68.52845764160156 91
1780575005378 67.68973541259766 92
1780575009377 67.54672241210938 93
1780575013786 67.39771270751953 94
1780575017958 67.36428833007812 95
1780575021798 67.31783294677734 96
1780575026515 65.16553497314453 97
1780575030662 65.07672882080078 98
1780575034670 65.07548522949219 99
1780575038710 65.06493377685547 100
1780575042846 65.06047821044922 101
1780575046769 64.03740692138672 102
1780575050874 61.77049255371094 103
1780575055049 61.401634216308594 104
1780575059143 60.45769500732422 105
1780575063318 58.4798469543457 106
1780575067758 58.462303161621094 107
1780575072179 54.65106201171875 108
1780575076373 54.448265075683594 109
1780575080422 53.692176818847656 110
1780575084434 53.409767150878906 111
1780575088374 53.1036491394043 112
1780575092346 51.63652801513672 113
1780575096703 51.63317108154297 114
1780575101066 50.785560607910156 115
1780575104966 49.96625518798828 116
1780575109219 49.96559143066406 117
1780575113393 49.03314971923828 118
1780575117298 48.847450256347656 119
1780575121590 48.60014343261719 120
1780575125634 48.24953842163086 121
1780575129542 47.054443359375 122
1780575133998 47.043800354003906 123
1780575138118 45.97312927246094 124
1780575142177 45.316383361816406 125
1780575146245 44.815391540527344 126
1780575150438 44.701499938964844 127
1780575154646 44.22315216064453 128
1780575158939 43.56854248046875 129
1780575162906 43.5682258605957 130
1780575167030 41.904945373535156 131
1780575170993 41.87291717529297 132
1780575175054 41.61286926269531 133
1780575179035 41.37614059448242 134
1780575183620 40.9930305480957 135
1780575187630 40.72425842285156 136
1780575191554 40.629310607910156 137
1780575195642 40.23042678833008 138
1780575199842 40.168800354003906 139
1780575203898 39.95619201660156 140
1780575208058 39.459815979003906 141
1780575212118 39.45538330078125 142
1780575216210 39.4422492980957 143
1780575220586 37.808143615722656 144
1780575224946 37.650848388671875 145
1780575228973 37.650474548339844 146
1780575233030 37.33666229248047 147
1780575236891 37.330604553222656 148
1780575240862 36.7769775390625 149
1780575244690 36.540977478027344 150
1780575248618 36.24006652832031 151
1780575252915 36.233184814453125 152
1780575257015 36.21971130371094 153
1780575261638 36.05982971191406 154
1780575265650 36.044464111328125 155
1780575269906 35.146583557128906 156
1780575274759 35.135589599609375 157
1780575278776 35.08668518066406 158
1780575283038 34.924827575683594 159
1780575287146 34.902366638183594 160
1780575291234 34.323204040527344 161
1780575295773 34.27294921875 162
1780575299702 34.260589599609375 163
1780575304058 34.24707794189453 164
1780575308446 34.24406051635742 165
1780575312559 34.240909576416016 166
1780575316603 33.0884895324707 167
1780575321000 33.08769989013672 168
1780575325538 33.066627502441406 169
1780575329575 31.30706024169922 170
1780575333707 30.584569931030273 171
1780575337718 28.823501586914062 172
1780575341818 28.648361206054688 173
1780575345742 28.591611862182617 174
1780575350066 27.98659896850586 175
1780575354106 27.915653228759766 176
1780575358243 27.914079666137695 177
1780575362318 27.07086181640625 178
1780575366282 27.066680908203125 179
1780575370230 27.04530906677246 180
1780575374243 26.949752807617188 181
1780575378247 26.94516944885254 182
1780575382180 26.94214630126953 183
1780575386622 26.928207397460938 184
1780575391011 26.473665237426758 185
1780575395219 26.23715591430664 186
1780575399335 25.965286254882812 187
1780575403497 25.66167449951172 188
1780575407703 25.659011840820312 189
1780575411818 25.558910369873047 190
1780575415981 25.176315307617188 191
1780575418344 24.997547149658203 192
1780575421838 24.980731964111328 193
1780575424554 24.94889259338379 194
1780575426929 24.866199493408203 195
1780575429333 24.84944725036621 196
1780575431647 24.83624839782715 197
1780575434190 24.833099365234375 198
1780575436541 24.399866104125977 199
1780575438862 24.095312118530273 200
1780575441279 24.087711334228516 201
1780575443769 24.065990447998047 202
1780575446081 23.99020004272461 203
1780575448304 23.667802810668945 204
1780575450765 22.85851287841797 205
1780575453282 22.805130004882812 206
1780575455653 22.474258422851562 207
1780575458060 22.473283767700195 208
1780575460495 22.251049041748047 209
1780575463466 22.221717834472656 210
1780575465849 20.754499435424805 211
1780575468201 20.637741088867188 212
1780575470560 19.422727584838867 213
1780575473041 18.42855453491211 214
1780575475436 17.97246551513672 215
1780575477736 17.878616333007812 216
1780575480574 17.693239212036133 217
1780575483125 17.686452865600586 218
1780575485588 17.447725296020508 219
1780575487888 17.199560165405273 220
1780575490775 16.762922286987305 221
1780575494502 16.518943786621094 222
1780575496906 16.47671127319336 223
1780575499186 15.728385925292969 224
1780575501621 15.416191101074219 225
1780575504131 15.395240783691406 226
1780575506730 15.368226051330566 227
1780575509133 15.344311714172363 228
1780575511702 15.065800666809082 229
1780575514331 14.0936279296875 230
1780575516883 13.448397636413574 231
1780575519328 13.353278160095215 232
1780575521798 12.017827033996582 233
1780575524357 11.543546676635742 234
1780575526807 8.60562515258789 235
1780575529451 7.969037055969238 236
1780575532795 7.959697246551514 237
1780575535306 6.682951927185059 238
1780575537748 0.00011164571333210915 239
1780575540146 0.00011913787602679804 240
