1780574639999 53.849945068359375 1
1780574643991 53.265953063964844 2
1780574647611 50.272830963134766 3
1780574651411 48.82316589355469 4
1780574655817 48.65308380126953 5
1780574659779 48.55797576904297 6
1780574664184 47.320709228515625 7
1780574668187 46.62246322631836 8
1780574671827 46.33454132080078 9
1780574675676 45.595237731933594 10
1780574679855 44.9619140625 11
1780574684043 44.43531799316406 12
1780574688183 44.42903518676758 13
1780574692651 44.42823028564453 14
1780574696643 44.3255615234375 15
1780574700588 43.11590576171875 16
1780574705004 43.07725143432617 17
1780574709767 38.385738372802734 18
1780574713907 34.52764129638672 19
1780574717688 31.933059692382812 20
1780574721548 31.92975616455078 21
1780574725343 31.591373443603516 22
1780574729192 25.24553680419922 23
1780574732916 19.19915771484375 24
1780574737400 16.697608947753906 25
1780574741748 16.191909790039062 26
1780574745764 16.191905975341797 27
1780574749678 14.052416801452637 28
1780574753448 14.051643371582031 29
1780574757263 13.791769027709961 30
1780574760985 12.207236289978027 31
1780574764844 11.140724182128906 32
1780574768864 10.569000244140625 33
1780574772860 9.655269622802734 34
1780574777252 9.655263900756836 35
1780574781372 7.327596664428711 36
1780574785124 5.784971237182617 37
1780574788956 5.670156478881836 38
1780574792804 5.553762435913086 39
1780574796992 5.551216125488281 40
1780574800884 4.148017883300781 41
1780574804788 3.311613082885742 42
1780574808531 3.2637767791748047 43
1780574812636 2.796895742416382 44
1780574816696 2.104483127593994 45
1780574820384 2.0906825065612793 46
1780574824356 2.083725929260254 47
1780574828284 2.073256015777588 48
1780574832144 2.041182279586792 49
1780574836216 2.003326177597046 50
1780574840811 1.9592316150665283 51
1780574845116 1.87770414352417 52
1780574848860 1.8277864456176758 53
1780574852672 1.8196487426757812 54
1780574856592 1.751006841659546 55
1780574860612 1.694354772567749 56
1780574864968 1.551314115524292 57
1780574868820 1.474725604057312 58
1780574872704 1.3759207725524902 59
1780574876580 1.3742077350616455 60
1780574880732 1.305375576019287 61
1780574884748 1.2571606636047363 62
1780574888620 1.2163798809051514 63
1780574892484 1.1262571811676025 64
1780574896452 1.013942003250122 65
1780574900691 0.9514241218566895 66
1780574904712 0.8982422947883606 67
1780574908560 0.8774937987327576 68
1780574912324 0.8774935603141785 69
1780574916136 0.8196888566017151 70
1780574919964 0.8008825778961182 71
1780574924271 0.787735104560852 72
1780574928264 0.7166365385055542 73
1780574932264 0.49335336685180664 74
1780574936109 0.47128331661224365 75
1780574940566 0.4578493535518646 76
1780574944716 0.44660189747810364 77
1780574949072 0.43820250034332275 78
1780574953268 0.4236947298049927 79
1780574957192 0.4225027561187744 80
1780574961229 0.3893745243549347 81
1780574965509 0.38675445318222046 82
1780574969648 0.3835873007774353 83
1780574973432 0.3680567741394043 84
1780574977769 0.3635205924510956 85
1780574981560 0.35917845368385315 86
1780574985384 0.35833311080932617 87
1780574989284 0.3578977584838867 88
1780574993561 0.3555136024951935 89
1780574997604 0.2776169180870056 90
1780575001493 0.273595929145813 91
1780575005376 0.26616546511650085 92
1780575009376 0.26610976457595825 93
1780575013784 0.2658701241016388 94
1780575017956 0.26075202226638794 95
1780575021796 0.26044297218322754 96
1780575026513 0.26019707322120667 97
1780575030660 0.2601902484893799 98
1780575034669 0.25792980194091797 99
1780575038708 0.25793012976646423 100
1780575042845 0.25522035360336304 101
1780575046768 0.23451310396194458 102
1780575050872 0.20693054795265198 103
1780575055048 0.198750302195549 104
1780575059141 0.1866554319858551 105
1780575063317 0.1858958601951599 106
1780575067757 0.18535053730010986 107
1780575072177 0.1653844714164734 108
1780575076371 0.16204622387886047 109
1780575080420 0.15920548141002655 110
1780575084432 0.1453627645969391 111
1780575088373 0.14096423983573914 112
1780575092345 0.14069846272468567 113
1780575096701 0.13889747858047485 114
1780575101064 0.13647940754890442 115
1780575104964 0.13633790612220764 116
1780575109217 0.13550221920013428 117
1780575113392 0.13533641397953033 118
1780575117297 0.13516059517860413 119
1780575121589 0.1347562074661255 120
1780575125633 0.13454455137252808 121
1780575129540 0.12081485986709595 122
1780575133997 0.11806200444698334 123
1780575138117 0.10653514415025711 124
1780575142175 0.10330528020858765 125
1780575146243 0.09704454243183136 126
1780575150437 0.08742973953485489 127
1780575154645 0.08059638738632202 128
1780575158937 0.07995803654193878 129
1780575162905 0.06538517028093338 130
1780575167029 0.06536625325679779 131
1780575170984 0.06516847014427185 132
1780575175053 0.06372730433940887 133
1780575179034 0.06366698443889618 134
1780575183619 0.06275671720504761 135
1780575187628 0.05809099227190018 136
1780575191553 0.05765417218208313 137
1780575195641 0.05720147117972374 138
1780575199841 0.057056814432144165 139
1780575203897 0.056680262088775635 140
1780575208057 0.055972762405872345 141
1780575212116 0.05555275082588196 142
1780575216208 0.05382099747657776 143
1780575220585 0.05382082611322403 144
1780575224945 0.05287802219390869 145
1780575228972 0.052816636860370636 146
1780575233029 0.05027453228831291 147
1780575236889 0.04941995441913605 148
1780575240860 0.049318376928567886 149
1780575244688 0.04886476695537567 150
1780575248617 0.04830470308661461 151
1780575252913 0.04778609052300453 152
1780575257013 0.04689138010144234 153
1780575261637 0.045884083956480026 154
1780575265649 0.04463978856801987 155
1780575269905 0.04422731697559357 156
1780575274757 0.04350018501281738 157
1780575278774 0.043141841888427734 158
1780575283036 0.04313024878501892 159
1780575287145 0.04188628867268562 160
1780575291232 0.04180755466222763 161
1780575295772 0.04140840843319893 162
1780575299701 0.03854901343584061 163
1780575304057 0.03844567388296127 164
1780575308445 0.02779047191143036 165
1780575312557 0.02373691275715828 166
1780575316601 0.023730162531137466 167
1780575320998 0.023711081594228745 168
1780575325537 0.02314070612192154 169
1780575329573 0.023051178082823753 170
1780575333705 0.022616177797317505 171
1780575337717 0.02240286022424698 172
1780575341817 0.02211594767868519 173
1780575345741 0.02149224653840065 174
1780575350065 0.02122369036078453 175
1780575354105 0.020898669958114624 176
1780575358241 0.020581116899847984 177
1780575362317 0.01937202736735344 178
1780575366281 0.019018888473510742 179
1780575370229 0.019018571823835373 180
1780575374241 0.017636559903621674 181
1780575378245 0.01680918037891388 182
1780575382179 0.01679437793791294 183
1780575386620 0.016605902463197708 184
1780575391009 0.016053158789873123 185
1780575395217 0.015685293823480606 186
1780575399333 0.014864574186503887 187
1780575403495 0.01442120224237442 188
1780575407701 0.01397651992738247 189
1780575411816 0.01386032160371542 190
1780575415980 0.012469172477722168 191
1780575418342 0.009775560349225998 192
1780575421837 0.007479333784431219 193
1780575424552 0.0069272322580218315 194
1780575426928 0.006394282914698124 195
1780575429331 0.00613034050911665 196
1780575431645 0.00602587778121233 197
1780575434188 0.005853645037859678 198
1780575436540 0.005561480298638344 199
1780575438860 0.005402423441410065 200
1780575441276 0.0039502396248281 201
1780575443768 0.003943765070289373 202
1780575446079 0.003932141698896885 203
1780575448303 0.0034909313544631004 204
1780575450763 0.00326443905942142 205
1780575453280 0.003263996448367834 206
1780575455651 0.0030875529628247023 207
1780575458058 0.0030768564902246 208
1780575460493 0.0030629984103143215 209
1780575463464 0.0024584010243415833 210
1780575465848 0.0019928407855331898 211
1780575468199 0.0019171277526766062 212
1780575470558 0.0018963089678436518 213
1780575473039 0.0018846968887373805 214
1780575475434 0.0018689960706979036 215
1780575477734 0.0016677479725331068 216
1780575480572 0.0016677697421982884 217
1780575483123 0.0016435536090284586 218
1780575485587 0.0011644783662632108 219
1780575487887 0.0010929686250165105 220
1780575490773 0.0009783966233953834 221
1780575494500 0.0008476328803226352 222
1780575496904 0.0008149977074936032 223
1780575499184 0.0008148213382810354 224
1780575501620 0.0007417685119435191 225
1780575504130 0.0006898532155901194 226
1780575506728 0.0005337881739251316 227
1780575509132 0.0005237513687461615 228
1780575511700 0.00030587296350859106 229
1780575514329 0.00024295203911606222 230
1780575516881 0.00023779834737069905 231
1780575519326 0.00022604168043471873 232
1780575521796 0.00016744929598644376 233
1780575524356 0.00016120393411256373 234
1780575526806 0.00014374026795849204 235
1780575529449 0.00010528980783419684 236
1780575532793 8.343132503796369e-05 237
1780575535304 8.282563067041337e-05 238
1780575537746 8.112052455544472e-05 239
1780575540144 8.112988871289417e-05 240
