1780574640010 4.854029655456543 1
1780574644004 3.329110622406006 2
1780574647625 3.0823216438293457 3
1780574651424 2.5435681343078613 4
1780574655830 2.3191163539886475 5
1780574659791 2.2017481327056885 6
1780574664200 2.0147719383239746 7
1780574668200 1.9328745603561401 8
1780574671840 1.7777979373931885 9
1780574675689 1.703049898147583 10
1780574679874 1.6038293838500977 11
1780574684056 1.5191558599472046 12
1780574688196 1.4343764781951904 13
1780574692664 1.4034314155578613 14
1780574696657 1.330215334892273 15
1780574700600 1.2746061086654663 16
1780574705016 1.237538456916809 17
1780574709794 1.2116340398788452 18
1780574713919 1.1719191074371338 19
1780574717700 1.1422516107559204 20
1780574721561 1.09565007686615 21
1780574725369 1.0772664546966553 22
1780574729205 1.0539782047271729 23
1780574732928 1.0229359865188599 24
1780574737413 0.9913786053657532 25
1780574741761 0.9567419290542603 26
1780574745777 0.9281506538391113 27
1780574749690 0.9186422824859619 28
1780574753461 0.903495192527771 29
1780574757276 0.8831450343132019 30
1780574760998 0.8749352097511292 31
1780574764857 0.8681740760803223 32
1780574768875 0.8492697477340698 33
1780574772873 0.8388752341270447 34
1780574777265 0.8335588574409485 35
1780574781384 0.8242194652557373 36
1780574785145 0.8162931799888611 37
1780574788968 0.8051050305366516 38
1780574792817 0.7950237393379211 39
1780574797005 0.7865573167800903 40
1780574800897 0.7831813097000122 41
1780574804801 0.7793427109718323 42
1780574808543 0.773460328578949 43
1780574812649 0.7707655429840088 44
1780574816709 0.7635186314582825 45
1780574820397 0.7515998482704163 46
1780574824368 0.7441350221633911 47
1780574828297 0.7308258414268494 48
1780574832156 0.7289252877235413 49
1780574836228 0.7233229875564575 50
1780574840827 0.719970703125 51
1780574845129 0.7125194072723389 52
1780574848872 0.7054961919784546 53
1780574852685 0.6983081102371216 54
1780574856604 0.6910985708236694 55
1780574860626 0.683192789554596 56
1780574864981 0.6820533275604248 57
1780574868833 0.6766687035560608 58
1780574872717 0.6627922654151917 59
1780574876593 0.6598087549209595 60
1780574880745 0.6585818529129028 61
1780574884761 0.6540151238441467 62
1780574888633 0.6512483954429626 63
1780574892497 0.645589292049408 64
1780574896465 0.6408292651176453 65
1780574900719 0.64158034324646 66
1780574904723 0.6378204226493835 67
1780574908573 0.6335073113441467 68
1780574912337 0.6366894245147705 69
1780574916149 0.6346458196640015 70
1780574919977 0.6346572041511536 71
1780574924299 0.6338912844657898 72
1780574928277 0.6344988942146301 73
1780574932276 0.6322922110557556 74
1780574936122 0.6307331323623657 75
1780574940579 0.6289471387863159 76
1780574944729 0.6329730749130249 77
1780574949085 0.6325675845146179 78
1780574953281 0.6330373287200928 79
1780574957206 0.6330025792121887 80
1780574961241 0.6293722987174988 81
1780574965522 0.6285783648490906 82
1780574969661 0.6292367577552795 83
1780574973445 0.6264684796333313 84
1780574977781 0.6277151703834534 85
1780574981573 0.6238789558410645 86
1780574985397 0.6212351322174072 87
1780574989297 0.6190111041069031 88
1780574993574 0.6179660558700562 89
1780574997616 0.6186769604682922 90
1780575001506 0.6163992881774902 91
1780575005389 0.6162629127502441 92
1780575009388 0.6163883209228516 93
1780575013797 0.615668773651123 94
1780575017969 0.6157938241958618 95
1780575021809 0.6141306161880493 96
1780575026526 0.6116700768470764 97
1780575030673 0.6115840673446655 98
1780575034681 0.6115236282348633 99
1780575038721 0.6098334193229675 100
1780575042857 0.6091423630714417 101
1780575046780 0.6077471971511841 102
1780575050886 0.6080116033554077 103
1780575055060 0.606489360332489 104
1780575059155 0.6061650514602661 105
1780575063329 0.6042483448982239 106
1780575067770 0.6011703014373779 107
1780575072190 0.5986769199371338 108
1780575076384 0.5973036885261536 109
1780575080433 0.5956023335456848 110
1780575084445 0.5941165685653687 111
1780575088386 0.5917546153068542 112
1780575092357 0.5921936631202698 113
1780575096715 0.5917661786079407 114
1780575101077 0.5904579758644104 115
1780575104977 0.5893431901931763 116
1780575109230 0.5895094275474548 117
1780575113405 0.590694785118103 118
1780575117310 0.5885525345802307 119
1780575121601 0.5884851813316345 120
1780575125645 0.5880090594291687 121
1780575129553 0.5858463644981384 122
1780575134010 0.5854754447937012 123
1780575138130 0.5858001112937927 124
1780575142189 0.5854169726371765 125
1780575146255 0.5835965275764465 126
1780575150450 0.5843626856803894 127
1780575154658 0.5825628042221069 128
1780575158950 0.5818660855293274 129
1780575162918 0.5810362100601196 130
1780575167041 0.5828487873077393 131
1780575171003 0.5832186341285706 132
1780575175066 0.5848493576049805 133
1780575179046 0.5838801264762878 134
1780575183646 0.5840543508529663 135
1780575187641 0.5838932991027832 136
1780575191566 0.5833069682121277 137
1780575195654 0.58140629529953 138
1780575199854 0.5817959904670715 139
1780575203909 0.5811105370521545 140
1780575208070 0.5810036659240723 141
1780575212129 0.580003559589386 142
1780575216221 0.5792825818061829 143
1780575220597 0.579240083694458 144
1780575224957 0.5768990516662598 145
1780575228984 0.5762640237808228 146
1780575233042 0.5741926431655884 147
1780575236902 0.5743784308433533 148
1780575240873 0.573486864566803 149
1780575244702 0.5728519558906555 150
1780575248630 0.5702711939811707 151
1780575252926 0.5697494745254517 152
1780575257026 0.5688199996948242 153
1780575261650 0.5672568678855896 154
1780575265661 0.5645877122879028 155
1780575269918 0.5628905892372131 156
1780575274771 0.5605214834213257 157
1780575278787 0.5587427616119385 158
1780575283049 0.558866560459137 159
1780575287158 0.5575304627418518 160
1780575291245 0.5562936663627625 161
1780575295784 0.5538240075111389 162
1780575299714 0.552791953086853 163
1780575304069 0.5492604970932007 164
1780575308458 0.5462578535079956 165
1780575312570 0.5440266132354736 166
1780575316614 0.5417957901954651 167
1780575321011 0.540298581123352 168
1780575325557 0.5377479195594788 169
1780575329586 0.5358573198318481 170
1780575333718 0.5337806344032288 171
1780575337730 0.5303604006767273 172
1780575341830 0.5287812948226929 173
1780575345768 0.5263136029243469 174
1780575350077 0.5238149166107178 175
1780575354118 0.5234076976776123 176
1780575358254 0.5211132764816284 177
1780575362329 0.5195849537849426 178
1780575366293 0.5175040364265442 179
1780575370242 0.5156241655349731 180
1780575374254 0.5115392804145813 181
1780575378258 0.5092331767082214 182
1780575382191 0.505877673625946 183
1780575386633 0.5033208131790161 184
1780575391022 0.4993543326854706 185
1780575395230 0.49606233835220337 186
1780575399346 0.4926997423171997 187
1780575403508 0.48889443278312683 188
1780575407714 0.4855807423591614 189
1780575411829 0.4813784956932068 190
1780575415991 0.47752654552459717 191
1780575418355 0.47403764724731445 192
1780575421849 0.46927469968795776 193
1780575424565 0.46532124280929565 194
1780575426941 0.4625228941440582 195
1780575429344 0.4582170248031616 196
1780575431658 0.45441651344299316 197
1780575434201 0.4506578743457794 198
1780575436553 0.4471571743488312 199
1780575438873 0.4421750605106354 200
1780575441290 0.43824175000190735 201
1780575443781 0.43412408232688904 202
1780575446092 0.42896339297294617 203
1780575448316 0.424391508102417 204
1780575450776 0.4196871519088745 205
1780575453293 0.4145123362541199 206
1780575455664 0.4086191654205322 207
1780575458071 0.4029422700405121 208
1780575460506 0.39767754077911377 209
1780575463484 0.3913755416870117 210
1780575465861 0.3852352499961853 211
1780575468212 0.3787364959716797 212
1780575470571 0.37230610847473145 213
1780575473052 0.36468997597694397 214
1780575475447 0.3575751483440399 215
1780575477747 0.35051125288009644 216
1780575480586 0.3432779014110565 217
1780575483136 0.3357277810573578 218
1780575485600 0.3269136846065521 219
1780575487899 0.31899282336235046 220
1780575490786 0.3104552626609802 221
1780575494513 0.3026924133300781 222
1780575496917 0.29360246658325195 223
1780575499197 0.28272056579589844 224
1780575501633 0.27310287952423096 225
1780575504143 0.26124197244644165 226
1780575506740 0.24947290122509003 227
1780575509144 0.2370302975177765 228
1780575511714 0.22218018770217896 229
1780575514342 0.2078990489244461 230
1780575516894 0.19359001517295837 231
1780575519339 0.1787448674440384 232
1780575521809 0.1622423529624939 233
1780575524369 0.14426769316196442 234
1780575526818 0.12139353156089783 235
1780575529462 0.09547936916351318 236
1780575532806 0.059266407042741776 237
1780575535317 0.04148263856768608 238
1780575537759 0.00017177774861920625 239
1780575540157 0.00017226309864781797 240
