1780574640011 2.3282999992370605 1
1780574644006 2.241848945617676 2
1780574647626 2.2197628021240234 3
1780574651425 2.1934421062469482 4
1780574655831 2.1935839653015137 5
1780574659793 2.1797900199890137 6
1780574664202 2.179744243621826 7
1780574668202 2.109325885772705 8
1780574671841 2.1039700508117676 9
1780574675691 2.160170793533325 10
1780574679876 2.1734514236450195 11
1780574684058 2.1735427379608154 12
1780574688197 2.1621294021606445 13
1780574692665 2.1521799564361572 14
1780574696658 2.1196863651275635 15
1780574700602 2.0432045459747314 16
1780574705018 2.048842191696167 17
1780574709796 1.9089908599853516 18
1780574713920 1.9187073707580566 19
1780574717702 1.9203433990478516 20
1780574721562 1.9483294486999512 21
1780574725370 1.9198887348175049 22
1780574729206 1.8166488409042358 23
1780574732930 1.510864019393921 24
1780574737414 1.402896523475647 25
1780574741762 1.4079866409301758 26
1780574745778 1.4080877304077148 27
1780574749692 1.370666265487671 28
1780574753462 1.3339779376983643 29
1780574757278 1.3342244625091553 30
1780574761000 1.2214330434799194 31
1780574764858 1.1964929103851318 32
1780574768877 1.1883337497711182 33
1780574772874 1.1791253089904785 34
1780574777266 1.1768505573272705 35
1780574781386 1.1295340061187744 36
1780574785146 0.9770660400390625 37
1780574788969 0.928905725479126 38
1780574792818 0.9157978296279907 39
1780574797006 0.8954150676727295 40
1780574800898 0.8744181990623474 41
1780574804802 0.7640920877456665 42
1780574808544 0.7611113786697388 43
1780574812650 0.709243655204773 44
1780574816710 0.6087437868118286 45
1780574820398 0.6088461875915527 46
1780574824370 0.607581615447998 47
1780574828298 0.6045833230018616 48
1780574832158 0.6037020087242126 49
1780574836230 0.598072350025177 50
1780574840828 0.5904853343963623 51
1780574845131 0.5761809945106506 52
1780574848874 0.5658450126647949 53
1780574852687 0.5636652708053589 54
1780574856605 0.5522295236587524 55
1780574860627 0.5453815460205078 56
1780574864982 0.5247156620025635 57
1780574868835 0.5068941712379456 58
1780574872719 0.4885101318359375 59
1780574876594 0.4543187916278839 60
1780574880746 0.4486202299594879 61
1780574884762 0.43948277831077576 62
1780574888634 0.4381680190563202 63
1780574892498 0.4383764863014221 64
1780574896467 0.4167747497558594 65
1780574900720 0.4027709364891052 66
1780574904725 0.39019760489463806 67
1780574908575 0.3885713219642639 68
1780574912338 0.3885393440723419 69
1780574916150 0.3759124279022217 70
1780574919979 0.3709475100040436 71
1780574924300 0.3693949282169342 72
1780574928278 0.3521576523780823 73
1780574932278 0.2878221869468689 74
1780574936123 0.2790452837944031 75
1780574940593 0.2741253972053528 76
1780574944730 0.26878422498703003 77
1780574949087 0.2661777138710022 78
1780574953283 0.2621117830276489 79
1780574957207 0.2618461847305298 80
1780574961243 0.2506619393825531 81
1780574965523 0.2505061626434326 82
1780574969663 0.24917058646678925 83
1780574973447 0.24254706501960754 84
1780574977783 0.24170556664466858 85
1780574981575 0.23877181112766266 86
1780574985398 0.23857003450393677 87
1780574989298 0.23822203278541565 88
1780574993575 0.23804935812950134 89
1780574997617 0.20699259638786316 90
1780575001507 0.2065269649028778 91
1780575005391 0.2025129348039627 92
1780575009389 0.2025153636932373 93
1780575013798 0.20222356915473938 94
1780575017970 0.2003297507762909 95
1780575021811 0.2002563774585724 96
1780575026527 0.20027053356170654 97
1780575030674 0.20030376315116882 98
1780575034683 0.19937032461166382 99
1780575038722 0.1993674635887146 100
1780575042859 0.19908082485198975 101
1780575046781 0.19200542569160461 102
1780575050887 0.17801770567893982 103
1780575055062 0.17458954453468323 104
1780575059156 0.16906246542930603 105
1780575063331 0.16847582161426544 106
1780575067771 0.1679822951555252 107
1780575072192 0.160561203956604 108
1780575076385 0.157928928732872 109
1780575080435 0.1565871238708496 110
1780575084446 0.15027640759944916 111
1780575088387 0.14796099066734314 112
1780575092359 0.14788034558296204 113
1780575096716 0.1467912644147873 114
1780575101078 0.14522072672843933 115
1780575104979 0.14519274234771729 116
1780575109231 0.1451297104358673 117
1780575113406 0.14515651762485504 118
1780575117311 0.14484556019306183 119
1780575121603 0.14471536874771118 120
1780575125646 0.14442619681358337 121
1780575129554 0.1357119381427765 122
1780575134011 0.1343139261007309 123
1780575138131 0.1264733523130417 124
1780575142190 0.12464886158704758 125
1780575146256 0.12109202891588211 126
1780575150451 0.11522429436445236 127
1780575154659 0.11060310900211334 128
1780575158951 0.11030501127243042 129
1780575162919 0.10007768869400024 130
1780575167042 0.10002686083316803 131
1780575171005 0.09986740350723267 132
1780575175067 0.0985562801361084 133
1780575179047 0.0985012874007225 134
1780575183648 0.09783144295215607 135
1780575187643 0.0945122241973877 136
1780575191567 0.09416615962982178 137
1780575195655 0.09384553134441376 138
1780575199855 0.09381711483001709 139
1780575203911 0.09357825666666031 140
1780575208071 0.0928935706615448 141
1780575212130 0.09248000383377075 142
1780575216222 0.09115858376026154 143
1780575220599 0.09115281701087952 144
1780575224959 0.09021908789873123 145
1780575228986 0.09018760174512863 146
1780575233043 0.08793047070503235 147
1780575236904 0.0871361643075943 148
1780575240875 0.08704269677400589 149
1780575244703 0.08665789663791656 150
1780575248631 0.08617591112852097 151
1780575252928 0.08566407114267349 152
1780575257027 0.08487437665462494 153
1780575261651 0.0838819071650505 154
1780575265663 0.08285575360059738 155
1780575269919 0.08255760371685028 156
1780575274772 0.08202734589576721 157
1780575278788 0.08160767704248428 158
1780575283050 0.08163008093833923 159
1780575287159 0.08052556216716766 160
1780575291246 0.0804322212934494 161
1780575295786 0.08006603270769119 162
1780575299715 0.07750006020069122 163
1780575304071 0.07739707082509995 164
1780575308459 0.0663512796163559 165
1780575312571 0.06156172975897789 166
1780575316615 0.06154819577932358 167
1780575321012 0.0614863820374012 168
1780575325559 0.0608939453959465 169
1780575329587 0.060758791863918304 170
1780575333719 0.060153961181640625 171
1780575337731 0.059909574687480927 172
1780575341831 0.05951064079999924 173
1780575345769 0.05877232551574707 174
1780575350079 0.058445271104574203 175
1780575354119 0.05794122815132141 176
1780575358255 0.057532407343387604 177
1780575362331 0.05578509345650673 178
1780575366295 0.05520513653755188 179
1780575370243 0.05520571395754814 180
1780575374255 0.05311580002307892 181
1780575378260 0.052090756595134735 182
1780575382193 0.05205809697508812 183
1780575386634 0.05184836685657501 184
1780575391023 0.05124825984239578 185
1780575395232 0.050561267882585526 186
1780575399347 0.048929616808891296 187
1780575403509 0.04836618900299072 188
1780575407716 0.04782029613852501 189
1780575411830 0.04748201370239258 190
1780575415992 0.045434415340423584 191
1780575418357 0.04014693200588226 192
1780575421851 0.03437896445393562 193
1780575424567 0.032669439911842346 194
1780575426942 0.03107171133160591 195
1780575429345 0.0303058959543705 196
1780575431659 0.030082527548074722 197
1780575434202 0.029549790546298027 198
1780575436554 0.02890261635184288 199
1780575438874 0.02844751439988613 200
1780575441291 0.023595670238137245 201
1780575443782 0.023583270609378815 202
1780575446094 0.02352100983262062 203
1780575448317 0.02264476753771305 204
1780575450777 0.021907057613134384 205
1780575453295 0.021908152848482132 206
1780575455665 0.02133239060640335 207
1780575458072 0.02130330353975296 208
1780575460508 0.02133576199412346 209
1780575463485 0.018858568742871284 210
1780575465862 0.017305491492152214 211
1780575468214 0.016838444396853447 212
1780575470572 0.016812538728117943 213
1780575473054 0.01668579876422882 214
1780575475449 0.016664942726492882 215
1780575477749 0.01571665331721306 216
1780575480587 0.0157169122248888 217
1780575483137 0.015625931322574615 218
1780575485601 0.013660507276654243 219
1780575487901 0.013317612931132317 220
1780575490788 0.012663353234529495 221
1780575494515 0.011984523385763168 222
1780575496918 0.011845024302601814 223
1780575499199 0.011845329776406288 224
1780575501634 0.01138133555650711 225
1780575504145 0.011003386229276657 226
1780575506741 0.009941816329956055 227
1780575509145 0.00985514372587204 228
1780575511715 0.007774578407406807 229
1780575514343 0.007124482654035091 230
1780575516896 0.007064221426844597 231
1780575519341 0.006948510184884071 232
1780575521810 0.006277880631387234 233
1780575524370 0.0061851805076003075 234
1780575526820 0.005471701733767986 235
1780575529463 0.0052917515859007835 236
1780575532807 0.004523877054452896 237
1780575535318 0.004517813678830862 238
1780575537760 0.004483816679567099 239
1780575540158 0.004489497747272253 240
