1780574640013 38.25556182861328 1
1780574644007 24.609630584716797 2
1780574647627 22.44118309020996 3
1780574651427 17.141618728637695 4
1780574655833 15.797691345214844 5
1780574659794 15.780348777770996 6
1780574664203 14.459237098693848 7
1780574668203 14.494490623474121 8
1780574671843 12.69011116027832 9
1780574675692 11.899049758911133 10
1780574679877 10.768141746520996 11
1780574684059 10.374674797058105 12
1780574688199 10.352468490600586 13
1780574692666 10.354169845581055 14
1780574696659 8.49655818939209 15
1780574700603 8.266280174255371 16
1780574705019 8.186548233032227 17
1780574709797 7.959029197692871 18
1780574713922 7.577404975891113 19
1780574717703 7.304625511169434 20
1780574721563 6.828864574432373 21
1780574725372 6.7949371337890625 22
1780574729207 6.798648357391357 23
1780574732931 6.469589710235596 24
1780574737415 6.475282669067383 25
1780574741763 6.096299648284912 26
1780574745779 6.072562217712402 27
1780574749693 6.029809951782227 28
1780574753463 5.99292516708374 29
1780574757279 5.80126953125 30
1780574761002 5.803290843963623 31
1780574764859 5.789394378662109 32
1780574768878 5.734787464141846 33
1780574772875 5.551772117614746 34
1780574777268 5.551728248596191 35
1780574781387 5.443321228027344 36
1780574785147 5.425629615783691 37
1780574788971 5.420130252838135 38
1780574792820 5.4182586669921875 39
1780574797007 5.377385139465332 40
1780574800900 5.306158065795898 41
1780574804804 5.214270114898682 42
1780574808545 5.1842041015625 43
1780574812652 5.184152603149414 44
1780574816712 5.16612434387207 45
1780574820400 5.155222415924072 46
1780574824371 4.9166765213012695 47
1780574828300 4.915642738342285 48
1780574832159 4.905272483825684 49
1780574836231 4.67558479309082 50
1780574840838 4.58981990814209 51
1780574845132 4.52971076965332 52
1780574848875 4.5283708572387695 53
1780574852688 4.3734540939331055 54
1780574856606 4.262359619140625 55
1780574860629 4.256758689880371 56
1780574864984 4.163362979888916 57
1780574868836 4.136441230773926 58
1780574872720 3.9803850650787354 59
1780574876596 3.9833245277404785 60
1780574880748 3.968782424926758 61
1780574884763 3.8540241718292236 62
1780574888636 3.8350138664245605 63
1780574892500 3.7302398681640625 64
1780574896468 3.700532913208008 65
1780574900721 3.700626850128174 66
1780574904726 3.7003347873687744 67
1780574908576 3.700453519821167 68
1780574912340 3.710066318511963 69
1780574916152 3.7095704078674316 70
1780574919980 3.711496353149414 71
1780574924301 3.7136387825012207 72
1780574928280 3.694417953491211 73
1780574932279 3.620298385620117 74
1780574936124 3.63084077835083 75
1780574940594 3.62979793548584 76
1780574944732 3.6304562091827393 77
1780574949088 3.601428747177124 78
1780574953284 3.506268262863159 79
1780574957209 3.4846088886260986 80
1780574961244 3.4242708683013916 81
1780574965525 3.424767017364502 82
1780574969664 3.4222817420959473 83
1780574973448 3.3514981269836426 84
1780574977784 3.2352752685546875 85
1780574981576 3.230332851409912 86
1780574985400 3.185606002807617 87
1780574989300 3.1621532440185547 88
1780574993576 3.1488399505615234 89
1780574997619 3.1490938663482666 90
1780575001509 3.1063451766967773 91
1780575005392 3.0945985317230225 92
1780575009390 3.096038818359375 93
1780575013800 3.0426206588745117 94
1780575017972 3.032405138015747 95
1780575021812 3.028445243835449 96
1780575026529 2.99997615814209 97
1780575030676 2.9964613914489746 98
1780575034684 2.9965693950653076 99
1780575038724 2.9954495429992676 100
1780575042860 2.9951834678649902 101
1780575046783 2.963886260986328 102
1780575050888 2.9047131538391113 103
1780575055063 2.8999884128570557 104
1780575059158 2.869426727294922 105
1780575063332 2.8387880325317383 106
1780575067772 2.839488983154297 107
1780575072193 2.66214656829834 108
1780575076387 2.653203010559082 109
1780575080436 2.639962911605835 110
1780575084448 2.6293256282806396 111
1780575088389 2.6066455841064453 112
1780575092360 2.6049094200134277 113
1780575096717 2.6049039363861084 114
1780575101084 2.5903549194335938 115
1780575104980 2.5568900108337402 116
1780575109233 2.5524792671203613 117
1780575113407 2.546907663345337 118
1780575117312 2.5360140800476074 119
1780575121604 2.5172290802001953 120
1780575125647 2.5105342864990234 121
1780575129555 2.4820330142974854 122
1780575134012 2.4706544876098633 123
1780575138132 2.4524550437927246 124
1780575142191 2.4388644695281982 125
1780575146274 2.414229154586792 126
1780575150452 2.4112942218780518 127
1780575154661 2.353691577911377 128
1780575158953 2.355520248413086 129
1780575162921 2.3485889434814453 130
1780575167043 2.348494529724121 131
1780575171006 2.3467559814453125 132
1780575175068 2.341252326965332 133
1780575179048 2.332859516143799 134
1780575183649 2.325174331665039 135
1780575187644 2.3200888633728027 136
1780575191568 2.317753314971924 137
1780575195656 2.3016514778137207 138
1780575199856 2.299767017364502 139
1780575203912 2.2894816398620605 140
1780575208072 2.279921770095825 141
1780575212132 2.279177665710449 142
1780575216224 2.2457242012023926 143
1780575220600 2.2061240673065186 144
1780575224960 2.2064032554626465 145
1780575228987 2.2051408290863037 146
1780575233045 2.2049455642700195 147
1780575236905 2.205181121826172 148
1780575240876 2.201265811920166 149
1780575244704 2.1898670196533203 150
1780575248632 2.1047821044921875 151
1780575252929 2.1009349822998047 152
1780575257030 2.099858283996582 153
1780575261652 2.088984251022339 154
1780575265664 2.0037639141082764 155
1780575269920 1.9914915561676025 156
1780575274773 1.9929531812667847 157
1780575278790 1.9884032011032104 158
1780575283052 1.9857118129730225 159
1780575287160 1.9828522205352783 160
1780575291248 1.9691760540008545 161
1780575295787 1.9682435989379883 162
1780575299716 1.9679090976715088 163
1780575304072 1.966835379600525 164
1780575308461 1.9660422801971436 165
1780575312573 1.9649920463562012 166
1780575316617 1.9469842910766602 167
1780575321013 1.9466228485107422 168
1780575325560 1.9410638809204102 169
1780575329589 1.9247283935546875 170
1780575333721 1.8906612396240234 171
1780575337732 1.8538336753845215 172
1780575341833 1.8545717000961304 173
1780575345770 1.8555405139923096 174
1780575350080 1.8555508852005005 175
1780575354120 1.8554632663726807 176
1780575358256 1.834073543548584 177
1780575362332 1.8370777368545532 178
1780575366296 1.7968385219573975 179
1780575370244 1.7833924293518066 180
1780575374257 1.7791516780853271 181
1780575378261 1.727174997329712 182
1780575382194 1.7271432876586914 183
1780575386636 1.7205922603607178 184
1780575391024 1.7169389724731445 185
1780575395233 1.7150605916976929 186
1780575399349 1.711721420288086 187
1780575403510 1.6900267601013184 188
1780575407717 1.6797281503677368 189
1780575411832 1.6793464422225952 190
1780575416010 1.6643598079681396 191
1780575418358 1.6470258235931396 192
1780575421852 1.6473705768585205 193
1780575424568 1.6433377265930176 194
1780575426944 1.6382888555526733 195
1780575429347 1.6376584768295288 196
1780575431661 1.6342909336090088 197
1780575434204 1.6234331130981445 198
1780575436555 1.6197482347488403 199
1780575438875 1.6030765771865845 200
1780575441293 1.5957579612731934 201
1780575443784 1.5957818031311035 202
1780575446095 1.592749834060669 203
1780575448319 1.5746245384216309 204
1780575450779 1.552720546722412 205
1780575453296 1.5364711284637451 206
1780575455666 1.528651237487793 207
1780575458073 1.520198106765747 208
1780575460509 1.5119740962982178 209
1780575463486 1.50359046459198 210
1780575465863 1.4739363193511963 211
1780575468215 1.4742214679718018 212
1780575470574 1.4497747421264648 213
1780575473055 1.4449928998947144 214
1780575475450 1.3917359113693237 215
1780575477750 1.3906855583190918 216
1780575480588 1.386580467224121 217
1780575483139 1.3867413997650146 218
1780575485603 1.3727325201034546 219
1780575487902 1.3232612609863281 220
1780575490789 1.3016899824142456 221
1780575494516 1.278601884841919 222
1780575496920 1.2739219665527344 223
1780575499200 1.2346246242523193 224
1780575501635 1.2301318645477295 225
1780575504146 1.223376750946045 226
1780575506743 1.2236058712005615 227
1780575509147 1.2106215953826904 228
1780575511717 1.1963341236114502 229
1780575514345 1.1903047561645508 230
1780575516897 1.1295706033706665 231
1780575519342 1.1268572807312012 232
1780575521811 1.0763235092163086 233
1780575524371 1.0582520961761475 234
1780575526821 0.8929157853126526 235
1780575529465 0.8395215272903442 236
1780575532809 0.499056875705719 237
1780575535320 0.46112060546875 238
1780575537762 0.005669202655553818 239
1780575540160 0.005664977245032787 240
