1780574640008 15.135794639587402 1
1780574644001 14.405017852783203 2
1780574647622 13.685295104980469 3
1780574651421 13.229164123535156 4
1780574655827 13.015644073486328 5
1780574659789 12.806779861450195 6
1780574664197 12.527881622314453 7
1780574668198 12.458176612854004 8
1780574671837 12.283312797546387 9
1780574675686 12.160381317138672 10
1780574679872 12.007896423339844 11
1780574684054 11.955336570739746 12
1780574688193 11.847784996032715 13
1780574692661 11.653343200683594 14
1780574696654 11.617121696472168 15
1780574700598 11.494893074035645 16
1780574705014 11.203556060791016 17
1780574709776 11.178401947021484 18
1780574713916 11.069478988647461 19
1780574717698 11.016886711120605 20
1780574721558 10.977518081665039 21
1780574725366 10.887588500976562 22
1780574729202 10.790678024291992 23
1780574732926 10.725238800048828 24
1780574737410 10.523273468017578 25
1780574741758 10.3563871383667 26
1780574745774 10.341471672058105 27
1780574749688 10.238727569580078 28
1780574753458 10.183300018310547 29
1780574757274 10.083696365356445 30
1780574760995 9.992080688476562 31
1780574764854 9.941903114318848 32
1780574768873 9.893890380859375 33
1780574772870 9.87021255493164 34
1780574777262 9.711963653564453 35
1780574781382 9.616819381713867 36
1780574785142 9.595181465148926 37
1780574788965 9.525943756103516 38
1780574792814 9.450817108154297 39
1780574797002 9.342727661132812 40
1780574800894 9.282186508178711 41
1780574804798 9.250319480895996 42
1780574808540 9.192736625671387 43
1780574812646 9.144420623779297 44
1780574816706 9.116510391235352 45
1780574820394 9.024457931518555 46
1780574824366 8.986095428466797 47
1780574828294 8.947164535522461 48
1780574832154 8.88912582397461 49
1780574836226 8.789434432983398 50
1780574840820 8.731439590454102 51
1780574845126 8.698434829711914 52
1780574848870 8.644672393798828 53
1780574852683 8.61301040649414 54
1780574856601 8.538776397705078 55
1780574860623 8.471736907958984 56
1780574864978 8.43578815460205 57
1780574868830 8.359331130981445 58
1780574872714 8.300949096679688 59
1780574876590 8.257741928100586 60
1780574880742 8.214201927185059 61
1780574884758 8.138124465942383 62
1780574888630 8.095114707946777 63
1780574892494 8.049073219299316 64
1780574896463 8.00261116027832 65
1780574900700 7.95140266418457 66
1780574904721 7.8926496505737305 67
1780574908570 7.8531270027160645 68
1780574912334 7.797125816345215 69
1780574916146 7.773263931274414 70
1780574919974 7.753722190856934 71
1780574924280 7.628196716308594 72
1780574928274 7.575814247131348 73
1780574932274 7.552652835845947 74
1780574936119 7.517849922180176 75
1780574940576 7.486016273498535 76
1780574944726 7.444185256958008 77
1780574949082 7.396524429321289 78
1780574953279 7.363502502441406 79
1780574957203 7.308143615722656 80
1780574961239 7.246703147888184 81
1780574965519 7.175485610961914 82
1780574969659 7.118466377258301 83
1780574973443 7.099404811859131 84
1780574977779 7.0636701583862305 85
1780574981570 7.032683372497559 86
1780574985394 7.001135349273682 87
1780574989294 6.935894012451172 88
1780574993571 6.893646717071533 89
1780574997614 6.868646621704102 90
1780575001503 6.8286051750183105 91
1780575005386 6.777901649475098 92
1780575009385 6.716983318328857 93
1780575013794 6.691414833068848 94
1780575017966 6.645987033843994 95
1780575021807 6.583315849304199 96
1780575026523 6.556764602661133 97
1780575030670 6.494781970977783 98
1780575034679 6.461368560791016 99
1780575038718 6.428677558898926 100
1780575042855 6.360897064208984 101
1780575046777 6.326977729797363 102
1780575050883 6.292139053344727 103
1780575055058 6.254030227661133 104
1780575059152 6.201851844787598 105
1780575063327 6.095207691192627 106
1780575067767 6.058183670043945 107
1780575072187 6.038398265838623 108
1780575076381 5.971102714538574 109
1780575080430 5.94955587387085 110
1780575084442 5.90382194519043 111
1780575088383 5.836602210998535 112
1780575092355 5.804594039916992 113
1780575096712 5.784796714782715 114
1780575101074 5.74851131439209 115
1780575104975 5.71026086807251 116
1780575109227 5.692165374755859 117
1780575113402 5.6561713218688965 118
1780575117307 5.58077335357666 119
1780575121599 5.569457530975342 120
1780575125642 5.549911975860596 121
1780575129550 5.529278755187988 122
1780575134007 5.520316123962402 123
1780575138127 5.4896016120910645 124
1780575142186 5.4298481941223145 125
1780575146252 5.384089946746826 126
1780575150447 5.368721961975098 127
1780575154655 5.356949329376221 128
1780575158947 5.331473350524902 129
1780575162915 5.306795597076416 130
1780575167038 5.245576858520508 131
1780575171001 5.226169586181641 132
1780575175063 5.145503520965576 133
1780575179043 5.114974498748779 134
1780575183628 5.075093746185303 135
1780575187638 4.99901008605957 136
1780575191563 4.964289665222168 137
1780575195651 4.921980381011963 138
1780575199851 4.890535354614258 139
1780575203907 4.829472541809082 140
1780575208067 4.763727188110352 141
1780575212126 4.744324684143066 142
1780575216218 4.660219192504883 143
1780575220595 4.6347503662109375 144
1780575224955 4.588415622711182 145
1780575228982 4.509307384490967 146
1780575233039 4.4542927742004395 147
1780575236899 4.379422187805176 148
1780575240871 4.359701156616211 149
1780575244699 4.248594284057617 150
1780575248627 4.154106140136719 151
1780575252923 4.093538284301758 152
1780575257023 4.024029731750488 153
1780575261647 3.9845776557922363 154
1780575265659 3.9250664710998535 155
1780575269915 3.8961668014526367 156
1780575274768 3.774019241333008 157
1780575278784 3.72367000579834 158
1780575283046 3.6763103008270264 159
1780575287155 3.5769355297088623 160
1780575291242 3.4190101623535156 161
1780575295782 3.3662023544311523 162
1780575299711 3.273766279220581 163
1780575304066 3.2716846466064453 164
1780575308455 3.195063591003418 165
1780575312567 3.1908297538757324 166
1780575316611 3.141263484954834 167
1780575321008 3.109689950942993 168
1780575325555 3.0721609592437744 169
1780575329583 2.9888155460357666 170
1780575333715 2.9367964267730713 171
1780575337727 2.9091713428497314 172
1780575341827 2.8436965942382812 173
1780575345765 2.8118515014648438 174
1780575350075 2.7076950073242188 175
1780575354115 2.653794288635254 176
1780575358251 2.595625400543213 177
1780575362327 2.4963483810424805 178
1780575366290 2.433105945587158 179
1780575370239 2.39395809173584 180
1780575374251 2.3884902000427246 181
1780575378255 2.3468551635742188 182
1780575382188 2.2571640014648438 183
1780575386630 2.125215530395508 184
1780575391019 2.075958728790283 185
1780575395227 1.9893486499786377 186
1780575399343 1.891183614730835 187
1780575403505 1.8292231559753418 188
1780575407712 1.7201120853424072 189
1780575411826 1.7054469585418701 190
1780575415988 1.6564210653305054 191
1780575418352 1.558510661125183 192
1780575421846 1.5278375148773193 193
1780575424563 1.4821971654891968 194
1780575426938 1.4249564409255981 195
1780575429341 1.407327651977539 196
1780575431655 1.3279407024383545 197
1780575434198 1.2859528064727783 198
1780575436550 1.237027883529663 199
1780575438870 1.178609013557434 200
1780575441287 1.1556800603866577 201
1780575443778 1.1224539279937744 202
1780575446089 1.0630695819854736 203
1780575448313 1.0394420623779297 204
1780575450773 1.0014712810516357 205
1780575453290 0.9701240062713623 206
1780575455661 0.9462449550628662 207
1780575458068 0.9005478620529175 208
1780575460504 0.8751154541969299 209
1780575463481 0.8366050720214844 210
1780575465858 0.7999097108840942 211
1780575468209 0.7719588279724121 212
1780575470568 0.7320277094841003 213
1780575473050 0.7097816467285156 214
1780575475444 0.6643130779266357 215
1780575477744 0.6447234749794006 216
1780575480583 0.5958554744720459 217
1780575483133 0.5862648487091064 218
1780575485597 0.5609530210494995 219
1780575487897 0.5346659421920776 220
1780575490783 0.488808274269104 221
1780575494511 0.4738257825374603 222
1780575496914 0.4136722981929779 223
1780575499194 0.3920637369155884 224
1780575501630 0.3757856488227844 225
1780575504141 0.34855467081069946 226
1780575506737 0.3150574564933777 227
1780575509141 0.2943696081638336 228
1780575511711 0.2656130790710449 229
1780575514339 0.24015533924102783 230
1780575516892 0.2123953402042389 231
1780575519336 0.18697042763233185 232
1780575521806 0.15735551714897156 233
1780575524366 0.12158485502004623 234
1780575526816 0.09129473567008972 235
1780575529459 0.06188977509737015 236
1780575532803 0.0282188318669796 237
1780575535314 0.016555406153202057 238
1780575537756 0.009418811649084091 239
1780575540154 0.009426894597709179 240
