1780574640014 5.430161476135254 1
1780574644008 5.070575714111328 2
1780574647629 4.85743522644043 3
1780574651428 4.755574703216553 4
1780574655834 4.521143913269043 5
1780574659795 4.474146366119385 6
1780574664204 4.3136515617370605 7
1780574668204 4.250899314880371 8
1780574671844 4.131476402282715 9
1780574675693 4.054075241088867 10
1780574679878 4.058714866638184 11
1780574684061 4.022871971130371 12
1780574688200 4.003740310668945 13
1780574692668 3.948117971420288 14
1780574696661 3.9095897674560547 15
1780574700604 3.8082966804504395 16
1780574705021 3.7517738342285156 17
1780574709798 3.734339952468872 18
1780574713923 3.6781749725341797 19
1780574717704 3.651054620742798 20
1780574721565 3.6365628242492676 21
1780574725373 3.5842413902282715 22
1780574729209 3.5592026710510254 23
1780574732933 3.518187999725342 24
1780574737417 3.4871397018432617 25
1780574741765 3.474893093109131 26
1780574745781 3.451395034790039 27
1780574749694 3.3994319438934326 28
1780574753465 3.3470492362976074 29
1780574757281 3.349392890930176 30
1780574761003 3.3371565341949463 31
1780574764861 3.3199901580810547 32
1780574768879 3.3134772777557373 33
1780574772877 3.251204490661621 34
1780574777269 3.2153546810150146 35
1780574781388 3.193899631500244 36
1780574785160 3.1675591468811035 37
1780574788972 3.1111855506896973 38
1780574792821 3.0960848331451416 39
1780574797009 3.08286190032959 40
1780574800901 3.0700154304504395 41
1780574804805 3.052943706512451 42
1780574808547 3.036391496658325 43
1780574812653 3.027916669845581 44
1780574816713 3.019564628601074 45
1780574820401 2.9729042053222656 46
1780574824373 2.9565579891204834 47
1780574828301 2.951788902282715 48
1780574832161 2.91144061088562 49
1780574836233 2.8957161903381348 50
1780574840839 2.8921995162963867 51
1780574845133 2.8847670555114746 52
1780574848876 2.8440065383911133 53
1780574852689 2.8233630657196045 54
1780574856607 2.8040342330932617 55
1780574860630 2.7999868392944336 56
1780574864985 2.778559684753418 57
1780574868837 2.7593626976013184 58
1780574872721 2.740600347518921 59
1780574876597 2.729034900665283 60
1780574880749 2.7181761264801025 61
1780574884765 2.694127082824707 62
1780574888637 2.684039831161499 63
1780574892501 2.66642427444458 64
1780574896469 2.655320882797241 65
1780574900722 2.6494085788726807 66
1780574904727 2.627171754837036 67
1780574908577 2.596097230911255 68
1780574912341 2.5776472091674805 69
1780574916153 2.5447335243225098 70
1780574919981 2.529249906539917 71
1780574924303 2.5261611938476562 72
1780574928281 2.5101284980773926 73
1780574932280 2.491426944732666 74
1780574936126 2.4895808696746826 75
1780574940595 2.4764580726623535 76
1780574944733 2.4376039505004883 77
1780574949089 2.41458797454834 78
1780574953285 2.4110090732574463 79
1780574957210 2.392456293106079 80
1780574961246 2.372706413269043 81
1780574965526 2.367257833480835 82
1780574969666 2.3532803058624268 83
1780574973449 2.337087631225586 84
1780574977786 2.329439163208008 85
1780574981577 2.322218894958496 86
1780574985401 2.313474655151367 87
1780574989301 2.296264410018921 88
1780574993578 2.2687675952911377 89
1780574997620 2.2710986137390137 90
1780575001510 2.251993179321289 91
1780575005393 2.2409090995788574 92
1780575009392 2.230180263519287 93
1780575013801 2.232671022415161 94
1780575017973 2.22367262840271 95
1780575021813 2.1930270195007324 96
1780575026530 2.18900728225708 97
1780575030677 2.1566824913024902 98
1780575034686 2.126558303833008 99
1780575038725 2.123063325881958 100
1780575042862 2.109105110168457 101
1780575046784 2.096372604370117 102
1780575050890 2.0807571411132812 103
1780575055064 2.0695619583129883 104
1780575059159 2.0597662925720215 105
1780575063334 2.0519254207611084 106
1780575067774 2.03102707862854 107
1780575072194 2.0076496601104736 108
1780575076388 1.9977575540542603 109
1780575080437 1.9811452627182007 110
1780575084449 1.9758822917938232 111
1780575088390 1.9674204587936401 112
1780575092361 1.9562925100326538 113
1780575096719 1.9450407028198242 114
1780575101086 1.946974754333496 115
1780575104981 1.9319363832473755 116
1780575109234 1.913696527481079 117
1780575113409 1.9137840270996094 118
1780575117314 1.8886888027191162 119
1780575121606 1.877159595489502 120
1780575125649 1.8722033500671387 121
1780575129557 1.860299825668335 122
1780575134014 1.845879316329956 123
1780575138134 1.8136587142944336 124
1780575142193 1.7951583862304688 125
1780575146275 1.7712993621826172 126
1780575150454 1.7663097381591797 127
1780575154662 1.7664198875427246 128
1780575158954 1.7647490501403809 129
1780575162922 1.7520732879638672 130
1780575167044 1.750383734703064 131
1780575171007 1.7342288494110107 132
1780575175070 1.7162134647369385 133
1780575179049 1.7029695510864258 134
1780575183650 1.6961982250213623 135
1780575187645 1.6836092472076416 136
1780575191570 1.678361177444458 137
1780575195658 1.6650145053863525 138
1780575199858 1.6384000778198242 139
1780575203914 1.6191871166229248 140
1780575208074 1.6079012155532837 141
1780575212133 1.591507911682129 142
1780575216225 1.5812216997146606 143
1780575220602 1.5724725723266602 144
1780575224962 1.569474458694458 145
1780575228988 1.547909140586853 146
1780575233046 1.533383846282959 147
1780575236907 1.5228468179702759 148
1780575240877 1.4927570819854736 149
1780575244706 1.4706588983535767 150
1780575248634 1.4543886184692383 151
1780575252930 1.4237191677093506 152
1780575257031 1.402559757232666 153
1780575261654 1.400046944618225 154
1780575265666 1.392211675643921 155
1780575269922 1.3786146640777588 156
1780575274775 1.3348438739776611 157
1780575278791 1.3165754079818726 158
1780575283053 1.2943819761276245 159
1780575287162 1.2368184328079224 160
1780575291249 1.2072725296020508 161
1780575295788 1.188875436782837 162
1780575299718 1.1644484996795654 163
1780575304073 1.1377110481262207 164
1780575308462 1.1234111785888672 165
1780575312574 1.1132526397705078 166
1780575316618 1.1056108474731445 167
1780575321015 1.0897037982940674 168
1780575325561 1.0640897750854492 169
1780575329590 1.0478062629699707 170
1780575333722 1.0150576829910278 171
1780575337734 0.9930970072746277 172
1780575341834 0.9551113843917847 173
1780575345772 0.9351409077644348 174
1780575350082 0.9280318021774292 175
1780575354122 0.9257693290710449 176
1780575358258 0.8977020978927612 177
1780575362333 0.8764039874076843 178
1780575366297 0.8500621318817139 179
1780575370246 0.8226039409637451 180
1780575374258 0.8027443885803223 181
1780575378262 0.7898443341255188 182
1780575382195 0.739800214767456 183
1780575386637 0.7138931751251221 184
1780575391026 0.6838505268096924 185
1780575395234 0.6525086164474487 186
1780575399350 0.6404967904090881 187
1780575403512 0.6322519183158875 188
1780575407718 0.5977791547775269 189
1780575411833 0.5935108065605164 190
1780575416011 0.5774754285812378 191
1780575418359 0.5578521490097046 192
1780575421854 0.533722996711731 193
1780575424569 0.5195637941360474 194
1780575426945 0.5046048164367676 195
1780575429348 0.494392454624176 196
1780575431662 0.4716504216194153 197
1780575434205 0.44987818598747253 198
1780575436557 0.43301528692245483 199
1780575438877 0.41252121329307556 200
1780575441294 0.3982470631599426 201
1780575443785 0.38353973627090454 202
1780575446096 0.37438827753067017 203
1780575448320 0.35711485147476196 204
1780575450780 0.34144967794418335 205
1780575453297 0.33498692512512207 206
1780575455668 0.329425185918808 207
1780575458075 0.3182050585746765 208
1780575460510 0.30279532074928284 209
1780575463488 0.2880622446537018 210
1780575465865 0.27718088030815125 211
1780575468216 0.2641521096229553 212
1780575470575 0.25198519229888916 213
1780575473057 0.24289026856422424 214
1780575475452 0.22820737957954407 215
1780575477751 0.2132226526737213 216
1780575480590 0.2011891007423401 217
1780575483140 0.19571930170059204 218
1780575485604 0.18487630784511566 219
1780575487904 0.17558391392230988 220
1780575490790 0.16529688239097595 221
1780575494518 0.1560034602880478 222
1780575496921 0.13910791277885437 223
1780575499201 0.13325926661491394 224
1780575501637 0.12819017469882965 225
1780575504147 0.1175062283873558 226
1780575506744 0.10556475818157196 227
1780575509148 0.09923800826072693 228
1780575511718 0.08798728883266449 229
1780575514346 0.07740326225757599 230
1780575516899 0.06923482567071915 231
1780575519343 0.06054897606372833 232
1780575521813 0.050402939319610596 233
1780575524373 0.038657888770103455 234
1780575526823 0.029705580323934555 235
1780575529466 0.01914791762828827 236
1780575532810 0.008173655718564987 237
1780575535321 0.006126220803707838 238
1780575537763 0.0049540093168616295 239
1780575540161 0.004957902245223522 240
