1780574639996 851.6904296875 1
1780574643990 487.07830810546875 2
1780574647610 392.4317321777344 3
1780574651409 325.7592468261719 4
1780574655816 275.0108947753906 5
1780574659778 234.89373779296875 6
1780574664182 206.66201782226562 7
1780574668186 182.0132293701172 8
1780574671826 165.9643096923828 9
1780574675674 153.33901977539062 10
1780574679854 138.26239013671875 11
1780574684042 127.881103515625 12
1780574688182 117.00202941894531 13
1780574692650 109.90637969970703 14
1780574696642 100.92499542236328 15
1780574700586 96.11212921142578 16
1780574705002 93.96894073486328 17
1780574709766 87.8288803100586 18
1780574713905 83.52122497558594 19
1780574717686 79.36526489257812 20
1780574721546 74.54452514648438 21
1780574725342 70.48489379882812 22
1780574729190 66.69618225097656 23
1780574732914 63.392120361328125 24
1780574737398 61.08774948120117 25
1780574741746 57.660911560058594 26
1780574745762 55.084877014160156 27
1780574749676 53.83591842651367 28
1780574753446 51.84119415283203 29
1780574757262 49.94837951660156 30
1780574760984 48.662166595458984 31
1780574764842 46.96430969238281 32
1780574768862 45.3975830078125 33
1780574772858 44.58230209350586 34
1780574777251 43.293643951416016 35
1780574781370 41.97574234008789 36
1780574785122 40.68666076660156 37
1780574788954 39.45140838623047 38
1780574792803 38.16118240356445 39
1780574796990 36.99332809448242 40
1780574800883 36.2529411315918 41
1780574804786 35.42289352416992 42
1780574808530 34.83784103393555 43
1780574812635 34.15778732299805 44
1780574816695 33.14730453491211 45
1780574820383 32.30619812011719 46
1780574824354 31.416790008544922 47
1780574828282 30.51612663269043 48
1780574832142 30.13846206665039 49
1780574836214 29.229232788085938 50
1780574840810 28.647512435913086 51
1780574845114 28.040861129760742 52
1780574848858 27.631553649902344 53
1780574852671 27.005701065063477 54
1780574856591 26.500225067138672 55
1780574860611 25.784095764160156 56
1780574864967 25.40760040283203 57
1780574868819 24.9499568939209 58
1780574872703 24.32411003112793 59
1780574876579 24.081392288208008 60
1780574880731 23.756370544433594 61
1780574884746 23.365724563598633 62
1780574888619 23.00182342529297 63
1780574892483 22.663959503173828 64
1780574896451 22.252187728881836 65
1780574900690 22.041194915771484 66
1780574904710 21.771495819091797 67
1780574908559 21.47385025024414 68
1780574912323 21.490192413330078 69
1780574916135 21.21306037902832 70
1780574919963 20.96576690673828 71
1780574924270 20.73611068725586 72
1780574928263 20.61745834350586 73
1780574932263 20.44046974182129 74
1780574936107 20.247909545898438 75
1780574940565 20.107406616210938 76
1780574944715 20.079172134399414 77
1780574949071 19.851411819458008 78
1780574953267 19.67154884338379 79
1780574957191 19.5621337890625 80
1780574961227 19.329402923583984 81
1780574965507 19.12443733215332 82
1780574969647 19.05101203918457 83
1780574973431 18.842628479003906 84
1780574977767 18.68075180053711 85
1780574981559 18.412487030029297 86
1780574985383 18.229537963867188 87
1780574989283 18.031940460205078 88
1780574993559 17.88567352294922 89
1780574997603 17.7677001953125 90
1780575001491 17.585254669189453 91
1780575005374 17.40685272216797 92
1780575009375 17.280073165893555 93
1780575013783 17.15482521057129 94
1780575017955 17.018184661865234 95
1780575021795 16.88436508178711 96
1780575026511 16.72178077697754 97
1780575030659 16.634571075439453 98
1780575034667 16.531661987304688 99
1780575038707 16.399765014648438 100
1780575042843 16.282426834106445 101
1780575046767 16.152935028076172 102
1780575050871 16.089176177978516 103
1780575055047 15.924369812011719 104
1780575059140 15.74434757232666 105
1780575063315 15.611404418945312 106
1780575067755 15.519242286682129 107
1780575072175 15.368040084838867 108
1780575076370 15.259448051452637 109
1780575080419 15.141416549682617 110
1780575084431 15.008218765258789 111
1780575088371 14.891974449157715 112
1780575092343 14.856847763061523 113
1780575096700 14.733896255493164 114
1780575101063 14.681633949279785 115
1780575104963 14.584954261779785 116
1780575109215 14.554896354675293 117
1780575113390 14.533991813659668 118
1780575117295 14.426987648010254 119
1780575121587 14.330561637878418 120
1780575125632 14.222237586975098 121
1780575129539 14.086146354675293 122
1780575133995 13.988697052001953 123
1780575138115 13.900585174560547 124
1780575142174 13.804067611694336 125
1780575146242 13.698247909545898 126
1780575150435 13.660111427307129 127
1780575154643 13.519813537597656 128
1780575158935 13.412500381469727 129
1780575162903 13.291184425354004 130
1780575167028 13.21753215789795 131
1780575170983 13.156062126159668 132
1780575175051 13.093398094177246 133
1780575179033 13.002374649047852 134
1780575183618 12.926186561584473 135
1780575187627 12.824755668640137 136
1780575191551 12.72668743133545 137
1780575195639 12.611834526062012 138
1780575199839 12.563530921936035 139
1780575203895 12.483383178710938 140
1780575208055 12.401817321777344 141
1780575212115 12.302541732788086 142
1780575216207 12.20030689239502 143
1780575220583 12.114471435546875 144
1780575224943 11.996766090393066 145
1780575228970 11.921778678894043 146
1780575233027 11.829889297485352 147
1780575236888 11.774048805236816 148
1780575240859 11.6813383102417 149
1780575244687 11.57078742980957 150
1780575248615 11.440990447998047 151
1780575252911 11.3377685546875 152
1780575257011 11.262495994567871 153
1780575261635 11.160150527954102 154
1780575265647 11.047947883605957 155
1780575269903 10.96001148223877 156
1780575274755 10.839715003967285 157
1780575278773 10.74942684173584 158
1780575283035 10.700529098510742 159
1780575287143 10.623517036437988 160
1780575291231 10.55907917022705 161
1780575295771 10.446518898010254 162
1780575299699 10.376925468444824 163
1780575304055 10.25918960571289 164
1780575308443 10.148303031921387 165
1780575312555 10.046469688415527 166
1780575316599 9.930926322937012 167
1780575320996 9.855486869812012 168
1780575325535 9.767818450927734 169
1780575329571 9.657268524169922 170
1780575333703 9.556902885437012 171
1780575337715 9.423859596252441 172
1780575341815 9.33013916015625 173
1780575345739 9.223434448242188 174
1780575350063 9.105633735656738 175
1780575354103 8.991987228393555 176
1780575358239 8.87594223022461 177
1780575362315 8.768535614013672 178
1780575366279 8.668214797973633 179
1780575370227 8.56795597076416 180
1780575374240 8.431572914123535 181
1780575378244 8.310675621032715 182
1780575382176 8.220215797424316 183
1780575386619 8.116345405578613 184
1780575391007 8.04527473449707 185
1780575395216 7.9347405433654785 186
1780575399332 7.829836368560791 187
1780575403494 7.714897155761719 188
1780575407699 7.632160663604736 189
1780575411815 7.542288303375244 190
1780575415978 7.439733028411865 191
1780575418341 7.34326696395874 192
1780575421835 7.232389450073242 193
1780575424551 7.1514997482299805 194
1780575426926 7.069798469543457 195
1780575429330 6.961915493011475 196
1780575431644 6.879606246948242 197
1780575434187 6.769733428955078 198
1780575436538 6.672082424163818 199
1780575438859 6.528441905975342 200
1780575441275 6.445547580718994 201
1780575443766 6.370336532592773 202
1780575446078 6.260416030883789 203
1780575448301 6.125486850738525 204
1780575450762 5.987400054931641 205
1780575453279 5.860814094543457 206
1780575455650 5.720672607421875 207
1780575458057 5.563648700714111 208
1780575460492 5.460598945617676 209
1780575463463 5.326361656188965 210
1780575465846 5.202821254730225 211
1780575468198 5.095487117767334 212
1780575470557 4.977066993713379 213
1780575473038 4.849884986877441 214
1780575475432 4.707508087158203 215
1780575477733 4.583446025848389 216
1780575480570 4.428603172302246 217
1780575483121 4.3017988204956055 218
1780575485585 4.149531841278076 219
1780575487885 3.9809045791625977 220
1780575490772 3.7804079055786133 221
1780575494499 3.6600186824798584 222
1780575496903 3.5264992713928223 223
1780575499182 3.335632801055908 224
1780575501619 3.163576364517212 225
1780575504128 2.992809772491455 226
1780575506727 2.824172258377075 227
1780575509130 2.6986589431762695 228
1780575511699 2.5772042274475098 229
1780575514328 2.3698785305023193 230
1780575516880 2.1570539474487305 231
1780575519325 1.9464120864868164 232
1780575521795 1.6956762075424194 233
1780575524354 1.5085448026657104 234
1780575526804 1.2696946859359741 235
1780575529447 1.0633796453475952 236
1780575532791 0.9292795658111572 237
1780575535303 0.60540771484375 238
1780575537744 4.713382168120006e-06 239
1780575540143 5.137539119459689e-06 240
