1780574640020 0.751488208770752 1
1780574644015 0.7832786440849304 2
1780574647635 0.7939690351486206 3
1780574651435 0.805666446685791 4
1780574655841 0.8162001371383667 5
1780574659803 0.8219802379608154 6
1780574664211 0.8285679817199707 7
1780574668211 0.8321706652641296 8
1780574671851 0.8380285501480103 9
1780574675700 0.8438841104507446 10
1780574679901 0.8470247983932495 11
1780574684067 0.8496799468994141 12
1780574688207 0.8516340255737305 13
1780574692675 0.8567447662353516 14
1780574696668 0.8581525087356567 15
1780574700611 0.8605557680130005 16
1780574705027 0.8620204925537109 17
1780574709804 0.8650610446929932 18
1780574713930 0.8682389855384827 19
1780574717711 0.8703490495681763 20
1780574721572 0.8736644983291626 21
1780574725380 0.8757595419883728 22
1780574729216 0.8776718378067017 23
1780574732939 0.8784046769142151 24
1780574737424 0.8802344799041748 25
1780574741772 0.8826818466186523 26
1780574745788 0.8854041695594788 27
1780574749701 0.8865005373954773 28
1780574753472 0.8873889446258545 29
1780574757287 0.8902854919433594 30
1780574761010 0.8926084637641907 31
1780574764867 0.893441915512085 32
1780574768902 0.8938621282577515 33
1780574772884 0.8952823877334595 34
1780574777276 0.8967993259429932 35
1780574781395 0.8978943824768066 36
1780574785167 0.9002294540405273 37
1780574788979 0.900851845741272 38
1780574792829 0.9034042358398438 39
1780574797016 0.9049856662750244 40
1780574800919 0.9062287211418152 41
1780574804812 0.908495306968689 42
1780574808553 0.9092355966567993 43
1780574812660 0.9102445244789124 44
1780574816720 0.9112315773963928 45
1780574820408 0.9129852056503296 46
1780574824379 0.9150477647781372 47
1780574828308 0.9161805510520935 48
1780574832167 0.9163100123405457 49
1780574836239 0.9171657562255859 50
1780574840846 0.918212354183197 51
1780574845141 0.9187435507774353 52
1780574848883 0.920060932636261 53
1780574852696 0.9206870794296265 54
1780574856614 0.9218416213989258 55
1780574860637 0.9227741956710815 56
1780574864992 0.9234777688980103 57
1780574868844 0.9241567850112915 58
1780574872728 0.9256962537765503 59
1780574876604 0.9261621236801147 60
1780574880756 0.9266214966773987 61
1780574884771 0.9286038875579834 62
1780574888644 0.9287136793136597 63
1780574892508 0.9292717576026917 64
1780574896476 0.9295710325241089 65
1780574900729 0.9303621053695679 66
1780574904733 0.9314508438110352 67
1780574908584 0.9323433637619019 68
1780574912348 0.932804524898529 69
1780574916160 0.9329624176025391 70
1780574919988 0.9330596923828125 71
1780574924309 0.9342689514160156 72
1780574928288 0.935215175151825 73
1780574932287 0.9359743595123291 74
1780574936133 0.9361239671707153 75
1780574940602 0.9373337030410767 76
1780574944740 0.93760746717453 77
1780574949096 0.9377696514129639 78
1780574953292 0.9382413625717163 79
1780574957217 0.9387792944908142 80
1780574961252 0.9393962621688843 81
1780574965533 0.940306544303894 82
1780574969672 0.9410194158554077 83
1780574973456 0.9426805377006531 84
1780574977792 0.9428341388702393 85
1780574981584 0.9428383111953735 86
1780574985408 0.9444065690040588 87
1780574989308 0.9460535049438477 88
1780574993585 0.946100652217865 89
1780574997626 0.9470323324203491 90
1780575001517 0.9473083019256592 91
1780575005400 0.9483377933502197 92
1780575009398 0.9490620493888855 93
1780575013808 0.9499443173408508 94
1780575017980 0.9508006572723389 95
1780575021820 0.9522680044174194 96
1780575026537 0.953477144241333 97
1780575030684 0.953556478023529 98
1780575034693 0.9545133709907532 99
1780575038732 0.9552646279335022 100
1780575042868 0.9567202925682068 101
1780575046791 0.9570040106773376 102
1780575050897 0.9571279287338257 103
1780575055071 0.9575986862182617 104
1780575059166 0.958051323890686 105
1780575063341 0.9581248164176941 106
1780575067781 0.9582135677337646 107
1780575072201 0.9591274261474609 108
1780575076395 0.9597808122634888 109
1780575080444 0.9602043628692627 110
1780575084456 0.9608358144760132 111
1780575088397 0.9611055850982666 112
1780575092368 0.96146160364151 113
1780575096726 0.9617422819137573 114
1780575101093 0.9630123376846313 115
1780575104988 0.9632695913314819 116
1780575109241 0.9637682437896729 117
1780575113416 0.9648163318634033 118
1780575117321 0.9649657011032104 119
1780575121612 0.9652227163314819 120
1780575125655 0.9653984904289246 121
1780575129564 0.9661933183670044 122
1780575134021 0.9665077328681946 123
1780575138141 0.9667887091636658 124
1780575142200 0.9672647714614868 125
1780575146281 0.9673595428466797 126
1780575150461 0.9678518176078796 127
1780575154669 0.9682100415229797 128
1780575158961 0.9684725999832153 129
1780575162929 0.9688408374786377 130
1780575167051 0.9693557024002075 131
1780575171014 0.9698958396911621 132
1780575175081 0.9700058698654175 133
1780575179056 0.9714552760124207 134
1780575183657 0.9722775220870972 135
1780575187653 0.9728838205337524 136
1780575191577 0.9734395742416382 137
1780575195665 0.9738612771034241 138
1780575199865 0.9739775657653809 139
1780575203920 0.974703311920166 140
1780575208081 0.9757095575332642 141
1780575212140 0.9757547378540039 142
1780575216232 0.9764081239700317 143
1780575220608 0.9766256213188171 144
1780575224969 0.9777686595916748 145
1780575228995 0.9783251881599426 146
1780575233053 0.979193925857544 147
1780575236913 0.9798237085342407 148
1780575240885 0.9806793928146362 149
1780575244713 0.9810910224914551 150
1780575248641 0.9811626076698303 151
1780575252937 0.9814388751983643 152
1780575257038 0.9818969964981079 153
1780575261661 0.982524037361145 154
1780575265672 0.9827418327331543 155
1780575269929 0.9837794303894043 156
1780575274782 0.9848003387451172 157
1780575278798 0.9855198264122009 158
1780575283060 0.9856741428375244 159
1780575287177 0.9859374761581421 160
1780575291256 0.9861491918563843 161
1780575295795 0.9867813587188721 162
1780575299725 0.9875231385231018 163
1780575304080 0.987949013710022 164
1780575308469 0.9882761240005493 165
1780575312581 0.9888584613800049 166
1780575316625 0.9889885187149048 167
1780575321022 0.9892613291740417 168
1780575325568 0.9898039102554321 169
1780575329597 0.9899187088012695 170
1780575333729 0.9901478290557861 171
1780575337741 0.990843653678894 172
1780575341841 0.9913313388824463 173
1780575345779 0.9913607835769653 174
1780575350089 0.9914073348045349 175
1780575354128 0.991935133934021 176
1780575358265 0.9929001331329346 177
1780575362340 0.9931325912475586 178
1780575366304 0.9935094118118286 179
1780575370253 0.9938215613365173 180
1780575374265 0.9942314624786377 181
1780575378269 0.9942416548728943 182
1780575382202 0.9944250583648682 183
1780575386644 0.9947299957275391 184
1780575391033 0.9950898885726929 185
1780575395241 0.9957102537155151 186
1780575399357 0.995732307434082 187
1780575403519 0.9961979389190674 188
1780575407725 0.9963191747665405 189
1780575411840 0.9966906905174255 190
1780575416017 0.9968352913856506 191
1780575418366 0.9969044327735901 192
1780575421861 0.9970318078994751 193
1780575424576 0.9971933364868164 194
1780575426952 0.9974567890167236 195
1780575429355 0.9976330995559692 196
1780575431670 0.9978933334350586 197
1780575434212 0.9980478286743164 198
1780575436564 0.9981702566146851 199
1780575438884 0.9982548952102661 200
1780575441301 0.9984657764434814 201
1780575443792 0.9985144138336182 202
1780575446103 0.9985990524291992 203
1780575448327 0.9987354874610901 204
1780575450787 0.998853325843811 205
1780575453304 0.9989427924156189 206
1780575455675 0.9989819526672363 207
1780575458082 0.9991249442100525 208
1780575460517 0.9991609454154968 209
1780575463496 0.9992930889129639 210
1780575465872 0.9993195533752441 211
1780575468223 0.999375581741333 212
1780575470582 0.9994630217552185 213
1780575473064 0.9994956851005554 214
1780575475459 0.9995594620704651 215
1780575477758 0.9995971918106079 216
1780575480597 0.9996360540390015 217
1780575483151 0.9996613264083862 218
1780575485611 0.9996979236602783 219
1780575487910 0.9997262954711914 220
1780575490797 0.9997516870498657 221
1780575494525 0.9997742772102356 222
1780575496928 0.9998123645782471 223
1780575499208 0.9998360872268677 224
1780575501644 0.9998495578765869 225
1780575504154 0.9998740553855896 226
1780575506750 0.9998869895935059 227
1780575509158 0.9999055862426758 228
1780575511725 0.9999249577522278 229
1780575514354 0.9999386072158813 230
1780575516906 0.9999538064002991 231
1780575519350 0.9999619126319885 232
1780575521820 0.999975323677063 233
1780575524380 0.9999856948852539 234
1780575526831 0.9999914169311523 235
1780575529473 0.9999958872795105 236
1780575532817 0.9999991655349731 237
1780575535328 0.9999997019767761 238
1780575537770 0.9999998807907104 239
1780575540168 0.9999998807907104 240
