1784021340974 0.011603584180702455 1
1784021340976 0.0037226974923396483 2
1784021340978 0.0036598625654005444 3
1784021340979 0.0031945614886353725 4
1784021340981 0.002969397213018965 5
1784021340982 0.0029684139863820746 6
1784021340984 0.0027126531697285825 7
1784021340985 0.002770090847625397 8
1784021340987 0.002628634845459601 9
1784021340989 0.0025782655522925777 10
1784021340990 0.0026771024501067585 11
1784021340992 0.0022704129843623376 12
1784021340993 0.002323054466251051 13
1784021340995 0.002194184650288662 14
1784021340996 0.0026075737991777715 15
1784021340998 0.002180852969904663 16
1784021341000 0.002174452551116701 17
1784021341001 0.0020810877648182215 18
1784021341003 0.0019799288277863526 19
1784021341004 0.0021053889086761046 20
1784021341006 0.0020615718627232126 21
1784021341007 0.002007350484636845 22
1784021341009 0.0020237087036366576 23
1784021341010 0.0017479109678242822 24
1784021341012 0.0017162904008000623 25
1784021341014 0.001869072753324872 26
1784021341015 0.0018080407984962222 27
1784021341017 0.0015749087672156748 28
1784021341018 0.0014356442747521215 29
1784021341020 0.0013832572696264834 30
1784021341021 0.0013481728573970031 31
1784021341023 0.0013430982474528718 32
1784021341025 0.0013523941340099555 33
1784021341026 0.0013224525397527033 34
1784021341028 0.0013159262974659213 35
1784021341029 0.0012427374583785422 36
1784021341031 0.001230318804300623 37
1784021341032 0.0012999154750286835 38
1784021341034 0.001315717799079721 39
1784021341035 0.0012149145534931449 40
1784021341037 0.001157065984371002 41
1784021341039 0.0011344608370563946 42
1784021341040 0.0011572596408223035 43
1784021341042 0.0011258025690040086 44
1784021341043 0.001161760426039109 45
1784021341045 0.001140110911728698 46
1784021341046 0.0011919253831729293 47
1784021341048 0.001166255568386987 48
1784021341049 0.0011459575447224778 49
1784021341051 0.0010721955408371287 50
1784021341052 0.0010305238779255888 51
1784021341054 0.0010121693423570833 52
1784021341056 0.0010438139444886474 53
1784021341057 0.0010212760703871026 54
1784021341059 0.0010149429806187982 55
1784021341060 0.0010293057874514488 56
1784021341062 0.0010522994340135482 57
1784021341063 0.0009836668339266907 58
1784021341065 0.0009592867019819096 59
1784021341066 0.0009006269068049733 60
1784021341068 0.0008432935665041441 61
1784021341070 0.0008141817290015751 62
1784021341071 0.0008017187502991873 63
1784021341073 0.0007910503587481799 64
1784021341074 0.0007797985395154683 65
1784021341076 0.0007763283114036312 66
1784021341077 0.00077161819957837 67
1784021341079 0.0007757428335753502 68
1784021341080 0.0007741948185139336 69
1784021341082 0.0007824487549805781 70
1784021341084 0.0007488961576018482 71
1784021341085 0.0007139168669527862 72
1784021341087 0.000703002660520724 73
1784021341088 0.0006960758790228283 74
1784021341090 0.0006895692781108665 75
1784021341091 0.000684575224222499 76
1784021341093 0.0006799778914137278 77
1784021341094 0.0006755449251795654 78
1784021341096 0.0006715599997551181 79
1784021341097 0.0006702109674370149 80
1784021341099 0.0006700581593759125 81
1784021341101 0.0006545925910177175 82
1784021341102 0.0006442350272845942 83
1784021341104 0.0006399301157944137 84
1784021341105 0.0006368045883573359 85
1784021341107 0.0006340544001432136 86
1784021341108 0.000631073047843529 87
1784021341110 0.0006275807172642089 88
1784021341111 0.0006208108996361261 89
1784021341113 0.0006065835492336191 90
1784021341114 0.0005872237165021943 91
1784021341116 0.0005702699023095192 92
1784021341118 0.000552457845187746 93
1784021341119 0.0005415920265659225 94
1784021341121 0.000534229333861731 95
1784021341122 0.0005279249409068143 96
1784021341124 0.0005223495035170345 97
1784021341125 0.0005177052722865483 98
