1784021341403 0.0 1
1784021341405 0.0 2
1784021341407 0.0 3
1784021341408 0.0 4
1784021341410 0.0 5
1784021341411 0.0 6
1784021341413 0.0 7
1784021341414 0.0 8
1784021341415 0.0 9
1784021341416 0.0 10
1784021341418 0.0 11
1784021341419 0.0 12
1784021341421 0.0 13
1784021341422 0.0 14
1784021341423 0.0 15
1784021341425 0.0 16
1784021341426 0.0 17
1784021341428 0.0 18
1784021341429 0.0 19
1784021341430 0.0 20
1784021341432 0.0 21
1784021341433 0.0 22
1784021341434 0.0 23
1784021341435 0.0 24
1784021341437 0.0 25
1784021341438 0.0 26
1784021341439 0.0 27
1784021341441 0.0 28
1784021341442 0.0 29
1784021341444 0.0 30
1784021341445 0.0 31
1784021341446 0.0 32
1784021341448 0.0 33
1784021341449 0.0 34
1784021341450 0.0 35
1784021341451 0.0 36
1784021341453 0.0 37
1784021341454 0.0 38
1784021341455 0.0 39
1784021341457 0.0 40
1784021341458 0.0 41
1784021341460 0.0 42
1784021341461 0.0 43
1784021341462 0.0 44
1784021341463 0.0 45
1784021341465 0.0 46
1784021341466 0.0 47
1784021341467 0.0 48
1784021341469 0.0 49
1784021341470 0.0 50
1784021341471 0.0 51
1784021341473 0.0 52
1784021341474 0.0 53
1784021341476 0.0 54
1784021341477 0.0 55
1784021341478 0.0 56
1784021341479 0.0 57
1784021341481 0.0 58
1784021341482 0.0 59
1784021341483 0.0 60
1784021341485 0.0 61
1784021341486 0.0 62
1784021341487 0.0 63
1784021341489 0.0 64
1784021341490 0.0 65
1784021341492 0.0 66
1784021341493 0.0 67
1784021341494 0.0 68
1784021341496 0.0 69
1784021341497 0.0 70
1784021341498 0.0 71
1784021341500 0.0 72
1784021341501 0.0 73
1784021341502 0.0 74
1784021341504 0.0 75
1784021341505 0.0 76
1784021341507 0.0 77
1784021341508 0.0 78
1784021341509 0.0 79
1784021341510 0.0 80
1784021341512 0.0 81
1784021341513 0.0 82
1784021341514 0.0 83
1784021341516 0.0 84
1784021341517 0.0 85
1784021341518 0.0 86
1784021341520 0.0 87
1784021341521 0.0 88
1784021341523 0.0 89
1784021341524 0.0 90
1784021341525 0.0 91
1784021341527 0.0 92
1784021341528 0.0 93
1784021341530 0.0 94
1784021341531 0.0 95
1784021341532 0.0 96
1784021341533 0.0 97
1784021341535 0.0 98
