1784021341266 0.0 1
1784021341268 0.0 2
1784021341269 0.0 3
1784021341271 0.0 4
1784021341272 0.0 5
1784021341273 0.0 6
1784021341275 0.0 7
1784021341276 0.0 8
1784021341277 0.0 9
1784021341279 0.0 10
1784021341280 0.0 11
1784021341281 0.0 12
1784021341283 0.0 13
1784021341284 0.0 14
1784021341286 0.0 15
1784021341287 0.0 16
1784021341288 0.0 17
1784021341290 0.0 18
1784021341292 0.0 19
1784021341293 0.0 20
1784021341294 0.0 21
1784021341295 0.0 22
1784021341297 0.0 23
1784021341298 0.0 24
1784021341300 0.0 25
1784021341301 0.0 26
1784021341302 0.0 27
1784021341304 0.0 28
1784021341305 0.0 29
1784021341306 0.0 30
1784021341307 0.0 31
1784021341309 0.0 32
1784021341310 0.0 33
1784021341311 0.0 34
1784021341313 0.0 35
1784021341314 0.0 36
1784021341316 0.0 37
1784021341317 0.0 38
1784021341318 0.0 39
1784021341320 0.0 40
1784021341321 0.0 41
1784021341323 0.0 42
1784021341324 0.0 43
1784021341326 0.0 44
1784021341327 0.0 45
1784021341329 0.0 46
1784021341331 0.0 47
1784021341332 0.0 48
1784021341333 0.0 49
1784021341334 0.0 50
1784021341336 0.0 51
1784021341337 0.0 52
1784021341338 0.0 53
1784021341340 0.0 54
1784021341341 0.0 55
1784021341343 0.0 56
1784021341344 0.0 57
1784021341346 0.0 58
1784021341347 0.0 59
1784021341348 0.0 60
1784021341350 0.0 61
1784021341351 0.0 62
1784021341353 0.0 63
1784021341354 0.0 64
1784021341355 0.0 65
1784021341357 0.0 66
1784021341358 0.0 67
1784021341359 0.0 68
1784021341361 0.0 69
1784021341362 0.0 70
1784021341364 0.0 71
1784021341365 0.0 72
1784021341366 0.0 73
1784021341368 0.0 74
1784021341369 0.0 75
1784021341371 0.0 76
1784021341372 0.0 77
1784021341374 0.0 78
1784021341375 0.0 79
1784021341377 0.0 80
1784021341378 0.0 81
1784021341379 0.0 82
1784021341381 0.0 83
1784021341382 0.0 84
1784021341383 0.0 85
1784021341385 0.0 86
1784021341386 0.0 87
1784021341387 0.0 88
1784021341389 0.0 89
1784021341390 0.0 90
1784021341391 0.0 91
1784021341393 0.0 92
1784021341394 0.0 93
1784021341396 0.0 94
1784021341397 0.0 95
1784021341399 0.0 96
1784021341400 0.0 97
1784021341402 0.0 98
