1782568984373 0.18052150931209326 1
1782568984375 0.07041519140824676 2
1782568984376 0.03161944252438843 3
1782568984377 0.017918162075802685 4
1782568984378 0.011758177946321667 5
1782568984379 0.00838119599269703 6
1782568984380 0.006412295419722796 7
1782568984381 0.00514822764438577 8
1782568984382 0.0044043220381718125 9
1782568984383 0.003841446792939678 10
1782568984384 0.0033310643100412565 11
1782568984385 0.0030932416080031544 12
1782568984386 0.002848043712438084 13
1782568984387 0.002662248674314469 14
1782568984388 0.00247963615518529 15
1782568984389 0.0023364397196564825 16
1782568984391 0.0022699054310214707 17
1782568984392 0.0021995099645573646 18
1782568984393 0.002111115465813782 19
1782568984394 0.0020548375727958046 20
1782568984395 0.0020294906414346768 21
1782568984396 0.0018468839590786957 22
1782568984397 0.0018305784161202609 23
1782568984398 0.001805500639602542 24
1782568984399 0.0018154453777242453 25
1782568984400 0.0018221197996172124 26
1782568984401 0.0017447515082312749 27
1782568984402 0.0017030001449165866 28
1782568984403 0.0015993776454706677 29
1782568984404 0.0016719946092052852 30
1782568984405 0.00163427355728345 31
1782568984406 0.001771254571794998 32
1782568984407 0.001608983798942063 33
1782568984409 0.0015541002887766808 34
1782568984410 0.0015298764561885037 35
1782568984411 0.0016192058259912301 36
1782568984412 0.0015520993221434765 37
1782568984413 0.0015415095794014634 38
1782568984414 0.0015406596845423336 39
1782568984415 0.0014463125620386562 40
1782568984416 0.0013804176512348932 41
1782568984417 0.001369355651695514 42
1782568984418 0.0013486272617592476 43
1782568984419 0.0013467194361146538 44
1782568984420 0.0013223940931493417 45
1782568984421 0.00134489622010733 46
1782568984422 0.0013485805249365513 47
1782568984423 0.001319209361972753 48
1782568984424 0.0013097811266197822 49
1782568984425 0.0013055854217964224 50
1782568984426 0.0013089053306612186 51
1782568984428 0.0012904724487452768 52
1782568984429 0.0012898144699283875 53
1782568984430 0.0012891187390778214 54
1782568984431 0.0012902321500587277 55
1782568984432 0.0012630559838726185 56
1782568984433 0.0012549704355478753 57
1782568984434 0.0012646012230834458 58
1782568984435 0.0012342072663886938 59
1782568984436 0.0012012508002226241 60
1782568984437 0.0011948204829241148 61
1782568984438 0.0011924038037250285 62
1782568984439 0.001182274755119579 63
1782568984440 0.0011831943210563623 64
1782568984441 0.0011784520470246207 65
1782568984442 0.0011769409441330936 66
1782568984443 0.0011731359736586455 67
1782568984444 0.0011675574714899994 68
1782568984445 0.0011679530744731891 69
1782568984446 0.001159476548054954 70
1782568984447 0.001150548146397341 71
1782568984449 0.001134399153670529 72
1782568984450 0.001133604450005805 73
1782568984451 0.001136503218585858 74
1782568984452 0.001127178178721806 75
1782568984453 0.0011280313055613079 76
1782568984454 0.0011221389823185745 77
1782568984455 0.0011157491256017238 78
1782568984456 0.00110899952283944 79
1782568984457 0.0011092037289927247 80
1782568984458 0.0011091934666910674 81
1782568984459 0.0011058954315376467 82
1782568984460 0.0011142475866654422 83
1782568984461 0.001109985728689935 84
1782568984462 0.0011049301132152322 85
1782568984463 0.0011039045530196745 86
1782568984464 0.0011014196758333129 87
1782568984465 0.0011027470426051877 88
1782568984466 0.0010986397191300058 89
1782568984467 0.0010981898017053027 90
1782568984468 0.0010986656372551807 91
1782568984470 0.0011029130070528482 92
1782568984471 0.0011026545507775154 93
