1782568984659 3.0861629866808653 1
1782568984660 4.80947606921196 2
1782568984661 3.6058413684368134 3
1782568984662 2.5758867871761324 4
1782568984663 2.240453082919121 5
1782568984664 2.062903401851654 6
1782568984665 1.8552110570669174 7
1782568984666 1.7111338555812836 8
1782568984667 1.7245544052124024 9
1782568984669 1.6001757770776748 10
1782568984670 1.4507555574178697 11
1782568984671 1.4896146667003631 12
1782568984672 1.35749111443758 13
1782568984673 1.3877937632799149 14
1782568984674 1.2771628591418267 15
1782568984675 1.2148185843229293 16
1782568984676 1.2291650485992431 17
1782568984677 1.203370872735977 18
1782568984678 1.1083930084109306 19
1782568984679 1.2455266624689103 20
1782568984680 1.142990079820156 21
1782568984681 1.0238928097486495 22
1782568984682 1.0483575195074082 23
1782568984683 0.9729289323091507 24
1782568984684 0.9384971794486046 25
1782568984685 0.9659784868359566 26
1782568984686 0.9404631248116493 27
1782568984687 0.9185514611005783 28
1782568984688 0.8910685524344444 29
1782568984689 0.8584424036741257 30
1782568984690 0.8687029668688774 31
1782568984691 0.8185757315158844 32
1782568984692 0.8074535301327705 33
1782568984694 0.8103780299425125 34
1782568984695 0.8004995003342629 35
1782568984696 0.851813600063324 36
1782568984697 0.8105115070939064 37
1782568984698 0.7904521349072456 38
1782568984699 0.744725940823555 39
1782568984700 0.7390649719536304 40
1782568984701 0.7254614862799644 41
1782568984702 0.7428252027928829 42
1782568984703 0.7180534103512763 43
1782568984704 0.7191111327707768 44
1782568984705 0.7138195092976093 45
1782568984706 0.7552725639939308 46
1782568984707 0.7327180109918118 47
1782568984708 0.7167129054665565 48
1782568984709 0.7354032105207443 49
1782568984710 0.7282069920003414 50
1782568984711 0.7396439443528652 51
1782568984712 0.73729128241539 52
1782568984714 0.7253926521539689 53
1782568984715 0.7391836102306842 54
1782568984716 0.7195704257488251 55
1782568984717 0.7315747992694378 56
1782568984718 0.7168058779835701 57
1782568984719 0.7388520714640617 58
1782568984720 0.7320221519470215 59
1782568984721 0.7343609039485455 60
1782568984722 0.7332244846224785 61
1782568984723 0.7576510761678219 62
1782568984724 0.7320642754435539 63
1782568984725 0.7433177456259727 64
1782568984726 0.7433448521792889 65
1782568984727 0.7442977274954319 66
1782568984728 0.7532514005899429 67
1782568984729 0.74985037997365 68
1782568984730 0.7512964610755444 69
1782568984731 0.7387675070762634 70
1782568984732 0.7452501682937145 71
1782568984733 0.7337871985137463 72
1782568984733 0.7437301081418991 73
1782568984734 0.7601984664797783 74
1782568984735 0.7430186079442501 75
1782568984736 0.7625079303979874 76
1782568984737 0.7448617522418499 77
1782568984738 0.7446419298648834 78
1782568984739 0.740410462319851 79
1782568984740 0.7370348832011223 80
1782568984741 0.7380393461883068 81
1782568984742 0.7408285027742386 82
1782568984743 0.7448221983015537 83
1782568984744 0.763821716606617 84
1782568984745 0.7630780725181103 85
1782568984746 0.7567198531329632 86
1782568984746 0.7537777881324291 87
1782568984747 0.7460644289851188 88
1782568984748 0.7555011728405953 89
1782568984749 0.7477897390723228 90
1782568984750 0.7477005751430988 91
1782568984751 0.752690713852644 92
1782568984752 0.7580197730660438 93
