1782568984569 0.1805049492418766 1
1782568984571 0.07036357762292028 2
1782568984572 0.03156139738857746 3
1782568984573 0.017862874744459988 4
1782568984574 0.011698068212717771 5
1782568984575 0.008314780567307025 6
1782568984576 0.006342611890286207 7
1782568984577 0.005074774109525606 8
1782568984578 0.004321038675261662 9
1782568984579 0.003755583727033809 10
1782568984580 0.003245434337295592 11
1782568984581 0.002997324950993061 12
1782568984582 0.002753350428538397 13
1782568984583 0.00255799489619676 14
1782568984584 0.0023768401198321952 15
1782568984585 0.0022321431030286475 16
1782568984586 0.002157781595888082 17
1782568984587 0.002083281943923794 18
1782568984588 0.0019981134464615025 19
1782568984589 0.0019211712988908402 20
1782568984590 0.00190069516771473 21
1782568984591 0.0017260146548505873 22
1782568984592 0.0017011957569047808 23
1782568984593 0.0016802063694922253 24
1782568984594 0.0016895494236086961 25
1782568984595 0.0016873540251981468 26
1782568984596 0.0016084990423405542 27
1782568984597 0.00156499340038863 28
1782568984598 0.0014607186851208099 29
1782568984599 0.001533806322258897 30
1782568984599 0.001489772232453106 31
1782568984601 0.0016306991221790668 32
1782568984602 0.0014660054462729021 33
1782568984603 0.0014062557187571657 34
1782568984603 0.0013795387474237941 35
1782568984604 0.001454660367235192 36
1782568984605 0.001391183138039196 37
1782568984606 0.0013803344614279922 38
1782568984607 0.001384812155738473 39
1782568984608 0.0012876839854288847 40
1782568984609 0.0012208161217859015 41
1782568984610 0.0012059341161511838 42
1782568984610 0.001190655503232847 43
1782568984611 0.001188514985551592 44
1782568984612 0.0011653537988604511 45
1782568984613 0.0011787362494214903 46
1782568984614 0.0011873825640941504 47
1782568984615 0.0011615325236925854 48
1782568984616 0.0011479924175364432 49
1782568984617 0.001145379886656883 50
1782568984618 0.0011461836552916793 51
1782568984619 0.0011282683689933038 52
1782568984620 0.0011302280837116995 53
1782568984621 0.001126498348385212 54
1782568984621 0.0011319266559439711 55
1782568984622 0.0011021095282922034 56
1782568984623 0.0010972731355286668 57
1782568984624 0.001102053766444442 58
1782568984625 0.001073162391767255 59
1782568984626 0.001039691405458143 60
1782568984627 0.0010335110946471104 61
1782568984628 0.0010257205581001472 62
1782568984629 0.0010212206142023205 63
1782568984629 0.0010196644120151178 64
1782568984630 0.0010149161799199646 65
1782568984631 0.0010131954371900066 66
1782568984632 0.0010074206587887603 67
1782568984633 0.0010025903869245666 68
1782568984634 0.001002667849534191 69
1782568984635 0.00099694769596681 70
1782568984636 0.0009865931129752425 71
1782568984637 0.0009729659713775618 72
1782568984638 0.0009699838231608738 73
1782568984639 0.0009692595541855553 74
1782568984640 0.0009637140829727287 75
1782568984641 0.0009602795620594406 76
1782568984642 0.0009582693961419864 77
1782568984643 0.0009519278995139758 78
1782568984644 0.0009461092272977111 79
1782568984645 0.0009470560561021557 80
1782568984646 0.0009468248102348298 81
1782568984647 0.0009429131638171384 82
1782568984648 0.0009503867065359373 83
1782568984649 0.000941944944424904 84
1782568984650 0.0009370529390434968 85
1782568984651 0.0009374261798075167 86
1782568984652 0.0009355885572585976 87
1782568984653 0.0009386128711048514 88
1782568984654 0.0009324294644466136 89
1782568984655 0.0009336760605219752 90
1782568984656 0.0009341715060145362 91
1782568984657 0.0009373210440389812 92
1782568984658 0.0009358901966334088 93
