1784036262125 0.014198290955391712 1
1784036262127 0.003908471778850071 2
1784036262128 0.0038190291420323774 3
1784036262130 0.0035885107523063197 4
1784036262131 0.0032498228174517862 5
1784036262133 0.003072713065193966 6
1784036262135 0.0033422253860044293 7
1784036262136 0.003028122190589784 8
1784036262138 0.0036037772755662446 9
1784036262139 0.004011873801209731 10
1784036262141 0.003441088680410758 11
1784036262142 0.003186735984636471 12
1784036262144 0.0031387112467200495 13
1784036262146 0.003143900781869888 14
1784036262147 0.0028316123178228738 15
1784036262149 0.0026113384700147436 16
1784036262150 0.0029254352138377727 17
1784036262152 0.0023614957064273766 18
1784036262153 0.0022592863655881957 19
1784036262155 0.0021356038135127166 20
1784036262156 0.002058813079202082 21
1784036262158 0.0019464737613452598 22
1784036262160 0.0018427126524329651 23
1784036262161 0.002236922065349063 24
1784036262163 0.0019073376257438212 25
1784036262164 0.0018573514724266715 26
1784036262166 0.00198635419816128 27
1784036262167 0.0020159705858532107 28
1784036262169 0.001969426313080476 29
1784036262171 0.001797661286254879 30
1784036262172 0.001825323753291741 31
1784036262174 0.0017678754896041937 32
1784036262175 0.0016052319252048619 33
1784036262177 0.0015073716358165257 34
1784036262178 0.0014839443853998091 35
1784036262180 0.001597841046823305 36
1784036262182 0.0015085897986136841 37
1784036262183 0.0014155114036111627 38
1784036262185 0.0014339438271417748 39
1784036262186 0.0013968535717140186 40
1784036262188 0.0013251171249430626 41
1784036262189 0.0013248459671012824 42
1784036262191 0.001367587117929361 43
1784036262193 0.0013185526078450494 44
1784036262194 0.0012727761708811159 45
1784036262196 0.001294077110651415 46
1784036262197 0.0012148845715273637 47
1784036262199 0.0015051423566183075 48
1784036262200 0.0013055807421915233 49
1784036262202 0.0012550373536214464 50
1784036262204 0.001285977229999844 51
1784036262205 0.0011926914905779995 52
1784036262207 0.0011659760327165714 53
1784036262208 0.001180476049266872 54
1784036262210 0.0011536416039598406 55
1784036262211 0.001122980504806037 56
1784036262213 0.0012027959099214058 57
1784036262214 0.001135998250756529 58
1784036262216 0.001103787452011602 59
1784036262218 0.0012246713187050772 60
1784036262219 0.0013346375822584377 61
1784036262221 0.0010720075172866927 62
1784036262222 0.0010178617753990693 63
1784036262224 0.0009802659236447652 64
1784036262225 0.0009625759894697694 65
1784036262227 0.0009582841903466033 66
1784036262229 0.0009469495032681152 67
1784036262230 0.0009338039820431732 68
1784036262232 0.0009326546116790269 69
1784036262233 0.0009268933087878395 70
1784036262235 0.0009506266584503464 71
1784036262236 0.0009602787291078129 72
1784036262238 0.0009549120784504339 73
1784036262239 0.0008963857858179836 74
1784036262241 0.0008591421063465532 75
1784036262243 0.0008393704083573539 76
1784036262244 0.000835718286325573 77
1784036262246 0.0008292748391249916 78
1784036262247 0.0008277549312333577 79
1784036262249 0.0008226634449965786 80
1784036262250 0.0008195339841768146 81
1784036262252 0.0008140346378786489 82
1784036262254 0.0008069791906018509 83
1784036262255 0.0008019623621657956 84
1784036262257 0.0007982447715767193 85
1784036262258 0.0007966759325063322 86
1784036262260 0.0007875435092137195 87
1784036262261 0.0007884116515924688 88
1784036262263 0.0007797009393834741 89
1784036262264 0.0007746120247611543 90
1784036262266 0.0007787387211283203 91
1784036262268 0.0007774408888508333 92
1784036262269 0.0007640218305459711 93
1784036262271 0.0007470675787044456 94
1784036262272 0.0007366328972420888 95
1784036262274 0.0007350538742321078 96
1784036262276 0.0007332125563698355 97
1784036262277 0.0007299885194515809 98
1784036262279 0.000726855105094728 99
1784036262281 0.0007259477900515777 100
1784036262282 0.0007225203894631704 101
1784036262284 0.0007221178773033899 102
1784036262285 0.0007131023934198311 103
1784036262287 0.0007117387124162633 104
1784036262289 0.0007088398595806212 105
1784036262290 0.0007058917440008372 106
1784036262292 0.0007080376934027299 107
1784036262294 0.000704191276236088 108
1784036262295 0.0007047227328439476 109
1784036262297 0.0007019434196263318 110
1784036262298 0.0007025458645512117 111
1784036262300 0.0006965014846355189 112
1784036262301 0.0006966679055040003 113
1784036262303 0.0006952824096515542 114
1784036262305 0.0006943226411385695 115
1784036262306 0.0006939589972171234 116
1784036262308 0.0006939353664347437 117
1784036262309 0.0006923675845609977 118
1784036262311 0.0006935484396672109 119
1784036262313 0.0006914460690313717 120
1784036262314 0.0006899367033474846 121
1784036262316 0.0006889388967829291 122
1784036262318 0.0006890044362808112 123
1784036262319 0.0006875938398297877 124
