1784036262708 0.0 1
1784036262710 0.0 2
1784036262711 0.0 3
1784036262713 0.0 4
1784036262714 0.0 5
1784036262716 0.0 6
1784036262718 0.0 7
1784036262719 0.0 8
1784036262721 0.0 9
1784036262722 0.0 10
1784036262724 0.0 11
1784036262725 0.0 12
1784036262727 0.0 13
1784036262728 0.0 14
1784036262730 0.0 15
1784036262732 0.0 16
1784036262733 0.0 17
1784036262735 0.0 18
1784036262736 0.0 19
1784036262738 0.0 20
1784036262739 0.0 21
1784036262741 0.0 22
1784036262742 0.0 23
1784036262744 0.0 24
1784036262746 0.0 25
1784036262747 0.0 26
1784036262749 0.0 27
1784036262750 0.0 28
1784036262752 0.0 29
1784036262753 0.0 30
1784036262755 0.0 31
1784036262756 0.0 32
1784036262758 0.0 33
1784036262760 0.0 34
1784036262761 0.0 35
1784036262763 0.0 36
1784036262764 0.0 37
1784036262766 0.0 38
1784036262767 0.0 39
1784036262769 0.0 40
1784036262770 0.0 41
1784036262772 0.0 42
1784036262774 0.0 43
1784036262775 0.0 44
1784036262777 0.0 45
1784036262778 0.0 46
1784036262780 0.0 47
1784036262781 0.0 48
1784036262783 0.0 49
1784036262784 0.0 50
1784036262786 0.0 51
1784036262787 0.0 52
1784036262789 0.0 53
1784036262791 0.0 54
1784036262792 0.0 55
1784036262794 0.0 56
1784036262795 0.0 57
1784036262797 0.0 58
1784036262798 0.0 59
1784036262800 0.0 60
1784036262801 0.0 61
1784036262803 0.0 62
1784036262804 0.0 63
1784036262806 0.0 64
1784036262808 0.0 65
1784036262809 0.0 66
1784036262811 0.0 67
1784036262812 0.0 68
1784036262814 0.0 69
1784036262815 0.0 70
1784036262817 0.0 71
1784036262818 0.0 72
1784036262820 0.0 73
1784036262822 0.0 74
1784036262823 0.0 75
1784036262825 0.0 76
1784036262826 0.0 77
1784036262828 0.0 78
1784036262829 0.0 79
1784036262831 0.0 80
1784036262833 0.0 81
1784036262834 0.0 82
1784036262836 0.0 83
1784036262837 0.0 84
1784036262839 0.0 85
1784036262840 0.0 86
1784036262842 0.0 87
1784036262843 0.0 88
1784036262845 0.0 89
1784036262847 0.0 90
1784036262848 0.0 91
1784036262850 0.0 92
1784036262851 0.0 93
1784036262853 0.0 94
1784036262854 0.0 95
1784036262856 0.0 96
1784036262857 0.0 97
1784036262859 0.0 98
1784036262861 0.0 99
1784036262862 0.0 100
1784036262864 0.0 101
1784036262865 0.0 102
1784036262867 0.0 103
1784036262868 0.0 104
1784036262870 0.0 105
1784036262871 0.0 106
1784036262873 0.0 107
1784036262875 0.0 108
1784036262876 0.0 109
1784036262878 0.0 110
1784036262879 0.0 111
1784036262881 0.0 112
1784036262882 0.0 113
1784036262884 0.0 114
1784036262885 0.0 115
1784036262887 0.0 116
1784036262889 0.0 117
1784036262890 0.0 118
1784036262892 0.0 119
1784036262893 0.0 120
1784036262895 0.0 121
1784036262896 0.0 122
1784036262898 0.0 123
1784036262900 0.0 124
