1784036262514 0.0 1
1784036262516 0.0 2
1784036262517 0.0 3
1784036262519 0.0 4
1784036262520 0.0 5
1784036262522 0.0 6
1784036262524 0.0 7
1784036262525 0.0 8
1784036262527 0.0 9
1784036262528 0.0 10
1784036262530 0.0 11
1784036262532 0.0 12
1784036262533 0.0 13
1784036262535 0.0 14
1784036262536 0.0 15
1784036262538 0.0 16
1784036262540 0.0 17
1784036262541 0.0 18
1784036262543 0.0 19
1784036262544 0.0 20
1784036262546 0.0 21
1784036262547 0.0 22
1784036262549 0.0 23
1784036262550 0.0 24
1784036262552 0.0 25
1784036262554 0.0 26
1784036262555 0.0 27
1784036262557 0.0 28
1784036262558 0.0 29
1784036262560 0.0 30
1784036262561 0.0 31
1784036262563 0.0 32
1784036262564 0.0 33
1784036262566 0.0 34
1784036262568 0.0 35
1784036262569 0.0 36
1784036262571 0.0 37
1784036262572 0.0 38
1784036262574 0.0 39
1784036262575 0.0 40
1784036262577 0.0 41
1784036262579 0.0 42
1784036262580 0.0 43
1784036262582 0.0 44
1784036262583 0.0 45
1784036262585 0.0 46
1784036262586 0.0 47
1784036262588 0.0 48
1784036262590 0.0 49
1784036262591 0.0 50
1784036262593 0.0 51
1784036262594 0.0 52
1784036262596 0.0 53
1784036262597 0.0 54
1784036262599 0.0 55
1784036262601 0.0 56
1784036262602 0.0 57
1784036262604 0.0 58
1784036262605 0.0 59
1784036262607 0.0 60
1784036262608 0.0 61
1784036262610 0.0 62
1784036262611 0.0 63
1784036262613 0.0 64
1784036262615 0.0 65
1784036262616 0.0 66
1784036262618 0.0 67
1784036262619 0.0 68
1784036262621 0.0 69
1784036262622 0.0 70
1784036262624 0.0 71
1784036262625 0.0 72
1784036262627 0.0 73
1784036262629 0.0 74
1784036262630 0.0 75
1784036262632 0.0 76
1784036262633 0.0 77
1784036262635 0.0 78
1784036262636 0.0 79
1784036262638 0.0 80
1784036262639 0.0 81
1784036262641 0.0 82
1784036262643 0.0 83
1784036262644 0.0 84
1784036262646 0.0 85
1784036262647 0.0 86
1784036262649 0.0 87
1784036262650 0.0 88
1784036262652 0.0 89
1784036262653 0.0 90
1784036262655 0.0 91
1784036262656 0.0 92
1784036262658 0.0 93
1784036262660 0.0 94
1784036262661 0.0 95
1784036262663 0.0 96
1784036262664 0.0 97
1784036262666 0.0 98
1784036262667 0.0 99
1784036262669 0.0 100
1784036262671 0.0 101
1784036262672 0.0 102
1784036262674 0.0 103
1784036262675 0.0 104
1784036262677 0.0 105
1784036262678 0.0 106
1784036262680 0.0 107
1784036262682 0.0 108
1784036262683 0.0 109
1784036262685 0.0 110
1784036262686 0.0 111
1784036262688 0.0 112
1784036262689 0.0 113
1784036262691 0.0 114
1784036262693 0.0 115
1784036262694 0.0 116
1784036262696 0.0 117
1784036262697 0.0 118
1784036262699 0.0 119
1784036262700 0.0 120
1784036262702 0.0 121
1784036262703 0.0 122
1784036262705 0.0 123
1784036262707 0.0 124
