1780314149719 0.25435736805200576 1
1780314149721 0.2297244594991207 2
1780314149724 0.20771246805787086 3
1780314149726 0.1869216178357601 4
1780314149729 0.16738573089241982 5
1780314149731 0.15028708562254905 6
1780314149733 0.13533665776252746 7
1780314149736 0.12196061052381993 8
1780314149738 0.1098049084097147 9
1780314149741 0.09877873852849006 10
1780314149743 0.08891797624528408 11
1780314149745 0.08017509654164315 12
1780314149747 0.07244344115257263 13
1780314149749 0.0656368375197053 14
1780314149752 0.05960081230849028 15
1780314149754 0.054274283945560456 16
1780314149756 0.04955320656299591 17
1780314149758 0.04530509360134602 18
1780314149760 0.04153960440307856 19
1780314149762 0.038180130161345006 20
1780314149765 0.03519779650494456 21
1780314149767 0.03250258397310972 22
1780314149769 0.03006763184443116 23
1780314149771 0.02786519929766655 24
1780314149773 0.025877216644585133 25
1780314149776 0.024083626959472894 26
1780314149778 0.022456513531506062 27
1780314149780 0.020984229110181333 28
1780314149783 0.019635813049972056 29
1780314149785 0.018396776458248495 30
1780314149788 0.017249292600899933 31
1780314149790 0.01619349512271583 32
1780314149792 0.015229992289096116 33
1780314149795 0.01435970751568675 34
1780314149797 0.013537534549832343 35
1780314149800 0.012768987305462361 36
1780314149802 0.012070968495681882 37
1780314149804 0.011419293247163296 38
1780314149807 0.010822387030348182 39
1780314149809 0.010265123881399631 40
1780314149811 0.009759826697409152 41
1780314149814 0.009264825796708464 42
1780314149816 0.00881422461476177 43
1780314149818 0.008382925949990749 44
1780314149820 0.007987930090166628 45
1780314149822 0.007634893795475364 46
1780314149824 0.007286575511097908 47
1780314149827 0.00697047904599458 48
1780314149829 0.006685042530298233 49
1780314149831 0.006421837019734085 50
1780314149833 0.006174151562154293 51
1780314149835 0.005972232529893517 52
1780314149837 0.0057529014116153125 53
1780314149840 0.0054993730178102855 54
1780314149842 0.005291663289535791 55
1780314149844 0.00510447021573782 56
1780314149846 0.004930129777640104 57
1780314149848 0.004776871108915657 58
1780314149851 0.004626924255862832 59
1780314149853 0.004492851865943521 60
1780314149855 0.004366749790497124 61
1780314149858 0.0042694105324335395 62
1780314149860 0.004169177059084177 63
1780314149863 0.004053004174493253 64
1780314149865 0.00393786946311593 65
1780314149867 0.0038072773022577167 66
1780314149870 0.00371368664316833 67
1780314149872 0.0036254900367930533 68
1780314149874 0.0035584194725379347 69
1780314149877 0.0034932918043341487 70
1780314149879 0.003416778234532103 71
1780314149881 0.003330949351657182 72
1780314149883 0.003257034064736217 73
1780314149886 0.0032000367750879377 74
1780314149888 0.003150680719409138 75
1780314149890 0.0031096004310529677 76
1780314149892 0.00306290817912668 77
1780314149894 0.002998718172311783 78
1780314149897 0.002950794668868184 79
1780314149899 0.002893979622749612 80
1780314149901 0.0028531417122576387 81
1780314149903 0.0028134625125676395 82
1780314149906 0.002767231415491551 83
1780314149908 0.0027338441333267837 84
1780314149910 0.002699354694923386 85
1780314149912 0.0026507035712711514 86
1780314149914 0.0026171445148065685 87
1780314149917 0.002586489125387743 88
1780314149919 0.002570987474755384 89
1780314149921 0.002561304408009164 90
1780314149923 0.0025270159961655737 91
1780314149926 0.002495416619931348 92
1780314149928 0.002459687227383256 93
1780314149930 0.0024414664326468482 94
1780314149933 0.002430307271424681 95
1780314149935 0.002412732558441348 96
1780314149938 0.002378156376071274 97
1780314149940 0.00235936660785228 98
1780314149943 0.0023393293184926734 99
1780314149945 0.0023329968767939135 100
1780314149947 0.002311287702759728 101
1780314149950 0.0022912116575753315 102
1780314149952 0.002275202599121258 103
1780314149954 0.002255504787899554 104
1780314149956 0.0022430682322010396 105
1780314149959 0.002237579057691619 106
1780314149961 0.0022163992945570497 107
1780314149963 0.002191336932592094 108
1780314149965 0.002175194944138639 109
1780314149967 0.002158752589602955 110
1780314149970 0.002148296691593714 111
1780314149972 0.0021487001341301947 112
1780314149974 0.002151326221646741 113
1780314149976 0.00214970464236103 114
1780314149978 0.0021471518266480416 115
1780314149980 0.0021132870187284426 116
1780314149983 0.002097025328548625 117
1780314149985 0.0020937293354654687 118
1780314149987 0.002098124629119411 119
1780314149989 0.0020793720707297323 120
1780314149991 0.0020857218591845595 121
1780314149994 0.0020523609378142282 122
1780314149996 0.002039241603924893 123
1780314149998 0.0020213198650162667 124
1780314150000 0.002011657648545224 125
1780314150002 0.002004550636629574 126
1780314150005 0.002002959183882922 127
1780314150007 0.0020044465258251877 128
1780314150009 0.002019987405219581 129
1780314150011 0.002022989243560005 130
1780314150013 0.0019998310177470557 131
1780314150016 0.002003116261330433 132
1780314150018 0.001997661110071931 133
1780314150020 0.001990710545796901 134
1780314150022 0.001979692436871119 135
1780314150025 0.001970543584320694 136
1780314150027 0.0019517479112255388 137
1780314150029 0.0019582486586295998 138
1780314150031 0.001946109743148554 139
1780314150033 0.0019396673867595382 140
1780314150035 0.0019383747299434617 141
1780314150038 0.0019561421053367668 142
1780314150040 0.001953116848890204 143
1780314150042 0.0019397400037269108 144
1780314150044 0.0019202879586373456 145
1780314150046 0.0019109387567732483 146
1780314150049 0.0019132844283012674 147
1780314150051 0.0019063370177173056 148
1780314150053 0.0019105903169838712 149
1780314150055 0.0018999082068330607 150
