1782248677028 0.10911647537723183 1
1782248677029 0.03676559916697442 2
1782248677030 0.017697960841469466 3
1782248677032 0.01063585311640054 4
1782248677033 0.007331223892979324 5
1782248677034 0.005528714080573991 6
1782248677036 0.00440027104341425 7
1782248677037 0.0036871517251711337 8
1782248677038 0.003214772516512312 9
1782248677039 0.002873978364514187 10
1782248677041 0.002511533588403836 11
1782248677042 0.002282840608386323 12
1782248677043 0.0021086335339350628 13
1782248677044 0.0019939829531358554 14
1782248677046 0.001874011033505667 15
1782248677047 0.0017346499377163128 16
1782248677048 0.0016297001059865578 17
1782248677050 0.0015611466145492158 18
1782248677051 0.0015357882765238173 19
1782248677052 0.0014992914500180632 20
1782248677053 0.0014574700825323817 21
1782248677055 0.001387727664259728 22
1782248677056 0.0013322671472269577 23
1782248677057 0.0012883705868443939 24
1782248677058 0.001248091379966354 25
1782248677060 0.0012511264267959631 26
1782248677061 0.001264089046017034 27
1782248677062 0.0012436822088784539 28
1782248677063 0.0011771657993085683 29
1782248677065 0.0011489482448087075 30
1782248677066 0.0011013808946154313 31
1782248677067 0.0010981251831253757 32
1782248677068 0.0010796951857628301 33
1782248677070 0.0010621703120705206 34
1782248677071 0.0010622698851511813 35
1782248677072 0.0010644876928563463 36
1782248677073 0.0010108139517251403 37
1782248677075 0.0009889149443188217 38
1782248677076 0.0009813002697046614 39
1782248677077 0.0009813365020090714 40
1782248677079 0.0010077244105923455 41
1782248677080 0.0009990145402116468 42
1782248677081 0.000983483195086592 43
1782248677082 0.0009576573425874813 44
1782248677084 0.0009266014218883356 45
1782248677085 0.0009091347446519649 46
1782248677086 0.00090097041487752 47
1782248677087 0.0008873341431171867 48
1782248677089 0.0008779887174750911 49
1782248677090 0.0009409775647509377 50
1782248677091 0.0009488283995597158 51
1782248677092 0.0009561742191726807 52
1782248677094 0.0009063080509804422 53
1782248677095 0.0008811422876897268 54
1782248677096 0.0008135430944093969 55
1782248677098 0.0007781860087561654 56
1782248677099 0.0007630785394576378 57
1782248677100 0.000753219335929316 58
1782248677101 0.0007463855939204223 59
1782248677103 0.000740274439449422 60
1782248677104 0.0007352298470868846 61
1782248677105 0.0007283788670611102 62
1782248677106 0.0007239029176344048 63
1782248677108 0.000720642529304314 64
1782248677109 0.000717578006151598 65
1782248677110 0.000714523478418414 66
1782248677111 0.0007114032621393562 67
1782248677113 0.0007083017976037809 68
1782248677114 0.0007041063910219236 69
1782248677115 0.0007016925009156694 70
1782248677116 0.0006997837927337968 71
1782248677118 0.0006977198463937384 72
1782248677119 0.0006958395446054055 73
1782248677120 0.0006938883230031933 74
1782248677122 0.0006918120602858835 75
1782248677123 0.0006890884922540863 76
1782248677124 0.0006877574621103121 77
