1782248677222 0.0 1
1782248677224 0.0 2
1782248677225 0.0 3
1782248677226 0.0 4
1782248677227 0.0 5
1782248677229 0.0 6
1782248677230 0.0 7
1782248677231 0.0 8
1782248677232 0.0 9
1782248677233 0.0 10
1782248677234 0.0 11
1782248677236 0.0 12
1782248677237 0.0 13
1782248677238 0.0 14
1782248677239 0.0 15
1782248677240 0.0 16
1782248677241 0.0 17
1782248677242 0.0 18
1782248677244 0.0 19
1782248677245 0.0 20
1782248677246 0.0 21
1782248677247 0.0 22
1782248677248 0.0 23
1782248677249 0.0 24
1782248677250 0.0 25
1782248677251 0.0 26
1782248677253 0.0 27
1782248677254 0.0 28
1782248677255 0.0 29
1782248677256 0.0 30
1782248677257 0.0 31
1782248677258 0.0 32
1782248677259 0.0 33
1782248677260 0.0 34
1782248677261 0.0 35
1782248677263 0.0 36
1782248677264 0.0 37
1782248677265 0.0 38
1782248677266 0.0 39
1782248677267 0.0 40
1782248677268 0.0 41
1782248677269 0.0 42
1782248677271 0.0 43
1782248677272 0.0 44
1782248677273 0.0 45
1782248677274 0.0 46
1782248677275 0.0 47
1782248677276 0.0 48
1782248677277 0.0 49
1782248677278 0.0 50
1782248677279 0.0 51
1782248677280 0.0 52
1782248677281 0.0 53
1782248677282 0.0 54
1782248677283 0.0 55
1782248677284 0.0 56
1782248677286 0.0 57
1782248677287 0.0 58
1782248677288 0.0 59
1782248677289 0.0 60
1782248677290 0.0 61
1782248677291 0.0 62
1782248677292 0.0 63
1782248677293 0.0 64
1782248677294 0.0 65
1782248677295 0.0 66
1782248677296 0.0 67
1782248677297 0.0 68
1782248677298 0.0 69
1782248677299 0.0 70
1782248677301 0.0 71
1782248677302 0.0 72
1782248677303 0.0 73
1782248677304 0.0 74
1782248677305 0.0 75
1782248677306 0.0 76
1782248677307 0.0 77
