1782248677308 0.0 1
1782248677309 0.0 2
1782248677310 0.0 3
1782248677311 0.0 4
1782248677312 0.0 5
1782248677313 0.0 6
1782248677314 0.0 7
1782248677315 0.0 8
1782248677317 0.0 9
1782248677318 0.0 10
1782248677319 0.0 11
1782248677320 0.0 12
1782248677321 0.0 13
1782248677322 0.0 14
1782248677323 0.0 15
1782248677324 0.0 16
1782248677325 0.0 17
1782248677326 0.0 18
1782248677327 0.0 19
1782248677328 0.0 20
1782248677329 0.0 21
1782248677330 0.0 22
1782248677332 0.0 23
1782248677333 0.0 24
1782248677334 0.0 25
1782248677335 0.0 26
1782248677336 0.0 27
1782248677337 0.0 28
1782248677338 0.0 29
1782248677339 0.0 30
1782248677340 0.0 31
1782248677341 0.0 32
1782248677342 0.0 33
1782248677343 0.0 34
1782248677344 0.0 35
1782248677346 0.0 36
1782248677347 0.0 37
1782248677348 0.0 38
1782248677349 0.0 39
1782248677350 0.0 40
1782248677351 0.0 41
1782248677352 0.0 42
1782248677353 0.0 43
1782248677354 0.0 44
1782248677356 0.0 45
1782248677357 0.0 46
1782248677358 0.0 47
1782248677359 0.0 48
1782248677360 0.0 49
1782248677361 0.0 50
1782248677362 0.0 51
1782248677363 0.0 52
1782248677364 0.0 53
1782248677365 0.0 54
1782248677366 0.0 55
1782248677368 0.0 56
1782248677369 0.0 57
1782248677370 0.0 58
1782248677371 0.0 59
1782248677372 0.0 60
1782248677373 0.0 61
1782248677374 0.0 62
1782248677375 0.0 63
1782248677376 0.0 64
1782248677377 0.0 65
1782248677378 0.0 66
1782248677379 0.0 67
1782248677381 0.0 68
1782248677382 0.0 69
1782248677383 0.0 70
1782248677384 0.0 71
1782248677385 0.0 72
1782248677386 0.0 73
1782248677387 0.0 74
1782248677388 0.0 75
1782248677389 0.0 76
1782248677390 0.0 77
