1782200284204 0.0 1
1782200284205 0.0 2
1782200284206 0.0 3
1782200284207 0.0 4
1782200284208 0.0 5
1782200284209 0.0 6
1782200284211 0.0 7
1782200284212 0.0 8
1782200284213 0.0 9
1782200284214 0.0 10
1782200284215 0.0 11
1782200284216 0.0 12
1782200284218 0.0 13
1782200284219 0.0 14
1782200284220 0.0 15
1782200284221 0.0 16
1782200284222 0.0 17
1782200284224 0.0 18
1782200284225 0.0 19
1782200284226 0.0 20
1782200284227 0.0 21
1782200284228 0.0 22
1782200284229 0.0 23
1782200284230 0.0 24
1782200284231 0.0 25
1782200284232 0.0 26
1782200284233 0.0 27
1782200284234 0.0 28
1782200284235 0.0 29
1782200284236 0.0 30
1782200284237 0.0 31
1782200284239 0.0 32
1782200284240 0.0 33
1782200284241 0.0 34
1782200284242 0.0 35
1782200284243 0.0 36
1782200284244 0.0 37
1782200284245 0.0 38
1782200284246 0.0 39
1782200284247 0.0 40
1782200284248 0.0 41
1782200284249 0.0 42
1782200284250 0.0 43
1782200284250 0.0 44
1782200284251 0.0 45
1782200284253 0.0 46
1782200284254 0.0 47
1782200284255 0.0 48
1782200284256 0.0 49
1782200284257 0.0 50
1782200284258 0.0 51
1782200284259 0.0 52
1782200284260 0.0 53
1782200284261 0.0 54
1782200284262 0.0 55
1782200284263 0.0 56
1782200284264 0.0 57
1782200284265 0.0 58
1782200284266 0.0 59
1782200284267 0.0 60
1782200284267 0.0 61
1782200284269 0.0 62
1782200284270 0.0 63
1782200284271 0.0 64
1782200284272 0.0 65
1782200284273 0.0 66
1782200284274 0.0 67
