1782200283969 0.11131413489580154 1
1782200283971 0.03782343007624149 2
1782200283972 0.018522846209816635 3
1782200283973 0.011506546796299517 4
1782200283974 0.008055598011706024 5
1782200283976 0.006167444295715541 6
1782200283977 0.00488654434797354 7
1782200283978 0.00410146257490851 8
1782200283979 0.003648804420372471 9
1782200283980 0.003229054896510206 10
1782200283982 0.002943200455629267 11
1782200283983 0.0026073288259794935 12
1782200283984 0.0023757387488149108 13
1782200283985 0.0022554825193947183 14
1782200283986 0.0021462463587522507 15
1782200283988 0.002071681952511426 16
1782200283989 0.0019836190092610197 17
1782200283990 0.0019440657916129566 18
1782200283991 0.001856464374868665 19
1782200283992 0.0017090937928878702 20
1782200283994 0.001713054322754033 21
1782200283995 0.0016885471236309968 22
1782200283996 0.0015638914571900386 23
1782200283997 0.0015122616750886664 24
1782200283998 0.0014327592319750692 25
1782200284000 0.0014087167350226083 26
1782200284001 0.0014713348526856863 27
1782200284002 0.0014062975044362247 28
1782200284003 0.0014076718730211724 29
1782200284004 0.001355199337413069 30
1782200284005 0.0013470549960038624 31
1782200284007 0.0013142898699152283 32
1782200284008 0.0012843300073291175 33
1782200284009 0.0012581428546400274 34
1782200284010 0.001252726641469053 35
1782200284011 0.0012715222989208997 36
1782200284013 0.001299742030823836 37
1782200284014 0.0012576300847285892 38
1782200284015 0.00120850081613753 39
1782200284016 0.001159826717703254 40
1782200284017 0.0011397482868778753 41
1782200284019 0.0011294388910755514 42
1782200284020 0.0011191311320726527 43
1782200284021 0.0011085512101999483 44
1782200284022 0.0010607833507674514 45
1782200284023 0.0009980337816523387 46
1782200284024 0.0009749927082157228 47
1782200284026 0.0009608958821627311 48
1782200284027 0.0009515809067670489 49
1782200284028 0.0009419324892951408 50
1782200284029 0.0009339032197021879 51
1782200284030 0.0009182289701129776 52
1782200284032 0.0009085952580790036 53
1782200284033 0.0009024984141433378 54
1782200284034 0.0008975395664310781 55
1782200284035 0.0008926234266982647 56
1782200284036 0.0008874915570777375 57
1782200284038 0.0008839413519308437 58
1782200284039 0.0008761318881443003 59
1782200284040 0.0008702169624302769 60
1782200284041 0.0008665913803997682 61
1782200284042 0.0008636866835149703 62
1782200284043 0.0008606823376612738 63
1782200284045 0.0008575403773284051 64
1782200284046 0.0008547780755179702 65
1782200284047 0.0008496634478797205 66
1782200284048 0.0008475714607993723 67
