1782200284129 0.0 1
1782200284130 0.0 2
1782200284131 0.0 3
1782200284132 0.0 4
1782200284134 0.0 5
1782200284135 0.0 6
1782200284136 0.0 7
1782200284137 0.0 8
1782200284139 0.0 9
1782200284140 0.0 10
1782200284141 0.0 11
1782200284142 0.0 12
1782200284143 0.0 13
1782200284144 0.0 14
1782200284146 0.0 15
1782200284147 0.0 16
1782200284148 0.0 17
1782200284149 0.0 18
1782200284150 0.0 19
1782200284152 0.0 20
1782200284153 0.0 21
1782200284154 0.0 22
1782200284155 0.0 23
1782200284156 0.0 24
1782200284157 0.0 25
1782200284159 0.0 26
1782200284160 0.0 27
1782200284161 0.0 28
1782200284162 0.0 29
1782200284163 0.0 30
1782200284165 0.0 31
1782200284166 0.0 32
1782200284167 0.0 33
1782200284168 0.0 34
1782200284169 0.0 35
1782200284170 0.0 36
1782200284172 0.0 37
1782200284173 0.0 38
1782200284174 0.0 39
1782200284175 0.0 40
1782200284176 0.0 41
1782200284177 0.0 42
1782200284178 0.0 43
1782200284179 0.0 44
1782200284180 0.0 45
1782200284181 0.0 46
1782200284182 0.0 47
1782200284183 0.0 48
1782200284184 0.0 49
1782200284185 0.0 50
1782200284186 0.0 51
1782200284187 0.0 52
1782200284188 0.0 53
1782200284189 0.0 54
1782200284190 0.0 55
1782200284191 0.0 56
1782200284192 0.0 57
1782200284194 0.0 58
1782200284195 0.0 59
1782200284196 0.0 60
1782200284197 0.0 61
1782200284198 0.0 62
1782200284199 0.0 63
1782200284200 0.0 64
1782200284201 0.0 65
1782200284202 0.0 66
1782200284203 0.0 67
