1782205960702 0.16379252038896083 1
1782205960703 0.055645948983728884 2
1782205960704 0.02454310507979244 3
1782205960705 0.013976823869161308 4
1782205960707 0.009477709219790995 5
1782205960708 0.00746924577979371 6
1782205960709 0.005777464734856039 7
1782205960710 0.004850510408869013 8
1782205960712 0.00420656825765036 9
1782205960713 0.0035904280422255396 10
1782205960714 0.0034611841494916005 11
1782205960715 0.0030902108742156997 12
1782205960716 0.002882804018445313 13
1782205960718 0.0025658257358008997 14
1782205960719 0.0023344330937834458 15
1782205960720 0.0021816896926611664 16
1782205960721 0.0020563516847323625 17
1782205960722 0.0019375431892694906 18
1782205960724 0.0018315562416682952 19
1782205960725 0.0017979369833483361 20
1782205960726 0.0018595474911853671 21
1782205960727 0.0017563421215163544 22
1782205960728 0.0016281914105638862 23
1782205960730 0.0015826840126828756 24
1782205960731 0.0015094124228926375 25
1782205960732 0.0014465402769565116 26
1782205960733 0.0014559682577964849 27
1782205960734 0.0014160642221395393 28
1782205960736 0.0014421692887844984 29
1782205960737 0.001385245401324937 30
1782205960738 0.0013255440785724204 31
1782205960739 0.0012842123242444358 32
1782205960740 0.0012985533170285634 33
1782205960742 0.0012525695348449518 34
1782205960743 0.001267131663407781 35
1782205960744 0.001232450190000236 36
1782205960745 0.0012460684304824098 37
1782205960746 0.0012332591407175641 38
1782205960747 0.0011948573614063208 39
1782205960749 0.0011338378294749418 40
1782205960750 0.0010701052164222347 41
1782205960751 0.0010232398457446835 42
1782205960752 0.0010035581706324592 43
1782205960754 0.0009863035348826087 44
1782205960755 0.0009743892392725683 45
1782205960756 0.0009667186103615677 46
1782205960757 0.0009562622077646665 47
1782205960758 0.000938014730490977 48
1782205960760 0.0009267342199746054 49
1782205960761 0.0009184924067085376 50
1782205960762 0.0009125419169140514 51
1782205960763 0.0009071252094872761 52
1782205960764 0.0009010131999821169 53
1782205960766 0.000898140378849348 54
1782205960767 0.000888457892506267 55
1782205960768 0.0008812143569230102 56
1782205960769 0.0008769080675119767 57
1782205960770 0.0008734805275889812 58
1782205960771 0.0008697412870969857 59
1782205960773 0.0008665579524677014 60
1782205960774 0.0008628865239734295 61
1782205960775 0.0008573717239778489 62
1782205960776 0.0008549737893190467 63
