1782205960928 0.0 1
1782205960929 0.0 2
1782205960930 0.0 3
1782205960932 0.0 4
1782205960933 0.0 5
1782205960934 0.0 6
1782205960935 0.0 7
1782205960936 0.0 8
1782205960938 0.0 9
1782205960939 0.0 10
1782205960940 0.0 11
1782205960941 0.0 12
1782205960942 0.0 13
1782205960943 0.0 14
1782205960945 0.0 15
1782205960946 0.0 16
1782205960947 0.0 17
1782205960948 0.0 18
1782205960949 0.0 19
1782205960951 0.0 20
1782205960952 0.0 21
1782205960953 0.0 22
1782205960954 0.0 23
1782205960955 0.0 24
1782205960957 0.0 25
1782205960958 0.0 26
1782205960959 0.0 27
1782205960960 0.0 28
1782205960961 0.0 29
1782205960962 0.0 30
1782205960964 0.0 31
1782205960965 0.0 32
1782205960966 0.0 33
1782205960967 0.0 34
1782205960968 0.0 35
1782205960970 0.0 36
1782205960971 0.0 37
1782205960972 0.0 38
1782205960973 0.0 39
1782205960975 0.0 40
1782205960976 0.0 41
1782205960977 0.0 42
1782205960978 0.0 43
1782205960979 0.0 44
1782205960980 0.0 45
1782205960982 0.0 46
1782205960983 0.0 47
1782205960984 0.0 48
1782205960985 0.0 49
1782205960986 0.0 50
1782205960988 0.0 51
1782205960989 0.0 52
1782205960990 0.0 53
1782205960991 0.0 54
1782205960992 0.0 55
1782205960994 0.0 56
1782205960995 0.0 57
1782205960996 0.0 58
1782205960997 0.0 59
1782205960998 0.0 60
1782205960999 0.0 61
1782205961001 0.0 62
1782205961002 0.0 63
