1782205960853 0.0 1
1782205960854 0.0 2
1782205960855 0.0 3
1782205960856 0.0 4
1782205960857 0.0 5
1782205960859 0.0 6
1782205960860 0.0 7
1782205960861 0.0 8
1782205960862 0.0 9
1782205960863 0.0 10
1782205960865 0.0 11
1782205960866 0.0 12
1782205960867 0.0 13
1782205960868 0.0 14
1782205960869 0.0 15
1782205960870 0.0 16
1782205960872 0.0 17
1782205960873 0.0 18
1782205960874 0.0 19
1782205960875 0.0 20
1782205960877 0.0 21
1782205960878 0.0 22
1782205960879 0.0 23
1782205960880 0.0 24
1782205960881 0.0 25
1782205960883 0.0 26
1782205960884 0.0 27
1782205960885 0.0 28
1782205960886 0.0 29
1782205960887 0.0 30
1782205960889 0.0 31
1782205960890 0.0 32
1782205960891 0.0 33
1782205960892 0.0 34
1782205960893 0.0 35
1782205960895 0.0 36
1782205960896 0.0 37
1782205960897 0.0 38
1782205960898 0.0 39
1782205960899 0.0 40
1782205960901 0.0 41
1782205960902 0.0 42
1782205960903 0.0 43
1782205960904 0.0 44
1782205960905 0.0 45
1782205960906 0.0 46
1782205960908 0.0 47
1782205960909 0.0 48
1782205960910 0.0 49
1782205960911 0.0 50
1782205960912 0.0 51
1782205960914 0.0 52
1782205960915 0.0 53
1782205960916 0.0 54
1782205960917 0.0 55
1782205960918 0.0 56
1782205960920 0.0 57
1782205960921 0.0 58
1782205960922 0.0 59
1782205960923 0.0 60
1782205960924 0.0 61
1782205960926 0.0 62
1782205960927 0.0 63
