1784015181944 0.0 1
1784015181946 0.0 2
1784015181947 0.0 3
1784015181948 0.0 4
1784015181950 0.0 5
1784015181951 0.0 6
1784015181952 0.0 7
1784015181953 0.0 8
1784015181955 0.0 9
1784015181956 0.0 10
1784015181958 0.0 11
1784015181959 0.0 12
1784015181961 0.0 13
1784015181962 0.0 14
1784015181963 0.0 15
1784015181965 0.0 16
1784015181966 0.0 17
1784015181967 0.0 18
1784015181969 0.0 19
1784015181970 0.0 20
1784015181971 0.0 21
1784015181973 0.0 22
1784015181974 0.0 23
1784015181976 0.0 24
1784015181977 0.0 25
1784015181978 0.0 26
1784015181979 0.0 27
1784015181981 0.0 28
1784015181982 0.0 29
1784015181983 0.0 30
1784015181985 0.0 31
1784015181986 0.0 32
1784015181987 0.0 33
1784015181989 0.0 34
1784015181991 0.0 35
1784015181993 0.0 36
1784015181994 0.0 37
1784015181995 0.0 38
1784015181996 0.0 39
1784015181998 0.0 40
1784015181999 0.0 41
1784015182000 0.0 42
1784015182002 0.0 43
1784015182003 0.0 44
1784015182005 0.0 45
1784015182006 0.0 46
1784015182007 0.0 47
1784015182008 0.0 48
1784015182010 0.0 49
1784015182011 0.0 50
1784015182012 0.0 51
1784015182014 0.0 52
1784015182015 0.0 53
1784015182016 0.0 54
1784015182017 0.0 55
1784015182019 0.0 56
1784015182020 0.0 57
1784015182022 0.0 58
1784015182023 0.0 59
1784015182024 0.0 60
1784015182026 0.0 61
1784015182027 0.0 62
1784015182028 0.0 63
1784015182030 0.0 64
1784015182031 0.0 65
1784015182032 0.0 66
1784015182034 0.0 67
1784015182035 0.0 68
1784015182037 0.0 69
1784015182038 0.0 70
1784015182039 0.0 71
1784015182041 0.0 72
1784015182042 0.0 73
1784015182044 0.0 74
1784015182045 0.0 75
1784015182046 0.0 76
1784015182047 0.0 77
1784015182049 0.0 78
1784015182050 0.0 79
1784015182052 0.0 80
1784015182053 0.0 81
1784015182054 0.0 82
1784015182055 0.0 83
1784015182057 0.0 84
1784015182058 0.0 85
1784015182059 0.0 86
1784015182061 0.0 87
1784015182062 0.0 88
