1784015181810 0.0 1
1784015181812 0.0 2
1784015181814 0.0 3
1784015181815 0.0 4
1784015181817 0.0 5
1784015181818 0.0 6
1784015181820 0.0 7
1784015181821 0.0 8
1784015181823 0.0 9
1784015181825 0.0 10
1784015181826 0.0 11
1784015181828 0.0 12
1784015181829 0.0 13
1784015181831 0.0 14
1784015181832 0.0 15
1784015181833 0.0 16
1784015181835 0.0 17
1784015181836 0.0 18
1784015181838 0.0 19
1784015181839 0.0 20
1784015181841 0.0 21
1784015181842 0.0 22
1784015181844 0.0 23
1784015181846 0.0 24
1784015181847 0.0 25
1784015181849 0.0 26
1784015181850 0.0 27
1784015181852 0.0 28
1784015181853 0.0 29
1784015181855 0.0 30
1784015181856 0.0 31
1784015181858 0.0 32
1784015181859 0.0 33
1784015181861 0.0 34
1784015181862 0.0 35
1784015181864 0.0 36
1784015181865 0.0 37
1784015181867 0.0 38
1784015181868 0.0 39
1784015181870 0.0 40
1784015181871 0.0 41
1784015181873 0.0 42
1784015181875 0.0 43
1784015181876 0.0 44
1784015181878 0.0 45
1784015181879 0.0 46
1784015181881 0.0 47
1784015181882 0.0 48
1784015181884 0.0 49
1784015181885 0.0 50
1784015181887 0.0 51
1784015181888 0.0 52
1784015181890 0.0 53
1784015181891 0.0 54
1784015181893 0.0 55
1784015181894 0.0 56
1784015181896 0.0 57
1784015181897 0.0 58
1784015181899 0.0 59
1784015181900 0.0 60
1784015181902 0.0 61
1784015181903 0.0 62
1784015181905 0.0 63
1784015181907 0.0 64
1784015181908 0.0 65
1784015181910 0.0 66
1784015181911 0.0 67
1784015181913 0.0 68
1784015181914 0.0 69
1784015181916 0.0 70
1784015181917 0.0 71
1784015181919 0.0 72
1784015181920 0.0 73
1784015181922 0.0 74
1784015181923 0.0 75
1784015181925 0.0 76
1784015181927 0.0 77
1784015181928 0.0 78
1784015181930 0.0 79
1784015181931 0.0 80
1784015181933 0.0 81
1784015181934 0.0 82
1784015181936 0.0 83
1784015181937 0.0 84
1784015181939 0.0 85
1784015181940 0.0 86
1784015181941 0.0 87
1784015181943 0.0 88
