1780314140805 0.12955903951078654 1
1780314140808 0.09183735083788633 2
1780314140810 0.0664917833916843 3
1780314140812 0.05151183865964413 4
1780314140814 0.041582775469869375 5
1780314140816 0.03423510611988604 6
1780314140818 0.028512162249535324 7
1780314140821 0.0239985469263047 8
1780314140823 0.020402186578139664 9
1780314140825 0.017512040520086883 10
1780314140827 0.015131934653036297 11
1780314140829 0.013224852550774813 12
1780314140831 0.011609585448168218 13
1780314140833 0.010238194456323981 14
1780314140836 0.009118157911580056 15
1780314140838 0.008144777838606388 16
1780314140840 0.007321524317376316 17
1780314140842 0.006593915226403624 18
1780314140844 0.005986487036570906 19
1780314140846 0.005478282911935821 20
1780314140848 0.005030020385747775 21
1780314140851 0.004661235178355127 22
1780314140853 0.004317469566594809 23
1780314140855 0.003979833208722994 24
1780314140857 0.0036907817667815833 25
1780314140859 0.0034426521160639822 26
1780314140861 0.0032328573206905275 27
1780314140863 0.003048163857893087 28
1780314140865 0.00288592163939029 29
1780314140868 0.0027587595232762396 30
1780314140870 0.002668021641438827 31
1780314140872 0.002507210169569589 32
1780314140874 0.0023638147150631993 33
1780314140876 0.0022405089478706943 34
1780314140878 0.0021432718593860046 35
1780314140881 0.002054286835482344 36
1780314140883 0.0020001745040644893 37
1780314140885 0.001934816811408382 38
1780314140887 0.0018572819951805286 39
1780314140889 0.0017879476855159736 40
1780314140891 0.0017504821892362088 41
1780314140893 0.0016828800135408528 42
1780314140899 0.0016378234443254769 43
1780314140901 0.001590171553834807 44
1780314140903 0.0015661895627272315 45
1780314140906 0.0015226691277348437 46
1780314140908 0.0014674792112782597 47
1780314140910 0.0014142617196193897 48
1780314140912 0.0013668202953704166 49
1780314140914 0.0013156026539218146 50
1780314140916 0.0012945649448374752 51
1780314140918 0.0012717046332545578 52
1780314140920 0.0012468358618207276 53
1780314140923 0.0012250206811586395 54
1780314140925 0.0012027100830164271 55
1780314140927 0.001194705982779851 56
1780314140929 0.001152007390774088 57
1780314140931 0.0011560098637710325 58
1780314140934 0.001136660399788525 59
1780314140936 0.001098059359646868 60
1780314140938 0.00107002912540338 61
1780314140940 0.0010514702038199174 62
1780314140942 0.0010333512985380366 63
1780314140944 0.0010233938397141173 64
1780314140947 0.001037008639468695 65
1780314140949 0.001022393249804736 66
1780314140951 0.0009956890312605537 67
1780314140953 0.0009750018190970878 68
1780314140955 0.0009732627186895116 69
1780314140957 0.0009564119963761187 70
1780314140959 0.0009449637433135649 71
1780314140962 0.0009312541272811359 72
1780314140964 0.0009165555455547292 73
1780314140966 0.0009214800944027956 74
1780314140968 0.0009146231046906905 75
1780314140970 0.000897165915594087 76
1780314140972 0.0008899365226534428 77
1780314140974 0.0008787232376926113 78
1780314140976 0.0008686327313625952 79
1780314140978 0.0008645178104779916 80
1780314140981 0.0008572848941548728 81
1780314140983 0.0008757355816487689 82
1780314140985 0.0008336394790967461 83
1780314140987 0.000789487368092523 84
1780314140989 0.0007744404021650553 85
1780314140991 0.000767152857297333 86
1780314140993 0.0007610962446779013 87
1780314140995 0.0007581405096425442 88
1780314140998 0.000752280626402353 89
1780314141000 0.0007481710451247636 90
1780314141002 0.0007455461985227885 91
1780314141004 0.0007446601177798584 92
1780314141006 0.0007354163961281301 93
1780314141008 0.0007275902365654474 94
1780314141010 0.0007234230823814869 95
1780314141012 0.0007209867753408617 96
1780314141015 0.0007180129298649262 97
1780314141017 0.000715791783077293 98
1780314141019 0.0007135081799060572 99
1780314141021 0.0007117425378237386 100
1780314141023 0.0007100991567131131 101
1780314141025 0.000704523356325808 102
1780314141028 0.0007011538450024091 103
