1780314144056 0.14761661853641272 1
1780314144058 0.11103047341108323 2
1780314144061 0.08449481222778558 3
1780314144063 0.0653799295052886 4
1780314144065 0.05144799476489425 5
1780314144067 0.04139939114451408 6
1780314144069 0.03383983730338514 7
1780314144071 0.027976577607914804 8
1780314144074 0.023381825760006903 9
1780314144076 0.019765963032841682 10
1780314144078 0.016870278692804278 11
1780314144080 0.014542861604131757 12
1780314144082 0.012648788085207342 13
1780314144085 0.011087731081061066 14
1780314144087 0.009788358334917575 15
1780314144089 0.008722186041995882 16
1780314144091 0.007769760373048484 17
1780314144094 0.006980162728577852 18
1780314144096 0.006304034474305808 19
1780314144098 0.005724604588467627 20
1780314144100 0.005220744358375669 21
1780314144102 0.004807226113043726 22
1780314144104 0.004429151871008798 23
1780314144106 0.004086791140725837 24
1780314144109 0.0038080357119906695 25
1780314144111 0.0035625344957225026 26
1780314144113 0.0033340885571669786 27
1780314144115 0.003133612499223091 28
1780314144117 0.0029561949020717295 29
1780314144120 0.0027825970738194882 30
1780314144122 0.0026394538255408405 31
1780314144124 0.002500506627256982 32
1780314144126 0.0023760163417318836 33
1780314144128 0.0022752241807756945 34
1780314144130 0.002192646552575752 35
1780314144132 0.0021421878744149582 36
1780314144135 0.0020750807580770924 37
1780314144137 0.0019756798108574005 38
1780314144139 0.0018911009837756865 39
1780314144141 0.001832425835018512 40
1780314144143 0.0017762010090518743 41
1780314144145 0.0017252968199318276 42
1780314144148 0.0016822748954291456 43
1780314144150 0.0016655311948852614 44
1780314144152 0.0016187121713301168 45
1780314144154 0.0015886794877587817 46
1780314144156 0.0015496266826812643 47
1780314144158 0.0015184608810523059 48
1780314144160 0.0014853813935769723 49
1780314144163 0.00145329016901087 50
1780314144165 0.0014277178872725926 51
1780314144167 0.0014072349018533713 52
1780314144169 0.0013917339342879131 53
1780314144171 0.001380352447158657 54
1780314144173 0.0013736926113779191 55
1780314144175 0.0013578605678048917 56
1780314144178 0.0013372917639208027 57
1780314144180 0.001331393801374361 58
1780314144182 0.0013092950977443253 59
1780314144184 0.0012983997377159539 60
1780314144186 0.0012876502645667643 61
1780314144189 0.001268566016369732 62
1780314144191 0.0012462902296101674 63
1780314144193 0.001236396214735578 64
1780314144195 0.0012333369543921435 65
1780314144197 0.0012284803263901266 66
1780314144199 0.0012109682097070618 67
1780314144202 0.00121309787449718 68
1780314144204 0.0012133844244817738 69
1780314144206 0.001188070496355067 70
1780314144208 0.0011759141019138041 71
1780314144211 0.0011729830921831308 72
1780314144213 0.0011696227236825507 73
1780314144216 0.001180299898114754 74
1780314144218 0.0011771818944544066 75
1780314144220 0.0011646075050521175 76
1780314144223 0.0011575028098013717 77
1780314144225 0.0011539585748687386 78
1780314144227 0.0011311062859749655 79
1780314144230 0.0011188706062966957 80
1780314144232 0.0011165887043898693 81
1780314144234 0.0011135723376355599 82
1780314144237 0.0010946021095878677 83
1780314144239 0.0010730298164708075 84
1780314144241 0.0010637568679521792 85
1780314144244 0.001057919527447666 86
1780314144246 0.001053171063249465 87
1780314144248 0.0010491239724069602 88
1780314144251 0.0010460856430290733 89
1780314144253 0.0010444293289765482 90
1780314144256 0.0010416094565880484 91
1780314144258 0.0010344687323959078 92
1780314144260 0.0010302242908073822 93
