1784028082490 0.0 1
1784028082491 0.0 2
1784028082493 0.0 3
1784028082494 0.0 4
1784028082495 0.0 5
1784028082496 0.0 6
1784028082498 0.0 7
1784028082499 0.0 8
1784028082501 0.0 9
1784028082502 0.0 10
1784028082503 0.0 11
1784028082505 0.0 12
1784028082506 0.0 13
1784028082508 0.0 14
1784028082509 0.0 15
1784028082510 0.0 16
1784028082511 0.0 17
1784028082513 0.0 18
1784028082514 0.0 19
1784028082516 0.0 20
1784028082517 0.0 21
1784028082518 0.0 22
1784028082520 0.0 23
1784028082521 0.0 24
1784028082523 0.0 25
1784028082524 0.0 26
1784028082525 0.0 27
1784028082526 0.0 28
1784028082528 0.0 29
1784028082529 0.0 30
1784028082530 0.0 31
1784028082532 0.0 32
1784028082533 0.0 33
1784028082534 0.0 34
1784028082536 0.0 35
1784028082537 0.0 36
1784028082538 0.0 37
1784028082540 0.0 38
1784028082541 0.0 39
1784028082542 0.0 40
1784028082544 0.0 41
1784028082545 0.0 42
1784028082546 0.0 43
1784028082548 0.0 44
1784028082549 0.0 45
1784028082550 0.0 46
1784028082552 0.0 47
1784028082553 0.0 48
1784028082555 0.0 49
1784028082556 0.0 50
1784028082557 0.0 51
1784028082559 0.0 52
1784028082560 0.0 53
1784028082561 0.0 54
1784028082563 0.0 55
1784028082564 0.0 56
1784028082565 0.0 57
1784028082567 0.0 58
1784028082568 0.0 59
1784028082570 0.0 60
1784028082571 0.0 61
1784028082572 0.0 62
1784028082574 0.0 63
1784028082575 0.0 64
1784028082577 0.0 65
1784028082578 0.0 66
1784028082580 0.0 67
1784028082581 0.0 68
1784028082583 0.0 69
1784028082584 0.0 70
1784028082586 0.0 71
1784028082587 0.0 72
1784028082589 0.0 73
1784028082590 0.0 74
1784028082592 0.0 75
1784028082593 0.0 76
1784028082595 0.0 77
1784028082596 0.0 78
1784028082598 0.0 79
1784028082599 0.0 80
1784028082601 0.0 81
1784028082602 0.0 82
1784028082603 0.0 83
1784028082605 0.0 84
1784028082606 0.0 85
1784028082607 0.0 86
1784028082608 0.0 87
1784028082610 0.0 88
1784028082611 0.0 89
1784028082612 0.0 90
1784028082614 0.0 91
1784028082615 0.0 92
1784028082617 0.0 93
1784028082618 0.0 94
1784028082619 0.0 95
1784028082620 0.0 96
1784028082622 0.0 97
1784028082623 0.0 98
1784028082624 0.0 99
1784028082626 0.0 100
1784028082627 0.0 101
1784028082629 0.0 102
1784028082630 0.0 103
1784028082631 0.0 104
1784028082633 0.0 105
1784028082635 0.0 106
1784028082636 0.0 107
1784028082637 0.0 108
1784028082639 0.0 109
1784028082640 0.0 110
1784028082641 0.0 111
1784028082643 0.0 112
1784028082644 0.0 113
1784028082645 0.0 114
1784028082647 0.0 115
1784028082648 0.0 116
1784028082649 0.0 117
1784028082651 0.0 118
1784028082652 0.0 119
1784028082653 0.0 120
1784028082655 0.0 121
1784028082656 0.0 122
1784028082657 0.0 123
