1784028081958 0.023499457724683454 1
1784028081959 0.004043093545769807 2
1784028081961 0.0038733735829009673 3
1784028081963 0.0037103895188192837 4
1784028081964 0.0036625380683108235 5
1784028081966 0.0033236306873732245 6
1784028081967 0.0031096461998822633 7
1784028081969 0.0029421020729932935 8
1784028081970 0.003112484403391136 9
1784028081972 0.0026970596757018937 10
1784028081974 0.0025387322825554293 11
1784028081975 0.0026920285262167455 12
1784028081977 0.002511802220833488 13
1784028081978 0.002370791644207202 14
1784028081980 0.0023797273039235733 15
1784028081981 0.00235823645722121 16
1784028081983 0.002090190618764609 17
1784028081984 0.0022502855368657037 18
1784028081986 0.0021049846555979456 19
1784028081987 0.001991388068563538 20
1784028081989 0.0019638688808481675 21
1784028081991 0.0020551821767003276 22
1784028081992 0.0027876339155773165 23
1784028081994 0.0022785780046251604 24
1784028081995 0.00230258336654515 25
1784028081997 0.0021844492801756134 26
1784028081998 0.0021545723370218184 27
1784028082000 0.0020177751911978703 28
1784028082001 0.0020534722563752437 29
1784028082003 0.0020037830795627087 30
1784028082004 0.001931584690901218 31
1784028082006 0.001842655457003275 32
1784028082007 0.0018122899105946998 33
1784028082009 0.0019229425076628104 34
1784028082011 0.0018598465462855529 35
1784028082012 0.0018880342067859601 36
1784028082014 0.0019060150945733767 37
1784028082015 0.001828398270154139 38
1784028082017 0.0017208796796330716 39
1784028082018 0.0017650187594699673 40
1784028082020 0.001989978868077742 41
1784028082021 0.0018761717088636941 42
1784028082023 0.001968534217012348 43
1784028082024 0.001802025437937118 44
1784028082026 0.001845714080191101 45
1784028082027 0.001743659210478654 46
1784028082029 0.0017374373403436039 47
1784028082031 0.001826213567110244 48
1784028082032 0.0017113176108978223 49
1784028082034 0.0016364508112019394 50
1784028082035 0.0016253322902775836 51
1784028082037 0.0016450994854676536 52
1784028082038 0.0018642459980037528 53
1784028082040 0.001846762445056811 54
1784028082041 0.0017437788550159893 55
1784028082043 0.0017110894953657407 56
1784028082044 0.0016805282032873947 57
1784028082046 0.001503319752664538 58
1784028082047 0.0014982838461583014 59
1784028082049 0.0014731519982160535 60
1784028082050 0.0014568149803380948 61
1784028082052 0.0014412470794923139 62
1784028082054 0.0014391311626241077 63
1784028082055 0.001438837468303973 64
1784028082057 0.001452472615201259 65
1784028082058 0.0014637965642032213 66
1784028082060 0.0015102015814045444 67
1784028082061 0.0014675479804282076 68
1784028082063 0.0014328429687884637 69
1784028082064 0.0015257817531528417 70
1784028082066 0.0014607561386947054 71
1784028082067 0.0015132055059075356 72
1784028082069 0.0014813132108247374 73
1784028082070 0.0014094086359546054 74
1784028082072 0.0013778739068220603 75
1784028082074 0.0013815333164529874 76
1784028082075 0.0013672691810643301 77
1784028082077 0.0014286384200386238 78
1784028082078 0.0014330152956245 79
1784028082080 0.0014237830872298218 80
1784028082081 0.0014030612111673691 81
1784028082083 0.001392888709960971 82
1784028082084 0.0014106768387136981 83
1784028082086 0.0013684257739805617 84
1784028082087 0.001306155812490033 85
1784028082089 0.0012838645097508561 86
1784028082091 0.001273889518561191 87
1784028082092 0.0012689443299314007 88
1784028082094 0.001266793615068309 89
1784028082095 0.0012717842393612955 90
1784028082097 0.0012676509931043257 91
1784028082098 0.001277891895151697 92
1784028082100 0.0012736356728419195 93
1784028082101 0.00127242694463348 94
1784028082103 0.0012752554714097642 95
1784028082104 0.0012628484411834507 96
1784028082106 0.0012318135390523822 97
1784028082107 0.0012242762008827413 98
1784028082109 0.0012166920193703845 99
1784028082110 0.0012170818541198968 100
1784028082112 0.0012153959980059882 101
1784028082114 0.0012132826030574505 102
1784028082115 0.0012104426032601623 103
1784028082117 0.00120790208253311 104
1784028082118 0.0012085196208499837 105
1784028082120 0.0012058853804774116 106
1784028082121 0.0011951098348072264 107
1784028082123 0.0011895701374305646 108
1784028082124 0.0011867964655539254 109
1784028082126 0.001186190410371637 110
1784028082127 0.0011843557161046192 111
1784028082129 0.0011838348513265374 112
1784028082130 0.0011816954509413335 113
1784028082132 0.0011804015824600355 114
1784028082133 0.0011816396560607246 115
1784028082135 0.0011845848523807944 116
1784028082137 0.001180383571263519 117
1784028082138 0.0011723808815440862 118
1784028082140 0.001169883342590765 119
1784028082141 0.0011688233407039662 120
1784028082143 0.0011681030030013062 121
1784028082144 0.0011674033557210351 122
1784028082146 0.0011666910401254428 123
