1784028082319 0.0 1
1784028082320 0.0 2
1784028082321 0.0 3
1784028082323 0.0 4
1784028082324 0.0 5
1784028082325 0.0 6
1784028082327 0.0 7
1784028082328 0.0 8
1784028082330 0.0 9
1784028082331 0.0 10
1784028082333 0.0 11
1784028082334 0.0 12
1784028082336 0.0 13
1784028082338 0.0 14
1784028082339 0.0 15
1784028082341 0.0 16
1784028082342 0.0 17
1784028082344 0.0 18
1784028082345 0.0 19
1784028082347 0.0 20
1784028082348 0.0 21
1784028082350 0.0 22
1784028082351 0.0 23
1784028082353 0.0 24
1784028082354 0.0 25
1784028082356 0.0 26
1784028082358 0.0 27
1784028082359 0.0 28
1784028082360 0.0 29
1784028082362 0.0 30
1784028082363 0.0 31
1784028082365 0.0 32
1784028082366 0.0 33
1784028082368 0.0 34
1784028082369 0.0 35
1784028082370 0.0 36
1784028082372 0.0 37
1784028082373 0.0 38
1784028082374 0.0 39
1784028082376 0.0 40
1784028082377 0.0 41
1784028082379 0.0 42
1784028082380 0.0 43
1784028082381 0.0 44
1784028082383 0.0 45
1784028082384 0.0 46
1784028082385 0.0 47
1784028082387 0.0 48
1784028082388 0.0 49
1784028082389 0.0 50
1784028082390 0.0 51
1784028082392 0.0 52
1784028082393 0.0 53
1784028082395 0.0 54
1784028082396 0.0 55
1784028082398 0.0 56
1784028082399 0.0 57
1784028082400 0.0 58
1784028082402 0.0 59
1784028082403 0.0 60
1784028082404 0.0 61
1784028082405 0.0 62
1784028082407 0.0 63
1784028082408 0.0 64
1784028082410 0.0 65
1784028082411 0.0 66
1784028082413 0.0 67
1784028082414 0.0 68
1784028082415 0.0 69
1784028082416 0.0 70
1784028082418 0.0 71
1784028082419 0.0 72
1784028082420 0.0 73
1784028082422 0.0 74
1784028082423 0.0 75
1784028082424 0.0 76
1784028082426 0.0 77
1784028082427 0.0 78
1784028082428 0.0 79
1784028082430 0.0 80
1784028082431 0.0 81
1784028082432 0.0 82
1784028082434 0.0 83
1784028082435 0.0 84
1784028082436 0.0 85
1784028082438 0.0 86
1784028082439 0.0 87
1784028082441 0.0 88
1784028082442 0.0 89
1784028082444 0.0 90
1784028082445 0.0 91
1784028082446 0.0 92
1784028082448 0.0 93
1784028082449 0.0 94
1784028082450 0.0 95
1784028082452 0.0 96
1784028082453 0.0 97
1784028082454 0.0 98
1784028082456 0.0 99
1784028082457 0.0 100
1784028082459 0.0 101
1784028082460 0.0 102
1784028082461 0.0 103
1784028082463 0.0 104
1784028082464 0.0 105
1784028082465 0.0 106
1784028082466 0.0 107
1784028082468 0.0 108
1784028082469 0.0 109
1784028082470 0.0 110
1784028082472 0.0 111
1784028082473 0.0 112
1784028082475 0.0 113
1784028082476 0.0 114
1784028082477 0.0 115
1784028082479 0.0 116
1784028082480 0.0 117
1784028082482 0.0 118
1784028082483 0.0 119
1784028082484 0.0 120
1784028082486 0.0 121
1784028082487 0.0 122
1784028082488 0.0 123
