1782566270312 0.0 1
1782566270313 0.0 2
1782566270314 0.0 3
1782566270315 0.0 4
1782566270316 0.0 5
1782566270317 0.0 6
1782566270318 0.0 7
1782566270320 0.0 8
1782566270320 0.0 9
1782566270321 0.0 10
1782566270323 0.0 11
1782566270323 0.0 12
1782566270324 0.0 13
1782566270325 0.0 14
1782566270326 0.0 15
1782566270327 0.0 16
1782566270328 0.0 17
1782566270329 0.0 18
1782566270330 0.0 19
1782566270331 0.0 20
1782566270332 0.0 21
1782566270333 0.0 22
1782566270334 0.0 23
1782566270335 0.0 24
1782566270336 0.0 25
1782566270337 0.0 26
1782566270338 0.0 27
1782566270339 0.0 28
1782566270340 0.0 29
1782566270341 0.0 30
1782566270342 0.0 31
1782566270343 0.0 32
1782566270344 0.0 33
1782566270345 0.0 34
1782566270346 0.0 35
1782566270347 0.0 36
1782566270348 0.0 37
1782566270348 0.0 38
1782566270350 0.0 39
1782566270351 0.0 40
1782566270352 0.0 41
1782566270353 0.0 42
1782566270354 0.0 43
1782566270355 0.0 44
1782566270356 0.0 45
1782566270357 0.0 46
1782566270358 0.0 47
1782566270359 0.0 48
1782566270360 0.0 49
1782566270361 0.0 50
1782566270362 0.0 51
1782566270362 0.0 52
1782566270363 0.0 53
1782566270364 0.0 54
1782566270365 0.0 55
1782566270366 0.0 56
1782566270367 0.0 57
1782566270368 0.0 58
1782566270369 0.0 59
1782566270370 0.0 60
1782566270371 0.0 61
1782566270372 0.0 62
1782566270373 0.0 63
1782566270374 0.0 64
1782566270375 0.0 65
1782566270376 0.0 66
1782566270377 0.0 67
1782566270378 0.0 68
1782566270379 0.0 69
1782566270381 0.0 70
1782566270382 0.0 71
1782566270383 0.0 72
1782566270383 0.0 73
1782566270384 0.0 74
1782566270385 0.0 75
1782566270386 0.0 76
1782566270387 0.0 77
1782566270388 0.0 78
1782566270389 0.0 79
1782566270390 0.0 80
1782566270391 0.0 81
1782566270392 0.0 82
1782566270393 0.0 83
1782566270394 0.0 84
1782566270395 0.0 85
1782566270396 0.0 86
1782566270398 0.0 87
1782566270399 0.0 88
1782566270400 0.0 89
1782566270401 0.0 90
1782566270402 0.0 91
1782566270403 0.0 92
1782566270404 0.0 93
1782566270405 0.0 94
1782566270406 0.0 95
1782566270407 0.0 96
1782566270408 0.0 97
1782566270409 0.0 98
1782566270410 0.0 99
1782566270411 0.0 100
1782566270412 0.0 101
1782566270413 0.0 102
1782566270414 0.0 103
1782566270415 0.0 104
1782566270416 0.0 105
1782566270417 0.0 106
1782566270418 0.0 107
1782566270419 0.0 108
1782566270421 0.0 109
1782566270422 0.0 110
1782566270423 0.0 111
1782566270424 0.0 112
1782566270425 0.0 113
1782566270426 0.0 114
1782566270427 0.0 115
1782566270428 0.0 116
1782566270429 0.0 117
1782566270430 0.0 118
1782566270431 0.0 119
1782566270432 0.0 120
1782566270433 0.0 121
1782566270434 0.0 122
1782566270435 0.0 123
1782566270436 0.0 124
1782566270437 0.0 125
1782566270438 0.0 126
1782566270439 0.0 127
1782566270440 0.0 128
1782566270441 0.0 129
1782566270442 0.0 130
1782566270444 0.0 131
1782566270445 0.0 132
1782566270446 0.0 133
1782566270447 0.0 134
1782566270448 0.0 135
1782566270449 0.0 136
1782566270450 0.0 137
1782566270451 0.0 138
1782566270452 0.0 139
1782566270453 0.0 140
1782566270454 0.0 141
1782566270455 0.0 142
1782566270456 0.0 143
1782566270457 0.0 144
1782566270458 0.0 145
1782566270459 0.0 146
1782566270460 0.0 147
1782566270461 0.0 148
1782566270462 0.0 149
1782566270463 0.0 150
1782566270464 0.0 151
1782566270465 0.0 152
1782566270466 0.0 153
1782566270467 0.0 154
1782566270469 0.0 155
1782566270470 0.0 156
1782566270471 0.0 157
1782566270472 0.0 158
1782566270473 0.0 159
1782566270474 0.0 160
1782566270475 0.0 161
1782566270476 0.0 162
1782566270477 0.0 163
1782566270478 0.0 164
1782566270479 0.0 165
1782566270480 0.0 166
1782566270481 0.0 167
1782566270482 0.0 168
1782566270483 0.0 169
1782566270484 0.0 170
1782566270485 0.0 171
1782566270486 0.0 172
1782566270487 0.0 173
1782566270488 0.0 174
1782566270489 0.0 175
1782566270490 0.0 176
1782566270491 0.0 177
1782566270493 0.0 178
1782566270494 0.0 179
1782566270495 0.0 180
1782566270496 0.0 181
1782566270497 0.0 182
1782566270498 0.0 183
1782566270499 0.0 184
1782566270500 0.0 185
1782566270501 0.0 186
1782566270502 0.0 187
1782566270503 0.0 188
1782566270504 0.0 189
1782566270505 0.0 190
1782566270506 0.0 191
1782566270507 0.0 192
1782566270508 0.0 193
1782566270509 0.0 194
1782566270510 0.0 195
1782566270511 0.0 196
1782566270512 0.0 197
1782566270513 0.0 198
1782566270514 0.0 199
1782566270515 0.0 200
1782566270516 0.0 201
1782566270518 0.0 202
1782566270519 0.0 203
1782566270520 0.0 204
1782566270521 0.0 205
1782566270522 0.0 206
1782566270523 0.0 207
1782566270524 0.0 208
1782566270525 0.0 209
1782566270526 0.0 210
1782566270527 0.0 211
1782566270528 0.0 212
1782566270529 0.0 213
1782566270530 0.0 214
1782566270531 0.0 215
1782566270532 0.0 216
1782566270533 0.0 217
1782566270534 0.0 218
1782566270535 0.0 219
1782566270536 0.0 220
1782566270537 0.0 221
1782566270539 0.0 222
1782566270540 0.0 223
1782566270541 0.0 224
1782566270542 0.0 225
1782566270543 0.0 226
1782566270544 0.0 227
1782566270545 0.0 228
1782566270546 0.0 229
1782566270547 0.0 230
1782566270548 0.0 231
1782566270549 0.0 232
1782566270550 0.0 233
1782566270551 0.0 234
1782566270552 0.0 235
1782566270553 0.0 236
1782566270554 0.0 237
1782566270555 0.0 238
1782566270556 0.0 239
1782566270557 0.0 240
1782566270558 0.0 241
1782566270559 0.0 242
1782566270560 0.0 243
1782566270561 0.0 244
1782566270562 0.0 245
1782566270563 0.0 246
1782566270564 0.0 247
1782566270565 0.0 248
1782566270566 0.0 249
1782566270567 0.0 250
1782566270568 0.0 251
1782566270569 0.0 252
1782566270570 0.0 253
1782566270571 0.0 254
1782566270572 0.0 255
1782566270573 0.0 256
1782566270574 0.0 257
1782566270575 0.0 258
1782566270575 0.0 259
1782566270576 0.0 260
1782566270577 0.0 261
1782566270578 0.0 262
1782566270579 0.0 263
1782566270580 0.0 264
1782566270581 0.0 265
1782566270582 0.0 266
1782566270583 0.0 267
1782566270584 0.0 268
1782566270585 0.0 269
1782566270586 0.0 270
1782566270587 0.0 271
1782566270588 0.0 272
1782566270589 0.0 273
1782566270590 0.0 274
1782566270591 0.0 275
1782566270592 0.0 276
1782566270593 0.0 277
1782566270594 0.0 278
1782566270595 0.0 279
1782566270596 0.0 280
1782566270598 0.0 281
1782566270599 0.0 282
1782566270600 0.0 283
1782566270601 0.0 284
1782566270602 0.0 285
1782566270603 0.0 286
1782566270604 0.0 287
1782566270605 0.0 288
1782566270606 0.0 289
1782566270607 0.0 290
1782566270608 0.0 291
1782566270609 0.0 292
1782566270610 0.0 293
1782566270611 0.0 294
1782566270612 0.0 295
1782566270613 0.0 296
1782566270614 0.0 297
1782566270615 0.0 298
1782566270616 0.0 299
1782566270617 0.0 300
