1782566269694 0.0954804393579252 1
1782566269695 0.14773818257730453 2
1782566269696 0.13001769671682267 3
1782566269698 0.10093112814822235 4
1782566269699 0.1367180816992186 5
1782566269700 0.10313647222006693 6
1782566269701 0.08710714470304083 7
1782566269702 0.13571042296942323 8
1782566269703 0.07181871509703341 9
1782566269704 0.0793967674812302 10
1782566269705 0.11829631085274742 11
1782566269706 0.09592069334874395 12
1782566269707 0.10355752777424641 13
1782566269708 0.1150920857663732 14
1782566269709 0.16123567206435838 15
1782566269710 0.1217627619113773 16
1782566269711 0.12791356437373907 17
1782566269712 0.07000136275193654 18
1782566269713 0.030877556320047007 19
1782566269714 0.03340232048358303 20
1782566269715 0.016896191388368606 21
1782566269717 0.010843241410329938 22
1782566269718 0.01844851465546526 23
1782566269719 0.021364246479934082 24
1782566269720 0.03476992356561823 25
1782566269721 0.027414180183841383 26
1782566269722 0.025635612015612423 27
1782566269723 0.02847315402585082 28
1782566269724 0.03065882751485333 29
1782566269725 0.03035638104833197 30
1782566269726 0.014050690145522822 31
1782566269727 0.013974798655835912 32
1782566269728 0.013925256176444236 33
1782566269729 0.0057793526269961145 34
1782566269730 0.004280817420512903 35
1782566269731 0.003890398723015096 36
1782566269733 0.0033304173321812413 37
1782566269734 0.003972927176218946 38
1782566269735 0.006580723731894977 39
1782566269736 0.011155230400909204 40
1782566269737 0.020758854800951666 41
1782566269738 0.015727944135142023 42
1782566269739 0.012589215798361692 43
1782566269740 0.007028241460211575 44
1782566269741 0.00369899115874432 45
1782566269742 0.0026670121593633665 46
1782566269743 0.002528997049375903 47
1782566269744 0.002240108384285122 48
1782566269745 0.0021962959348456935 49
1782566269746 0.002206708496378269 50
1782566269747 0.002267096072610002 51
1782566269749 0.002099540445196908 52
1782566269750 0.0025951758428709583 53
1782566269751 0.003587488945631776 54
1782566269752 0.003811273792234715 55
1782566269753 0.006129072237235959 56
1782566269754 0.004245459296507761 57
1782566269755 0.002314403141353978 58
1782566269756 0.0019730750091548543 59
1782566269757 0.0018044297561573331 60
1782566269758 0.001750321581203025 61
1782566269759 0.001733034134376794 62
1782566269760 0.0016984284450882114 63
1782566269761 0.00176457698980812 64
1782566269762 0.0018037022011412774 65
1782566269763 0.001865459714026656 66
1782566269764 0.002005028317362303 67
1782566269765 0.002399096119479509 68
1782566269766 0.002240615076298127 69
1782566269767 0.0026341654993302654 70
1782566269768 0.002732724835368572 71
1782566269769 0.002620594185136724 72
1782566269770 0.0016354120460164267 73
1782566269771 0.0015723805932793765 74
1782566269772 0.0015470316432765684 75
1782566269773 0.0015227793627127539 76
1782566269774 0.0015081799477047752 77
1782566269775 0.0015077666797151323 78
1782566269777 0.0014952257461845874 79
1782566269778 0.0014865032075613272 80
1782566269779 0.0014800180854217615 81
1782566269780 0.0014880660078779328 82
1782566269781 0.001531828135048272 83
1782566269782 0.0015510597843967843 84
1782566269783 0.0015110024766181597 85
1782566269784 0.0015768749732524158 86
1782566269785 0.0018556865300342906 87
1782566269786 0.0017981472479004878 88
1782566269787 0.0015941401812597177 89
1782566269788 0.0015251397088286466 90
1782566269789 0.001510733406757936 91
1782566269790 0.0015598820104787592 92
1782566269791 0.0014959014840133023 93
1782566269792 0.001549536090606125 94
1782566269793 0.0019213563877565321 95
1782566269794 0.0015832153920200653 96
1782566269795 0.0015809760249976535 97
1782566269796 0.001491097356629325 98
1782566269798 0.0015343743877019734 99
1782566269799 0.001434379519050708 100
1782566269799 0.0013954714815190528 101
1782566269800 0.0013786721311043948 102
1782566269801 0.0013748118831426836 103
1782566269802 0.0013746617788274306 104
1782566269803 0.0013685089997306932 105
1782566269804 0.0013655225912225432 106
1782566269805 0.001362797438778216 107
1782566269807 0.0013593037101964 108
1782566269808 0.0013572204844967929 109
1782566269809 0.0013567393022822216 110
1782566269810 0.0013710874298703856 111
1782566269811 0.0013695889202062972 112
1782566269812 0.0013703548813646194 113
1782566269813 0.0013769997422059532 114
1782566269814 0.0013985970927751622 115
1782566269815 0.0013771213218569756 116
1782566269816 0.0013860253905295394 117
1782566269817 0.0013671512230939698 118
1782566269818 0.001345167554100044 119
1782566269819 0.0013300511419947726 120
1782566269820 0.0013260283738782163 121
1782566269821 0.0013231507810996844 122
1782566269822 0.0013214444454933982 123
1782566269823 0.0013209632082725874 124
1782566269824 0.0013194115902297199 125
1782566269825 0.0013162344893498813 126
1782566269826 0.0013158796326024457 127
1782566269827 0.0013144166645361111 128
1782566269828 0.0013143626645614858 129
1782566269829 0.0013190862331248353 130
1782566269830 0.0013173177157295868 131
1782566269831 0.0013204676494933665 132
1782566269833 0.0013111388009565416 133
1782566269834 0.0013128700490051416 134
1782566269835 0.0013101730350172148 135
1782566269836 0.0013048693306336645 136
1782566269837 0.0013039248432323803 137
1782566269838 0.001303238718683133 138
1782566269839 0.0013071393534482922 139
1782566269840 0.0013054814940551295 140
1782566269841 0.001300778504955815 141
1782566269842 0.0013007647098856978 142
1782566269843 0.0012989602897141594 143
1782566269844 0.0013021168456180021 144
1782566269845 0.0012975135109445546 145
1782566269846 0.0013155269745038821 146
1782566269847 0.0012987215738394298 147
1782566269849 0.0013018329261103646 148
1782566269850 0.0012938201303768436 149
1782566269851 0.0012872100033564492 150
1782566269852 0.0012892522478068712 151
1782566269853 0.0012879003732814453 152
1782566269854 0.0012842830906447489 153
1782566269855 0.0012824940105201675 154
1782566269856 0.0012835997648653575 155
1782566269857 0.001288678829005221 156
1782566269858 0.0012795060453936458 157
1782566269859 0.001282909056317294 158
1782566269860 0.0012819255694921593 159
1782566269861 0.0012790002807741986 160
1782566269862 0.0012795625753642525 161
1782566269863 0.0012958521717519034 162
1782566269864 0.0012898959616723005 163
1782566269865 0.001281578076595906 164
1782566269866 0.0012700461132044438 165
1782566269867 0.0012683715266757645 166
1782566269869 0.0012692078508553094 167
1782566269870 0.0012688885795068927 168
1782566269871 0.0012693909104564227 169
1782566269872 0.0012646579774445853 170
1782566269873 0.001263357090210775 171
1782566269874 0.0012691057064512278 172
1782566269875 0.0012740241040592082 173
1782566269876 0.0012710238478030077 174
1782566269877 0.0012660295140813104 175
1782566269878 0.0012608181840914768 176
1782566269879 0.0012597369569994044 177
1782566269880 0.0012577479452011175 178
1782566269881 0.001256284976407187 179
1782566269882 0.0012698634424305056 180
1782566269883 0.0012967929382284638 181
1782566269884 0.0012668534902331885 182
1782566269885 0.0012539936979010236 183
1782566269887 0.0012510560972441454 184
1782566269888 0.001259150398836937 185
1782566269889 0.0012482201964303385 186
1782566269890 0.001249988206109265 187
1782566269891 0.0012504650617484003 188
1782566269892 0.0012447456271911506 189
1782566269893 0.0012459555761597586 190
1782566269894 0.0012478910999197978 191
1782566269895 0.0012490055513626431 192
1782566269897 0.0012693532425328159 193
1782566269898 0.0012597280979389325 194
1782566269899 0.0012627179226547013 195
1782566269900 0.0012420439832203556 196
1782566269901 0.0012379802644136362 197
1782566269902 0.00123764437797945 198
1782566269903 0.0012359634316817393 199
1782566269904 0.0012364660459570588 200
1782566269905 0.0012356626614928245 201
1782566269906 0.0012348718840803484 202
1782566269907 0.0012368575599975883 203
1782566269908 0.0012390915212745312 204
1782566269909 0.0012484321391093545 205
1782566269910 0.0012381139368517324 206
1782566269911 0.001239110239839647 207
1782566269912 0.0012386197385785636 208
1782566269913 0.0012320379809534644 209
1782566269914 0.0012286214176856448 210
1782566269915 0.0012266652811376844 211
1782566269916 0.001225419885595329 212
1782566269917 0.0012280762603040785 213
1782566269918 0.0012256422892096453 214
1782566269919 0.0012337912108341697 215
1782566269920 0.001231749969156226 216
1782566269921 0.0012345690822985489 217
1782566269922 0.0012333427486009895 218
1782566269923 0.0012382142615388148 219
1782566269924 0.0012283825059421361 220
1782566269925 0.0012311208242317662 221
1782566269925 0.001225347435392905 222
1782566269926 0.0012180078284291084 223
1782566269928 0.0012191288081521633 224
1782566269929 0.0012180909591552336 225
1782566269929 0.0012174259762105066 226
1782566269930 0.0012144865588925313 227
1782566269931 0.0012137333433202002 228
1782566269932 0.0012137009949947243 229
1782566269933 0.0012159598966536578 230
1782566269934 0.0012366877250315155 231
1782566269935 0.001237118224526057 232
1782566269936 0.001226088663097471 233
1782566269937 0.0012185372271051164 234
1782566269938 0.0012120628780394327 235
1782566269939 0.001216017086262582 236
1782566269940 0.001209013956686249 237
1782566269941 0.0012051464285468682 238
1782566269942 0.001203769316780381 239
1782566269943 0.0012028924262267537 240
1782566269944 0.0012025551598344464 241
1782566269945 0.0012017772166291252 242
1782566269946 0.0012014919579087292 243
1782566269946 0.0012009061667777132 244
1782566269947 0.0012005219179263805 245
1782566269948 0.0012002532585756853 246
1782566269950 0.001199551213067025 247
1782566269951 0.0011990861757658422 248
1782566269952 0.0011986620495736133 249
1782566269952 0.0011995297377870883 250
1782566269953 0.0012032611590984744 251
1782566269954 0.0012017640528210905 252
1782566269955 0.0012003391592588742 253
1782566269956 0.0011993964955036062 254
1782566269957 0.0011964733903005254 255
1782566269958 0.0011958791660435964 256
1782566269959 0.001194974603567971 257
1782566269960 0.0011946402923786082 258
1782566269961 0.0011942092642129865 259
1782566269962 0.0011938373757584486 260
1782566269963 0.0011946471242117696 261
1782566269963 0.0011947539681568741 262
1782566269965 0.0011928011654526926 263
1782566269966 0.001192430057853926 264
1782566269967 0.0011924169350822922 265
1782566269968 0.001193090386223048 266
1782566269968 0.001193169697507983 267
1782566269970 0.0011959604432922788 268
1782566269971 0.0011923646448121872 269
1782566269972 0.0011926892166957258 270
1782566269972 0.0011924472593818792 271
1782566269973 0.001190913223545067 272
1782566269974 0.0011890937630960252 273
1782566269975 0.0011874560345313512 274
1782566269976 0.0011868205247446894 275
1782566269977 0.0011864485044497997 276
1782566269978 0.001186651632306166 277
1782566269979 0.001187340327887796 278
1782566269980 0.001185797624202678 279
1782566269981 0.0011850195504666773 280
1782566269982 0.0011860240099485963 281
1782566269983 0.001185201899643289 282
1782566269984 0.001186185062979348 283
1782566269985 0.0011853089394571726 284
1782566269986 0.0011869341989222447 285
1782566269987 0.0011841800359252376 286
1782566269988 0.001182424058642937 287
1782566269989 0.0011820718178933022 288
1782566269990 0.0011818269066861831 289
1782566269991 0.001181907231803052 290
1782566269992 0.001182392181653995 291
1782566269993 0.0011827053425076883 292
1782566269994 0.0011835297087964137 293
1782566269995 0.0011848114634631201 294
1782566269996 0.0011815406811365391 295
1782566269997 0.0011801054333045614 296
1782566269998 0.0011821277558919973 297
1782566269999 0.001180500549962744 298
1782566270000 0.0011776161767193115 299
1782566270001 0.001176921233854955 300
