1782566270618 0.0 1
1782566270619 0.0 2
1782566270621 0.0 3
1782566270622 0.0 4
1782566270623 0.0 5
1782566270624 0.0 6
1782566270625 0.0 7
1782566270626 0.0 8
1782566270627 0.0 9
1782566270628 0.0 10
1782566270629 0.0 11
1782566270630 0.0 12
1782566270631 0.0 13
1782566270632 0.0 14
1782566270633 0.0 15
1782566270634 0.0 16
1782566270635 0.0 17
1782566270636 0.0 18
1782566270637 0.0 19
1782566270637 0.0 20
1782566270638 0.0 21
1782566270639 0.0 22
1782566270640 0.0 23
1782566270641 0.0 24
1782566270642 0.0 25
1782566270643 0.0 26
1782566270644 0.0 27
1782566270645 0.0 28
1782566270646 0.0 29
1782566270647 0.0 30
1782566270648 0.0 31
1782566270649 0.0 32
1782566270650 0.0 33
1782566270651 0.0 34
1782566270653 0.0 35
1782566270654 0.0 36
1782566270655 0.0 37
1782566270656 0.0 38
1782566270657 0.0 39
1782566270658 0.0 40
1782566270659 0.0 41
1782566270660 0.0 42
1782566270661 0.0 43
1782566270662 0.0 44
1782566270663 0.0 45
1782566270664 0.0 46
1782566270665 0.0 47
1782566270666 0.0 48
1782566270667 0.0 49
1782566270668 0.0 50
1782566270669 0.0 51
1782566270670 0.0 52
1782566270671 0.0 53
1782566270672 0.0 54
1782566270674 0.0 55
1782566270675 0.0 56
1782566270676 0.0 57
1782566270677 0.0 58
1782566270678 0.0 59
1782566270679 0.0 60
1782566270680 0.0 61
1782566270681 0.0 62
1782566270682 0.0 63
1782566270683 0.0 64
1782566270684 0.0 65
1782566270685 0.0 66
1782566270686 0.0 67
1782566270687 0.0 68
1782566270688 0.0 69
1782566270689 0.0 70
1782566270690 0.0 71
1782566270691 0.0 72
1782566270692 0.0 73
1782566270693 0.0 74
1782566270694 0.0 75
1782566270695 0.0 76
1782566270697 0.0 77
1782566270698 0.0 78
1782566270699 0.0 79
1782566270700 0.0 80
1782566270701 0.0 81
1782566270702 0.0 82
1782566270703 0.0 83
1782566270704 0.0 84
1782566270705 0.0 85
1782566270706 0.0 86
1782566270707 0.0 87
1782566270708 0.0 88
1782566270709 0.0 89
1782566270710 0.0 90
1782566270711 0.0 91
1782566270712 0.0 92
1782566270713 0.0 93
1782566270714 0.0 94
1782566270715 0.0 95
1782566270716 0.0 96
1782566270717 0.0 97
1782566270718 0.0 98
1782566270719 0.0 99
1782566270720 0.0 100
1782566270722 0.0 101
1782566270723 0.0 102
1782566270724 0.0 103
1782566270725 0.0 104
1782566270726 0.0 105
1782566270727 0.0 106
1782566270728 0.0 107
1782566270729 0.0 108
1782566270730 0.0 109
1782566270731 0.0 110
1782566270732 0.0 111
1782566270733 0.0 112
1782566270734 0.0 113
1782566270735 0.0 114
1782566270735 0.0 115
1782566270736 0.0 116
1782566270737 0.0 117
1782566270738 0.0 118
1782566270739 0.0 119
1782566270741 0.0 120
1782566270742 0.0 121
1782566270743 0.0 122
1782566270744 0.0 123
1782566270745 0.0 124
1782566270746 0.0 125
1782566270747 0.0 126
1782566270748 0.0 127
1782566270749 0.0 128
1782566270750 0.0 129
1782566270751 0.0 130
1782566270752 0.0 131
1782566270753 0.0 132
1782566270754 0.0 133
1782566270755 0.0 134
1782566270756 0.0 135
1782566270757 0.0 136
1782566270758 0.0 137
1782566270759 0.0 138
1782566270760 0.0 139
1782566270761 0.0 140
1782566270762 0.0 141
1782566270763 0.0 142
1782566270765 0.0 143
1782566270766 0.0 144
1782566270767 0.0 145
1782566270768 0.0 146
1782566270769 0.0 147
1782566270770 0.0 148
1782566270771 0.0 149
1782566270772 0.0 150
1782566270773 0.0 151
1782566270774 0.0 152
1782566270775 0.0 153
1782566270776 0.0 154
1782566270777 0.0 155
1782566270778 0.0 156
1782566270779 0.0 157
1782566270780 0.0 158
1782566270781 0.0 159
1782566270782 0.0 160
1782566270783 0.0 161
1782566270784 0.0 162
1782566270785 0.0 163
1782566270786 0.0 164
1782566270787 0.0 165
1782566270788 0.0 166
1782566270789 0.0 167
1782566270790 0.0 168
1782566270791 0.0 169
1782566270792 0.0 170
1782566270794 0.0 171
1782566270795 0.0 172
1782566270796 0.0 173
1782566270797 0.0 174
1782566270798 0.0 175
1782566270799 0.0 176
1782566270800 0.0 177
1782566270801 0.0 178
1782566270802 0.0 179
1782566270803 0.0 180
1782566270804 0.0 181
1782566270805 0.0 182
1782566270806 0.0 183
1782566270807 0.0 184
1782566270808 0.0 185
1782566270809 0.0 186
1782566270810 0.0 187
1782566270811 0.0 188
1782566270812 0.0 189
1782566270813 0.0 190
1782566270814 0.0 191
1782566270815 0.0 192
1782566270816 0.0 193
1782566270817 0.0 194
1782566270818 0.0 195
1782566270820 0.0 196
1782566270821 0.0 197
1782566270822 0.0 198
1782566270823 0.0 199
1782566270824 0.0 200
1782566270825 0.0 201
1782566270826 0.0 202
1782566270827 0.0 203
1782566270828 0.0 204
1782566270829 0.0 205
1782566270830 0.0 206
1782566270831 0.0 207
1782566270832 0.0 208
1782566270833 0.0 209
1782566270834 0.0 210
1782566270835 0.0 211
1782566270836 0.0 212
1782566270838 0.0 213
1782566270839 0.0 214
1782566270840 0.0 215
1782566270841 0.0 216
1782566270842 0.0 217
1782566270843 0.0 218
1782566270844 0.0 219
1782566270845 0.0 220
1782566270846 0.0 221
1782566270847 0.0 222
1782566270848 0.0 223
1782566270849 0.0 224
1782566270850 0.0 225
1782566270851 0.0 226
1782566270852 0.0 227
1782566270853 0.0 228
1782566270854 0.0 229
1782566270855 0.0 230
1782566270856 0.0 231
1782566270857 0.0 232
1782566270858 0.0 233
1782566270859 0.0 234
1782566270860 0.0 235
1782566270861 0.0 236
1782566270862 0.0 237
1782566270863 0.0 238
1782566270864 0.0 239
1782566270864 0.0 240
1782566270865 0.0 241
1782566270866 0.0 242
1782566270867 0.0 243
1782566270868 0.0 244
1782566270869 0.0 245
1782566270870 0.0 246
1782566270871 0.0 247
1782566270872 0.0 248
1782566270874 0.0 249
1782566270874 0.0 250
1782566270875 0.0 251
1782566270876 0.0 252
1782566270877 0.0 253
1782566270878 0.0 254
1782566270879 0.0 255
1782566270881 0.0 256
1782566270882 0.0 257
1782566270883 0.0 258
1782566270884 0.0 259
1782566270885 0.0 260
1782566270886 0.0 261
1782566270887 0.0 262
1782566270888 0.0 263
1782566270889 0.0 264
1782566270890 0.0 265
1782566270891 0.0 266
1782566270892 0.0 267
1782566270893 0.0 268
1782566270894 0.0 269
1782566270895 0.0 270
1782566270896 0.0 271
1782566270897 0.0 272
1782566270898 0.0 273
1782566270899 0.0 274
1782566270900 0.0 275
1782566270901 0.0 276
1782566270902 0.0 277
1782566270904 0.0 278
1782566270905 0.0 279
1782566270906 0.0 280
1782566270907 0.0 281
1782566270908 0.0 282
1782566270909 0.0 283
1782566270910 0.0 284
1782566270911 0.0 285
1782566270912 0.0 286
1782566270913 0.0 287
1782566270914 0.0 288
1782566270915 0.0 289
1782566270916 0.0 290
1782566270917 0.0 291
1782566270918 0.0 292
1782566270919 0.0 293
1782566270920 0.0 294
1782566270921 0.0 295
1782566270922 0.0 296
1782566270923 0.0 297
1782566270924 0.0 298
1782566270925 0.0 299
1782566270926 0.0 300
