1782551591873 0.0 1
1782551591874 0.0 2
1782551591875 0.0 3
1782551591876 0.0 4
1782551591877 0.0 5
1782551591878 0.0 6
1782551591879 0.0 7
1782551591880 0.0 8
1782551591881 0.0 9
1782551591882 0.0 10
1782551591883 0.0 11
1782551591885 0.0 12
1782551591886 0.0 13
1782551591887 0.0 14
1782551591888 0.0 15
1782551591889 0.0 16
1782551591890 0.0 17
1782551591891 0.0 18
1782551591892 0.0 19
1782551591893 0.0 20
1782551591894 0.0 21
1782551591895 0.0 22
1782551591896 0.0 23
1782551591897 0.0 24
1782551591898 0.0 25
1782551591899 0.0 26
1782551591900 0.0 27
1782551591901 0.0 28
1782551591902 0.0 29
1782551591903 0.0 30
1782551591904 0.0 31
1782551591905 0.0 32
1782551591906 0.0 33
1782551591908 0.0 34
1782551591909 0.0 35
1782551591910 0.0 36
1782551591911 0.0 37
1782551591912 0.0 38
1782551591913 0.0 39
1782551591914 0.0 40
1782551591915 0.0 41
1782551591916 0.0 42
1782551591917 0.0 43
1782551591918 0.0 44
1782551591919 0.0 45
1782551591920 0.0 46
1782551591921 0.0 47
1782551591922 0.0 48
1782551591923 0.0 49
1782551591924 0.0 50
1782551591925 0.0 51
1782551591926 0.0 52
1782551591927 0.0 53
1782551591929 0.0 54
1782551591930 0.0 55
1782551591931 0.0 56
1782551591932 0.0 57
1782551591933 0.0 58
1782551591934 0.0 59
1782551591935 0.0 60
1782551591936 0.0 61
1782551591937 0.0 62
1782551591938 0.0 63
1782551591939 0.0 64
1782551591940 0.0 65
1782551591941 0.0 66
1782551591942 0.0 67
1782551591943 0.0 68
1782551591944 0.0 69
1782551591945 0.0 70
1782551591946 0.0 71
1782551591947 0.0 72
1782551591948 0.0 73
1782551591949 0.0 74
