1782551591717 0.15887257892638446 1
1782551591719 0.06659835934638977 2
1782551591720 0.03418290112167597 3
1782551591721 0.01739936136174947 4
1782551591722 0.010892335348762572 5
1782551591723 0.008053836598992347 6
1782551591724 0.006026775997597724 7
1782551591725 0.004912248324835673 8
1782551591726 0.004278247400652618 9
1782551591727 0.0038320980838034303 10
1782551591728 0.0034638590418035165 11
1782551591729 0.0031254281027941035 12
1782551591730 0.0027189971815096215 13
1782551591731 0.0024913766299141573 14
1782551591732 0.0023173926986055447 15
1782551591733 0.0022098661217023617 16
1782551591734 0.002071222662052605 17
1782551591735 0.001956143631541636 18
1782551591737 0.0018297690860345028 19
1782551591738 0.0017428960066172294 20
1782551591739 0.0016332115611294284 21
1782551591740 0.0016692901909118518 22
1782551591741 0.0015259478279040196 23
1782551591742 0.0015280637386604213 24
1782551591743 0.0014126720740750898 25
1782551591744 0.0014944137667771429 26
1782551591745 0.0014500725876132492 27
1782551591746 0.0013966758838796522 28
1782551591747 0.0013089760752336588 29
1782551591748 0.001203743161750026 30
1782551591749 0.0011250584249501117 31
1782551591750 0.001110149042942794 32
1782551591751 0.0011168274967349135 33
1782551591752 0.0012150237793684938 34
1782551591753 0.001202456008613808 35
1782551591754 0.0011782540117565078 36
1782551591755 0.0010715214197989553 37
1782551591756 0.0010053430999687407 38
1782551591758 0.0009678080922458321 39
1782551591759 0.0009542418482305948 40
1782551591760 0.0010628827649634331 41
1782551591761 0.0009937212526710936 42
1782551591762 0.0009504060987819685 43
1782551591763 0.0008824997661577072 44
1782551591764 0.0008989266592107015 45
1782551591765 0.0008245203459227923 46
1782551591766 0.0008306175001052907 47
1782551591767 0.0008478030528931413 48
1782551591768 0.0008986016989365453 49
1782551591769 0.0008748234165250324 50
1782551591770 0.0008687440819630865 51
1782551591771 0.0007700613830820657 52
1782551591772 0.0006750060793274315 53
1782551591773 0.0006431083036295604 54
1782551591774 0.000623391185872606 55
1782551591775 0.000610949407928274 56
1782551591776 0.0006005542865750613 57
1782551591777 0.0005896115218638442 58
1782551591779 0.0005744543825130677 59
1782551591780 0.0005647013902489561 60
1782551591781 0.000558408772922121 61
1782551591782 0.0005538435817288701 62
1782551591783 0.0005483013227785704 63
1782551591784 0.0005446622669842327 64
1782551591785 0.0005392623865191126 65
1782551591786 0.0005303864117740887 66
1782551591787 0.0005247719538601814 67
1782551591788 0.0005213414272293448 68
1782551591789 0.0005182626551686554 69
1782551591790 0.0005150904620677465 70
1782551591791 0.0005126067432865966 71
1782551591792 0.0005095778495524428 72
1782551591793 0.0005041039474599529 73
1782551591794 0.0005016307034748025 74
