1782551591950 0.0 1
1782551591951 0.0 2
1782551591953 0.0 3
1782551591954 0.0 4
1782551591955 0.0 5
1782551591955 0.0 6
1782551591956 0.0 7
1782551591957 0.0 8
1782551591958 0.0 9
1782551591959 0.0 10
1782551591960 0.0 11
1782551591961 0.0 12
1782551591963 0.0 13
1782551591964 0.0 14
1782551591965 0.0 15
1782551591966 0.0 16
1782551591967 0.0 17
1782551591968 0.0 18
1782551591969 0.0 19
1782551591970 0.0 20
1782551591971 0.0 21
1782551591972 0.0 22
1782551591972 0.0 23
1782551591973 0.0 24
1782551591974 0.0 25
1782551591975 0.0 26
1782551591976 0.0 27
1782551591977 0.0 28
1782551591978 0.0 29
1782551591979 0.0 30
1782551591980 0.0 31
1782551591981 0.0 32
1782551591982 0.0 33
1782551591983 0.0 34
1782551591984 0.0 35
1782551591985 0.0 36
1782551591986 0.0 37
1782551591987 0.0 38
1782551591988 0.0 39
1782551591989 0.0 40
1782551591990 0.0 41
1782551591991 0.0 42
1782551591992 0.0 43
1782551591992 0.0 44
1782551591994 0.0 45
1782551591995 0.0 46
1782551591996 0.0 47
1782551591996 0.0 48
1782551591997 0.0 49
1782551591998 0.0 50
1782551591999 0.0 51
1782551592000 0.0 52
1782551592001 0.0 53
1782551592002 0.0 54
1782551592003 0.0 55
1782551592004 0.0 56
1782551592005 0.0 57
1782551592006 0.0 58
1782551592007 0.0 59
1782551592008 0.0 60
1782551592009 0.0 61
1782551592010 0.0 62
1782551592011 0.0 63
1782551592012 0.0 64
1782551592013 0.0 65
1782551592014 0.0 66
1782551592015 0.0 67
1782551592016 0.0 68
1782551592017 0.0 69
1782551592018 0.0 70
1782551592019 0.0 71
1782551592020 0.0 72
1782551592021 0.0 73
1782551592022 0.0 74
