1780314196164 0.1179063306376338 1
1780314196167 0.08680409215390682 2
1780314196170 0.06695031378418208 3
1780314196172 0.0526772447116673 4
1780314196175 0.042058268841356036 5
1780314196178 0.03393071189522743 6
1780314196180 0.02774888204410672 7
1780314196182 0.02295308287255466 8
1780314196185 0.019167206431739033 9
1780314196187 0.01613851895555854 10
1780314196190 0.013730447250418365 11
1780314196192 0.011804645210504531 12
1780314196195 0.010216179676353932 13
1780314196197 0.008964364691637456 14
1780314196199 0.00793966868892312 15
1780314196202 0.007113294391892851 16
1780314196204 0.006385480633471161 17
1780314196206 0.005777854749467224 18
1780314196209 0.005275286408141256 19
1780314196211 0.004816846870817244 20
1780314196214 0.004435000936500728 21
1780314196216 0.004118982399813831 22
1780314196218 0.0038144487084355205 23
1780314196221 0.003558380512986332 24
1780314196223 0.003346221366664395 25
1780314196226 0.0031112880120053887 26
1780314196228 0.00291390442289412 27
1780314196231 0.002748272809549235 28
1780314196233 0.0026069888088386508 29
1780314196235 0.0024874800321413202 30
1780314196238 0.002370934762293473 31
1780314196240 0.0022692052816273645 32
1780314196243 0.0021444390388205645 33
1780314196245 0.002073091429192573 34
1780314196248 0.001997510954679456 35
1780314196250 0.0019247231681947597 36
1780314196252 0.0018788360437611118 37
1780314196255 0.0018438371564843692 38
1780314196257 0.0018133212500833905 39
1780314196259 0.0017727093122084626 40
1780314196262 0.0016737269554869272 41
1780314196264 0.0016262977229780518 42
1780314196267 0.0015704914601519704 43
1780314196269 0.0015206612148904242 44
1780314196271 0.0014884741792047863 45
1780314196274 0.0014774601081444416 46
1780314196276 0.0014727535792917479 47
1780314196279 0.0014618903868540657 48
1780314196281 0.001433144465845544 49
1780314196283 0.001398017911124043 50
1780314196286 0.001374417140323203 51
1780314196288 0.0013554620563809294 52
1780314196291 0.001359893368498888 53
1780314196293 0.0013502221286762505 54
1780314196296 0.0013063755455368664 55
1780314196298 0.0013132628417224623 56
1780314196301 0.001282910249719862 57
1780314196303 0.001248866536625428 58
1780314196305 0.0012242225321097066 59
1780314196308 0.0012165617755817949 60
1780314196310 0.001232088047254365 61
1780314196312 0.0012298496488074306 62
1780314196315 0.0012271944057283691 63
1780314196317 0.0012100144820578862 64
1780314196320 0.0012022110090765636 65
1780314196322 0.0012062791139032924 66
1780314196324 0.001185052757500671 67
1780314196327 0.0011650593174272216 68
1780314196329 0.0011498548617964843 69
1780314196331 0.0011333363722224022 70
1780314196334 0.0011226162620732794 71
1780314196336 0.0011186518259637523 72
1780314196339 0.0011152344696893123 73
1780314196341 0.0011211784574697958 74
1780314196343 0.0011387727506371448 75
1780314196346 0.001155784691873123 76
1780314196348 0.00114198381677852 77
1780314196350 0.0011204577504395274 78
1780314196353 0.0010932136765040923 79
1780314196355 0.0010812702142720808 80
1780314196358 0.0010704529360373272 81
1780314196360 0.0010679169162904146 82
1780314196362 0.001065957319442532 83
1780314196365 0.0010612959787249564 84
1780314196367 0.0010666690879588714 85
1780314196370 0.0010612831998878392 86
1780314196372 0.0010480457711673807 87
1780314196374 0.0010449425931437872 88
1780314196377 0.0010410736865742365 89
1780314196379 0.001044412374831154 90
1780314196382 0.0010545974263368408 91
1780314196384 0.001077718168598949 92
1780314196386 0.001053963017257047 93
1780314196389 0.0010385746196698166 94
1780314196391 0.0010273205982230138 95
1780314196393 0.001024103907548124 96
1780314196396 0.0010094660741015104 97
1780314196398 0.0010040788494370646 98
1780314196401 0.0009994530956464586 99
1780314196403 0.0010021072866220494 100
1780314196405 0.0010057802710798569 101
1780314196408 0.0009957100668543718 102
1780314196410 0.0009976119591010501 103
1780314196413 0.0009965940075198887 104
1780314196415 0.00099370605108561 105
1780314196417 0.0010033527320774738 106
1780314196420 0.0009932900470448658 107
1780314196422 0.000984675681538647 108
1780314196425 0.0009823464290093398 109
1780314196427 0.0009694211593159707 110
1780314196429 0.0009489018096792279 111
1780314196432 0.0009310247675966821 112
1780314196434 0.0009239838198845974 113
1780314196436 0.0009205988954636269 114
1780314196439 0.0009179500243044459 115
1780314196442 0.0009156686910137069 116
1780314196444 0.0009140783429393195 117
1780314196447 0.0009120886862001498 118
1780314196449 0.0009115627578285057 119
1780314196452 0.0009082614329599892 120
1780314196455 0.0009042686818429502 121
