1780314190301 0.24216738671064378 1
1780314190303 0.19225782342255116 2
1780314190306 0.15658490426838398 3
1780314190308 0.12782914638519288 4
1780314190310 0.10448693130165339 5
1780314190313 0.08473962262272834 6
1780314190315 0.06886526944115758 7
1780314190317 0.056716480664908885 8
1780314190320 0.047433013394474983 9
1780314190322 0.040181082729250195 10
1780314190325 0.03432685323990881 11
1780314190327 0.029581351540982723 12
1780314190329 0.025675362823531032 13
1780314190332 0.022379201306030154 14
1780314190334 0.019582025604322553 15
1780314190336 0.017173766372725368 16
1780314190339 0.01504477352835238 17
1780314190341 0.013184536853805185 18
1780314190343 0.011568770008161665 19
1780314190346 0.010190578585024923 20
1780314190348 0.009028467116877437 21
1780314190350 0.008040109490975738 22
1780314190353 0.0072148946113884446 23
1780314190355 0.006474285603035241 24
1780314190358 0.005848621802870184 25
1780314190360 0.005313730575144291 26
1780314190362 0.00486367084318772 27
1780314190365 0.004464644608087837 28
1780314190367 0.004091066271066666 29
1780314190369 0.003752882544649765 30
1780314190372 0.0034838946571107954 31
1780314190374 0.0032294900447595865 32
1780314190376 0.0029979803145397453 33
1780314190379 0.0028186080243904144 34
1780314190381 0.0026197295915335417 35
1780314190383 0.0024639152479358018 36
1780314190386 0.0023203123779967426 37
1780314190388 0.0021786611375864597 38
1780314190391 0.002061051116907038 39
1780314190393 0.0019607213384006173 40
1780314190395 0.0018619725783355534 41
1780314190398 0.0017642687115585432 42
1780314190400 0.0017065177054610104 43
1780314190402 0.0016570310952374711 44
1780314190405 0.0016153704759199173 45
1780314190407 0.001570043621759396 46
1780314190409 0.0015318806361756287 47
1780314190412 0.0014930007903603837 48
1780314190414 0.0014528593319118955 49
1780314190416 0.001418996339198202 50
1780314190419 0.0013779968998278492 51
1780314190421 0.0013545048178639262 52
1780314190423 0.0013352721303817815 53
1780314190426 0.0013157749566016718 54
1780314190428 0.0012973200134001673 55
1780314190430 0.0012773605016991496 56
1780314190433 0.001257726572221145 57
1780314190435 0.0012416473354096525 58
1780314190438 0.0012224004705785774 59
1780314190440 0.001201927897927817 60
1780314190442 0.0011931998684303834 61
1780314190445 0.0011824452906148508 62
1780314190447 0.0011718902466236615 63
1780314190449 0.0011619311006506904 64
1780314190452 0.0011531588804791681 65
1780314190454 0.0011434627609560265 66
1780314190456 0.0011321419253363274 67
1780314190459 0.001122800079319859 68
1780314190461 0.0011135087386355735 69
1780314190464 0.0011076078217593021 70
1780314190466 0.0011035157421429177 71
1780314190468 0.0010987492901040241 72
