1784115351879 0.0 1
1784115351881 0.0 2
1784115351882 0.0 3
1784115351884 0.0 4
1784115351885 0.0 5
1784115351887 0.0 6
1784115351888 0.0 7
1784115351890 0.0 8
1784115351891 0.0 9
1784115351892 0.0 10
1784115351893 0.0 11
1784115351895 0.0 12
1784115351896 0.0 13
1784115351897 0.0 14
1784115351899 0.0 15
1784115351900 0.0 16
1784115351902 0.0 17
1784115351903 0.0 18
1784115351905 0.0 19
1784115351906 0.0 20
1784115351907 0.0 21
1784115351909 0.0 22
1784115351910 0.0 23
1784115351911 0.0 24
1784115351913 0.0 25
1784115351914 0.0 26
1784115351915 0.0 27
1784115351917 0.0 28
1784115351918 0.0 29
1784115351920 0.0 30
1784115351921 0.0 31
1784115351923 0.0 32
1784115351924 0.0 33
1784115351925 0.0 34
1784115351927 0.0 35
1784115351928 0.0 36
1784115351929 0.0 37
1784115351931 0.0 38
1784115351932 0.0 39
1784115351934 0.0 40
1784115351935 0.0 41
1784115351936 0.0 42
1784115351938 0.0 43
1784115351939 0.0 44
1784115351940 0.0 45
1784115351942 0.0 46
1784115351943 0.0 47
1784115351945 0.0 48
1784115351946 0.0 49
1784115351947 0.0 50
1784115351949 0.0 51
1784115351950 0.0 52
1784115351952 0.0 53
1784115351953 0.0 54
1784115351955 0.0 55
1784115351956 0.0 56
1784115351958 0.0 57
1784115351959 0.0 58
1784115351961 0.0 59
1784115351962 0.0 60
1784115351963 0.0 61
1784115351965 0.0 62
1784115351966 0.0 63
1784115351968 0.0 64
1784115351969 0.0 65
1784115351971 0.0 66
1784115351973 0.0 67
1784115351974 0.0 68
1784115351976 0.0 69
1784115351977 0.0 70
1784115351979 0.0 71
