1784115351658 0.024998760845628566 1
1784115351660 0.0038198731586453504 2
1784115351662 0.0033902262066840194 3
1784115351663 0.003138922319340054 4
1784115351665 0.0026530525893031153 5
1784115351666 0.0029817491269204764 6
1784115351668 0.003003380538430065 7
1784115351670 0.0025852641253732143 8
1784115351671 0.0022410383241367525 9
1784115351673 0.0021954816179641057 10
1784115351674 0.0020819594636850526 11
1784115351676 0.001938023180264281 12
1784115351678 0.0019427744802669622 13
1784115351679 0.0018239933424047195 14
1784115351681 0.0017581322000478393 15
1784115351682 0.0018253301856748295 16
1784115351684 0.0017937225692730863 17
1784115351685 0.001853579958260525 18
1784115351687 0.00179766389017459 19
1784115351689 0.001616059854568448 20
1784115351690 0.0015698477944533806 21
1784115351692 0.0015636492951307446 22
1784115351693 0.0018218566422001459 23
1784115351695 0.0015787586879741867 24
1784115351696 0.0016038163743360202 25
1784115351698 0.0014899299027456437 26
1784115351700 0.0013239928888651776 27
1784115351701 0.001269906469460693 28
1784115351703 0.0012345579239627113 29
1784115351704 0.0012163480324670671 30
1784115351706 0.0011902567370270845 31
1784115351707 0.0012166144710499794 32
1784115351709 0.0012133910811098758 33
1784115351711 0.0012125182065938133 34
1784115351712 0.0011929225709900492 35
1784115351714 0.0011577418981323718 36
1784115351715 0.0011337934781477088 37
1784115351717 0.0011927053151885047 38
1784115351718 0.0011968872623401693 39
1784115351720 0.001145500595375779 40
1784115351722 0.0011368810053681954 41
1784115351723 0.0010901434880361193 42
1784115351725 0.0011037125230359379 43
1784115351726 0.0010753615095018176 44
1784115351728 0.001137303807408898 45
1784115351729 0.0011059367087000282 46
1784115351731 0.001035416702652583 47
1784115351733 0.0009508050616568653 48
1784115351734 0.0009322123494348489 49
1784115351736 0.0009156193947274005 50
1784115351737 0.0009016274511668598 51
1784115351739 0.0008926355274161324 52
1784115351740 0.0008839402372541372 53
1784115351742 0.000885980754319462 54
1784115351743 0.0008815852682892 55
1784115351745 0.0008877013377059483 56
1784115351747 0.0008540677869314095 57
1784115351748 0.0008272763802233385 58
1784115351750 0.0008172559104423271 59
1784115351751 0.0008094355930370512 60
1784115351753 0.0008029256949521369 61
1784115351754 0.0007906522529810899 62
1784115351756 0.000785897326641134 63
1784115351758 0.000782760869115009 64
1784115351759 0.0007789756332931574 65
1784115351761 0.0007755980951333186 66
1784115351762 0.0007684446963685332 67
1784115351764 0.0007663454268185887 68
1784115351765 0.0007646520791604417 69
1784115351767 0.0007626143482775661 70
1784115351768 0.000760975260345731 71
