1784115351980 0.0 1
1784115351982 0.0 2
1784115351984 0.0 3
1784115351985 0.0 4
1784115351987 0.0 5
1784115351988 0.0 6
1784115351990 0.0 7
1784115351991 0.0 8
1784115351993 0.0 9
1784115351995 0.0 10
1784115351996 0.0 11
1784115351998 0.0 12
1784115351999 0.0 13
1784115352001 0.0 14
1784115352002 0.0 15
1784115352004 0.0 16
1784115352006 0.0 17
1784115352007 0.0 18
1784115352009 0.0 19
1784115352010 0.0 20
1784115352012 0.0 21
1784115352013 0.0 22
1784115352015 0.0 23
1784115352016 0.0 24
1784115352018 0.0 25
1784115352020 0.0 26
1784115352021 0.0 27
1784115352023 0.0 28
1784115352024 0.0 29
1784115352026 0.0 30
1784115352027 0.0 31
1784115352029 0.0 32
1784115352030 0.0 33
1784115352032 0.0 34
1784115352033 0.0 35
1784115352035 0.0 36
1784115352036 0.0 37
1784115352038 0.0 38
1784115352039 0.0 39
1784115352041 0.0 40
1784115352042 0.0 41
1784115352044 0.0 42
1784115352045 0.0 43
1784115352047 0.0 44
1784115352048 0.0 45
1784115352050 0.0 46
1784115352051 0.0 47
1784115352052 0.0 48
1784115352054 0.0 49
1784115352055 0.0 50
1784115352057 0.0 51
1784115352058 0.0 52
1784115352059 0.0 53
1784115352061 0.0 54
1784115352063 0.0 55
1784115352064 0.0 56
1784115352065 0.0 57
1784115352066 0.0 58
1784115352068 0.0 59
1784115352069 0.0 60
1784115352070 0.0 61
1784115352072 0.0 62
1784115352073 0.0 63
1784115352074 0.0 64
1784115352076 0.0 65
1784115352077 0.0 66
1784115352079 0.0 67
1784115352080 0.0 68
1784115352081 0.0 69
1784115352083 0.0 70
1784115352084 0.0 71
