1783894652157 0.025541932807536794 1
1783894652159 0.0037898934073746205 2
1783894652160 0.003616279513807967 3
1783894652161 0.003212243927700911 4
1783894652162 0.003218080226506572 5
1783894652163 0.0028868575373780913 6
1783894652165 0.002947180648770882 7
1783894652166 0.002744606407941319 8
1783894652167 0.0028008354609482923 9
1783894652168 0.0025755720259621737 10
1783894652169 0.0024134237892576493 11
1783894652171 0.002272793815791374 12
1783894652172 0.0020574456453323364 13
1783894652173 0.0024000716287991965 14
1783894652174 0.001985393824870698 15
1783894652175 0.0019439059398428072 16
1783894652177 0.0018112623564957176 17
1783894652178 0.0017875930036825593 18
1783894652179 0.0018336168985115364 19
1783894652180 0.0017010406342160423 20
1783894652181 0.0019055853587633465 21
1783894652182 0.0016969283437356353 22
1783894652184 0.0016206833399337484 23
1783894652185 0.0017335184967669193 24
1783894652186 0.0016299571248237043 25
1783894652187 0.0015023378827027046 26
1783894652188 0.0014712501788744703 27
1783894652190 0.0015531443383952138 28
1783894652191 0.0015708848854410463 29
1783894652192 0.0013932429923443125 30
1783894652193 0.0013960605346801458 31
1783894652194 0.0014249688680138205 32
1783894652196 0.0015015476335247513 33
1783894652197 0.0015801572568307164 34
1783894652198 0.0014753164113790263 35
1783894652199 0.0013405347865773365 36
1783894652200 0.0013351486533065325 37
1783894652202 0.0012516697766113793 38
1783894652203 0.0012492335047863889 39
1783894652204 0.0012635231981403194 40
1783894652205 0.0011570984977151966 41
1783894652206 0.0013473971441271715 42
1783894652207 0.0012685576433432288 43
1783894652209 0.0012381119892233984 44
1783894652210 0.0012715888654929585 45
1783894652211 0.0015038547514996026 46
1783894652212 0.0015093218204856385 47
1783894652213 0.0012516602240793873 48
1783894652214 0.0010747752971656155 49
1783894652216 0.0010471667574893217 50
1783894652217 0.0010623150044557406 51
1783894652218 0.0009951054573321017 52
1783894652219 0.0009295919907890493 53
1783894652220 0.0008826713401504094 54
1783894652221 0.0008645112949307077 55
1783894652223 0.0008473977256653598 56
1783894652224 0.0008432511715363944 57
1783894652225 0.000842299954383634 58
1783894652226 0.0008503596520313295 59
1783894652227 0.0008629102471604711 60
1783894652229 0.0009461507643572986 61
1783894652230 0.0008727539570827503 62
1783894652231 0.00082543409182108 63
1783894652232 0.0008313905862451065 64
1783894652233 0.0008143117835425073 65
1783894652234 0.0008000153948523802 66
1783894652236 0.0007569940601388225 67
1783894652237 0.0007778098089329433 68
1783894652238 0.00082060813147109 69
1783894652239 0.0007737006919342094 70
1783894652240 0.0007527019241388189 71
1783894652241 0.0007312055044167209 72
1783894652243 0.0007168586237094132 73
1783894652244 0.0007054833175789099 74
1783894652245 0.0007352169543446507 75
1783894652246 0.0006677416855382035 76
1783894652247 0.0006290313751378563 77
1783894652248 0.0006170025556639303 78
1783894652250 0.0006107743185566506 79
1783894652251 0.0006010526837053476 80
1783894652252 0.0005981258298561442 81
1783894652253 0.0005906907826283713 82
1783894652254 0.0005905881798389601 83
1783894652255 0.0005959528950188541 84
1783894652257 0.0005951951390306931 85
1783894652258 0.0005800508632091805 86
1783894652259 0.0005538560681452509 87
1783894652260 0.0005472250521415845 88
1783894652262 0.0005429898624424822 89
1783894652263 0.0005395306096761487 90
1783894652264 0.0005368237759830663 91
1783894652265 0.0005338366766227409 92
1783894652266 0.0005301511341531296 93
1783894652267 0.0005292124867264647 94
1783894652269 0.0005273069894610672 95
1783894652270 0.0005184606589318718 96
1783894652271 0.0005125399635289796 97
1783894652272 0.00051063877013803 98
1783894652273 0.0005084615119994851 99
1783894652275 0.0005067184578365413 100
1783894652276 0.0005049739612150006 101
1783894652277 0.0005030448506295215 102
1783894652278 0.0005013970229629194 103
1783894652279 0.0004998661718855147 104
1783894652280 0.0004979331934009679 105
1783894652282 0.0004934859267814318 106
1783894652283 0.0004917953183758072 107
1783894652284 0.0004908550890831975 108
1783894652285 0.0004898656041768845 109
1783894652286 0.0004889242271747207 110
