1783894652417 0.0 1
1783894652418 0.0 2
1783894652419 0.0 3
1783894652420 0.0 4
1783894652422 0.0 5
1783894652423 0.0 6
1783894652424 0.0 7
1783894652425 0.0 8
1783894652426 0.0 9
1783894652427 0.0 10
1783894652429 0.0 11
1783894652430 0.0 12
1783894652431 0.0 13
1783894652432 0.0 14
1783894652433 0.0 15
1783894652434 0.0 16
1783894652436 0.0 17
1783894652437 0.0 18
1783894652438 0.0 19
1783894652439 0.0 20
1783894652440 0.0 21
1783894652441 0.0 22
1783894652443 0.0 23
1783894652444 0.0 24
1783894652445 0.0 25
1783894652446 0.0 26
1783894652447 0.0 27
1783894652448 0.0 28
1783894652450 0.0 29
1783894652451 0.0 30
1783894652452 0.0 31
1783894652453 0.0 32
1783894652454 0.0 33
1783894652455 0.0 34
1783894652457 0.0 35
1783894652458 0.0 36
1783894652459 0.0 37
1783894652460 0.0 38
1783894652462 0.0 39
1783894652463 0.0 40
1783894652464 0.0 41
1783894652465 0.0 42
1783894652466 0.0 43
1783894652467 0.0 44
1783894652469 0.0 45
1783894652470 0.0 46
1783894652471 0.0 47
1783894652472 0.0 48
1783894652473 0.0 49
1783894652474 0.0 50
1783894652476 0.0 51
1783894652477 0.0 52
1783894652478 0.0 53
1783894652479 0.0 54
1783894652480 0.0 55
1783894652482 0.0 56
1783894652483 0.0 57
1783894652484 0.0 58
1783894652485 0.0 59
1783894652486 0.0 60
1783894652487 0.0 61
1783894652489 0.0 62
1783894652490 0.0 63
1783894652491 0.0 64
1783894652492 0.0 65
1783894652493 0.0 66
1783894652494 0.0 67
1783894652496 0.0 68
1783894652497 0.0 69
1783894652498 0.0 70
1783894652499 0.0 71
1783894652500 0.0 72
1783894652501 0.0 73
1783894652503 0.0 74
1783894652504 0.0 75
1783894652505 0.0 76
1783894652506 0.0 77
1783894652507 0.0 78
1783894652508 0.0 79
1783894652510 0.0 80
1783894652511 0.0 81
1783894652512 0.0 82
1783894652513 0.0 83
1783894652514 0.0 84
1783894652515 0.0 85
1783894652517 0.0 86
1783894652518 0.0 87
1783894652519 0.0 88
1783894652520 0.0 89
1783894652522 0.0 90
1783894652523 0.0 91
1783894652524 0.0 92
1783894652525 0.0 93
1783894652526 0.0 94
1783894652527 0.0 95
1783894652529 0.0 96
1783894652530 0.0 97
1783894652531 0.0 98
1783894652532 0.0 99
1783894652533 0.0 100
1783894652534 0.0 101
1783894652536 0.0 102
1783894652537 0.0 103
1783894652538 0.0 104
1783894652539 0.0 105
1783894652540 0.0 106
1783894652541 0.0 107
1783894652543 0.0 108
1783894652544 0.0 109
1783894652545 0.0 110
