1785265904556 0.0 1
1785265904557 0.0 2
1785265904558 0.0 3
1785265904560 0.0 4
1785265904561 0.0 5
1785265904562 0.0 6
1785265904564 0.0 7
1785265904565 0.0 8
1785265904566 0.0 9
1785265904567 0.0 10
1785265904569 0.0 11
1785265904570 0.0 12
1785265904571 0.0 13
1785265904572 0.0 14
1785265904574 0.0 15
1785265904575 0.0 16
1785265904576 0.0 17
1785265904577 0.0 18
1785265904579 0.0 19
1785265904580 0.0 20
1785265904581 0.0 21
1785265904583 0.0 22
1785265904584 0.0 23
1785265904585 0.0 24
1785265904586 0.0 25
1785265904588 0.0 26
1785265904589 0.0 27
1785265904590 0.0 28
1785265904592 0.0 29
1785265904593 0.0 30
1785265904594 0.0 31
1785265904595 0.0 32
1785265904597 0.0 33
1785265904598 0.0 34
1785265904599 0.0 35
1785265904600 0.0 36
1785265904602 0.0 37
1785265904603 0.0 38
1785265904604 0.0 39
1785265904605 0.0 40
1785265904607 0.0 41
1785265904608 0.0 42
1785265904609 0.0 43
1785265904611 0.0 44
1785265904612 0.0 45
1785265904613 0.0 46
1785265904614 0.0 47
1785265904616 0.0 48
1785265904617 0.0 49
1785265904618 0.0 50
1785265904619 0.0 51
1785265904621 0.0 52
1785265904622 0.0 53
1785265904624 0.0 54
1785265904626 0.0 55
1785265904627 0.0 56
1785265904628 0.0 57
1785265904630 0.0 58
1785265904631 0.0 59
