1785265904404 0.0810666582128033 1
1785265904406 0.009219318655086682 2
1785265904407 0.0049925678235013034 3
1785265904408 0.0038633998634759335 4
1785265904409 0.003563234567991458 5
1785265904411 0.0029182440921431407 6
1785265904413 0.002654374203411862 7
1785265904414 0.0023922492342535405 8
1785265904415 0.002247475390031468 9
1785265904417 0.0021255143282178325 10
1785265904418 0.0020307257454260253 11
1785265904419 0.0020022862883342894 12
1785265904421 0.0019445453108346555 13
1785265904422 0.0019494139426387846 14
1785265904423 0.001935012433823431 15
1785265904424 0.001847783459816128 16
1785265904426 0.0017978550757106859 17
1785265904427 0.0016618893812119495 18
1785265904428 0.0015856651487411 19
1785265904429 0.0015507516798970754 20
1785265904431 0.0015306815999792888 21
1785265904432 0.0015061793306085747 22
1785265904433 0.0015035517823707779 23
1785265904435 0.0014907348724955227 24
1785265904436 0.0014304151678516063 25
1785265904437 0.0014040393073082669 26
1785265904438 0.0013889261869189796 27
1785265904440 0.0013761041226098313 28
1785265904441 0.0013621169167890913 29
1785265904442 0.0013506403104838682 30
1785265904444 0.0013392834463593318 31
1785265904445 0.0013325085664837389 32
1785265904446 0.0013263674364134203 33
1785265904447 0.0013303179304784863 34
1785265904449 0.001332056682658731 35
1785265904450 0.0013109844307473396 36
1785265904451 0.001301478772656992 37
1785265904453 0.0012986849198205164 38
1785265904454 0.001284697089504334 39
1785265904455 0.001262482572128647 40
1785265904456 0.0012525711282796693 41
1785265904458 0.001244545896697673 42
1785265904459 0.0012399218011705671 43
1785265904460 0.0012282436830719234 44
1785265904462 0.0012132942086464026 45
1785265904463 0.0011956211188953604 46
1785265904464 0.0011851862369076115 47
1785265904466 0.0011787110097066034 48
1785265904467 0.0011739018688240322 49
1785265904468 0.0011653736692096572 50
1785265904469 0.0011621273825585376 51
1785265904471 0.001159620845428435 52
1785265904472 0.0011570043378014816 53
1785265904473 0.0011541412346559809 54
1785265904474 0.0011498386855237186 55
1785265904476 0.0011481170008482877 56
1785265904477 0.0011465562617377146 57
1785265904478 0.0011450497135228944 58
1785265904480 0.0011436271951242817 59
