1785265904632 0.0 1
1785265904633 0.0 2
1785265904635 0.0 3
1785265904636 0.0 4
1785265904637 0.0 5
1785265904639 0.0 6
1785265904640 0.0 7
1785265904641 0.0 8
1785265904642 0.0 9
1785265904644 0.0 10
1785265904645 0.0 11
1785265904646 0.0 12
1785265904647 0.0 13
1785265904649 0.0 14
1785265904650 0.0 15
1785265904651 0.0 16
1785265904652 0.0 17
1785265904654 0.0 18
1785265904655 0.0 19
1785265904656 0.0 20
1785265904657 0.0 21
1785265904659 0.0 22
1785265904661 0.0 23
1785265904662 0.0 24
1785265904664 0.0 25
1785265904665 0.0 26
1785265904666 0.0 27
1785265904667 0.0 28
1785265904669 0.0 29
1785265904670 0.0 30
1785265904671 0.0 31
1785265904673 0.0 32
1785265904674 0.0 33
1785265904675 0.0 34
1785265904676 0.0 35
1785265904678 0.0 36
1785265904679 0.0 37
1785265904680 0.0 38
1785265904681 0.0 39
1785265904683 0.0 40
1785265904684 0.0 41
1785265904685 0.0 42
1785265904686 0.0 43
1785265904688 0.0 44
1785265904689 0.0 45
1785265904690 0.0 46
1785265904691 0.0 47
1785265904693 0.0 48
1785265904694 0.0 49
1785265904695 0.0 50
1785265904697 0.0 51
1785265904698 0.0 52
1785265904699 0.0 53
1785265904700 0.0 54
1785265904702 0.0 55
1785265904703 0.0 56
1785265904704 0.0 57
1785265904706 0.0 58
1785265904707 0.0 59
