1782246577855 0.16861788716167211 1
1782246577857 0.06048232339322567 2
1782246577858 0.02799941262230277 3
1782246577859 0.01589694749098271 4
1782246577861 0.010239119629841299 5
1782246577862 0.00735202970681712 6
1782246577863 0.005757861307356507 7
1782246577864 0.00471578495693393 8
1782246577866 0.003933209929382429 9
1782246577867 0.0033881435624789446 10
1782246577868 0.0030020381475333122 11
1782246577870 0.0026756433577975257 12
1782246577871 0.0024959967064205556 13
1782246577872 0.00228760794212576 14
1782246577873 0.0020956748683238404 15
1782246577875 0.0020025582856033 16
1782246577876 0.001872558007016778 17
1782246577877 0.0018122591369319706 18
1782246577878 0.0016960075928363948 19
1782246577880 0.0015644490861450322 20
1782246577881 0.001505239174584858 21
1782246577882 0.001448448156588711 22
1782246577883 0.0014110192349471617 23
1782246577885 0.0014239356180769391 24
1782246577886 0.0014812153157254216 25
1782246577887 0.0014297222447930836 26
1782246577888 0.001384949413331924 27
1782246577890 0.0012809665297390893 28
1782246577891 0.0011965371441328898 29
1782246577892 0.0011421213611902204 30
1782246577893 0.00111283651960548 31
1782246577895 0.0010917083579988684 32
1782246577896 0.0010747277074551675 33
1782246577897 0.0010572377504286124 34
1782246577898 0.0010433309731888586 35
1782246577900 0.0010314544957509496 36
1782246577901 0.0010208298541692785 37
1782246577903 0.0010204700884060003 38
1782246577904 0.0010347116810589796 39
1782246577906 0.0010473611494671786 40
1782246577907 0.0010371090789703884 41
1782246577908 0.0010098571433627512 42
1782246577909 0.0010077087076933821 43
1782246577911 0.0009862003714079038 44
1782246577912 0.0009657261426036711 45
1782246577913 0.0009536213718820363 46
1782246577915 0.000929542932935874 47
1782246577916 0.0009189532590244198 48
1782246577917 0.0009208149407641031 49
1782246577918 0.0009148654809541767 50
1782246577920 0.0009165643015876413 51
1782246577921 0.0009210699750838103 52
1782246577922 0.0009273828233563108 53
1782246577923 0.0009110512302868301 54
1782246577925 0.0009056760288513033 55
1782246577926 0.0008743285991658922 56
1782246577927 0.0008583036884374451 57
1782246577928 0.0008603882295938093 58
1782246577930 0.0008650076462436118 59
1782246577931 0.000840122861227428 60
1782246577932 0.0008185007297652192 61
1782246577933 0.0008085634505187045 62
1782246577935 0.0008024152341749868 63
1782246577936 0.0007985664889201871 64
1782246577937 0.0007941141258561401 65
1782246577938 0.0007901836062592338 66
1782246577940 0.0007851597085391405 67
1782246577941 0.0007816847997310105 68
1782246577942 0.0007792216130837915 69
1782246577943 0.0007769896615718607 70
1782246577945 0.0007747730996197788 71
1782246577946 0.0007725314980052644 72
1782246577947 0.0007698807045380818 73
1782246577948 0.0007664041465613991 74
1782246577950 0.0007647911139429198 75
1782246577951 0.0007633338888263097 76
1782246577952 0.0007618918445223244 77
1782246577954 0.0007604530809476273 78
1782246577955 0.0007590180830447935 79
1782246577956 0.0007574788666534004 80
1782246577957 0.0007553926129548927 81
1782246577959 0.0007544341424727463 82
