1780314155509 0.19131285466253758 1
1780314155511 0.1533376307040453 2
1780314155514 0.1233300194889307 3
1780314155516 0.0972007629275322 4
1780314155518 0.07524056736379862 5
1780314155520 0.059456937592476604 6
1780314155523 0.047926364690065386 7
1780314155525 0.03926650462672114 8
1780314155527 0.032574274772778154 9
1780314155529 0.02725971751846373 10
1780314155532 0.022987128412351013 11
1780314155534 0.019602186558768154 12
1780314155536 0.016861051619052887 13
1780314155539 0.014589798776432872 14
1780314155541 0.012715300675481558 15
1780314155544 0.01118440685328096 16
1780314155546 0.009884915724396705 17
1780314155549 0.008786982374731451 18
1780314155551 0.007859065525699406 19
1780314155553 0.0070613901549950245 20
1780314155556 0.00637552103260532 21
1780314155558 0.005799788029398769 22
1780314155561 0.0052807059581391515 23
1780314155563 0.004829296899260953 24
1780314155565 0.004430439580464736 25
1780314155568 0.004089594406541437 26
1780314155570 0.003789080422138795 27
1780314155572 0.0035179124597925692 28
1780314155574 0.003266868487698957 29
1780314155576 0.0030570165696553885 30
1780314155579 0.002865294998046011 31
1780314155581 0.0026922612730413673 32
1780314155583 0.0025486397842178123 33
1780314155585 0.002399870466324501 34
1780314155587 0.002266765019739978 35
1780314155590 0.0021630264341365546 36
1780314155592 0.0020632151333848017 37
1780314155594 0.0019913088489556686 38
1780314155596 0.001933997567393817 39
1780314155598 0.0018416004150640219 40
1780314155601 0.0017529064006521367 41
1780314155603 0.0016817325531155803 42
1780314155605 0.00162823752471013 43
1780314155607 0.0015783110505435615 44
1780314155610 0.0015479373896960169 45
1780314155612 0.0015167956775985658 46
1780314155614 0.001493894369341433 47
1780314155616 0.0014543827140005305 48
1780314155619 0.0014056011341745034 49
1780314155621 0.0013599874127248768 50
1780314155623 0.0013285792578244583 51
1780314155625 0.001300407363596605 52
1780314155628 0.001277121385646751 53
1780314155630 0.0012601875676773488 54
1780314155632 0.0012468483300472144 55
1780314155634 0.0012324430233275052 56
1780314155636 0.0012167005577066448 57
1780314155639 0.0011960996741254349 58
1780314155641 0.0011783168654073961 59
1780314155643 0.001171094247183646 60
1780314155645 0.0011569022637559101 61
1780314155648 0.0011414865939150332 62
1780314155650 0.0011255005333077862 63
1780314155652 0.0011147660046844977 64
1780314155654 0.0011008571930869948 65
1780314155657 0.001087104739199276 66
1780314155659 0.001083907012725831 67
1780314155661 0.0010818639583158073 68
1780314155663 0.0010645055902568856 69
1780314155666 0.0010520774306496605 70
1780314155668 0.0010415020288201049 71
1780314155670 0.0010327448363386792 72
1780314155672 0.0010273454804701032 73
1780314155675 0.001026455246610567 74
1780314155677 0.0010251231989968801 75
1780314155679 0.0010170327661762713 76
1780314155681 0.0010151801799656824 77
1780314155684 0.0010225797198654618 78
1780314155686 0.0010189942843135214 79
1780314155688 0.0009984661511043668 80
1780314155691 0.0009831967008358334 81
1780314155693 0.000972578198343399 82
1780314155695 0.0009637911384197651 83
1780314155697 0.0009598032373833121 84
1780314155699 0.0009611415507970377 85
1780314155702 0.0009648766546524712 86
1780314155704 0.0009650868257449474 87
1780314155706 0.0009645218763762387 88
1780314155708 0.0009469602716853842 89
1780314155711 0.0009257571702983114 90
1780314155713 0.0009177275229376392 91
1780314155715 0.0009131924606117537 92
1780314155717 0.000909957303047122 93
1780314155720 0.0009070435502871988 94
1780314155722 0.000904174599709222 95
1780314155724 0.0009014719076731126 96
1780314155726 0.0008989712800394046 97
1780314155728 0.0008959862423944287 98
1780314155731 0.000893831859320926 99
