1780314139602 0.12763928711414338 1
1780314139605 0.053534471187740566 2
1780314139607 0.026704306956380607 3
1780314139609 0.01599685713648796 4
1780314139612 0.011143894132692367 5
1780314139614 0.008360177539288997 6
1780314139616 0.006668678366113454 7
1780314139619 0.005531074756290764 8
1780314139621 0.0046589711040724065 9
1780314139623 0.004082377211889252 10
1780314139625 0.0035611748904921113 11
1780314139627 0.003258772395201959 12
1780314139629 0.0029965974937658756 13
1780314139632 0.0026981211476959288 14
1780314139634 0.002490705797681585 15
1780314139636 0.0023222363536478953 16
1780314139638 0.0022277216031216084 17
1780314139640 0.0021468911634292456 18
1780314139642 0.002040016686078161 19
1780314139644 0.0020053508260753005 20
1780314139646 0.0018892598722595722 21
1780314139649 0.0018294133906601928 22
1780314139651 0.0017307249311124906 23
1780314139653 0.0016848951680003665 24
1780314139655 0.0016321492416318507 25
1780314139657 0.0016215929412283004 26
1780314139659 0.0015429465564375277 27
1780314139661 0.0014958048140397296 28
1780314139663 0.0014992813476419542 29
1780314139666 0.0014541491385898554 30
1780314139668 0.0014663499736343511 31
1780314139670 0.0014672049084038007 32
1780314139672 0.0014099282989627681 33
1780314139674 0.0013747849890205542 34
1780314139676 0.0013429333109525033 35
1780314139678 0.0013120557872753126 36
1780314139680 0.0012863973267667461 37
1780314139683 0.00132417999804602 38
1780314139685 0.0012698717301827854 39
1780314139687 0.001237997356147389 40
1780314139689 0.0012389608901867176 41
1780314139691 0.0012027484003920108 42
1780314139693 0.0012064201169414445 43
1780314139695 0.0012153212592966155 44
1780314139697 0.0012770131638535531 45
1780314139700 0.0012909935606148792 46
1780314139702 0.001275085240486078 47
1780314139704 0.0011980332119128434 48
1780314139706 0.0011448437444778392 49
1780314139708 0.001110203242787975 50
1780314139710 0.0011011426999175456 51
1780314139712 0.0010834728397458094 52
1780314139714 0.0010843383246537997 53
1780314139716 0.001086376920939074 54
1780314139719 0.001084709574424778 55
1780314139721 0.0010698314200999449 56
1780314139723 0.0010845382521802093 57
1780314139725 0.0010271274048864144 58
1780314139727 0.0009705393631884362 59
1780314139729 0.000953802922158502 60
1780314139731 0.000939265533525031 61
1780314139733 0.0009290144587430404 62
1780314139735 0.0009197892564770882 63
1780314139738 0.0009217220498248935 64
1780314139740 0.0009235046652975142 65
1780314139742 0.0009437306313338922 66
1780314139744 0.0009628579641139368 67
1780314139746 0.0009440970415016636 68
1780314139748 0.0009293048597828602 69
1780314139750 0.0009180708404164761 70
1780314139753 0.0009052920175599866 71
1780314139755 0.0008969080227325321 72
1780314139757 0.0008969383769363049 73
1780314139759 0.0008936729463675875 74
1780314139761 0.0008975227279006503 75
1780314139763 0.000897358709044056 76
1780314139765 0.00089254966682347 77
1780314139767 0.0008629088104135008 78
1780314139769 0.0008387628272612346 79
1780314139772 0.0008298887641649344 80
1780314139774 0.0008250361675891327 81
1780314139776 0.0008213216073272633 82
1780314139778 0.0008173608687502565 83
1780314139780 0.0008146660419515683 84
1780314139782 0.0008135897375177592 85
1780314139784 0.000815218289171753 86
1780314139786 0.0008239654761200654 87
1780314139789 0.0008134669185892562 88
1780314139791 0.0008014124361579889 89
1780314139793 0.0007961125523797819 90
1780314139795 0.000793601685873 91
1780314139797 0.0007916837802258669 92
1780314139799 0.0007897342758224113 93
1780314139801 0.0007881552957405802 94
1780314139804 0.0007863484058179892 95
1780314139806 0.0007847784385376144 96
1780314139808 0.000783332706487272 97
1780314139810 0.0007800038240748108 98
1780314139812 0.000777675720746629 99
1780314139814 0.0007764176436830894 100
1780314139816 0.000775313227022707 101
1780314139818 0.0007742864706233376 102
1780314139820 0.0007731084777697106 103
1780314139823 0.0007720456308015855 104
1780314139825 0.000770964604744222 105
1780314139827 0.0007700513560848776 106
1780314139829 0.0007690923017071327 107
1780314139831 0.0007670600328128785 108
1780314139833 0.0007660051341372309 109
1780314139835 0.0007653357029266772 110
1780314139837 0.0007647334464490996 111
1780314139840 0.0007641691670869477 112
