1780314194834 0.13851102221757172 1
1780314194836 0.05513415779918432 2
1780314194838 0.027324422150850295 3
1780314194841 0.016609003655612468 4
1780314194843 0.011365236276760697 5
1780314194846 0.008691260542254895 6
1780314194848 0.0068768280884250995 7
1780314194850 0.005675451578572393 8
1780314194853 0.0048126728949137035 9
1780314194855 0.004168764383066446 10
1780314194857 0.003778488361276686 11
1780314194860 0.0034316738415509462 12
1780314194862 0.003203454229515046 13
1780314194865 0.002964895024197176 14
1780314194867 0.0027579155866988003 15
1780314194869 0.0026063610328128563 16
1780314194872 0.002499097947147675 17
1780314194874 0.0023967221612110736 18
1780314194877 0.002275231726234779 19
1780314194879 0.0022250078880460935 20
1780314194881 0.0021209483899292535 21
1780314194884 0.0020578541260329077 22
1780314194886 0.0019457757167401723 23
1780314194889 0.0018970439748954959 24
1780314194891 0.0018558989866869523 25
1780314194894 0.0018771477043628693 26
1780314194896 0.0018024367147882003 27
1780314194898 0.0017398600294836796 28
1780314194901 0.001816066032188246 29
1780314194903 0.0017382912382890936 30
1780314194905 0.0017276330829190556 31
1780314194908 0.0016884712009050417 32
1780314194910 0.0016137196020281409 33
1780314194912 0.0015715822638594544 34
1780314194915 0.0015727670706110076 35
1780314194917 0.0015340840604039841 36
1780314194920 0.0015417145629180596 37
1780314194922 0.0015202654041058849 38
1780314194924 0.0015919664467219264 39
1780314194927 0.0015288862839224749 40
1780314194929 0.0014900658585247583 41
1780314194931 0.0015681204131396953 42
1780314194934 0.0015026276307617081 43
1780314194936 0.0014062596757139544 44
1780314194939 0.001426358455209993 45
1780314194941 0.0014470623461238575 46
1780314194944 0.0014020724710280775 47
1780314194946 0.001414734604113619 48
1780314194948 0.0013932858120824676 49
1780314194951 0.001473279587153229 50
1780314194953 0.0013811601432098541 51
1780314194955 0.0013592581727425567 52
1780314194958 0.0013570090431312565 53
1780314194960 0.0013654566989134765 54
1780314194963 0.0013210352973692353 55
1780314194965 0.0013291274350922323 56
1780314194967 0.0012799837756028865 57
1780314194970 0.0012888060129625956 58
1780314194972 0.0012760216722381302 59
1780314194974 0.0012444214834977175 60
1780314194977 0.0012907386626466177 61
1780314194979 0.0012196581300668186 62
1780314194981 0.0011719344324956182 63
1780314194984 0.0011598303012578981 64
1780314194986 0.0011492954700952395 65
1780314194988 0.001155032124952413 66
1780314194991 0.0011430532851227327 67
1780314194993 0.0011365146346361144 68
1780314194995 0.0011554891472769669 69
1780314194998 0.0011460988224280299 70
1780314195000 0.0011263583195977845 71
1780314195003 0.0011015493813465581 72
1780314195005 0.0010876632476720261 73
1780314195007 0.0010809894234262173 74
1780314195010 0.0010787264045939082 75
1780314195012 0.0010756211611442268 76
1780314195014 0.0010678803520568182 77
1780314195017 0.00106718091024959 78
1780314195019 0.001067010143160587 79
1780314195021 0.0010704211067786673 80
1780314195024 0.001068501133559039 81
1780314195026 0.0010567713038471993 82
1780314195029 0.0010489309605327434 83
1780314195031 0.0010491667411406524 84
1780314195033 0.001043977547378745 85
1780314195036 0.001042395668773679 86
1780314195038 0.0010400750027474714 87
1780314195040 0.0010432937915902584 88
1780314195043 0.0010353278893308017 89
1780314195045 0.0010365398489375365 90
1780314195047 0.001032636474192259 91
1780314195050 0.00102921336540021 92
1780314195052 0.001029518988871132 93
1780314195054 0.0010259373707231134 94
1780314195057 0.0010238645672507119 95
1780314195059 0.0010229852233169367 96
