1782201874841 0.18258805237710476 1
1782201874842 0.06611555961892009 2
1782201874844 0.03106111631728709 3
1782201874845 0.018280985630117357 4
1782201874846 0.012199039696715772 5
1782201874847 0.008770762528292834 6
1782201874848 0.006745190222281963 7
1782201874850 0.0053982766845729205 8
1782201874851 0.0044711494212970136 9
1782201874852 0.003831056950148195 10
1782201874853 0.003318214585306123 11
1782201874854 0.0029778422915842386 12
1782201874855 0.0027995803387602792 13
1782201874857 0.002449668033514172 14
1782201874858 0.002304705294664018 15
1782201874859 0.0021385150437708946 16
1782201874860 0.0020437983641750177 17
1782201874861 0.0020091730615240523 18
1782201874863 0.001886201156885363 19
1782201874864 0.0018202744799782522 20
1782201874865 0.0017332013390841893 21
1782201874866 0.0016653173952363431 22
1782201874867 0.0016419440491881687 23
1782201874869 0.0016041919463896193 24
1782201874870 0.0015154507609258872 25
1782201874871 0.0015034663787810132 26
1782201874872 0.001484191198105691 27
1782201874873 0.001505880371259991 28
1782201874875 0.001440753597416915 29
1782201874876 0.0013880523231637198 30
1782201874877 0.0013643300600233487 31
1782201874878 0.0013672122822026723 32
1782201874879 0.0012992495289654471 33
1782201874880 0.0012696443303138948 34
1782201874882 0.0012746347540814895 35
1782201874883 0.0013792541851580609 36
1782201874884 0.0013102311368857044 37
1782201874885 0.0012412476565077668 38
1782201874886 0.0012252605074172607 39
1782201874888 0.0011886434903135524 40
1782201874889 0.0011612583939131583 41
1782201874890 0.0011590899206930772 42
1782201874891 0.0011474175238254246 43
1782201874892 0.0011468865623464808 44
1782201874894 0.0011703671008581296 45
1782201874895 0.0011618690346949733 46
1782201874896 0.0010863142012385652 47
1782201874897 0.0010745440588652855 48
1782201874898 0.0010597366170259192 49
1782201874900 0.001005385607131757 50
1782201874901 0.0009602893570263405 51
1782201874902 0.0009379115558840567 52
1782201874903 0.0009284660678531509 53
1782201874904 0.0009204414128180361 54
1782201874906 0.00091641546037863 55
1782201874907 0.0009141259271564195 56
1782201874908 0.0009127339544647839 57
1782201874909 0.0008920081892574671 58
1782201874910 0.0008724466948478949 59
1782201874911 0.0008643342088907957 60
1782201874913 0.0008584810782485874 61
1782201874914 0.0008532006540190195 62
1782201874915 0.0008488873835813137 63
1782201874916 0.000845696627657162 64
1782201874917 0.0008366643882618519 65
1782201874919 0.0008318140575283905 66
1782201874920 0.0008292516579240328 67
1782201874921 0.0008263328615794308 68
1782201874922 0.0008235730073647573 69
1782201874923 0.0008213816099305405 70
1782201874924 0.0008190737718905439 71
1782201874926 0.0008138574443728431 72
1782201874927 0.0008119052078473032 73
1782201874928 0.0008103703366214176 74
1782201874929 0.000808954310050467 75
1782201874930 0.0008073176151810913 76
1782201874932 0.0008059584010698018 77
1782201874933 0.0008046296345128213 78
1782201874934 0.0008019801204864052 79
1782201874935 0.0008009805850451812 80
