1782201875126 0.0 1
1782201875127 0.0 2
1782201875129 0.0 3
1782201875130 0.0 4
1782201875131 0.0 5
1782201875132 0.0 6
1782201875133 0.0 7
1782201875134 0.0 8
1782201875136 0.0 9
1782201875137 0.0 10
1782201875138 0.0 11
1782201875139 0.0 12
1782201875140 0.0 13
1782201875142 0.0 14
1782201875143 0.0 15
1782201875144 0.0 16
1782201875145 0.0 17
1782201875146 0.0 18
1782201875147 0.0 19
1782201875149 0.0 20
1782201875150 0.0 21
1782201875151 0.0 22
1782201875152 0.0 23
1782201875153 0.0 24
1782201875155 0.0 25
1782201875156 0.0 26
1782201875157 0.0 27
1782201875158 0.0 28
1782201875159 0.0 29
1782201875161 0.0 30
1782201875162 0.0 31
1782201875163 0.0 32
1782201875164 0.0 33
1782201875165 0.0 34
1782201875166 0.0 35
1782201875168 0.0 36
1782201875169 0.0 37
1782201875170 0.0 38
1782201875171 0.0 39
1782201875172 0.0 40
1782201875174 0.0 41
1782201875175 0.0 42
1782201875176 0.0 43
1782201875177 0.0 44
1782201875178 0.0 45
1782201875180 0.0 46
1782201875181 0.0 47
1782201875182 0.0 48
1782201875183 0.0 49
1782201875184 0.0 50
1782201875185 0.0 51
1782201875187 0.0 52
1782201875188 0.0 53
1782201875189 0.0 54
1782201875190 0.0 55
1782201875191 0.0 56
1782201875193 0.0 57
1782201875194 0.0 58
1782201875195 0.0 59
1782201875196 0.0 60
1782201875197 0.0 61
1782201875199 0.0 62
1782201875200 0.0 63
1782201875201 0.0 64
1782201875202 0.0 65
1782201875203 0.0 66
1782201875205 0.0 67
1782201875206 0.0 68
1782201875207 0.0 69
1782201875208 0.0 70
1782201875209 0.0 71
1782201875210 0.0 72
1782201875212 0.0 73
1782201875213 0.0 74
1782201875214 0.0 75
1782201875215 0.0 76
1782201875216 0.0 77
1782201875218 0.0 78
1782201875219 0.0 79
1782201875220 0.0 80
