1785243335137 0.0 1
1785243335139 0.0 2
1785243335140 0.0 3
1785243335141 0.0 4
1785243335142 0.0 5
1785243335144 0.0 6
1785243335145 0.0 7
1785243335146 0.0 8
1785243335147 0.0 9
1785243335149 0.0 10
1785243335150 0.0 11
1785243335151 0.0 12
1785243335153 0.0 13
1785243335154 0.0 14
1785243335155 0.0 15
1785243335156 0.0 16
1785243335158 0.0 17
1785243335159 0.0 18
1785243335160 0.0 19
1785243335161 0.0 20
1785243335163 0.0 21
1785243335164 0.0 22
1785243335165 0.0 23
1785243335167 0.0 24
1785243335168 0.0 25
1785243335169 0.0 26
1785243335170 0.0 27
1785243335172 0.0 28
1785243335173 0.0 29
1785243335174 0.0 30
1785243335175 0.0 31
1785243335177 0.0 32
1785243335178 0.0 33
1785243335179 0.0 34
1785243335181 0.0 35
1785243335182 0.0 36
1785243335183 0.0 37
1785243335184 0.0 38
1785243335186 0.0 39
1785243335187 0.0 40
1785243335188 0.0 41
1785243335189 0.0 42
1785243335191 0.0 43
1785243335192 0.0 44
1785243335193 0.0 45
1785243335195 0.0 46
1785243335196 0.0 47
1785243335197 0.0 48
