1785243335198 0.0 1
1785243335200 0.0 2
1785243335201 0.0 3
1785243335202 0.0 4
1785243335204 0.0 5
1785243335205 0.0 6
1785243335206 0.0 7
1785243335207 0.0 8
1785243335208 0.0 9
1785243335209 0.0 10
1785243335211 0.0 11
1785243335212 0.0 12
1785243335213 0.0 13
1785243335215 0.0 14
1785243335216 0.0 15
1785243335217 0.0 16
1785243335218 0.0 17
1785243335219 0.0 18
1785243335221 0.0 19
1785243335222 0.0 20
1785243335223 0.0 21
1785243335224 0.0 22
1785243335226 0.0 23
1785243335227 0.0 24
1785243335228 0.0 25
1785243335229 0.0 26
1785243335230 0.0 27
1785243335231 0.0 28
1785243335232 0.0 29
1785243335233 0.0 30
1785243335234 0.0 31
1785243335235 0.0 32
1785243335237 0.0 33
1785243335238 0.0 34
1785243335239 0.0 35
1785243335240 0.0 36
1785243335241 0.0 37
1785243335243 0.0 38
1785243335244 0.0 39
1785243335245 0.0 40
1785243335246 0.0 41
1785243335247 0.0 42
1785243335248 0.0 43
1785243335249 0.0 44
1785243335251 0.0 45
1785243335252 0.0 46
1785243335253 0.0 47
1785243335254 0.0 48
