1785243335015 0.0753802962275222 1
1785243335016 0.007901467117480934 2
1785243335017 0.004715151355485432 3
1785243335019 0.0038105081632966178 4
1785243335020 0.0033700174174737187 5
1785243335021 0.002939806594804395 6
1785243335022 0.0027441827949951404 7
1785243335024 0.0024670854938449336 8
1785243335025 0.002241638024279382 9
1785243335026 0.0021539562204270623 10
1785243335028 0.0021280654697329736 11
1785243335029 0.0021225876078824514 12
1785243335030 0.001977196304651443 13
1785243335031 0.001868974080280168 14
1785243335033 0.0017637025378644466 15
1785243335034 0.00174613482246059 16
1785243335035 0.0016619908860593569 17
1785243335037 0.0016918699865345844 18
1785243335038 0.0017125169551582076 19
1785243335039 0.0015824225894175469 20
1785243335040 0.0015417113724106458 21
1785243335042 0.0014661261263245252 22
1785243335043 0.0013990319897129665 23
1785243335044 0.0013200521001999733 24
1785243335045 0.0013219320788630284 25
1785243335047 0.0012807979817443993 26
1785243335048 0.001225997855362948 27
1785243335049 0.0011594581781537272 28
1785243335051 0.0011688675226469059 29
1785243335052 0.0013250184568460099 30
1785243335053 0.0012550450921116863 31
1785243335054 0.0012382861581863836 32
1785243335056 0.001139783468825044 33
1785243335057 0.0010617115297645795 34
1785243335058 0.0009419464690290625 35
1785243335060 0.0008958033249655273 36
1785243335061 0.0008758941900305217 37
1785243335062 0.0008543696190463379 38
1785243335063 0.0008273226393794175 39
1785243335065 0.0008157663144811523 40
1785243335066 0.0008063419095560675 41
1785243335067 0.0007991205482539953 42
1785243335068 0.0007914014144625981 43
1785243335070 0.0007763667451945366 44
1785243335071 0.0007709052256541326 45
1785243335072 0.0007667401920480188 46
1785243335074 0.0007619672534929123 47
1785243335075 0.0007575677083514165 48
