1783953152620 0.022055414039059543 1
1783953152621 0.003673997941368725 2
1783953152623 0.003424643231119262 3
1783953152624 0.003005279233912006 4
1783953152625 0.002897122363356175 5
1783953152626 0.0025379183056065814 6
1783953152628 0.0024290091304283125 7
1783953152629 0.002275236705027055 8
1783953152630 0.0023693777043081355 9
1783953152631 0.0023162957906606605 10
1783953152633 0.0022080707710119894 11
1783953152634 0.0020093724259641023 12
1783953152635 0.0018951690148969647 13
1783953152636 0.0018571857472124975 14
1783953152637 0.0017541417203028686 15
1783953152639 0.0018265967814659234 16
1783953152640 0.001736381767259445 17
1783953152641 0.0017285091932717478 18
1783953152642 0.0016637253465887625 19
1783953152643 0.0017126375593943522 20
1783953152645 0.00165952413881314 21
1783953152646 0.001772894395107869 22
1783953152647 0.0016163128394691738 23
1783953152648 0.001592020787356887 24
1783953152650 0.0017641465476481244 25
1783953152651 0.002043355879141018 26
1783953152652 0.001581197673585848 27
1783953152653 0.0015247634069237392 28
1783953152654 0.0014892470891936683 29
1783953152656 0.0014769973560760264 30
1783953152657 0.0014180753289110726 31
1783953152658 0.0014608640046208166 32
1783953152659 0.0014310975924308876 33
1783953152660 0.0014893983504589414 34
1783953152662 0.0014568580360355555 35
1783953152663 0.0013846524649125057 36
1783953152664 0.0013223815166566056 37
1783953152665 0.001339442181342747 38
1783953152667 0.0011896214490116107 39
1783953152668 0.0011000316362333252 40
1783953152669 0.0010801848357368726 41
1783953152670 0.0010544268122612266 42
1783953152671 0.0010508396033401368 43
1783953152673 0.0010684358620346756 44
1783953152674 0.001071722016640706 45
1783953152675 0.0010417601084918716 46
1783953152676 0.0010307494071457768 47
1783953152677 0.0010210592639487003 48
1783953152679 0.000997326550859725 49
1783953152680 0.0010267042741907062 50
1783953152681 0.0010717198654310778 51
1783953152682 0.0009393068100325763 52
1783953152683 0.0008990873493894469 53
1783953152685 0.0008780547736387235 54
1783953152686 0.0008644448423001449 55
1783953152687 0.0008546840386406984 56
1783953152688 0.0008473138090630528 57
1783953152690 0.00083795005135471 58
1783953152691 0.0008287658092012861 59
1783953152692 0.0008208814622048522 60
1783953152693 0.0008255436603212729 61
1783953152694 0.0008455147800123087 62
1783953152696 0.0008699884555244353 63
1783953152697 0.0007995119049155619 64
1783953152698 0.0007747429647133686 65
1783953152699 0.0007645626035082387 66
1783953152700 0.0007584401092026382 67
1783953152702 0.0007529532312764787 68
1783953152703 0.0007474883301620139 69
1783953152704 0.0007427318282861961 70
1783953152705 0.0007390265254798578 71
1783953152706 0.0007339594025688712 72
1783953152708 0.0007304812343500089 73
1783953152709 0.0007259382270422065 74
1783953152710 0.0007145387308992213 75
1783953152711 0.00070889607850404 76
1783953152713 0.0007063616040977649 77
1783953152714 0.0007036196016269969 78
1783953152715 0.0007005949907033937 79
1783953152716 0.0006982768230227521 80
1783953152717 0.0006954664342629258 81
1783953152719 0.0006935659459122689 82
1783953152720 0.0006906067602540134 83
1783953152721 0.0006891180625825655 84
1783953152722 0.0006865958526032045 85
1783953152723 0.0006805613901087782 86
1783953152725 0.000676930615445599 87
1783953152726 0.0006757534506323282 88
1783953152727 0.0006743152539274888 89
1783953152728 0.0006728240690426901 90
1783953152729 0.000671912574180169 91
1783953152731 0.0006703597828891362 92
1783953152732 0.0006689947882841807 93
1783953152733 0.0006676206151314545 94
1783953152734 0.0006663944455067394 95
1783953152735 0.0006650204176548868 96
1783953152737 0.0006617091211955995 97
1783953152738 0.0006608444887388032 98
1783953152739 0.0006601469813176664 99
1783953152740 0.000659355508396402 100
1783953152741 0.0006586791642621393 101
1783953152743 0.0006580537588888547 102
