1783953152984 0.0 1
1783953152985 0.0 2
1783953152986 0.0 3
1783953152987 0.0 4
1783953152988 0.0 5
1783953152989 0.0 6
1783953152990 0.0 7
1783953152991 0.0 8
1783953152992 0.0 9
1783953152993 0.0 10
1783953152994 0.0 11
1783953152995 0.0 12
1783953152997 0.0 13
1783953152998 0.0 14
1783953152999 0.0 15
1783953153000 0.0 16
1783953153001 0.0 17
1783953153002 0.0 18
1783953153003 0.0 19
1783953153004 0.0 20
1783953153005 0.0 21
1783953153006 0.0 22
1783953153007 0.0 23
1783953153008 0.0 24
1783953153009 0.0 25
1783953153010 0.0 26
1783953153011 0.0 27
1783953153013 0.0 28
1783953153014 0.0 29
1783953153015 0.0 30
1783953153016 0.0 31
1783953153017 0.0 32
1783953153018 0.0 33
1783953153019 0.0 34
1783953153020 0.0 35
1783953153021 0.0 36
1783953153022 0.0 37
1783953153023 0.0 38
1783953153024 0.0 39
1783953153025 0.0 40
1783953153026 0.0 41
1783953153027 0.0 42
1783953153028 0.0 43
1783953153030 0.0 44
1783953153031 0.0 45
1783953153032 0.0 46
1783953153033 0.0 47
1783953153034 0.0 48
1783953153035 0.0 49
1783953153036 0.0 50
1783953153037 0.0 51
1783953153038 0.0 52
1783953153039 0.0 53
1783953153040 0.0 54
1783953153041 0.0 55
1783953153042 0.0 56
1783953153044 0.0 57
1783953153045 0.0 58
1783953153046 0.0 59
1783953153047 0.0 60
1783953153048 0.0 61
1783953153049 0.0 62
1783953153050 0.0 63
1783953153051 0.0 64
1783953153052 0.0 65
1783953153053 0.0 66
1783953153055 0.0 67
1783953153056 0.0 68
1783953153057 0.0 69
1783953153058 0.0 70
1783953153059 0.0 71
1783953153060 0.0 72
1783953153062 0.0 73
1783953153063 0.0 74
1783953153064 0.0 75
1783953153065 0.0 76
1783953153066 0.0 77
1783953153068 0.0 78
1783953153069 0.0 79
1783953153070 0.0 80
1783953153071 0.0 81
1783953153073 0.0 82
1783953153074 0.0 83
1783953153075 0.0 84
1783953153076 0.0 85
1783953153078 0.0 86
1783953153079 0.0 87
1783953153080 0.0 88
1783953153081 0.0 89
1783953153082 0.0 90
1783953153084 0.0 91
1783953153085 0.0 92
1783953153086 0.0 93
1783953153087 0.0 94
1783953153088 0.0 95
1783953153090 0.0 96
1783953153091 0.0 97
1783953153092 0.0 98
1783953153093 0.0 99
1783953153094 0.0 100
1783953153096 0.0 101
1783953153097 0.0 102
