1780314191155 0.20002202332019806 1
1780314191157 0.08885161489248276 2
1780314191159 0.04083820703439414 3
1780314191162 0.02294934298377484 4
1780314191164 0.014809286301024259 5
1780314191167 0.010665495926514269 6
1780314191169 0.008170587958302349 7
1780314191171 0.006595024964772165 8
1780314191174 0.005450038214912638 9
1780314191176 0.004763288302347064 10
1780314191179 0.004313030298799276 11
1780314191181 0.0038422538177110255 12
1780314191184 0.0034646938572404904 13
1780314191187 0.003217357085668482 14
1780314191189 0.0029855050682090225 15
1780314191192 0.0028277360822539775 16
1780314191194 0.0027200885355705396 17
1780314191197 0.0025853548647137357 18
1780314191199 0.002512130098766647 19
1780314191202 0.002366647560847923 20
1780314191205 0.002233362149563618 21
1780314191207 0.0021215897559886798 22
1780314191209 0.00206168385600904 23
1780314191212 0.002037154903810006 24
1780314191214 0.002035852259432431 25
1780314191216 0.001960038383549545 26
1780314191219 0.0018589682469610125 27
1780314191221 0.0018776262187748217 28
1780314191223 0.0018054645189840813 29
1780314191226 0.001721655094588641 30
1780314191228 0.0017083950032247231 31
1780314191230 0.001712168034282513 32
1780314191233 0.0017005198638071306 33
1780314191235 0.001689162108959863 34
1780314191238 0.0016274599163443781 35
1780314191240 0.0015888798315427267 36
1780314191242 0.001573134031787049 37
1780314191245 0.001575270423782058 38
1780314191247 0.0015796574989508372 39
1780314191250 0.0015566244514775463 40
1780314191252 0.0015233347238972784 41
1780314191255 0.0015434362019004766 42
1780314191258 0.0014757290568377357 43
1780314191260 0.0014914444166788598 44
1780314191263 0.0014377886027796194 45
1780314191265 0.0014267074325471185 46
1780314191268 0.001488045056903502 47
1780314191270 0.0013975418219342828 48
1780314191273 0.001410012083579204 49
1780314191276 0.0014136540562321898 50
1780314191278 0.001413208207959542 51
1780314191280 0.0013899285589286591 52
1780314191283 0.001336820444848854 53
1780314191285 0.0013138200277899158 54
1780314191287 0.0013583630383072886 55
1780314191290 0.0013701647851848975 56
1780314191292 0.0013530693976645126 57
1780314191294 0.001334781857949565 58
1780314191297 0.0013343332682416076 59
1780314191299 0.0013371399597235723 60
1780314191301 0.0012840305385179818 61
1780314191304 0.001295019842509646 62
1780314191306 0.0013165183417731896 63
1780314191308 0.0012794240191578866 64
1780314191311 0.001254767170539708 65
1780314191313 0.0012421862634801072 66
1780314191316 0.0011835292034083978 67
1780314191318 0.0011393255428993143 68
1780314191320 0.001121893630042905 69
1780314191323 0.0011215450539748418 70
1780314191325 0.001117326808089274 71
1780314191327 0.0011069517592841294 72
1780314191330 0.0010996642452664673 73
1780314191332 0.0011088994189049116 74
1780314191334 0.0010983294391917297 75
1780314191337 0.0011184941705869279 76
1780314191339 0.001102319530036766 77
1780314191342 0.0011029894030070864 78
1780314191344 0.0010867468619107966 79
1780314191346 0.0010640162528579823 80
1780314191349 0.0010459757869830356 81
1780314191351 0.0010418015131290303 82
1780314191353 0.0010331331388442778 83
1780314191356 0.0010287895744113484 84
1780314191358 0.001032176945664105 85
1780314191360 0.001029952897297335 86
1780314191363 0.0010251769617025275 87
1780314191365 0.0010254544686176814 88
1780314191367 0.001021012031851569 89
1780314191370 0.0010105402029148536 90
1780314191372 0.0010073277587071062 91
1780314191375 0.0010023622615699423 92
1780314191377 0.0010023059166996973 93
1780314191379 0.0009950737733015558 94
1780314191382 0.0009959403687389567 95
1780314191384 0.0010007004671206232 96
1780314191387 0.0009954070158710237 97
1780314191389 0.0009984380879177479 98
1780314191392 0.0009910714155557797 99
1780314191394 0.0009874089357617777 100
1780314191396 0.0009832414448464988 101
1780314191399 0.0009839931565511506 102
1780314191401 0.0009836873134918278 103
1780314191404 0.0009806204502092442 104
1780314191406 0.0009833852844167267 105
1780314191408 0.0009830448013963178 106
1780314191411 0.0009797777391941055 107
1780314191413 0.0009801146401878214 108
1780314191415 0.0009799312027462292 109
1780314191418 0.0009791302636585897 110
1780314191420 0.0009756265860050916 111
1780314191423 0.0009743674250785262 112
1780314191425 0.0009722888330725254 113
1780314191427 0.0009725386900390731 114
