1780314138864 0.12301937319338321 1
1780314138866 0.04723618284799159 2
1780314138869 0.024822705006226898 3
1780314138871 0.01570179685484618 4
1780314138873 0.011299047293141485 5
1780314138875 0.008226263436954468 6
1780314138877 0.006576494502369314 7
1780314138879 0.005282060905592516 8
1780314138881 0.004509704699739814 9
1780314138883 0.003903791615739465 10
1780314138886 0.0034727878880221395 11
1780314138888 0.003090611617662944 12
1780314138890 0.0028283185296459124 13
1780314138892 0.002631320784566924 14
1780314138894 0.002501254478120245 15
1780314138896 0.0023783470020862295 16
1780314138898 0.0021627688937587665 17
1780314138900 0.0020355449998169205 18
1780314138902 0.0019482407957548277 19
1780314138905 0.001872730250179302 20
1780314138907 0.0018376082708709872 21
1780314138909 0.0017645031519350595 22
1780314138911 0.0017294373494223692 23
1780314138913 0.0016958004393381998 24
1780314138915 0.00166078441645368 25
1780314138917 0.0015794827276840806 26
1780314138919 0.0014999661341425963 27
1780314138921 0.0014802179633989 28
1780314138924 0.0014635319977242033 29
1780314138926 0.001485919999977341 30
1780314138928 0.0014374728681286796 31
1780314138930 0.0013558584019483532 32
1780314138932 0.0013545023718324956 33
1780314138934 0.001361350930237677 34
1780314138936 0.0013404736010124907 35
1780314138938 0.0013018801547877957 36
1780314138940 0.0012654395090066829 37
1780314138942 0.0013230801043391694 38
1780314138945 0.001456772281380836 39
1780314138947 0.0013317173412360716 40
1780314138949 0.0012584132599295116 41
1780314138951 0.001211161147293751 42
1780314138953 0.0012006610968819586 43
1780314138955 0.0011802899712347425 44
1780314138957 0.0011416609362640885 45
1780314138959 0.001112460124932113 46
1780314138962 0.0011209514861548087 47
1780314138964 0.001128972699661972 48
1780314138966 0.0011277460579003672 49
1780314138968 0.0011770613661065 50
1780314138970 0.00116757054674963 51
1780314138972 0.0010740552120114444 52
1780314138974 0.0010181590916909045 53
1780314138976 0.0009960511903773295 54
1780314138978 0.0009837618484016275 55
1780314138981 0.0009733358408266213 56
1780314138983 0.0009670387981896056 57
1780314138985 0.0009581236693338724 58
1780314138987 0.0009562061845645076 59
1780314138989 0.0009554826054591104 60
1780314138991 0.0009613728731346782 61
1780314138993 0.0009419514629553305 62
1780314138995 0.0009226287484489148 63
1780314138997 0.0009136944259080337 64
1780314139000 0.0009075617407506797 65
1780314139002 0.0009025470852429862 66
1780314139004 0.0008986947995435912 67
1780314139006 0.0008955024351234897 68
1780314139008 0.0008940059155429481 69
1780314139010 0.0008956147972276085 70
1780314139012 0.0008963888260041131 71
1780314139014 0.0008898558728105855 72
1780314139017 0.000874970059194311 73
1780314139019 0.0008706866034845006 74
1780314139021 0.000867867224951624 75
1780314139023 0.0008656131687530433 76
1780314139025 0.0008632941110045067 77
1780314139027 0.0008611092413048027 78
1780314139030 0.0008592192051219172 79
1780314139032 0.0008575695495164837 80
1780314139034 0.0008553564084650134 81
1780314139036 0.0008514025316617335 82
1780314139038 0.0008489779996671132 83
1780314139040 0.0008474246841069544 84
1780314139042 0.0008460803254638449 85
1780314139044 0.0008447501880436903 86
