1780314203844 0.1357623377504448 1
1780314203848 0.04839765241680046 2
1780314203850 0.020311428233981133 3
1780314203851 0.0119930628570728 4
1780314203852 0.008336591951471442 5
1780314203854 0.0063405877561308445 6
1780314203855 0.005007399074384011 7
1780314203856 0.004159645319062596 8
1780314203858 0.0037534352304646745 9
1780314203859 0.0032084068797606355 10
1780314203860 0.00284814390373261 11
1780314203861 0.0026073769404320046 12
1780314203862 0.0024060948848879586 13
1780314203864 0.0022296294938617695 14
1780314203865 0.0021292860743415075 15
1780314203866 0.0019695045598685586 16
1780314203868 0.0018975635097982983 17
1780314203869 0.001869352655436766 18
1780314203871 0.0019264414402035376 19
1780314203872 0.0017347104233825423 20
1780314203873 0.0016797712739692846 21
1780314203874 0.0016576556389433486 22
1780314203876 0.001605411395576084 23
1780314203877 0.0016021653758798494 24
1780314203878 0.0015526669190876418 25
1780314203879 0.0015348757597773025 26
1780314203880 0.0014748266547636982 27
1780314203882 0.001495266056372202 28
1780314203883 0.0014275044486566912 29
1780314203884 0.0014050305348064286 30
1780314203885 0.0013880918765304766 31
1780314203887 0.0013734830566439389 32
1780314203888 0.0013695787800922213 33
1780314203889 0.0014089557955837032 34
1780314203890 0.0013517696055108293 35
1780314203891 0.001321518960200289 36
1780314203893 0.001309716882497014 37
1780314203894 0.0013277020058012567 38
1780314203895 0.0013287599943699508 39
1780314203897 0.0012669484017654516 40
1780314203898 0.0012839700839322177 41
1780314203899 0.0012685795594734373 42
1780314203901 0.0012502690175703417 43
1780314203902 0.0012431782749748284 44
1780314203903 0.0012629089137287035 45
1780314203905 0.0012432644474756672 46
1780314203906 0.0012515507922216784 47
1780314203907 0.0011979827355996047 48
1780314203909 0.001228030529091484 49
1780314203910 0.0011990275405575326 50
1780314203911 0.0011894628083609859 51
1780314203913 0.00116803305081703 52
1780314203914 0.0011655879666553422 53
1780314203915 0.0011802703438055081 54
1780314203917 0.0011923724182755298 55
1780314203918 0.0011622423184235232 56
1780314203919 0.001184561720098524 57
1780314203921 0.0011333479733972732 58
1780314203922 0.001114824007830369 59
1780314203923 0.0011418864294076533 60
1780314203925 0.0011547595405014969 61
1780314203926 0.001119934294789952 62
1780314203927 0.0011429480574709791 63
1780314203928 0.0011368204409639778 64
1780314203930 0.00110051621953365 65
1780314203931 0.0010813802794170139 66
1780314203932 0.0010794107709443778 67
1780314203933 0.0010714478417260882 68
1780314203934 0.0010733203151175985 69
1780314203936 0.0010567038118703446 70
1780314203937 0.0010772013767564204 71
1780314203938 0.0010928425241218064 72
1780314203939 0.0010372977677131226 73
1780314203941 0.0010345025817514396 74
1780314203942 0.001044745772439152 75
