1782231280723 0.1334498779848218 1
1782231280725 0.04708083018660545 2
1782231280726 0.02331715039908886 3
1782231280727 0.014197270064614713 4
1782231280729 0.009620658981148153 5
1782231280730 0.006998105042148381 6
1782231280731 0.005374361851718277 7
1782231280733 0.004724528001388535 8
1782231280734 0.00396313561941497 9
1782231280735 0.0033871902211103587 10
1782231280736 0.0029364744311897086 11
1782231280738 0.002674136367277242 12
1782231280739 0.0024635218153707685 13
1782231280740 0.0022963029227685183 14
1782231280741 0.002193048113840632 15
1782231280743 0.0020584028636221772 16
1782231280744 0.0019659178680740295 17
1782231280745 0.0018312326204613782 18
1782231280747 0.0018124569504288956 19
1782231280748 0.001660009675542824 20
1782231280749 0.0015695448315818795 21
1782231280750 0.0015158463679836131 22
1782231280752 0.0014769675803836435 23
1782231280753 0.001439970697974786 24
1782231280754 0.0014661046728724613 25
1782231280755 0.0014334936544764787 26
1782231280757 0.0013774435913364868 27
1782231280758 0.0013280755092273467 28
1782231280759 0.0012682337233854923 29
1782231280760 0.0012942329338693525 30
1782231280762 0.0012904596138105262 31
1782231280763 0.0013076883534085936 32
1782231280764 0.0012677885085577145 33
1782231280766 0.0011991735734045506 34
1782231280767 0.0011562151651014574 35
1782231280768 0.0011476952795055695 36
1782231280769 0.0011210398835828528 37
1782231280771 0.001157171167942579 38
1782231280772 0.0011111118196276948 39
1782231280773 0.0010837582052772633 40
1782231280774 0.0010459538868599339 41
1782231280776 0.0010750488121266243 42
1782231280777 0.0010723592024442041 43
1782231280778 0.0010869417446519947 44
1782231280779 0.0010404815978836267 45
1782231280781 0.001010090217969264 46
1782231280782 0.0009779617644380778 47
1782231280783 0.0009619594318064628 48
1782231280784 0.0009718661126680672 49
1782231280786 0.0009920963387412484 50
1782231280787 0.0009100335867697141 51
1782231280788 0.000853218112824834 52
1782231280790 0.000831831945470185 53
1782231280791 0.0008200246937485645 54
1782231280792 0.000810667759469652 55
1782231280793 0.000801811246892612 56
1782231280795 0.0007948703108195332 57
1782231280796 0.0007948480512277456 58
1782231280797 0.0007903170588542708 59
1782231280798 0.0007768188901172835 60
1782231280800 0.0007673923812399153 61
1782231280801 0.0007619524601614103 62
1782231280802 0.0007574968417611671 63
1782231280804 0.0007534734908040264 64
1782231280805 0.0007492615131195634 65
1782231280806 0.0007437367031889152 66
1782231280807 0.0007390407708953717 67
1782231280809 0.0007361538054465199 68
1782231280810 0.0007335792277808651 69
1782231280811 0.0007310401612267014 70
1782231280812 0.0007285316893467097 71
1782231280814 0.0007260636449427693 72
1782231280815 0.0007226373498269822 73
1782231280816 0.0007206368903644034 74
1782231280817 0.0007191061028424883 75
1782231280819 0.00071764583390177 76
1782231280820 0.0007161574148631189 77
1782231280821 0.0007146780328184832 78
1782231280822 0.0007131235318956897 79
1782231280824 0.0007110557230771519 80
1782231280825 0.0007101365745256771 81
