1782231281031 0.0 1
1782231281032 0.0 2
1782231281033 0.0 3
1782231281034 0.0 4
1782231281036 0.0 5
1782231281037 0.0 6
1782231281038 0.0 7
1782231281040 0.0 8
1782231281041 0.0 9
1782231281042 0.0 10
1782231281043 0.0 11
1782231281045 0.0 12
1782231281046 0.0 13
1782231281047 0.0 14
1782231281048 0.0 15
1782231281050 0.0 16
1782231281051 0.0 17
1782231281052 0.0 18
1782231281053 0.0 19
1782231281055 0.0 20
1782231281056 0.0 21
1782231281057 0.0 22
1782231281058 0.0 23
1782231281060 0.0 24
1782231281061 0.0 25
1782231281062 0.0 26
1782231281063 0.0 27
1782231281065 0.0 28
1782231281066 0.0 29
1782231281067 0.0 30
1782231281068 0.0 31
1782231281070 0.0 32
1782231281071 0.0 33
1782231281072 0.0 34
1782231281074 0.0 35
1782231281075 0.0 36
1782231281076 0.0 37
1782231281077 0.0 38
1782231281079 0.0 39
1782231281080 0.0 40
1782231281081 0.0 41
1782231281082 0.0 42
1782231281084 0.0 43
1782231281085 0.0 44
1782231281086 0.0 45
1782231281087 0.0 46
1782231281089 0.0 47
1782231281090 0.0 48
1782231281091 0.0 49
1782231281092 0.0 50
1782231281094 0.0 51
1782231281095 0.0 52
1782231281096 0.0 53
1782231281097 0.0 54
1782231281099 0.0 55
1782231281100 0.0 56
1782231281101 0.0 57
1782231281103 0.0 58
1782231281104 0.0 59
1782231281105 0.0 60
1782231281106 0.0 61
1782231281108 0.0 62
1782231281109 0.0 63
1782231281110 0.0 64
1782231281111 0.0 65
1782231281113 0.0 66
1782231281114 0.0 67
1782231281115 0.0 68
1782231281116 0.0 69
1782231281118 0.0 70
1782231281119 0.0 71
1782231281120 0.0 72
1782231281121 0.0 73
1782231281123 0.0 74
1782231281124 0.0 75
1782231281125 0.0 76
1782231281126 0.0 77
1782231281128 0.0 78
1782231281129 0.0 79
1782231281130 0.0 80
1782231281132 0.0 81
