1782231280928 0.0 1
1782231280930 0.0 2
1782231280931 0.0 3
1782231280932 0.0 4
1782231280934 0.0 5
1782231280935 0.0 6
1782231280936 0.0 7
1782231280938 0.0 8
1782231280939 0.0 9
1782231280940 0.0 10
1782231280941 0.0 11
1782231280943 0.0 12
1782231280944 0.0 13
1782231280945 0.0 14
1782231280946 0.0 15
1782231280948 0.0 16
1782231280949 0.0 17
1782231280950 0.0 18
1782231280951 0.0 19
1782231280953 0.0 20
1782231280954 0.0 21
1782231280955 0.0 22
1782231280956 0.0 23
1782231280958 0.0 24
1782231280959 0.0 25
1782231280960 0.0 26
1782231280962 0.0 27
1782231280963 0.0 28
1782231280964 0.0 29
1782231280965 0.0 30
1782231280966 0.0 31
1782231280968 0.0 32
1782231280969 0.0 33
1782231280970 0.0 34
1782231280972 0.0 35
1782231280973 0.0 36
1782231280974 0.0 37
1782231280975 0.0 38
1782231280977 0.0 39
1782231280978 0.0 40
1782231280979 0.0 41
1782231280980 0.0 42
1782231280982 0.0 43
1782231280983 0.0 44
1782231280984 0.0 45
1782231280985 0.0 46
1782231280987 0.0 47
1782231280988 0.0 48
1782231280989 0.0 49
1782231280990 0.0 50
1782231280992 0.0 51
1782231280993 0.0 52
1782231280994 0.0 53
1782231280995 0.0 54
1782231280997 0.0 55
1782231280998 0.0 56
1782231280999 0.0 57
1782231281000 0.0 58
1782231281002 0.0 59
1782231281003 0.0 60
1782231281004 0.0 61
1782231281006 0.0 62
1782231281007 0.0 63
1782231281008 0.0 64
1782231281009 0.0 65
1782231281011 0.0 66
1782231281012 0.0 67
1782231281013 0.0 68
1782231281014 0.0 69
1782231281016 0.0 70
1782231281017 0.0 71
1782231281018 0.0 72
1782231281019 0.0 73
1782231281021 0.0 74
1782231281022 0.0 75
1782231281023 0.0 76
1782231281024 0.0 77
1782231281026 0.0 78
1782231281027 0.0 79
1782231281028 0.0 80
1782231281029 0.0 81
