1780314199327 0.20589056856309373 1
1780314199328 0.07070100479759275 2
1780314199330 0.029178551584482192 3
1780314199331 0.01670331679439793 4
1780314199332 0.011125557052825268 5
1780314199333 0.008079910020266349 6
1780314199334 0.00619782293215394 7
1780314199336 0.005047861833008938 8
1780314199337 0.004375260132170903 9
1780314199338 0.0037899953759430597 10
1780314199339 0.0033807759483655293 11
1780314199340 0.0031240206638661525 12
1780314199342 0.0028787484630205047 13
1780314199343 0.0026828095084056257 14
1780314199344 0.002503412199924545 15
1780314199345 0.0024284042842433943 16
1780314199346 0.0022505633889522867 17
1780314199348 0.002123472126792573 18
1780314199349 0.002029453912352134 19
1780314199350 0.0019836570643140777 20
1780314199351 0.0018554941118054558 21
1780314199352 0.0018320633280382026 22
1780314199354 0.0017877612952967561 23
1780314199355 0.0017775090128755741 24
1780314199356 0.0016934773775574286 25
1780314199357 0.0016608605255896691 26
1780314199358 0.0016436726543664312 27
1780314199360 0.0015982513833781317 28
1780314199361 0.0015642267176493381 29
1780314199362 0.0015304361095331842 30
1780314199363 0.0015344631188781931 31
1780314199364 0.001553747301659314 32
1780314199366 0.0015463309429226987 33
1780314199367 0.0015163249256147538 34
1780314199368 0.0014880668622936355 35
1780314199369 0.0014427280694993291 36
1780314199370 0.0014211019028152806 37
1780314199372 0.001396803518703867 38
1780314199373 0.0014076240891881752 39
1780314199374 0.0013763739540687918 40
1780314199375 0.0013802716606733157 41
1780314199376 0.001371679157455219 42
1780314199378 0.0013494292325049173 43
1780314199379 0.001346278016474874 44
1780314199380 0.0013543902023836077 45
1780314199381 0.0013908886382220469 46
1780314199382 0.0013024758691244642 47
1780314199384 0.0012813770207988759 48
1780314199385 0.0013275340164909722 49
1780314199386 0.0012839564521830956 50
1780314199387 0.0012979281032433694 51
1780314199388 0.0013402322921441132 52
1780314199390 0.0012788253314890122 53
1780314199391 0.0012429431062628282 54
1780314199392 0.0012576155259012012 55
1780314199393 0.0012579854409826416 56
1780314199394 0.0012615669946171692 57
1780314199396 0.0013019499096723545 58
1780314199397 0.0012504701097592866 59
1780314199398 0.0011854903070343426 60
1780314199399 0.0011660992287337044 61
1780314199401 0.0011784488046638823 62
1780314199402 0.0011845406192757461 63
1780314199403 0.0011918997999600834 64
1780314199404 0.001174130973534678 65
1780314199405 0.0011785436987944802 66
1780314199407 0.0011408401194178926 67
1780314199408 0.0011560108431998136 68
1780314199409 0.0011417077613562773 69
1780314199410 0.0011657684157398763 70
1780314199411 0.0011705467879437493 71
1780314199413 0.0011591413528852475 72
1780314199414 0.0011131440462122555 73
1780314199415 0.0011256595375016333 74
1780314199416 0.0011632243669131034 75
