1780314195248 0.2836220610886812 1
1780314195251 0.2407172156125307 2
1780314195253 0.234865348264575 3
1780314195256 0.23260051541030408 4
1780314195258 0.23127842590212822 5
1780314195260 0.230297167673707 6
1780314195263 0.22924345277249814 7
1780314195265 0.22286648623645305 8
1780314195268 0.19065575405955315 9
1780314195270 0.14945388276129962 10
1780314195273 0.11553510788828135 11
1780314195275 0.09475638128817082 12
1780314195277 0.08020958181470633 13
1780314195280 0.06496373321861029 14
1780314195282 0.04889969453215599 15
1780314195285 0.03680247318930924 16
1780314195287 0.027414365522563457 17
1780314195289 0.02169685285538435 18
1780314195292 0.01801555645186454 19
1780314195294 0.015337445857003331 20
1780314195297 0.013286252301186323 21
1780314195299 0.011575015773996711 22
1780314195301 0.010120501073542983 23
1780314195304 0.008937512254342438 24
1780314195306 0.008040789174847305 25
1780314195309 0.007306406428106129 26
1780314195311 0.006520547301042825 27
1780314195313 0.0059064856544137 28
1780314195316 0.00540446589468047 29
1780314195318 0.00498764532036148 30
1780314195320 0.004647463880246505 31
1780314195323 0.0043140298698563125 32
1780314195325 0.003997827830025926 33
1780314195328 0.003752347936388105 34
1780314195330 0.0035239999438636004 35
1780314195332 0.003326390149304643 36
1780314195335 0.0031937499332707377 37
1780314195337 0.003027784146252088 38
1780314195340 0.002871130022685975 39
1780314195342 0.002741193298716098 40
1780314195344 0.0026176512852543964 41
1780314195347 0.0025581233634147794 42
1780314195349 0.0024591688107466324 43
1780314195352 0.0023932251369114966 44
1780314195354 0.0023048840556293727 45
1780314195356 0.002259120424569119 46
1780314195359 0.002198068450379651 47
1780314195361 0.0021217921740026213 48
1780314195363 0.0020612094082753172 49
1780314195366 0.0020335229247575625 50
1780314195368 0.0019879630848299713 51
1780314195371 0.001955810181389097 52
1780314195373 0.0018822401436045767 53
1780314195375 0.0018322474451269955 54
1780314195378 0.001808781047584489 55
1780314195380 0.0018056888671708292 56
1780314195383 0.00178284936628188 57
1780314195385 0.0017523969002650119 58
1780314195387 0.0017471111268969252 59
1780314195390 0.0017004568259289955 60
1780314195392 0.001690120238054078 61
1780314195394 0.001663626940717222 62
1780314195397 0.001656573052314343 63
1780314195399 0.00164296287795878 64
1780314195402 0.001615026476647472 65
1780314195404 0.00158914344094228 66
1780314195406 0.0015841200001887046 67
1780314195409 0.0015856716349662747 68
1780314195411 0.0016003422329958993 69
1780314195414 0.0015614574661594815 70
1780314195416 0.001541354193323059 71
1780314195418 0.001514769124914892 72
1780314195421 0.001503996118408395 73
1780314195423 0.0014857237455726136 74
1780314195425 0.0014870755550509785 75
1780314195428 0.0014863677691027987 76
1780314195430 0.0014955948294664268 77
1780314195433 0.0014735560823464766 78
1780314195435 0.0014645725958689583 79
1780314195437 0.0014567670237738638 80
1780314195440 0.0014611462665197906 81
1780314195442 0.001474944988876814 82
1780314195444 0.0014790257089043735 83
1780314195447 0.0014672321811667643 84
1780314195449 0.0014260242239834042 85
1780314195452 0.0014142824152077083 86
1780314195454 0.001400285024792538 87
1780314195456 0.0013886644869489828 88
1780314195459 0.0013845476415735901 89
1780314195461 0.001394435093679931 90
1780314195463 0.0013861676272790646 91
1780314195466 0.0013826025622256566 92
1780314195468 0.0013517844602756667 93
1780314195471 0.0013184736306720878 94
1780314195473 0.0013099984883592696 95
1780314195475 0.0013027659356885123 96
1780314195478 0.0013011254843877395 97
1780314195480 0.0012977423396660014 98
1780314195482 0.001294841986746178 99
1780314195485 0.001293459690277814 100
1780314195487 0.001295779101201333 101
1780314195490 0.001284328275869484 102
1780314195492 0.0012754863203736022 103
