1784031626200 0.0 1
1784031626201 0.0 2
1784031626203 0.0 3
1784031626205 0.0 4
1784031626206 0.0 5
1784031626208 0.0 6
1784031626210 0.0 7
1784031626211 0.0 8
1784031626213 0.0 9
1784031626215 0.0 10
1784031626216 0.0 11
1784031626218 0.0 12
1784031626220 0.0 13
1784031626221 0.0 14
1784031626223 0.0 15
1784031626225 0.0 16
1784031626226 0.0 17
1784031626243 0.0 18
1784031626244 0.0 19
1784031626246 0.0 20
1784031626248 0.0 21
1784031626249 0.0 22
1784031626251 0.0 23
1784031626253 0.0 24
1784031626254 0.0 25
1784031626256 0.0 26
1784031626258 0.0 27
1784031626259 0.0 28
1784031626261 0.0 29
1784031626263 0.0 30
1784031626264 0.0 31
1784031626266 0.0 32
1784031626268 0.0 33
1784031626269 0.0 34
1784031626271 0.0 35
1784031626273 0.0 36
1784031626274 0.0 37
1784031626276 0.0 38
1784031626278 0.0 39
1784031626279 0.0 40
1784031626281 0.0 41
1784031626282 0.0 42
1784031626284 0.0 43
1784031626286 0.0 44
1784031626287 0.0 45
1784031626289 0.0 46
1784031626291 0.0 47
1784031626292 0.0 48
1784031626294 0.0 49
1784031626296 0.0 50
1784031626297 0.0 51
1784031626299 0.0 52
1784031626301 0.0 53
1784031626302 0.0 54
1784031626304 0.0 55
1784031626306 0.0 56
1784031626307 0.0 57
1784031626309 0.0 58
1784031626310 0.0 59
1784031626312 0.0 60
1784031626314 0.0 61
1784031626315 0.0 62
1784031626317 0.0 63
1784031626319 0.0 64
1784031626320 0.0 65
1784031626322 0.0 66
1784031626324 0.0 67
1784031626325 0.0 68
1784031626327 0.0 69
1784031626329 0.0 70
1784031626330 0.0 71
1784031626332 0.0 72
1784031626334 0.0 73
1784031626335 0.0 74
1784031626337 0.0 75
1784031626339 0.0 76
1784031626340 0.0 77
1784031626342 0.0 78
1784031626344 0.0 79
1784031626345 0.0 80
1784031626347 0.0 81
1784031626348 0.0 82
1784031626350 0.0 83
1784031626352 0.0 84
1784031626353 0.0 85
1784031626355 0.0 86
1784031626357 0.0 87
1784031626359 0.0 88
1784031626360 0.0 89
1784031626362 0.0 90
1784031626363 0.0 91
1784031626365 0.0 92
1784031626367 0.0 93
1784031626368 0.0 94
1784031626370 0.0 95
1784031626372 0.0 96
1784031626373 0.0 97
1784031626375 0.0 98
1784031626377 0.0 99
1784031626378 0.0 100
1784031626380 0.0 101
1784031626382 0.0 102
1784031626383 0.0 103
1784031626385 0.0 104
1784031626387 0.0 105
1784031626388 0.0 106
1784031626390 0.0 107
1784031626392 0.0 108
1784031626393 0.0 109
1784031626395 0.0 110
1784031626396 0.0 111
1784031626398 0.0 112
1784031626400 0.0 113
1784031626401 0.0 114
1784031626403 0.0 115
1784031626405 0.0 116
1784031626406 0.0 117
1784031626408 0.0 118
1784031626410 0.0 119
1784031626411 0.0 120
1784031626413 0.0 121
