1780314200114 0.15585480521743497 1
1780314200115 0.05086783732598026 2
1780314200116 0.02342888784284393 3
1780314200118 0.013742534393289436 4
1780314200119 0.009473820533215379 5
1780314200120 0.007098049127186338 6
1780314200122 0.005521296509929622 7
1780314200123 0.0045832150062778965 8
1780314200124 0.003923214743069062 9
1780314200126 0.0034443843993358313 10
1780314200127 0.0031008253844144445 11
1780314200128 0.002845295194614058 12
1780314200129 0.002575929711262385 13
1780314200131 0.0024378553547042734 14
1780314200132 0.0022133713272827057 15
1780314200133 0.002100784575547247 16
1780314200134 0.002027799762678721 17
1780314200135 0.0019237115690581656 18
1780314200137 0.0019144264369970188 19
1780314200138 0.0018461622489364042 20
1780314200139 0.0017689667649392505 21
1780314200140 0.0016844016485265457 22
1780314200141 0.0016611425233956348 23
1780314200143 0.0016671748367419544 24
1780314200144 0.0016260795717244036 25
1780314200145 0.0015627717145738037 26
1780314200146 0.0015198177489461765 27
1780314200147 0.001513806459843181 28
1780314200149 0.0015372610522414712 29
1780314200150 0.0014492308523282797 30
1780314200151 0.0014128104267001618 31
1780314200152 0.0015210683637027008 32
1780314200153 0.0013688474464288447 33
1780314200155 0.0013642858153616543 34
1780314200156 0.0014105342826951528 35
1780314200157 0.001374772009512526 36
1780314200158 0.0014433988198409983 37
1780314200159 0.0013617042304758797 38
1780314200161 0.0013137773881680913 39
1780314200162 0.0012938798528314996 40
1780314200163 0.0012726046471167743 41
1780314200164 0.0012967359282508065 42
1780314200165 0.0012694157660007477 43
1780314200167 0.0013333453881690124 44
1780314200168 0.0012685429235716583 45
1780314200169 0.001238601334383323 46
1780314200171 0.001218545549272676 47
1780314200172 0.0012499108376990383 48
1780314200173 0.0012633227604965213 49
1780314200175 0.0011884257251949747 50
1780314200176 0.0011706601530022454 51
1780314200177 0.0011725294648689062 52
1780314200178 0.0011711782378066953 53
1780314200180 0.0012254413961272804 54
1780314200181 0.0011888233481537707 55
1780314200182 0.0011400590214786159 56
1780314200184 0.0011632202871624032 57
1780314200185 0.0011624334159326584 58
1780314200186 0.0011661567228050747 59
1780314200188 0.0011346682966783797 60
1780314200189 0.0011442502048036355 61
1780314200190 0.0010823795729569005 62
1780314200192 0.001069784365790838 63
1780314200193 0.0010827632268046727 64
1780314200194 0.0011126513675359698 65
1780314200195 0.0011090899262853782 66
1780314200197 0.001092587560985218 67
1780314200198 0.001082198948461155 68
1780314200199 0.0010677962413562152 69
1780314200200 0.0010781976619303653 70
1780314200202 0.0011094120625784853 71
1780314200203 0.0010730695711269314 72
1780314200204 0.0010476330920937472 73
1780314200205 0.001037261667746255 74
1780314200206 0.0010298641164505776 75
