1782742731201 0.0 1
1782742731202 0.0 2
1782742731203 0.0 3
1782742731204 0.0 4
1782742731205 0.0 5
1782742731206 0.0 6
1782742731207 0.0 7
1782742731208 0.0 8
1782742731209 0.0 9
1782742731210 0.0 10
1782742731211 0.0 11
1782742731212 0.0 12
1782742731213 0.0 13
1782742731214 0.0 14
1782742731215 0.0 15
1782742731216 0.0 16
1782742731217 0.0 17
1782742731218 0.0 18
1782742731218 0.0 19
1782742731219 0.0 20
1782742731220 0.0 21
1782742731221 0.0 22
1782742731223 0.0 23
1782742731224 0.0 24
1782742731225 0.0 25
1782742731226 0.0 26
1782742731227 0.0 27
1782742731228 0.0 28
1782742731228 0.0 29
1782742731229 0.0 30
1782742731230 0.0 31
1782742731231 0.0 32
1782742731232 0.0 33
1782742731233 0.0 34
1782742731234 0.0 35
1782742731235 0.0 36
1782742731236 0.0 37
1782742731237 0.0 38
1782742731239 0.0 39
1782742731240 0.0 40
1782742731241 0.0 41
1782742731242 0.0 42
1782742731243 0.0 43
1782742731244 0.0 44
1782742731244 0.0 45
1782742731245 0.0 46
1782742731246 0.0 47
1782742731247 0.0 48
1782742731248 0.0 49
1782742731249 0.0 50
1782742731250 0.0 51
1782742731251 0.0 52
1782742731252 0.0 53
1782742731253 0.0 54
1782742731255 0.0 55
1782742731256 0.0 56
1782742731257 0.0 57
1782742731258 0.0 58
1782742731259 0.0 59
1782742731260 0.0 60
1782742731260 0.0 61
1782742731261 0.0 62
1782742731262 0.0 63
1782742731263 0.0 64
1782742731264 0.0 65
1782742731265 0.0 66
1782742731266 0.0 67
1782742731267 0.0 68
1782742731268 0.0 69
1782742731269 0.0 70
1782742731270 0.0 71
1782742731271 0.0 72
1782742731272 0.0 73
1782742731273 0.0 74
1782742731274 0.0 75
1782742731275 0.0 76
1782742731276 0.0 77
1782742731277 0.0 78
1782742731277 0.0 79
1782742731278 0.0 80
1782742731279 0.0 81
1782742731280 0.0 82
1782742731281 0.0 83
1782742731282 0.0 84
1782742731283 0.0 85
1782742731284 0.0 86
1782742731285 0.0 87
1782742731286 0.0 88
1782742731287 0.0 89
1782742731288 0.0 90
