1782742730911 0.17247044268995523 1
1782742730913 0.04613572663627565 2
1782742730914 0.015111196839716285 3
1782742730915 0.007105174937751144 4
1782742730916 0.00476873765932396 5
1782742730917 0.003652449749642983 6
1782742730918 0.002881935182958841 7
1782742730919 0.002433868016814813 8
1782742730921 0.002184751339373179 9
1782742730922 0.0019363411676022223 10
1782742730923 0.0018534187847399153 11
1782742730924 0.0016807478925329633 12
1782742730925 0.0017026148876175284 13
1782742730926 0.001473813549237093 14
1782742730927 0.0014821903975098395 15
1782742730928 0.001356083968275925 16
1782742730930 0.0013084551195788664 17
1782742730931 0.001333578042249428 18
1782742730932 0.0012380503592430614 19
1782742730933 0.0012773246102733538 20
1782742730934 0.0011536470826831646 21
1782742730935 0.00112505220255116 22
1782742730936 0.0010346905948244967 23
1782742730937 0.0010252061509527265 24
1782742730938 0.0010543342741584638 25
1782742730939 0.0010198375988693443 26
1782742730941 0.0010286745692428666 27
1782742730942 0.0010994768110685982 28
1782742730943 0.0008786110929213465 29
1782742730944 0.000870395759047824 30
1782742730945 0.0008673117891157744 31
1782742730946 0.0008329916353977751 32
1782742730947 0.0008110460887110094 33
1782742730948 0.0008197964175633387 34
1782742730949 0.0007940850657178089 35
1782742730951 0.0008301276661222801 36
1782742730952 0.0008014083118905546 37
1782742730953 0.0008120682281878545 38
1782742730954 0.0007951392406539525 39
1782742730955 0.0007586124855879461 40
1782742730956 0.0007712154561886564 41
1782742730957 0.0009135300663183443 42
1782742730958 0.0007958048581349431 43
1782742730959 0.0006934623126289807 44
1782742730960 0.0006822655101132114 45
1782742730962 0.0006620714657765347 46
1782742730963 0.0006464495822729077 47
1782742730964 0.0007454970578692155 48
1782742730965 0.0007448373454826651 49
1782742730966 0.0006907531766046304 50
1782742730967 0.0006447540633234893 51
1782742730968 0.0006112072475661989 52
1782742730969 0.0005995919778797543 53
1782742730970 0.0005695357380318455 54
1782742730972 0.0005757190915755927 55
1782742730973 0.0005667168776562903 56
1782742730974 0.0005431224594940431 57
1782742730975 0.0006096651548432419 58
1782742730976 0.0006485672372218687 59
1782742730977 0.0005464231880250736 60
1782742730978 0.0004710410314146429 61
1782742730979 0.0004463550157379359 62
1782742730980 0.00043442615929961903 63
1782742730981 0.00042523405129031745 64
1782742730983 0.0004181987579795532 65
1782742730984 0.00041282498918008057 66
1782742730985 0.0004111860631746822 67
1782742730986 0.00040363605025049763 68
1782742730987 0.000391677561783581 69
1782742730988 0.00038708776115527145 70
1782742730989 0.0003837040287180571 71
1782742730990 0.0003813341811110149 72
1782742730991 0.00037994454767613205 73
1782742730993 0.00037875181762501596 74
1782742730994 0.000373066729043785 75
1782742730995 0.00036696148472401544 76
1782742730996 0.0003643775160526275 77
1782742730997 0.00036222576771251626 78
1782742730998 0.00036050797683856217 79
1782742730999 0.0003585155764085357 80
1782742731000 0.00035671946749062046 81
1782742731001 0.0003535683759764652 82
1782742731002 0.0003520658126944909 83
1782742731004 0.0003509504564863164 84
1782742731005 0.0003498961410150514 85
1782742731006 0.00034879591825301757 86
1782742731007 0.00034774592953908725 87
1782742731008 0.00034660673391044837 88
1782742731009 0.00034465667195036074 89
1782742731010 0.0003440256342219072 90
