1780314200694 0.13441197546198963 1
1780314200695 0.05220239592405657 2
1780314200696 0.025782021468815704 3
1780314200697 0.015010095612766842 4
1780314200699 0.00999569483489419 5
1780314200700 0.007433416727387036 6
1780314200701 0.0057032788802947225 7
1780314200702 0.004651527465709174 8
1780314200703 0.003975523862754926 9
1780314200705 0.003434234071270718 10
1780314200706 0.0030400176736293362 11
1780314200707 0.002856416446835889 12
1780314200708 0.0026016266740043646 13
1780314200710 0.0023866000168103105 14
1780314200711 0.0022717967663387147 15
1780314200712 0.0021134343563365596 16
1780314200713 0.0020261048962614344 17
1780314200714 0.0019190089937183076 18
1780314200716 0.0019020124069356824 19
1780314200717 0.0017995264257478993 20
1780314200718 0.001821050748064105 21
1780314200719 0.0017838390075970286 22
1780314200720 0.0016472382477028683 23
1780314200722 0.0015729828395706137 24
1780314200723 0.001541100803054481 25
1780314200724 0.0015201209207589272 26
1780314200725 0.0015339551087284538 27
1780314200727 0.0015061549822955082 28
1780314200728 0.0014734891208111852 29
1780314200729 0.0013906024910587196 30
1780314200730 0.0013888264121002672 31
1780314200731 0.0013995002027513692 32
1780314200733 0.0013726286205686241 33
1780314200734 0.0013577065317804226 34
1780314200735 0.001331624123910539 35
1780314200736 0.0013460897589538945 36
1780314200738 0.001311943789854316 37
1780314200739 0.0013173042047734877 38
1780314200740 0.0013503514355761581 39
1780314200741 0.0012909224424826485 40
1780314200742 0.00126415979017717 41
1780314200744 0.0012982080255824258 42
1780314200745 0.001260339691119346 43
1780314200746 0.0012254470550639477 44
1780314200747 0.0012224046286670879 45
1780314200749 0.0012222000155209874 46
1780314200750 0.0012333270001666581 47
1780314200751 0.0012303721263378976 48
1780314200752 0.0011751569434636621 49
1780314200753 0.0011573939882509876 50
1780314200755 0.0011515517262523645 51
1780314200756 0.0011785389696039297 52
1780314200757 0.0011706165917227433 53
1780314200758 0.0011868383539573794 54
1780314200759 0.001210132147753029 55
1780314200761 0.0011799975040654924 56
1780314200762 0.0011700872808432905 57
1780314200763 0.0011265599983137993 58
1780314200764 0.001108299439692928 59
1780314200765 0.0011351247852871894 60
1780314200767 0.0011138147665405995 61
1780314200768 0.001114986263382889 62
1780314200769 0.0011093067324206155 63
1780314200770 0.0011022603801999745 64
1780314200772 0.0011570876523668025 65
1780314200773 0.001146686671563657 66
1780314200774 0.0010795514376392627 67
1780314200775 0.0010777072032093808 68
1780314200776 0.0010666103504263446 69
1780314200778 0.0010424227756326823 70
1780314200779 0.0010458906969385378 71
1780314200780 0.0010273584459961663 72
1780314200781 0.0010319488932509558 73
1780314200782 0.001075035980102257 74
1780314200784 0.0011887158187770788 75
