1782238936793 0.14183610673993827 1
1782238936795 0.047604586398229 2
1782238936796 0.022601702664978802 3
1782238936797 0.013621789505705237 4
1782238936798 0.009220661325380207 5
1782238936800 0.006786990561522543 6
1782238936801 0.0053045978711452335 7
1782238936802 0.004341680079232901 8
1782238936803 0.0037312619818840177 9
1782238936805 0.003296006449381821 10
1782238936806 0.0029470209823921323 11
1782238936807 0.0027109767013462262 12
1782238936809 0.002488943432108499 13
1782238936810 0.002296198314870708 14
1782238936811 0.0021408626378979535 15
1782238936812 0.002031078218133189 16
1782238936814 0.0019586462443112397 17
1782238936815 0.0018621610381524079 18
1782238936816 0.001775616188242566 19
1782238936817 0.0017083372137858533 20
1782238936819 0.0016792368199094198 21
1782238936820 0.0016243987751659006 22
1782238936821 0.0015513688043574802 23
1782238936822 0.0015088597535213922 24
1782238936824 0.0015161513911152724 25
1782238936825 0.0014925533220230137 26
1782238936826 0.0014381871848308948 27
1782238936827 0.0013998524635098874 28
1782238936829 0.001383135239739204 29
1782238936830 0.001346860823832685 30
1782238936831 0.0013107140982174315 31
1782238936832 0.0013009903315105474 32
1782238936834 0.0013272654690081253 33
1782238936835 0.0013138353446265683 34
1782238936836 0.0012942867788660805 35
1782238936838 0.0012710387783590705 36
1782238936839 0.0012409600195678648 37
1782238936840 0.0011993568011530442 38
1782238936841 0.001174548133421922 39
1782238936843 0.001199790081809624 40
1782238936844 0.0012312884671700885 41
1782238936845 0.0011984276340081125 42
1782238936846 0.001171644875576021 43
1782238936848 0.0011436427051376085 44
1782238936849 0.001129324809589889 45
1782238936850 0.0011601878805231535 46
1782238936851 0.0011318173020117683 47
1782238936853 0.0010943277180922451 48
1782238936854 0.001066586014276254 49
1782238936855 0.0010890042025857838 50
1782238936856 0.001088885135250166 51
1782238936858 0.0010205353526544058 52
1782238936859 0.0009756693958479446 53
1782238936860 0.000956460861780215 54
1782238936861 0.00094595729620778 55
1782238936863 0.000939013441966381 56
1782238936864 0.0009318881572107784 57
1782238936865 0.0009271454982081195 58
1782238936866 0.0009114884317386895 59
1782238936868 0.0009027334408165189 60
1782238936869 0.0008978295745328069 61
1782238936870 0.0008940003522729966 62
1782238936871 0.0008899154009850463 63
1782238936873 0.0008865281812904868 64
1782238936874 0.0008839750104380073 65
1782238936875 0.000875054625357734 66
1782238936876 0.000870280757008004 67
1782238936878 0.0008679432112694485 68
1782238936879 0.0008653094033070374 69
1782238936880 0.000863397910434287 70
1782238936882 0.0008609095928113675 71
1782238936883 0.0008587301694205962 72
1782238936884 0.000853875982502359 73
1782238936885 0.0008517587223468581 74
