1782238936979 0.0 1
1782238936980 0.0 2
1782238936982 0.0 3
1782238936983 0.0 4
1782238936984 0.0 5
1782238936985 0.0 6
1782238936987 0.0 7
1782238936988 0.0 8
1782238936989 0.0 9
1782238936990 0.0 10
1782238936992 0.0 11
1782238936993 0.0 12
1782238936994 0.0 13
1782238936995 0.0 14
1782238936997 0.0 15
1782238936998 0.0 16
1782238936999 0.0 17
1782238937000 0.0 18
1782238937002 0.0 19
1782238937003 0.0 20
1782238937004 0.0 21
1782238937005 0.0 22
1782238937006 0.0 23
1782238937008 0.0 24
1782238937009 0.0 25
1782238937010 0.0 26
1782238937011 0.0 27
1782238937012 0.0 28
1782238937013 0.0 29
1782238937014 0.0 30
1782238937016 0.0 31
1782238937017 0.0 32
1782238937018 0.0 33
1782238937019 0.0 34
1782238937020 0.0 35
1782238937021 0.0 36
1782238937022 0.0 37
1782238937023 0.0 38
1782238937025 0.0 39
1782238937026 0.0 40
1782238937027 0.0 41
1782238937028 0.0 42
1782238937029 0.0 43
1782238937030 0.0 44
1782238937031 0.0 45
1782238937032 0.0 46
1782238937033 0.0 47
1782238937035 0.0 48
1782238937036 0.0 49
1782238937037 0.0 50
1782238937038 0.0 51
1782238937039 0.0 52
1782238937040 0.0 53
1782238937041 0.0 54
1782238937042 0.0 55
1782238937043 0.0 56
1782238937044 0.0 57
1782238937045 0.0 58
1782238937046 0.0 59
1782238937047 0.0 60
1782238937048 0.0 61
1782238937050 0.0 62
1782238937051 0.0 63
1782238937052 0.0 64
1782238937053 0.0 65
1782238937055 0.0 66
1782238937056 0.0 67
1782238937057 0.0 68
1782238937058 0.0 69
1782238937059 0.0 70
1782238937060 0.0 71
1782238937061 0.0 72
1782238937062 0.0 73
1782238937063 0.0 74
