1782552688180 0.0 1
1782552688181 0.0 2
1782552688183 0.0 3
1782552688184 0.0 4
1782552688185 0.0 5
1782552688186 0.0 6
1782552688187 0.0 7
1782552688188 0.0 8
1782552688189 0.0 9
1782552688190 0.0 10
1782552688191 0.0 11
1782552688192 0.0 12
1782552688193 0.0 13
1782552688194 0.0 14
1782552688195 0.0 15
1782552688196 0.0 16
1782552688197 0.0 17
1782552688198 0.0 18
1782552688199 0.0 19
1782552688200 0.0 20
1782552688201 0.0 21
1782552688202 0.0 22
1782552688203 0.0 23
1782552688205 0.0 24
1782552688206 0.0 25
1782552688207 0.0 26
1782552688208 0.0 27
1782552688209 0.0 28
1782552688210 0.0 29
1782552688211 0.0 30
1782552688212 0.0 31
1782552688213 0.0 32
1782552688214 0.0 33
1782552688215 0.0 34
1782552688216 0.0 35
1782552688217 0.0 36
1782552688218 0.0 37
1782552688219 0.0 38
1782552688220 0.0 39
1782552688221 0.0 40
1782552688222 0.0 41
1782552688223 0.0 42
1782552688224 0.0 43
1782552688225 0.0 44
1782552688226 0.0 45
1782552688227 0.0 46
1782552688229 0.0 47
1782552688230 0.0 48
1782552688231 0.0 49
1782552688232 0.0 50
1782552688233 0.0 51
1782552688234 0.0 52
1782552688235 0.0 53
1782552688236 0.0 54
1782552688237 0.0 55
1782552688238 0.0 56
1782552688239 0.0 57
1782552688240 0.0 58
1782552688241 0.0 59
1782552688242 0.0 60
1782552688243 0.0 61
1782552688244 0.0 62
1782552688245 0.0 63
1782552688246 0.0 64
1782552688247 0.0 65
1782552688248 0.0 66
1782552688250 0.0 67
1782552688251 0.0 68
1782552688252 0.0 69
1782552688253 0.0 70
1782552688254 0.0 71
