1782552688255 0.0 1
1782552688256 0.0 2
1782552688257 0.0 3
1782552688258 0.0 4
1782552688259 0.0 5
1782552688260 0.0 6
1782552688261 0.0 7
1782552688262 0.0 8
1782552688262 0.0 9
1782552688263 0.0 10
1782552688264 0.0 11
1782552688265 0.0 12
1782552688266 0.0 13
1782552688267 0.0 14
1782552688268 0.0 15
1782552688269 0.0 16
1782552688270 0.0 17
1782552688271 0.0 18
1782552688272 0.0 19
1782552688272 0.0 20
1782552688273 0.0 21
1782552688274 0.0 22
1782552688275 0.0 23
1782552688276 0.0 24
1782552688277 0.0 25
1782552688278 0.0 26
1782552688279 0.0 27
1782552688280 0.0 28
1782552688281 0.0 29
1782552688282 0.0 30
1782552688283 0.0 31
1782552688284 0.0 32
1782552688285 0.0 33
1782552688286 0.0 34
1782552688287 0.0 35
1782552688288 0.0 36
1782552688290 0.0 37
1782552688291 0.0 38
1782552688292 0.0 39
1782552688293 0.0 40
1782552688294 0.0 41
1782552688295 0.0 42
1782552688296 0.0 43
1782552688297 0.0 44
1782552688298 0.0 45
1782552688299 0.0 46
1782552688300 0.0 47
1782552688301 0.0 48
1782552688302 0.0 49
1782552688303 0.0 50
1782552688304 0.0 51
1782552688305 0.0 52
1782552688306 0.0 53
1782552688307 0.0 54
1782552688308 0.0 55
1782552688309 0.0 56
1782552688310 0.0 57
1782552688311 0.0 58
1782552688311 0.0 59
1782552688312 0.0 60
1782552688314 0.0 61
1782552688315 0.0 62
1782552688316 0.0 63
1782552688317 0.0 64
1782552688318 0.0 65
1782552688319 0.0 66
1782552688320 0.0 67
1782552688321 0.0 68
1782552688322 0.0 69
1782552688323 0.0 70
1782552688324 0.0 71
