1783888022667 0.14580906327813864 1
1783888022668 0.06262726673856378 2
1783888022670 0.027566573852673172 3
1783888022671 0.015456631053239108 4
1783888022673 0.01019747568294406 5
1783888022674 0.007514950325712561 6
1783888022676 0.005851362962275743 7
1783888022677 0.004803303886437789 8
1783888022678 0.004043623571051285 9
1783888022680 0.0035353450913680716 10
1783888022681 0.003135507302940823 11
1783888022683 0.0028048306779237466 12
1783888022684 0.002616365634603426 13
1783888022686 0.0024272520796512253 14
1783888022687 0.0022802785292151385 15
1783888022689 0.0021232978807529434 16
1783888022690 0.0020429622079245744 17
1783888022691 0.0019473571496200748 18
1783888022693 0.0019018548741587438 19
1783888022694 0.0018682369599991944 20
1783888022696 0.0017762916247011163 21
1783888022697 0.0017305882814980579 22
1783888022699 0.001667714226350654 23
1783888022700 0.001636891162779648 24
1783888022701 0.001619774167338619 25
1783888022703 0.0015803807188058273 26
1783888022704 0.0015443698572926224 27
1783888022706 0.0015020636415283661 28
1783888022707 0.0014965847638086416 29
1783888022709 0.0014769247543881647 30
1783888022710 0.0014526790517265908 31
1783888022711 0.001432818338071229 32
1783888022713 0.001422949693951523 33
1783888022714 0.0013800223969155923 34
1783888022716 0.0013533043531060685 35
1783888022717 0.001362625950423535 36
1783888022719 0.0013318915076524717 37
1783888022720 0.0012997113034361974 38
1783888022722 0.0012791589918924727 39
1783888022723 0.0012345564723364078 40
1783888022724 0.0012237808332429267 41
1783888022726 0.0012125925400323467 42
1783888022727 0.0012110463291173802 43
1783888022729 0.0011456768197240308 44
1783888022730 0.001120162457227707 45
1783888022732 0.0011065810644504382 46
1783888022733 0.0010975899008917622 47
1783888022734 0.0010834188431181246 48
1783888022736 0.0010665760750998743 49
1783888022737 0.001058497351987171 50
1783888022739 0.0010496278762002476 51
1783888022740 0.0010565708232752513 52
1783888022742 0.0010423257979709887 53
1783888022743 0.001032403075005277 54
1783888022744 0.0010209610571473603 55
1783888022746 0.0010199676617776276 56
1783888022747 0.0009999670399702153 57
1783888022749 0.0010048712069692556 58
1783888022750 0.000998487013275735 59
1783888022752 0.000977540739477263 60
1783888022753 0.0009576706517691492 61
1783888022754 0.0009724638285115361 62
1783888022756 0.000958094457309926 63
1783888022757 0.0009456608362961561 64
1783888022759 0.0009520501883525867 65
1783888022760 0.0009453217966802186 66
1783888022762 0.000943675986272865 67
1783888022763 0.0009382619288226124 68
1783888022765 0.0009356304911489133 69
1783888022766 0.0009319237914314726 70
1783888022767 0.0009309924524131929 71
1783888022769 0.0009249395927326987 72
1783888022770 0.0009260858289781026 73
1783888022772 0.0009237564171053237 74
1783888022773 0.0009176046135689831 75
1783888022775 0.0009208385700912913 76
1783888022776 0.0009181775542674586 77
1783888022777 0.0009140778769506141 78
1783888022779 0.000913822420334327 79
1783888022780 0.0009150018193031428 80
1783888022782 0.0009119342450867407 81
1783888022783 0.0009066324683954008 82
1783888022785 0.0009119604378793156 83
1783888022786 0.0009062593402632046 84
1783888022787 0.0009020611084997654 85
1783888022789 0.0009057995570037747 86
1783888022790 0.0009054211150214542 87
1783888022792 0.0009065776153147453 88
