1783888023044 0.0 1
1783888023045 0.0 2
1783888023047 0.0 3
1783888023048 0.0 4
1783888023050 0.0 5
1783888023051 0.0 6
1783888023053 0.0 7
1783888023054 0.0 8
1783888023055 0.0 9
1783888023057 0.0 10
1783888023058 0.0 11
1783888023060 0.0 12
1783888023061 0.0 13
1783888023063 0.0 14
1783888023064 0.0 15
1783888023065 0.0 16
1783888023067 0.0 17
1783888023068 0.0 18
1783888023070 0.0 19
1783888023071 0.0 20
1783888023073 0.0 21
1783888023074 0.0 22
1783888023075 0.0 23
1783888023077 0.0 24
1783888023078 0.0 25
1783888023080 0.0 26
1783888023081 0.0 27
1783888023082 0.0 28
1783888023084 0.0 29
1783888023085 0.0 30
1783888023087 0.0 31
1783888023088 0.0 32
1783888023090 0.0 33
1783888023091 0.0 34
1783888023093 0.0 35
1783888023094 0.0 36
1783888023095 0.0 37
1783888023097 0.0 38
1783888023098 0.0 39
1783888023100 0.0 40
1783888023101 0.0 41
1783888023102 0.0 42
1783888023104 0.0 43
1783888023105 0.0 44
1783888023107 0.0 45
1783888023108 0.0 46
1783888023110 0.0 47
1783888023111 0.0 48
1783888023113 0.0 49
1783888023114 0.0 50
1783888023115 0.0 51
1783888023117 0.0 52
1783888023118 0.0 53
1783888023120 0.0 54
1783888023121 0.0 55
1783888023123 0.0 56
1783888023124 0.0 57
1783888023125 0.0 58
1783888023127 0.0 59
1783888023128 0.0 60
1783888023130 0.0 61
1783888023131 0.0 62
1783888023133 0.0 63
1783888023134 0.0 64
1783888023135 0.0 65
1783888023137 0.0 66
1783888023138 0.0 67
1783888023140 0.0 68
1783888023141 0.0 69
1783888023143 0.0 70
1783888023144 0.0 71
1783888023145 0.0 72
1783888023147 0.0 73
1783888023148 0.0 74
1783888023150 0.0 75
1783888023151 0.0 76
1783888023153 0.0 77
1783888023154 0.0 78
1783888023155 0.0 79
1783888023157 0.0 80
1783888023158 0.0 81
1783888023160 0.0 82
1783888023161 0.0 83
1783888023162 0.0 84
1783888023164 0.0 85
1783888023165 0.0 86
1783888023167 0.0 87
1783888023168 0.0 88
