1782224819313 0.2276916678994894 1
1782224819314 0.08878292473033071 2
1782224819315 0.036110671190544966 3
1782224819317 0.018376946947537363 4
1782224819318 0.01154837493551895 5
1782224819319 0.008268376041669398 6
1782224819321 0.0066341494186781345 7
1782224819322 0.0052934188942890615 8
1782224819323 0.004690062137087807 9
1782224819324 0.004039261918514967 10
1782224819326 0.0035218808619538323 11
1782224819327 0.003148182410513982 12
1782224819328 0.0029218738316558303 13
1782224819329 0.0027333586820168423 14
1782224819331 0.002568830084055662 15
1782224819332 0.0023884879023535178 16
1782224819333 0.002339922685059719 17
1782224819334 0.0021660028712358324 18
1782224819336 0.002092577270814218 19
1782224819337 0.001974165934952907 20
1782224819338 0.0019367144809802994 21
1782224819339 0.0018897534976713359 22
1782224819341 0.0018219210996176117 23
1782224819342 0.001715872200729791 24
1782224819343 0.0017452988860895858 25
1782224819344 0.0017508166319748853 26
1782224819346 0.0016195234774204438 27
1782224819347 0.0015789009221771266 28
1782224819348 0.001525216017907951 29
1782224819349 0.0014552464304142631 30
1782224819351 0.0014777613038313576 31
1782224819352 0.001570896026387345 32
1782224819353 0.00154745869411272 33
1782224819354 0.0015337192437436897 34
1782224819356 0.0014563168086169753 35
1782224819357 0.0014162692050740588 36
1782224819358 0.0013225034010247328 37
1782224819359 0.0012350733829225647 38
1782224819361 0.0012079585275932914 39
1782224819362 0.0011884178928448818 40
1782224819363 0.001173299949077773 41
1782224819364 0.0011603304652089718 42
1782224819366 0.0011507609636464621 43
1782224819367 0.00115034376794938 44
1782224819368 0.0011588237179239514 45
1782224819369 0.0011570269799995004 46
1782224819371 0.001168850423346157 47
1782224819372 0.0011880981302965666 48
1782224819373 0.0011427347841527081 49
1782224819374 0.0011192880692397012 50
1782224819376 0.0010957900799257914 51
1782224819377 0.0010883491260756273 52
1782224819378 0.001096472967255977 53
1782224819379 0.001082126772889751 54
1782224819381 0.00104741530289175 55
1782224819382 0.001019516208107234 56
1782224819383 0.0010068693241191795 57
1782224819384 0.0010013831598917023 58
1782224819386 0.0009947300832573091 59
1782224819387 0.0009890814003301785 60
1782224819388 0.0009843787914724088 61
1782224819389 0.0009729273147968343 62
1782224819391 0.0009650575612613466 63
1782224819392 0.0009614909879746847 64
1782224819393 0.0009576723195641535 65
1782224819394 0.0009549545829941053 66
1782224819396 0.000952165914059151 67
1782224819397 0.000949014131911099 68
1782224819398 0.0009415303585410584 69
1782224819399 0.000938318725238787 70
1782224819401 0.0009367562316037947 71
1782224819402 0.0009350285319669638 72
1782224819403 0.0009328326992545044 73
1782224819404 0.0009312897113704821 74
1782224819406 0.0009294396124460036 75
1782224819407 0.0009255723830574425 76
1782224819408 0.0009239835603511892 77
