1782224819506 0.0 1
1782224819507 0.0 2
1782224819508 0.0 3
1782224819509 0.0 4
1782224819511 0.0 5
1782224819512 0.0 6
1782224819513 0.0 7
1782224819514 0.0 8
1782224819516 0.0 9
1782224819517 0.0 10
1782224819518 0.0 11
1782224819519 0.0 12
1782224819521 0.0 13
1782224819522 0.0 14
1782224819523 0.0 15
1782224819524 0.0 16
1782224819525 0.0 17
1782224819527 0.0 18
1782224819528 0.0 19
1782224819529 0.0 20
1782224819530 0.0 21
1782224819531 0.0 22
1782224819532 0.0 23
1782224819534 0.0 24
1782224819535 0.0 25
1782224819536 0.0 26
1782224819537 0.0 27
1782224819539 0.0 28
1782224819540 0.0 29
1782224819541 0.0 30
1782224819542 0.0 31
1782224819543 0.0 32
1782224819544 0.0 33
1782224819546 0.0 34
1782224819547 0.0 35
1782224819548 0.0 36
1782224819549 0.0 37
1782224819551 0.0 38
1782224819552 0.0 39
1782224819553 0.0 40
1782224819554 0.0 41
1782224819555 0.0 42
1782224819556 0.0 43
1782224819557 0.0 44
1782224819558 0.0 45
1782224819560 0.0 46
1782224819561 0.0 47
1782224819562 0.0 48
1782224819563 0.0 49
1782224819564 0.0 50
1782224819565 0.0 51
1782224819566 0.0 52
1782224819567 0.0 53
1782224819569 0.0 54
1782224819570 0.0 55
1782224819571 0.0 56
1782224819572 0.0 57
1782224819574 0.0 58
1782224819575 0.0 59
1782224819576 0.0 60
1782224819577 0.0 61
1782224819579 0.0 62
1782224819580 0.0 63
1782224819581 0.0 64
1782224819582 0.0 65
1782224819584 0.0 66
1782224819585 0.0 67
1782224819586 0.0 68
1782224819587 0.0 69
1782224819589 0.0 70
1782224819590 0.0 71
1782224819591 0.0 72
1782224819592 0.0 73
1782224819593 0.0 74
1782224819595 0.0 75
1782224819596 0.0 76
1782224819597 0.0 77
