1782224819598 0.0 1
1782224819600 0.0 2
1782224819601 0.0 3
1782224819602 0.0 4
1782224819603 0.0 5
1782224819604 0.0 6
1782224819605 0.0 7
1782224819607 0.0 8
1782224819608 0.0 9
1782224819609 0.0 10
1782224819610 0.0 11
1782224819611 0.0 12
1782224819612 0.0 13
1782224819613 0.0 14
1782224819614 0.0 15
1782224819615 0.0 16
1782224819616 0.0 17
1782224819617 0.0 18
1782224819618 0.0 19
1782224819619 0.0 20
1782224819620 0.0 21
1782224819622 0.0 22
1782224819623 0.0 23
1782224819624 0.0 24
1782224819625 0.0 25
1782224819626 0.0 26
1782224819628 0.0 27
1782224819629 0.0 28
1782224819630 0.0 29
1782224819631 0.0 30
1782224819632 0.0 31
1782224819633 0.0 32
1782224819634 0.0 33
1782224819635 0.0 34
1782224819636 0.0 35
1782224819637 0.0 36
1782224819638 0.0 37
1782224819639 0.0 38
1782224819640 0.0 39
1782224819642 0.0 40
1782224819643 0.0 41
1782224819644 0.0 42
1782224819645 0.0 43
1782224819646 0.0 44
1782224819647 0.0 45
1782224819649 0.0 46
1782224819650 0.0 47
1782224819651 0.0 48
1782224819652 0.0 49
1782224819653 0.0 50
1782224819654 0.0 51
1782224819655 0.0 52
1782224819656 0.0 53
1782224819658 0.0 54
1782224819659 0.0 55
1782224819660 0.0 56
1782224819661 0.0 57
1782224819663 0.0 58
1782224819664 0.0 59
1782224819665 0.0 60
1782224819666 0.0 61
1782224819668 0.0 62
1782224819669 0.0 63
1782224819670 0.0 64
1782224819671 0.0 65
1782224819673 0.0 66
1782224819674 0.0 67
1782224819675 0.0 68
1782224819676 0.0 69
1782224819678 0.0 70
1782224819679 0.0 71
1782224819680 0.0 72
1782224819681 0.0 73
1782224819682 0.0 74
1782224819683 0.0 75
1782224819684 0.0 76
1782224819685 0.0 77
