1780314146708 0.19508037343621254 1
1780314146710 0.17378534257411957 2
1780314146713 0.15299328714609145 3
1780314146715 0.132570710927248 4
1780314146718 0.11545299917459488 5
1780314146720 0.10147826194763183 6
1780314146722 0.08985903032124043 7
1780314146724 0.08013515211641789 8
1780314146726 0.07167947694659232 9
1780314146728 0.06439298190176487 10
1780314146731 0.05811801068484783 11
1780314146733 0.052622854933142664 12
1780314146735 0.047798459529876706 13
1780314146737 0.04353954121470451 14
1780314146739 0.03973921962082386 15
1780314146742 0.036370702758431434 16
1780314146744 0.03336119264364243 17
1780314146746 0.030666497386991978 18
1780314146748 0.028244638256728648 19
1780314146750 0.026033269371837378 20
1780314146753 0.024054062087088823 21
1780314146755 0.022280544694513082 22
1780314146757 0.020642773862928152 23
1780314146759 0.019129903055727482 24
1780314146762 0.017775718355551362 25
1780314146764 0.01655251931399107 26
1780314146767 0.015437834681943059 27
1780314146769 0.014433989487588405 28
1780314146771 0.013535000625997782 29
1780314146774 0.012685479791834951 30
1780314146776 0.011897863419726491 31
1780314146779 0.011186288893222809 32
1780314146781 0.010536910546943546 33
1780314146784 0.009947587749920786 34
1780314146786 0.00941411564592272 35
1780314146788 0.008929354422725737 36
1780314146791 0.008454785305075348 37
1780314146793 0.008010652451775967 38
1780314146795 0.007625121166929602 39
1780314146797 0.007244733609259129 40
1780314146799 0.006908633643761277 41
1780314146801 0.006599004864692688 42
1780314146804 0.006314518614672125 43
1780314146806 0.006054068086668849 44
1780314146808 0.00580834208521992 45
1780314146810 0.005575313391163945 46
1780314146812 0.005349906524643302 47
1780314146815 0.005134987488854676 48
1780314146817 0.004936970181297511 49
1780314146819 0.004761232964228839 50
1780314146821 0.0045808466291055085 51
1780314146823 0.004430318467784673 52
1780314146825 0.004277463161852211 53
1780314146828 0.004138653227128089 54
1780314146830 0.004017206754069775 55
1780314146832 0.003890786322299391 56
1780314146834 0.0037702125613577665 57
1780314146837 0.0036585066094994546 58
1780314146839 0.0035574443428777157 59
1780314146841 0.003467656341381371 60
1780314146843 0.003421921101398766 61
1780314146845 0.003334932471625507 62
1780314146847 0.003228582019219175 63
1780314146850 0.0031313944538123905 64
1780314146852 0.00304529327317141 65
1780314146854 0.0029676315118558703 66
1780314146856 0.0028969802719075234 67
1780314146858 0.002830829902086407 68
1780314146861 0.0027744110289495438 69
1780314146863 0.002726061376743019 70
1780314146865 0.0026841667690314353 71
1780314146867 0.002641096202423796 72
1780314146869 0.0025935499777551742 73
1780314146871 0.002567640753695741 74
1780314146874 0.002517596664838493 75
1780314146876 0.0024659879866521807 76
1780314146878 0.0024176747153978797 77
1780314146880 0.0023714350815862415 78
1780314146882 0.002336489912122488 79
1780314146884 0.002305133320041932 80
1780314146887 0.002267671556328423 81
1780314146889 0.0022411698009818792 82
1780314146891 0.00220679187157657 83
1780314146893 0.0021802539890632034 84
1780314146895 0.0021491787250852213 85
1780314146897 0.0021244976471643893 86
1780314146900 0.002117363938014023 87
1780314146902 0.002093563424423337 88
1780314146904 0.0020630840066587553 89
1780314146907 0.002036542582209222 90
1780314146909 0.0020230172434821726 91
1780314146912 0.0019940665666945277 92
1780314146914 0.0019732454849872736 93
1780314146917 0.0019505759963067248 94
1780314146919 0.0019426345726242288 95
1780314146921 0.0019386010465677827 96
1780314146924 0.0019274373399093747 97
1780314146926 0.0018921020260313525 98
1780314146929 0.001868697113241069 99
1780314146931 0.001847283813985996 100
1780314146933 0.0018324144813232123 101
1780314146935 0.0018208025401690974 102
1780314146937 0.001810800539678894 103
1780314146939 0.001811171313165687 104
1780314146942 0.0018052846359205433 105
1780314146944 0.001783738387748599 106
1780314146946 0.0017558763371198437 107
1780314146948 0.0017466169205727056 108
1780314146950 0.001738637912494596 109
1780314146953 0.0017322229937417432 110
1780314146955 0.0017261202048393898 111
1780314146957 0.001719409291690681 112
1780314146959 0.0017135579549358226 113
1780314146961 0.001707888591918163 114
1780314146963 0.0017007663229014725 115
1780314146966 0.0016972910086042248 116
