1782708427976 0.0 1
1782708427978 0.0 2
1782708427979 0.0 3
1782708427980 0.0 4
1782708427981 0.0 5
1782708427982 0.0 6
1782708427983 0.0 7
1782708427984 0.0 8
1782708427985 0.0 9
1782708427986 0.0 10
1782708427987 0.0 11
1782708427988 0.0 12
1782708427990 0.0 13
1782708427991 0.0 14
1782708427992 0.0 15
1782708427993 0.0 16
1782708427994 0.0 17
1782708427995 0.0 18
1782708427996 0.0 19
1782708427997 0.0 20
1782708427998 0.0 21
1782708427999 0.0 22
1782708428000 0.0 23
1782708428002 0.0 24
1782708428003 0.0 25
1782708428004 0.0 26
1782708428005 0.0 27
1782708428006 0.0 28
1782708428007 0.0 29
1782708428008 0.0 30
1782708428009 0.0 31
1782708428010 0.0 32
1782708428011 0.0 33
1782708428012 0.0 34
1782708428013 0.0 35
1782708428014 0.0 36
1782708428015 0.0 37
1782708428016 0.0 38
1782708428017 0.0 39
1782708428018 0.0 40
1782708428020 0.0 41
1782708428021 0.0 42
1782708428022 0.0 43
1782708428023 0.0 44
1782708428024 0.0 45
1782708428025 0.0 46
1782708428026 0.0 47
1782708428027 0.0 48
1782708428028 0.0 49
1782708428029 0.0 50
1782708428030 0.0 51
1782708428032 0.0 52
1782708428033 0.0 53
1782708428034 0.0 54
1782708428035 0.0 55
1782708428035 0.0 56
1782708428036 0.0 57
1782708428037 0.0 58
1782708428038 0.0 59
1782708428039 0.0 60
1782708428040 0.0 61
1782708428041 0.0 62
1782708428042 0.0 63
1782708428043 0.0 64
1782708428044 0.0 65
1782708428045 0.0 66
1782708428045 0.0 67
1782708428047 0.0 68
1782708428048 0.0 69
1782708428049 0.0 70
1782708428050 0.0 71
1782708428051 0.0 72
1782708428052 0.0 73
1782708428053 0.0 74
1782708428054 0.0 75
