1782708427812 0.07689062719233335 1
1782708427813 0.014893677816726267 2
1782708427814 0.007206053078407422 3
1782708427815 0.004694292420754209 4
1782708427816 0.0034813338320236653 5
1782708427818 0.0027689231804106386 6
1782708427819 0.00223308201180771 7
1782708427820 0.0020958965775207616 8
1782708427821 0.0018490692850900814 9
1782708427822 0.0017246411766973324 10
1782708427823 0.0016570957491057925 11
1782708427824 0.001530132206826238 12
1782708427825 0.0014605492269038223 13
1782708427826 0.001491408931760816 14
1782708427827 0.0013649205984256696 15
1782708427829 0.0013160826059174723 16
1782708427830 0.001269311787909828 17
1782708427831 0.0013160503190010786 18
1782708427832 0.00125934010167839 19
1782708427833 0.0012538491158920807 20
1782708427834 0.0012576000556873623 21
1782708427835 0.001200525962485699 22
1782708427836 0.0011945521655434277 23
1782708427837 0.001168576842173934 24
1782708427838 0.0011397826616303063 25
1782708427840 0.001079904532089131 26
1782708427841 0.001063840036658803 27
1782708427842 0.0010336575065593933 28
1782708427843 0.0010513744361378486 29
1782708427844 0.0010299254933488556 30
1782708427845 0.0009874266260885634 31
1782708427846 0.001028735280415276 32
1782708427847 0.0009941307631379458 33
1782708427848 0.000989956885241554 34
1782708427849 0.0009608756940724561 35
1782708427851 0.0009775819398782915 36
1782708427852 0.000953851898011635 37
1782708427853 0.0009218538831919431 38
1782708427854 0.000933468571092817 39
1782708427855 0.000938298271576059 40
1782708427856 0.0008901558222714812 41
1782708427857 0.0009400942413049051 42
1782708427858 0.0008896621522580972 43
1782708427859 0.0009147814034076873 44
1782708427860 0.0008475009402900468 45
1782708427862 0.0008616445763618686 46
1782708427863 0.0016066389853222063 47
1782708427864 0.0010129987238906323 48
1782708427865 0.0008002014665544266 49
1782708427866 0.0006749763691914268 50
1782708427867 0.0006259978326124837 51
1782708427868 0.0005841125652659685 52
1782708427869 0.000543393355619628 53
1782708427870 0.00047949564486771123 54
1782708427871 0.0004636211256729439 55
1782708427873 0.00044921198954398276 56
1782708427874 0.00044057987568521637 57
1782708427875 0.0004323817541444441 58
1782708427876 0.0004291343306249473 59
1782708427877 0.0004203450529530528 60
1782708427878 0.00040522462437365904 61
1782708427879 0.000399306382460054 62
1782708427880 0.0003944508061249508 63
1782708427881 0.0003900195363530656 64
1782708427882 0.0003862228969592252 65
1782708427883 0.0003828980650359881 66
1782708427885 0.00037833493246580474 67
1782708427886 0.0003735091190173989 68
1782708427887 0.0003706777302431874 69
1782708427888 0.00036814797909755725 70
1782708427889 0.000365810815601435 71
1782708427890 0.0003632559527250123 72
1782708427891 0.0003610558478612802 73
1782708427892 0.00035821122844936326 74
1782708427893 0.0003555948590292246 75
