1780314143451 0.06694703502580523 1
1780314143453 0.024378845784813166 2
1780314143456 0.013523964970372617 3
1780314143458 0.009169940820429474 4
1780314143460 0.0067933507706038655 5
1780314143463 0.005266063311137259 6
1780314143465 0.004247120706131682 7
1780314143468 0.0036957976350095122 8
1780314143470 0.0032069664652226494 9
1780314143473 0.0028988505847519263 10
1780314143475 0.0025991194730158895 11
1780314143477 0.0023966561653651296 12
1780314143480 0.002377387701999396 13
1780314143482 0.0021697416782262735 14
1780314143485 0.002005022133816965 15
1780314143487 0.0018985610335948877 16
1780314143490 0.0018375652306713165 17
1780314143492 0.001809163210564293 18
1780314143494 0.0017812674649758265 19
1780314143497 0.0016803664821782149 20
1780314143499 0.0016734072787221521 21
1780314143502 0.0016198499483289198 22
1780314143504 0.0015740710153477266 23
1780314143506 0.0015306828798202332 24
1780314143509 0.0014662525837775319 25
1780314143511 0.001425549454143038 26
1780314143514 0.0014284177857916802 27
1780314143516 0.0014267206900694873 28
1780314143518 0.0014394467609236017 29
1780314143521 0.0013870229422172997 30
1780314143523 0.001323347924189875 31
1780314143526 0.0013509771032840946 32
1780314143528 0.0013393976061342983 33
1780314143530 0.0014195786482014228 34
1780314143533 0.0013299668802937959 35
1780314143535 0.001260746441766969 36
1780314143537 0.0012041205666901077 37
1780314143540 0.0011841031307994853 38
1780314143542 0.0011723780527245252 39
1780314143545 0.001160139463027008 40
1780314143547 0.0011535860839649104 41
1780314143550 0.0011775541201495799 42
1780314143552 0.0011825204671913525 43
1780314143554 0.0012251980070868739 44
1780314143557 0.0011886417120695115 45
1780314143559 0.0011871153846732341 46
1780314143561 0.001140504256763961 47
1780314143564 0.0010895047910162248 48
1780314143566 0.0010848198107851204 49
1780314143569 0.001097620925575029 50
1780314143571 0.0010739070145064033 51
1780314143573 0.0010406381800567033 52
1780314143576 0.0010825129809381906 53
1780314143578 0.0011368722061160953 54
1780314143581 0.0010788256052910582 55
1780314143583 0.0010756749119173036 56
1780314143585 0.0010358268387790303 57
1780314143588 0.0010256857517379103 58
1780314143590 0.001015135178458877 59
1780314143593 0.0010202919833682245 60
1780314143595 0.0010078238102869364 61
1780314143597 0.001018170303432271 62
1780314143600 0.0009548477180942427 63
1780314143602 0.0009054737444603233 64
1780314143604 0.0008872035468084504 65
1780314143607 0.0008765160344773904 66
1780314143609 0.0008692097417952028 67
1780314143612 0.0008625760922950577 68
1780314143614 0.0008578725680126808 69
1780314143617 0.0008572418869152898 70
1780314143619 0.0008568615670810686 71
1780314143621 0.0008943239207292209 72
1780314143624 0.0008746899207835668 73
1780314143626 0.0008415683724888368 74
1780314143628 0.0008314186852658167 75
1780314143631 0.0008253420736946282 76
1780314143633 0.0008219196581922006 77
1780314143635 0.0008184187294682488 78
1780314143638 0.0008153836841665907 79
1780314143640 0.0008131629258059548 80
1780314143643 0.0008136179871507921 81
1780314143645 0.0008140119616655284 82
1780314143648 0.000808197115038638 83
1780314143650 0.0008005179958854569 84
1780314143653 0.0007972166022591409 85
1780314143655 0.0007949549939803547 86
1780314143657 0.0007932783741125604 87
1780314143660 0.0007915439144562697 88
1780314143662 0.0007900461077952059 89
1780314143664 0.0007884745953560923 90
1780314143667 0.0007870009401085554 91
1780314143669 0.0007860499222806538 92
1780314143671 0.0007828679601516342 93
1780314143674 0.0007806851865097997 94
1780314143676 0.0007795379060189589 95
1780314143679 0.0007784597706995555 96
1780314143681 0.0007775425698855542 97
