1782236704606 0.0 1
1782236704607 0.0 2
1782236704609 0.0 3
1782236704610 0.0 4
1782236704611 0.0 5
1782236704612 0.0 6
1782236704613 0.0 7
1782236704614 0.0 8
1782236704615 0.0 9
1782236704616 0.0 10
1782236704617 0.0 11
1782236704618 0.0 12
1782236704620 0.0 13
1782236704621 0.0 14
1782236704622 0.0 15
1782236704623 0.0 16
1782236704624 0.0 17
1782236704625 0.0 18
1782236704627 0.0 19
1782236704628 0.0 20
1782236704629 0.0 21
1782236704630 0.0 22
1782236704632 0.0 23
1782236704633 0.0 24
1782236704634 0.0 25
1782236704635 0.0 26
1782236704636 0.0 27
1782236704638 0.0 28
1782236704639 0.0 29
1782236704640 0.0 30
1782236704641 0.0 31
1782236704642 0.0 32
1782236704643 0.0 33
1782236704644 0.0 34
1782236704645 0.0 35
1782236704647 0.0 36
1782236704648 0.0 37
1782236704649 0.0 38
1782236704650 0.0 39
1782236704651 0.0 40
1782236704652 0.0 41
1782236704653 0.0 42
1782236704654 0.0 43
1782236704656 0.0 44
1782236704657 0.0 45
1782236704658 0.0 46
1782236704659 0.0 47
1782236704660 0.0 48
1782236704661 0.0 49
1782236704662 0.0 50
1782236704663 0.0 51
1782236704664 0.0 52
1782236704665 0.0 53
1782236704666 0.0 54
1782236704667 0.0 55
1782236704668 0.0 56
1782236704669 0.0 57
1782236704671 0.0 58
1782236704672 0.0 59
1782236704673 0.0 60
1782236704674 0.0 61
1782236704675 0.0 62
1782236704676 0.0 63
1782236704677 0.0 64
1782236704678 0.0 65
1782236704679 0.0 66
1782236704681 0.0 67
1782236704682 0.0 68
1782236704683 0.0 69
1782236704684 0.0 70
1782236704685 0.0 71
1782236704686 0.0 72
1782236704688 0.0 73
1782236704689 0.0 74
1782236704690 0.0 75
1782236704691 0.0 76
1782236704692 0.0 77
1782236704693 0.0 78
1782236704694 0.0 79
1782236704695 0.0 80
1782236704696 0.0 81
1782236704697 0.0 82
1782236704698 0.0 83
1782236704699 0.0 84
1782236704701 0.0 85
