1782236704305 0.21290225215256214 1
1782236704306 0.11293161511421204 2
1782236704308 0.04345930733717978 3
1782236704309 0.019746154504828153 4
1782236704310 0.012283433889970184 5
1782236704311 0.008459679794032126 6
1782236704313 0.006377934811171144 7
1782236704314 0.005198341219220311 8
1782236704315 0.004405787788564339 9
1782236704316 0.003932581781409681 10
1782236704318 0.0035576436697738246 11
1782236704319 0.0032168743835063653 12
1782236704320 0.0031186824035830795 13
1782236704321 0.0029513305943692104 14
1782236704323 0.0027104040485573934 15
1782236704324 0.0025787826051237063 16
1782236704325 0.0024790821244823746 17
1782236704326 0.002392315918696113 18
1782236704328 0.0023143101975438185 19
1782236704329 0.0022865411324892193 20
1782236704330 0.0022382992508937606 21
1782236704331 0.0022212752065388485 22
1782236704333 0.0021866274223430082 23
1782236704334 0.0021712997727445327 24
1782236704335 0.0021143056059372612 25
1782236704336 0.002020424294169061 26
1782236704338 0.0019919423267128877 27
1782236704339 0.0020445813160040417 28
1782236704340 0.0020089919162273873 29
1782236704341 0.0019661631653434598 30
1782236704343 0.0018948147095215972 31
1782236704344 0.0018790417416312266 32
1782236704345 0.0019101727164525073 33
1782236704346 0.001864735403796658 34
1782236704348 0.0018902273857383989 35
1782236704349 0.0018396194039087277 36
1782236704350 0.001793405799107859 37
1782236704351 0.0017649311978311744 38
1782236704353 0.0017418529922724703 39
1782236704354 0.0018134970216488 40
1782236704355 0.001733098802214954 41
1782236704356 0.0017252960175392219 42
1782236704358 0.001683574548806064 43
1782236704359 0.0016867479980282951 44
1782236704360 0.0016742193776008206 45
1782236704361 0.0016560532459698153 46
1782236704363 0.0016756242201518034 47
1782236704364 0.0016856052645016462 48
1782236704365 0.0016749487262859475 49
1782236704366 0.001638363501551794 50
1782236704368 0.0015342754991434049 51
1782236704369 0.001504238776251441 52
1782236704370 0.0015021862128924114 53
1782236704371 0.0014807458359427984 54
1782236704373 0.0014711581129813567 55
1782236704374 0.0014751200190221425 56
1782236704375 0.0014746371088403976 57
1782236704376 0.0014811542888492112 58
1782236704378 0.0014726271148538218 59
1782236704379 0.0014736437106330413 60
1782236704380 0.001442511986970203 61
1782236704381 0.0014289642820949665 62
1782236704383 0.001390219694658299 63
1782236704384 0.0013647833302093204 64
1782236704385 0.001357662712398451 65
1782236704386 0.0013523858393455156 66
1782236704387 0.001344147125055315 67
1782236704389 0.0013332402752712369 68
1782236704390 0.0013245801344601205 69
1782236704391 0.0013149094636173686 70
1782236704392 0.0012944585526565788 71
1782236704394 0.0012901980878814356 72
1782236704395 0.001281385004404001 73
1782236704396 0.0012825145643000724 74
1782236704397 0.0012803383098798804 75
1782236704399 0.00127621227002237 76
1782236704400 0.0012631053588120266 77
1782236704401 0.001256653181044385 78
1782236704402 0.0012541238843550673 79
1782236704404 0.0012484947842312977 80
1782236704405 0.0012486375976004638 81
1782236704406 0.0012460497194115305 82
1782236704407 0.0012451725018036086 83
1782236704409 0.0012369737411063396 84
1782236704410 0.0012350760093977442 85
