1782236704515 0.0 1
1782236704516 0.0 2
1782236704517 0.0 3
1782236704518 0.0 4
1782236704519 0.0 5
1782236704520 0.0 6
1782236704521 0.0 7
1782236704522 0.0 8
1782236704523 0.0 9
1782236704524 0.0 10
1782236704525 0.0 11
1782236704527 0.0 12
1782236704528 0.0 13
1782236704529 0.0 14
1782236704530 0.0 15
1782236704531 0.0 16
1782236704532 0.0 17
1782236704533 0.0 18
1782236704534 0.0 19
1782236704535 0.0 20
1782236704536 0.0 21
1782236704537 0.0 22
1782236704538 0.0 23
1782236704539 0.0 24
1782236704540 0.0 25
1782236704541 0.0 26
1782236704543 0.0 27
1782236704544 0.0 28
1782236704545 0.0 29
1782236704546 0.0 30
1782236704547 0.0 31
1782236704548 0.0 32
1782236704549 0.0 33
1782236704551 0.0 34
1782236704552 0.0 35
1782236704553 0.0 36
1782236704554 0.0 37
1782236704555 0.0 38
1782236704556 0.0 39
1782236704557 0.0 40
1782236704558 0.0 41
1782236704559 0.0 42
1782236704560 0.0 43
1782236704561 0.0 44
1782236704562 0.0 45
1782236704564 0.0 46
1782236704565 0.0 47
1782236704566 0.0 48
1782236704567 0.0 49
1782236704568 0.0 50
1782236704569 0.0 51
1782236704570 0.0 52
1782236704571 0.0 53
1782236704572 0.0 54
1782236704574 0.0 55
1782236704575 0.0 56
1782236704576 0.0 57
1782236704577 0.0 58
1782236704578 0.0 59
1782236704579 0.0 60
1782236704580 0.0 61
1782236704581 0.0 62
1782236704582 0.0 63
1782236704583 0.0 64
1782236704584 0.0 65
1782236704585 0.0 66
1782236704586 0.0 67
1782236704587 0.0 68
1782236704588 0.0 69
1782236704589 0.0 70
1782236704590 0.0 71
1782236704591 0.0 72
1782236704592 0.0 73
1782236704594 0.0 74
1782236704595 0.0 75
1782236704596 0.0 76
1782236704597 0.0 77
1782236704598 0.0 78
1782236704599 0.0 79
1782236704600 0.0 80
1782236704601 0.0 81
1782236704602 0.0 82
1782236704603 0.0 83
1782236704604 0.0 84
1782236704605 0.0 85
