1782578941924 0.0 1
1782578941925 0.0 2
1782578941926 0.0 3
1782578941927 0.0 4
1782578941928 0.0 5
1782578941929 0.0 6
1782578941930 0.0 7
1782578941931 0.0 8
1782578941932 0.0 9
1782578941933 0.0 10
1782578941934 0.0 11
1782578941935 0.0 12
1782578941936 0.0 13
1782578941937 0.0 14
1782578941938 0.0 15
1782578941939 0.0 16
1782578941940 0.0 17
1782578941941 0.0 18
1782578941942 0.0 19
1782578941943 0.0 20
1782578941945 0.0 21
1782578941946 0.0 22
1782578941947 0.0 23
1782578941947 0.0 24
1782578941948 0.0 25
1782578941949 0.0 26
1782578941950 0.0 27
1782578941951 0.0 28
1782578941953 0.0 29
1782578941954 0.0 30
1782578941955 0.0 31
1782578941956 0.0 32
1782578941957 0.0 33
1782578941958 0.0 34
1782578941959 0.0 35
1782578941960 0.0 36
1782578941961 0.0 37
1782578941961 0.0 38
1782578941962 0.0 39
1782578941963 0.0 40
1782578941964 0.0 41
1782578941965 0.0 42
1782578941966 0.0 43
1782578941967 0.0 44
1782578941968 0.0 45
1782578941969 0.0 46
1782578941970 0.0 47
1782578941971 0.0 48
1782578941972 0.0 49
1782578941973 0.0 50
1782578941974 0.0 51
1782578941975 0.0 52
1782578941976 0.0 53
1782578941977 0.0 54
1782578941977 0.0 55
1782578941978 0.0 56
1782578941979 0.0 57
1782578941980 0.0 58
1782578941981 0.0 59
1782578941982 0.0 60
1782578941983 0.0 61
1782578941984 0.0 62
1782578941985 0.0 63
1782578941986 0.0 64
1782578941987 0.0 65
1782578941988 0.0 66
1782578941989 0.0 67
1782578941990 0.0 68
1782578941991 0.0 69
1782578941992 0.0 70
1782578941993 0.0 71
1782578941994 0.0 72
1782578941995 0.0 73
1782578941996 0.0 74
1782578941997 0.0 75
1782578941998 0.0 76
1782578941999 0.0 77
1782578942000 0.0 78
1782578942001 0.0 79
1782578942002 0.0 80
1782578942003 0.0 81
1782578942004 0.0 82
1782578942005 0.0 83
1782578942006 0.0 84
1782578942007 0.0 85
1782578942008 0.0 86
1782578942009 0.0 87
1782578942010 0.0 88
