1782578941647 0.1679788138344884 1
1782578941648 0.059879591558128595 2
1782578941650 0.024348664158023895 3
1782578941651 0.012949338536709548 4
1782578941652 0.008551078364253045 5
1782578941653 0.006568345511332154 6
1782578941654 0.005299838818609714 7
1782578941655 0.004412969906115905 8
1782578941656 0.0038213619799353183 9
1782578941657 0.003320923013379797 10
1782578941658 0.002967227024491876 11
1782578941659 0.0026723770186072218 12
1782578941660 0.002596712289378047 13
1782578941661 0.0023189061455195768 14
1782578941662 0.0021836979070212694 15
1782578941663 0.0020321682348730975 16
1782578941664 0.0018600674156914465 17
1782578941666 0.00179759571707109 18
1782578941667 0.001747833993867971 19
1782578941668 0.0016690542339347302 20
1782578941669 0.0016492578454199247 21
1782578941670 0.001618490267865127 22
1782578941671 0.0015171007040771657 23
1782578941672 0.0014619716184097343 24
1782578941673 0.0014099275397893506 25
1782578941674 0.0013869021726713982 26
1782578941675 0.001405851444142172 27
1782578941676 0.0013755851148744113 28
1782578941677 0.0012443219592387323 29
1782578941678 0.0011738284220336936 30
1782578941679 0.0011436256735760254 31
1782578941680 0.0011184574844082817 32
1782578941681 0.001097549061960308 33
1782578941683 0.0010804147756425665 34
1782578941684 0.0010771499176189536 35
1782578941685 0.00106588790898968 36
1782578941686 0.0010740119508409406 37
1782578941687 0.0010671442026796284 38
1782578941688 0.0010537612724874634 39
1782578941689 0.0010566979410941712 40
1782578941690 0.001039035850262735 41
1782578941691 0.0010112821737857302 42
1782578941692 0.0010044811987609138 43
1782578941693 0.0009953958758705994 44
1782578941694 0.0009884125790267718 45
1782578941695 0.0009762562212563353 46
1782578941696 0.0009683978780230973 47
1782578941697 0.0009563740956946276 48
1782578941698 0.0009619641792960465 49
1782578941699 0.0009487275507854064 50
1782578941701 0.0009394654885545605 51
1782578941702 0.0009213255500799278 52
1782578941703 0.0009200531489477726 53
1782578941704 0.0009037754948076327 54
1782578941705 0.0009013595468422863 55
1782578941706 0.0009033606111916015 56
1782578941707 0.0008859970743651502 57
1782578941708 0.0008939025532163214 58
1782578941709 0.000885297549830284 59
1782578941710 0.0008830054802092491 60
1782578941711 0.0008670753836122458 61
1782578941712 0.0008634319548946224 62
1782578941713 0.0008539899144670926 63
1782578941714 0.0008535370553363464 64
1782578941715 0.0008420914050657302 65
1782578941716 0.0008197161433054134 66
1782578941717 0.0007911350499125547 67
1782578941719 0.0007811214264438604 68
1782578941720 0.0007759582097060047 69
1782578941721 0.0007717838897951879 70
1782578941722 0.0007685993502309429 71
1782578941723 0.0007653022300655721 72
1782578941724 0.0007596492558514001 73
1782578941725 0.0007555699862132315 74
1782578941726 0.0007529888761928305 75
1782578941727 0.0007507169097880251 76
1782578941728 0.0007484712415316608 77
1782578941729 0.0007463338737215963 78
1782578941730 0.0007441210038814461 79
1782578941731 0.0007406723944222903 80
1782578941732 0.0007389082379086176 81
1782578941733 0.0007375045292428695 82
1782578941734 0.0007361714377839235 83
1782578941735 0.0007348080799783929 84
1782578941737 0.00073346048269741 85
1782578941738 0.0007320547914423514 86
1782578941739 0.0007299515053455253 87
1782578941740 0.00072899928309198 88
