1782578941834 0.0 1
1782578941835 0.0 2
1782578941836 0.0 3
1782578941837 0.0 4
1782578941838 0.0 5
1782578941839 0.0 6
1782578941840 0.0 7
1782578941841 0.0 8
1782578941842 0.0 9
1782578941843 0.0 10
1782578941844 0.0 11
1782578941845 0.0 12
1782578941846 0.0 13
1782578941848 0.0 14
1782578941849 0.0 15
1782578941850 0.0 16
1782578941851 0.0 17
1782578941852 0.0 18
1782578941853 0.0 19
1782578941854 0.0 20
1782578941855 0.0 21
1782578941856 0.0 22
1782578941857 0.0 23
1782578941858 0.0 24
1782578941859 0.0 25
1782578941860 0.0 26
1782578941861 0.0 27
1782578941862 0.0 28
1782578941863 0.0 29
1782578941864 0.0 30
1782578941865 0.0 31
1782578941866 0.0 32
1782578941867 0.0 33
1782578941868 0.0 34
1782578941869 0.0 35
1782578941870 0.0 36
1782578941871 0.0 37
1782578941873 0.0 38
1782578941874 0.0 39
1782578941874 0.0 40
1782578941875 0.0 41
1782578941877 0.0 42
1782578941877 0.0 43
1782578941878 0.0 44
1782578941879 0.0 45
1782578941880 0.0 46
1782578941881 0.0 47
1782578941882 0.0 48
1782578941883 0.0 49
1782578941884 0.0 50
1782578941885 0.0 51
1782578941886 0.0 52
1782578941887 0.0 53
1782578941888 0.0 54
1782578941889 0.0 55
1782578941891 0.0 56
1782578941892 0.0 57
1782578941893 0.0 58
1782578941894 0.0 59
1782578941895 0.0 60
1782578941896 0.0 61
1782578941897 0.0 62
1782578941898 0.0 63
1782578941899 0.0 64
1782578941900 0.0 65
1782578941901 0.0 66
1782578941902 0.0 67
1782578941903 0.0 68
1782578941904 0.0 69
1782578941905 0.0 70
1782578941906 0.0 71
1782578941907 0.0 72
1782578941908 0.0 73
1782578941909 0.0 74
1782578941910 0.0 75
1782578941911 0.0 76
1782578941912 0.0 77
1782578941913 0.0 78
1782578941914 0.0 79
1782578941915 0.0 80
1782578941916 0.0 81
1782578941917 0.0 82
1782578941918 0.0 83
1782578941919 0.0 84
1782578941920 0.0 85
1782578941921 0.0 86
1782578941922 0.0 87
1782578941923 0.0 88
