1782738290744 0.0 1
1782738290745 0.0 2
1782738290746 0.0 3
1782738290746 0.0 4
1782738290747 0.0 5
1782738290748 0.0 6
1782738290749 0.0 7
1782738290750 0.0 8
1782738290751 0.0 9
1782738290752 0.0 10
1782738290753 0.0 11
1782738290754 0.0 12
1782738290755 0.0 13
1782738290756 0.0 14
1782738290757 0.0 15
1782738290758 0.0 16
1782738290759 0.0 17
1782738290760 0.0 18
1782738290761 0.0 19
1782738290762 0.0 20
1782738290763 0.0 21
1782738290764 0.0 22
1782738290765 0.0 23
1782738290765 0.0 24
1782738290766 0.0 25
1782738290767 0.0 26
1782738290768 0.0 27
1782738290769 0.0 28
1782738290770 0.0 29
1782738290771 0.0 30
1782738290772 0.0 31
1782738290773 0.0 32
1782738290774 0.0 33
1782738290775 0.0 34
1782738290776 0.0 35
1782738290777 0.0 36
1782738290778 0.0 37
1782738290779 0.0 38
1782738290780 0.0 39
1782738290780 0.0 40
1782738290781 0.0 41
1782738290782 0.0 42
1782738290783 0.0 43
1782738290784 0.0 44
1782738290785 0.0 45
1782738290786 0.0 46
1782738290787 0.0 47
1782738290788 0.0 48
1782738290789 0.0 49
1782738290790 0.0 50
1782738290791 0.0 51
1782738290792 0.0 52
1782738290793 0.0 53
1782738290794 0.0 54
1782738290795 0.0 55
1782738290796 0.0 56
1782738290797 0.0 57
1782738290797 0.0 58
