1782738290553 0.12568545376881957 1
1782738290554 0.02289365978911519 2
1782738290555 0.00866923063294962 3
1782738290557 0.005329236967954784 4
1782738290558 0.003980643523391336 5
1782738290559 0.0031701076187891884 6
1782738290560 0.002824652693234384 7
1782738290561 0.0024174323718762023 8
1782738290562 0.00230575746827526 9
1782738290563 0.0022532673049136063 10
1782738290564 0.0021197587333153935 11
1782738290565 0.00206043347454397 12
1782738290567 0.0019870180208818055 13
1782738290568 0.0019018166602472774 14
1782738290569 0.0019949014000303577 15
1782738290570 0.0018705670414783527 16
1782738290571 0.0018308878112293313 17
1782738290572 0.0017909233426325955 18
1782738290573 0.001805875201971503 19
1782738290574 0.0017575308514642528 20
1782738290575 0.0017948081616486887 21
1782738290576 0.0018038992299989332 22
1782738290578 0.001758065480098594 23
1782738290579 0.0017264006710320245 24
1782738290580 0.0017214254981081467 25
1782738290581 0.0017186722968472168 26
1782738290582 0.0016717122925911099 27
1782738290583 0.0016606799453438726 28
1782738290584 0.0016827101084345487 29
1782738290585 0.0016621948085230541 30
1782738290586 0.0016766608179023023 31
1782738290587 0.0015849628210708032 32
1782738290589 0.0016527233652595895 33
1782738290590 0.0016164794594806153 34
1782738290591 0.0016385044029448182 35
1782738290592 0.0014051823990303093 36
1782738290593 0.001322302640910493 37
1782738290594 0.0012836806716222781 38
1782738290595 0.001248713457462145 39
1782738290596 0.0012373197378474287 40
1782738290597 0.001227408411068609 41
1782738290598 0.0011946762992738513 42
1782738290600 0.001171692763309693 43
1782738290601 0.0011342039757437305 44
1782738290602 0.0011212289472314297 45
1782738290603 0.0011077786879468477 46
1782738290604 0.001103799360935227 47
1782738290605 0.0011060106478544185 48
1782738290606 0.001101386205482413 49
1782738290607 0.0010783607532357563 50
1782738290608 0.001060446760384366 51
1782738290609 0.001049563960696105 52
1782738290611 0.001042360135834315 53
1782738290612 0.0010378655706881545 54
1782738290613 0.0010332290121004917 55
1782738290614 0.0010294893060199684 56
1782738290615 0.001017223653034307 57
1782738290616 0.0010134126547927736 58
