1782650718026 0.11166196342557669 1
1782650718028 0.0393988205306232 2
1782650718029 0.020008363374508918 3
1782650718030 0.012473579859361053 4
1782650718031 0.008730351736303418 5
1782650718032 0.006629636883735657 6
1782650718033 0.005242895381525159 7
1782650718034 0.004306631040526554 8
1782650718035 0.003675312843406573 9
1782650718037 0.0031750560918590055 10
1782650718038 0.0028117546305293215 11
1782650718039 0.0025152421521488577 12
1782650718040 0.0023640505352523176 13
1782650718041 0.002211916170199402 14
1782650718042 0.00210486412543105 15
1782650718043 0.0019376634017680772 16
1782650718044 0.0017338666509022006 17
1782650718045 0.0016519448385224678 18
1782650718047 0.0016183005331549794 19
1782650718048 0.0015306239784695207 20
1782650718049 0.0015616518215392716 21
1782650718050 0.001600537633348722 22
1782650718051 0.0015538221749011427 23
1782650718052 0.0014486254172516055 24
1782650718053 0.0013473774248268454 25
1782650718054 0.0013480517371499445 26
1782650718055 0.0012851989293994849 27
1782650718057 0.001323951601079898 28
1782650718058 0.0012938718148507178 29
1782650718059 0.0012230204833031167 30
1782650718060 0.0012213977937062736 31
1782650718061 0.0012057539193483535 32
1782650718062 0.0011344326314429054 33
1782650718063 0.0011135258268041071 34
1782650718064 0.0011624140782805624 35
1782650718065 0.0011221205190668116 36
1782650718066 0.0010699854795529972 37
1782650718067 0.001071552933935891 38
1782650718069 0.001112412447691895 39
1782650718070 0.001062628491272335 40
1782650718071 0.0010698506672633813 41
1782650718072 0.0010712527993018738 42
1782650718073 0.0011819944246963133 43
1782650718074 0.001061368923255941 44
1782650718075 0.0009430906594207045 45
1782650718076 0.0008803772216924699 46
1782650718077 0.0008543337859737221 47
1782650718078 0.0008382553038245533 48
1782650718080 0.0008249431085278048 49
1782650718081 0.0008140070721128723 50
1782650718082 0.0008048917238193099 51
1782650718083 0.0007911990540742409 52
1782650718084 0.0007834528182138457 53
1782650718085 0.000777610011609795 54
1782650718086 0.0007721388937352458 55
1782650718087 0.0007669058157625841 56
1782650718088 0.0007618663226458011 57
1782650718089 0.0007595101681727102 58
1782650718091 0.0007539221466504386 59
1782650718092 0.0007459824816032778 60
1782650718093 0.0007416820333673968 61
1782650718094 0.000738310330780223 62
1782650718095 0.0007351017306427821 63
1782650718096 0.0007319570017716615 64
1782650718097 0.0007288016337042791 65
1782650718098 0.0007244135654764249 66
1782650718099 0.0007223739926848793 67
