1782650718249 0.0 1
1782650718250 0.0 2
1782650718251 0.0 3
1782650718252 0.0 4
1782650718253 0.0 5
1782650718254 0.0 6
1782650718255 0.0 7
1782650718257 0.0 8
1782650718258 0.0 9
1782650718259 0.0 10
1782650718260 0.0 11
1782650718261 0.0 12
1782650718262 0.0 13
1782650718263 0.0 14
1782650718264 0.0 15
1782650718265 0.0 16
1782650718267 0.0 17
1782650718268 0.0 18
1782650718269 0.0 19
1782650718270 0.0 20
1782650718271 0.0 21
1782650718272 0.0 22
1782650718273 0.0 23
1782650718274 0.0 24
1782650718275 0.0 25
1782650718276 0.0 26
1782650718278 0.0 27
1782650718279 0.0 28
1782650718280 0.0 29
1782650718281 0.0 30
1782650718282 0.0 31
1782650718283 0.0 32
1782650718284 0.0 33
1782650718285 0.0 34
1782650718286 0.0 35
1782650718287 0.0 36
1782650718289 0.0 37
1782650718290 0.0 38
1782650718291 0.0 39
1782650718292 0.0 40
1782650718293 0.0 41
1782650718294 0.0 42
1782650718295 0.0 43
1782650718296 0.0 44
1782650718297 0.0 45
1782650718299 0.0 46
1782650718300 0.0 47
1782650718301 0.0 48
1782650718302 0.0 49
1782650718303 0.0 50
1782650718304 0.0 51
1782650718305 0.0 52
1782650718306 0.0 53
1782650718307 0.0 54
1782650718309 0.0 55
1782650718310 0.0 56
1782650718311 0.0 57
1782650718312 0.0 58
1782650718313 0.0 59
1782650718314 0.0 60
1782650718315 0.0 61
1782650718316 0.0 62
1782650718317 0.0 63
1782650718318 0.0 64
1782650718319 0.0 65
1782650718321 0.0 66
1782650718322 0.0 67
