1782650718174 0.0 1
1782650718175 0.0 2
1782650718176 0.0 3
1782650718177 0.0 4
1782650718178 0.0 5
1782650718179 0.0 6
1782650718181 0.0 7
1782650718182 0.0 8
1782650718183 0.0 9
1782650718184 0.0 10
1782650718185 0.0 11
1782650718186 0.0 12
1782650718187 0.0 13
1782650718188 0.0 14
1782650718189 0.0 15
1782650718190 0.0 16
1782650718191 0.0 17
1782650718193 0.0 18
1782650718194 0.0 19
1782650718195 0.0 20
1782650718196 0.0 21
1782650718197 0.0 22
1782650718198 0.0 23
1782650718199 0.0 24
1782650718200 0.0 25
1782650718201 0.0 26
1782650718202 0.0 27
1782650718203 0.0 28
1782650718205 0.0 29
1782650718206 0.0 30
1782650718207 0.0 31
1782650718208 0.0 32
1782650718209 0.0 33
1782650718210 0.0 34
1782650718211 0.0 35
1782650718212 0.0 36
1782650718213 0.0 37
1782650718214 0.0 38
1782650718216 0.0 39
1782650718217 0.0 40
1782650718218 0.0 41
1782650718219 0.0 42
1782650718220 0.0 43
1782650718221 0.0 44
1782650718222 0.0 45
1782650718224 0.0 46
1782650718226 0.0 47
1782650718227 0.0 48
1782650718228 0.0 49
1782650718229 0.0 50
1782650718230 0.0 51
1782650718231 0.0 52
1782650718232 0.0 53
1782650718233 0.0 54
1782650718234 0.0 55
1782650718235 0.0 56
1782650718236 0.0 57
1782650718238 0.0 58
1782650718239 0.0 59
1782650718240 0.0 60
1782650718241 0.0 61
1782650718242 0.0 62
1782650718243 0.0 63
1782650718244 0.0 64
1782650718245 0.0 65
1782650718247 0.0 66
1782650718248 0.0 67
