1783978139383 0.019587415823771152 1
1783978139384 0.0036502615024801345 2
1783978139385 0.004443065832019783 3
1783978139386 0.0036490375400171616 4
1783978139388 0.0030040746138547546 5
1783978139389 0.002775441421108553 6
1783978139390 0.0026933829329209404 7
1783978139391 0.0024686806605313904 8
1783978139392 0.00263541320207878 9
1783978139394 0.002186602759466041 10
1783978139395 0.0023029409437731376 11
1783978139396 0.0020000323966087308 12
1783978139397 0.0022479681216645985 13
1783978139398 0.0018702067303820514 14
1783978139400 0.001836793587426655 15
1783978139401 0.001781292136729462 16
1783978139402 0.0017146207572659477 17
1783978139403 0.0018488853504823055 18
1783978139405 0.0018346249977184924 19
1783978139406 0.0017844793773110724 20
1783978139407 0.0016111174525576643 21
1783978139408 0.0016722148538246984 22
1783978139409 0.0016753903207427357 23
1783978139410 0.001771309817850124 24
1783978139412 0.001601439622027101 25
1783978139413 0.001633015857078135 26
1783978139414 0.001577628269442357 27
1783978139415 0.0014816044183680788 28
1783978139416 0.0016369667403341736 29
1783978139418 0.001488241923507303 30
1783978139419 0.0015704928376362658 31
1783978139420 0.0014703036624268862 32
1783978139421 0.0014543511376541574 33
1783978139422 0.0014775035037018825 34
1783978139424 0.0013658538468007465 35
1783978139425 0.0014294979337864788 36
1783978139426 0.0015264103549998253 37
1783978139427 0.0014598205273796338 38
1783978139428 0.0016514697281672852 39
1783978139430 0.0015627115874667652 40
1783978139431 0.001325703101028921 41
1783978139432 0.0011874483282736036 42
1783978139433 0.0011282153030333574 43
1783978139434 0.001090499448691844 44
1783978139436 0.001072081370439264 45
1783978139437 0.0010896238833811368 46
1783978139438 0.0010694153848453424 47
1783978139439 0.0010653379291761667 48
1783978139440 0.0010234830778063043 49
1783978139442 0.0010661512559454423 50
1783978139443 0.0010579415842948948 51
1783978139444 0.0010033368803851772 52
1783978139445 0.000976275067368988 53
1783978139446 0.0009761611570138484 54
1783978139448 0.0009907818483770826 55
1783978139449 0.0009735321866173763 56
1783978139450 0.0010289765203924618 57
1783978139451 0.0010503196528588888 58
1783978139452 0.0009596075367880985 59
1783978139453 0.0009062193280260544 60
1783978139455 0.000884973958163755 61
1783978139456 0.0009141772859584307 62
1783978139457 0.0008936688929679804 63
1783978139458 0.0008592104093258968 64
1783978139459 0.0009009421827795449 65
1783978139461 0.0009092293795401929 66
1783978139462 0.0008941187110031024 67
1783978139463 0.0009004239842761308 68
1783978139464 0.0008627097509452141 69
1783978139465 0.0008692359690030572 70
1783978139467 0.0008570336020784453 71
1783978139468 0.0008015604059619364 72
1783978139469 0.0007533273453009314 73
1783978139470 0.0007241420317586745 74
1783978139471 0.000711544920122833 75
1783978139473 0.000703312151672435 76
1783978139474 0.0006974278762208997 77
1783978139475 0.0006925887578836409 78
1783978139476 0.0006896471734216902 79
1783978139477 0.0006860267157753697 80
1783978139479 0.000690408114969614 81
1783978139480 0.0006831559172860579 82
1783978139481 0.000686948052898515 83
1783978139482 0.0006836918770568445 84
1783978139483 0.0006572694045462413 85
1783978139484 0.0006338898681860882 86
1783978139486 0.0006265711864398327 87
1783978139487 0.0006219509842776461 88
1783978139488 0.0006189345430175308 89
1783978139489 0.0006142085337341996 90
1783978139490 0.000612031347482116 91
1783978139492 0.0006080899397056783 92
1783978139493 0.0006052005880337674 93
1783978139494 0.0006052151616313495 94
1783978139495 0.0006033703793946188 95
1783978139496 0.0005906231015978847 96
1783978139498 0.0005844623899611179 97
1783978139499 0.0005821956093859626 98
1783978139500 0.00057993598144094 99
1783978139501 0.000577985120107769 100
1783978139502 0.000576087901063147 101
1783978139504 0.0005740045250422554 102
1783978139505 0.0005721738591091708 103
1783978139506 0.0005705424018378836 104
1783978139507 0.0005688681193714728 105
1783978139508 0.0005675703113956843 106
1783978139510 0.0005614019003405701 107
1783978139511 0.0005595065157831413 108
1783978139512 0.0005586143667460419 109
1783978139513 0.0005574485204851953 110
1783978139514 0.0005566664609796135 111
1783978139516 0.0005554565705097048 112
1783978139517 0.0005546794526162558 113
1783978139518 0.0005535975117527414 114
1783978139519 0.0005526121673756279 115
1783978139520 0.000551709808569285 116
1783978139521 0.0005508786407881416 117
1783978139523 0.000547754596118466 118
1783978139524 0.0005471115692489548 119
1783978139525 0.0005466248810989782 120
1783978139526 0.0005461684449255699 121
1783978139527 0.0005455763520149048 122
1783978139529 0.0005451066272507887 123
