1783978139813 0.0 1
1783978139814 0.0 2
1783978139815 0.0 3
1783978139816 0.0 4
1783978139817 0.0 5
1783978139819 0.0 6
1783978139820 0.0 7
1783978139821 0.0 8
1783978139822 0.0 9
1783978139823 0.0 10
1783978139824 0.0 11
1783978139825 0.0 12
1783978139826 0.0 13
1783978139827 0.0 14
1783978139828 0.0 15
1783978139829 0.0 16
1783978139831 0.0 17
1783978139832 0.0 18
1783978139833 0.0 19
1783978139834 0.0 20
1783978139835 0.0 21
1783978139836 0.0 22
1783978139837 0.0 23
1783978139838 0.0 24
1783978139839 0.0 25
1783978139840 0.0 26
1783978139841 0.0 27
1783978139842 0.0 28
1783978139843 0.0 29
1783978139844 0.0 30
1783978139845 0.0 31
1783978139846 0.0 32
1783978139847 0.0 33
1783978139849 0.0 34
1783978139850 0.0 35
1783978139851 0.0 36
1783978139852 0.0 37
1783978139853 0.0 38
1783978139854 0.0 39
1783978139855 0.0 40
1783978139856 0.0 41
1783978139857 0.0 42
1783978139858 0.0 43
1783978139859 0.0 44
1783978139860 0.0 45
1783978139861 0.0 46
1783978139862 0.0 47
1783978139863 0.0 48
1783978139864 0.0 49
1783978139865 0.0 50
1783978139866 0.0 51
1783978139867 0.0 52
1783978139868 0.0 53
1783978139869 0.0 54
1783978139870 0.0 55
1783978139871 0.0 56
1783978139872 0.0 57
1783978139873 0.0 58
1783978139874 0.0 59
1783978139875 0.0 60
1783978139876 0.0 61
1783978139878 0.0 62
1783978139879 0.0 63
1783978139880 0.0 64
1783978139881 0.0 65
1783978139882 0.0 66
1783978139883 0.0 67
1783978139884 0.0 68
1783978139885 0.0 69
1783978139886 0.0 70
1783978139887 0.0 71
1783978139888 0.0 72
1783978139889 0.0 73
1783978139890 0.0 74
1783978139891 0.0 75
1783978139892 0.0 76
1783978139893 0.0 77
1783978139894 0.0 78
1783978139895 0.0 79
1783978139896 0.0 80
1783978139897 0.0 81
1783978139899 0.0 82
1783978139900 0.0 83
1783978139901 0.0 84
1783978139902 0.0 85
1783978139903 0.0 86
1783978139904 0.0 87
1783978139905 0.0 88
1783978139906 0.0 89
1783978139907 0.0 90
1783978139908 0.0 91
1783978139909 0.0 92
1783978139910 0.0 93
1783978139912 0.0 94
1783978139913 0.0 95
1783978139914 0.0 96
1783978139915 0.0 97
1783978139916 0.0 98
1783978139917 0.0 99
1783978139918 0.0 100
1783978139919 0.0 101
1783978139920 0.0 102
1783978139921 0.0 103
1783978139922 0.0 104
1783978139923 0.0 105
1783978139924 0.0 106
1783978139925 0.0 107
1783978139926 0.0 108
1783978139927 0.0 109
1783978139928 0.0 110
1783978139929 0.0 111
1783978139930 0.0 112
1783978139931 0.0 113
1783978139932 0.0 114
1783978139933 0.0 115
1783978139934 0.0 116
1783978139935 0.0 117
1783978139937 0.0 118
1783978139938 0.0 119
1783978139939 0.0 120
1783978139940 0.0 121
1783978139941 0.0 122
1783978139942 0.0 123
