1782748968200 0.08673998109064997 1
1782748968201 0.017214661249890923 2
1782748968202 0.007517775318119675 3
1782748968203 0.004855069033801555 4
1782748968204 0.003574421281227842 5
1782748968205 0.0028096415143227206 6
1782748968206 0.0023777569641242734 7
1782748968207 0.002060767456132453 8
1782748968209 0.0019093219438218513 9
1782748968210 0.0017486820751219058 10
1782748968211 0.0016391007482889108 11
1782748968212 0.001507011039648205 12
1782748968213 0.0013750850450014696 13
1782748968214 0.001409125566278817 14
1782748968215 0.0013337995794427116 15
1782748968216 0.0012686711124842986 16
1782748968217 0.0012715468641545159 17
1782748968218 0.001112390810449142 18
1782748968219 0.0010574805931537411 19
1782748968221 0.0010327905703161376 20
1782748968222 0.0010578434036142427 21
1782748968223 0.0010877402673941106 22
1782748968224 0.0009979302345163887 23
1782748968225 0.0009535252348723589 24
1782748968226 0.000936964524225914 25
1782748968227 0.0009769635870179626 26
1782748968228 0.0009199083653220441 27
1782748968229 0.0008871682556491578 28
1782748968230 0.0008407442638417706 29
1782748968231 0.0008863517546706134 30
1782748968232 0.0008533554136374732 31
1782748968233 0.0007912263501202687 32
1782748968235 0.000813301230664365 33
1782748968236 0.0008242018282908248 34
1782748968237 0.0007251966967305634 35
1782748968238 0.0006238663549447666 36
1782748968239 0.0005872036366781685 37
1782748968240 0.0005605912848841399 38
1782748968241 0.0005421427750843577 39
1782748968242 0.0005312506329210009 40
1782748968243 0.0005218126774707343 41
1782748968244 0.0005159737346912152 42
1782748968245 0.0005149898278250475 43
1782748968246 0.0005331286995351547 44
1782748968248 0.0005370247911923798 45
1782748968249 0.0004798112362550455 46
1782748968250 0.00046523734257789326 47
1782748968251 0.0004560491512529552 48
1782748968252 0.00045111534265743105 49
1782748968253 0.0004465143812194583 50
1782748968254 0.00044436385862354653 51
1782748968255 0.0004346920008902089 52
1782748968256 0.000426726506484556 53
1782748968257 0.00042233752687025115 54
1782748968258 0.000418832492105139 55
1782748968259 0.00041538715780916393 56
1782748968261 0.00041197835551429304 57
1782748968262 0.00040863141784939214 58
1782748968263 0.00040392968887317695 59
1782748968264 0.0004016863598371856 60
1782748968265 0.0003997418003564235 61
1782748968266 0.0003978215150345932 62
1782748968267 0.00039579993441293484 63
1782748968268 0.0003937393092928687 64
1782748968269 0.00039160630312835566 65
1782748968270 0.00038869232979777736 66
1782748968271 0.00038751216015953105 67
