1782748968345 0.0 1
1782748968346 0.0 2
1782748968347 0.0 3
1782748968348 0.0 4
1782748968349 0.0 5
1782748968350 0.0 6
1782748968351 0.0 7
1782748968352 0.0 8
1782748968354 0.0 9
1782748968355 0.0 10
1782748968356 0.0 11
1782748968357 0.0 12
1782748968358 0.0 13
1782748968359 0.0 14
1782748968360 0.0 15
1782748968361 0.0 16
1782748968362 0.0 17
1782748968363 0.0 18
1782748968364 0.0 19
1782748968365 0.0 20
1782748968366 0.0 21
1782748968368 0.0 22
1782748968369 0.0 23
1782748968370 0.0 24
1782748968371 0.0 25
1782748968372 0.0 26
1782748968373 0.0 27
1782748968374 0.0 28
1782748968375 0.0 29
1782748968376 0.0 30
1782748968377 0.0 31
1782748968378 0.0 32
1782748968379 0.0 33
1782748968381 0.0 34
1782748968382 0.0 35
1782748968383 0.0 36
1782748968384 0.0 37
1782748968385 0.0 38
1782748968386 0.0 39
1782748968387 0.0 40
1782748968388 0.0 41
1782748968389 0.0 42
1782748968390 0.0 43
1782748968391 0.0 44
1782748968392 0.0 45
1782748968393 0.0 46
1782748968394 0.0 47
1782748968396 0.0 48
1782748968397 0.0 49
1782748968398 0.0 50
1782748968399 0.0 51
1782748968400 0.0 52
1782748968401 0.0 53
1782748968402 0.0 54
1782748968403 0.0 55
1782748968404 0.0 56
1782748968405 0.0 57
1782748968406 0.0 58
1782748968407 0.0 59
1782748968408 0.0 60
1782748968410 0.0 61
1782748968411 0.0 62
1782748968412 0.0 63
1782748968413 0.0 64
1782748968414 0.0 65
1782748968415 0.0 66
1782748968416 0.0 67
