1782709733233 0.0 1
1782709733234 0.0 2
1782709733235 0.0 3
1782709733236 0.0 4
1782709733237 0.0 5
1782709733238 0.0 6
1782709733239 0.0 7
1782709733240 0.0 8
1782709733241 0.0 9
1782709733242 0.0 10
1782709733244 0.0 11
1782709733245 0.0 12
1782709733246 0.0 13
1782709733247 0.0 14
1782709733248 0.0 15
1782709733249 0.0 16
1782709733250 0.0 17
1782709733251 0.0 18
1782709733252 0.0 19
1782709733253 0.0 20
1782709733254 0.0 21
1782709733256 0.0 22
1782709733257 0.0 23
1782709733258 0.0 24
1782709733259 0.0 25
1782709733260 0.0 26
1782709733261 0.0 27
1782709733262 0.0 28
1782709733263 0.0 29
1782709733264 0.0 30
1782709733265 0.0 31
1782709733266 0.0 32
1782709733268 0.0 33
1782709733269 0.0 34
1782709733270 0.0 35
1782709733271 0.0 36
1782709733272 0.0 37
1782709733273 0.0 38
1782709733274 0.0 39
1782709733275 0.0 40
1782709733276 0.0 41
1782709733277 0.0 42
1782709733279 0.0 43
1782709733280 0.0 44
1782709733281 0.0 45
1782709733282 0.0 46
1782709733283 0.0 47
1782709733284 0.0 48
1782709733285 0.0 49
1782709733286 0.0 50
1782709733287 0.0 51
1782709733288 0.0 52
1782709733289 0.0 53
1782709733291 0.0 54
1782709733292 0.0 55
1782709733293 0.0 56
1782709733294 0.0 57
1782709733295 0.0 58
1782709733296 0.0 59
1782709733296 0.0 60
1782709733297 0.0 61
1782709733298 0.0 62
1782709733299 0.0 63
1782709733300 0.0 64
1782709733301 0.0 65
1782709733302 0.0 66
1782709733304 0.0 67
1782709733305 0.0 68
1782709733306 0.0 69
1782709733307 0.0 70
