1782709733308 0.0 1
1782709733309 0.0 2
1782709733310 0.0 3
1782709733311 0.0 4
1782709733312 0.0 5
1782709733313 0.0 6
1782709733314 0.0 7
1782709733316 0.0 8
1782709733317 0.0 9
1782709733318 0.0 10
1782709733319 0.0 11
1782709733320 0.0 12
1782709733321 0.0 13
1782709733322 0.0 14
1782709733323 0.0 15
1782709733324 0.0 16
1782709733325 0.0 17
1782709733326 0.0 18
1782709733328 0.0 19
1782709733329 0.0 20
1782709733330 0.0 21
1782709733331 0.0 22
1782709733332 0.0 23
1782709733333 0.0 24
1782709733334 0.0 25
1782709733335 0.0 26
1782709733336 0.0 27
1782709733337 0.0 28
1782709733339 0.0 29
1782709733340 0.0 30
1782709733341 0.0 31
1782709733342 0.0 32
1782709733343 0.0 33
1782709733344 0.0 34
1782709733345 0.0 35
1782709733346 0.0 36
1782709733347 0.0 37
1782709733348 0.0 38
1782709733349 0.0 39
1782709733350 0.0 40
1782709733351 0.0 41
1782709733352 0.0 42
1782709733353 0.0 43
1782709733354 0.0 44
1782709733356 0.0 45
1782709733357 0.0 46
1782709733358 0.0 47
1782709733359 0.0 48
1782709733360 0.0 49
1782709733361 0.0 50
1782709733362 0.0 51
1782709733363 0.0 52
1782709733364 0.0 53
1782709733365 0.0 54
1782709733366 0.0 55
1782709733367 0.0 56
1782709733368 0.0 57
1782709733369 0.0 58
1782709733371 0.0 59
1782709733372 0.0 60
1782709733373 0.0 61
1782709733374 0.0 62
1782709733375 0.0 63
1782709733376 0.0 64
1782709733377 0.0 65
1782709733378 0.0 66
1782709733379 0.0 67
1782709733380 0.0 68
1782709733381 0.0 69
1782709733382 0.0 70
