1780314197241 0.19642604216933252 1
1780314197243 0.15371119260787963 2
1780314197246 0.12376672387123108 3
1780314197248 0.10051695898175239 4
1780314197250 0.08188409019261599 5
1780314197253 0.06695254616439343 6
1780314197255 0.055051639266312125 7
1780314197258 0.04546568987891078 8
1780314197260 0.03781854001805186 9
1780314197267 0.03172368723899126 10
1780314197274 0.026840526359155775 11
1780314197282 0.02290862881578505 12
1780314197285 0.01971782389562577 13
1780314197287 0.017098120171576737 14
1780314197290 0.014941596603021025 15
1780314197292 0.013154064803384245 16
1780314197294 0.011626112530939281 17
1780314197297 0.010328118866309523 18
1780314197299 0.009216798332054167 19
1780314197302 0.008286368348635734 20
1780314197304 0.007476714730728418 21
1780314197306 0.0067816013586707415 22
1780314197309 0.006162395842839032 23
1780314197311 0.005635630986653269 24
1780314197314 0.005187029640655965 25
1780314197316 0.004784606775501743 26
1780314197318 0.004388883094070479 27
1780314197321 0.004085617032833397 28
1780314197323 0.0037882586545310913 29
1780314197326 0.0035313148458953948 30
1780314197328 0.0033027100458275526 31
1780314197330 0.003112484263256192 32
1780314197333 0.002944556574220769 33
1780314197335 0.0028015364112798126 34
1780314197338 0.002666933110449463 35
1780314197340 0.00250846624141559 36
1780314197343 0.0023712371778674426 37
1780314197345 0.002276033232919872 38
1780314197347 0.0021852024900726975 39
1780314197350 0.00209756417083554 40
1780314197352 0.002015545493050013 41
1780314197355 0.00193838678766042 42
1780314197357 0.0018801316840108483 43
1780314197359 0.0018210487128817476 44
1780314197362 0.001769467555859592 45
1780314197364 0.0017130539106437936 46
1780314197367 0.001675088265328668 47
1780314197369 0.0016452371078776195 48
1780314197372 0.001604319069592748 49
1780314197374 0.0015654206002363935 50
1780314197376 0.001539158486702945 51
1780314197379 0.0015060696736327373 52
1780314197381 0.0014601907551696058 53
1780314197384 0.001438899770291755 54
1780314197386 0.001418767068971647 55
1780314197389 0.0014033081344678067 56
1780314197391 0.0013729577836056705 57
1780314197393 0.001352205719886115 58
1780314197396 0.0013385462529549841 59
1780314197398 0.0013560164834780153 60
1780314197401 0.0013213830672611949 61
1780314197403 0.0012936390021059197 62
1780314197405 0.0012699225515825673 63
1780314197408 0.0012490517368132714 64
1780314197410 0.0012328095980046782 65
1780314197413 0.0012282110226078658 66
1780314197415 0.0012409873471187893 67
1780314197417 0.0012452037190814735 68
1780314197420 0.0012267282656830503 69
1780314197422 0.0012160717063670744 70
1780314197425 0.0011982678382628364 71
1780314197427 0.0011826175903115654 72
1780314197430 0.001160779030615231 73
1780314197432 0.0011450317347771488 74
1780314197434 0.00114225085140788 75
1780314197437 0.0011528148440265796 76
1780314197439 0.0011503557250398444 77
1780314197442 0.0011562030350614804 78
1780314197444 0.0011495945580099942 79
1780314197447 0.001137645103954128 80
1780314197450 0.0011332759926881409 81
1780314197452 0.0011163480664981762 82
1780314197455 0.0011073812919494231 83
1780314197457 0.0010963497875491157 84
1780314197459 0.0010774119057896314 85
1780314197462 0.0010576391074573622 86
1780314197464 0.0010459557223657613 87
1780314197467 0.0010403718108136673 88
1780314197469 0.0010355751063616482 89
1780314197471 0.0010314212172670523 90
1780314197474 0.001027982589075691 91
1780314197477 0.0010248471765225986 92
1780314197479 0.001021562017776887 93
1780314197481 0.0010168531652379898 94
1780314197484 0.0010125891797360964 95
