1780314176835 0.24181717857718468 1
1780314176838 0.20684191450476647 2
1780314176840 0.18101994425058365 3
1780314176843 0.16454919680953026 4
1780314176846 0.15132223963737487 5
1780314176848 0.14041516423225403 6
1780314176851 0.13048723116517066 7
1780314176853 0.120219052657485 8
1780314176856 0.10952179871499539 9
1780314176858 0.09930580154061318 10
1780314176861 0.08996445991098881 11
1780314176863 0.08167812161147595 12
1780314176865 0.07440989360213279 13
1780314176868 0.06793036252260208 14
1780314176870 0.062007877565920355 15
1780314176872 0.056533405743539336 16
1780314176875 0.05125137723982334 17
1780314176877 0.04629548244178295 18
1780314176879 0.0418193631246686 19
1780314176882 0.03783470068126917 20
1780314176887 0.034297883529216054 21
1780314176899 0.031096405796706677 22
1780314176902 0.028257953971624374 23
1780314176904 0.025796526204794647 24
1780314176907 0.02356674475595355 25
1780314176909 0.021637735813856127 26
1780314176911 0.019964681612327694 27
1780314176914 0.01850156637839973 28
1780314176916 0.01715936094522476 29
1780314176918 0.01599070968106389 30
1780314176921 0.014926788574084639 31
1780314176923 0.013986925166100263 32
1780314176925 0.013090379871428012 33
1780314176928 0.0123025079164654 34
1780314176930 0.011565617015585304 35
1780314176932 0.010855066291987896 36
1780314176935 0.010215458748862148 37
1780314176937 0.009609089754521847 38
1780314176939 0.009056393490172922 39
1780314176942 0.00855945609509945 40
1780314176944 0.008069429751485587 41
1780314176946 0.007619004268199205 42
1780314176949 0.007181927687488496 43
1780314176951 0.006642030342482031 44
1780314176954 0.00621907392051071 45
1780314176956 0.00589347867295146 46
1780314176958 0.005630258521996438 47
1780314176960 0.005375188537873328 48
1780314176963 0.005137292956933379 49
1780314176965 0.004920272273011506 50
1780314176967 0.0047520169289782645 51
1780314176970 0.004586636102758348 52
1780314176972 0.0044340424798429015 53
1780314176974 0.0042577795125544075 54
1780314176977 0.0041059964895248414 55
1780314176979 0.003963707578368485 56
1780314176982 0.0038276284467428923 57
1780314176984 0.0037049002991989253 58
1780314176986 0.0035780717548914254 59
1780314176989 0.0034742362983524798 60
1780314176991 0.003376136375591159 61
1780314176993 0.0032862625783309342 62
1780314176995 0.003202087809331715 63
1780314176998 0.0031296468677464873 64
1780314177000 0.0030363656766712664 65
1780314177002 0.0029455288324970754 66
1780314177005 0.0028652346215676514 67
1780314177007 0.0027859990019351243 68
1780314177009 0.0027289505349472167 69
1780314177012 0.0026976337272208183 70
1780314177014 0.002648433685535565 71
1780314177016 0.0026290394028183075 72
1780314177019 0.0025904700520914046 73
1780314177021 0.002512692486634478 74
1780314177023 0.00243781836819835 75
1780314177026 0.002377946840133518 76
1780314177028 0.0023238248995039613 77
1780314177030 0.0022695351915899666 78
1780314177033 0.0022444612381514162 79
1780314177035 0.0022156197053845974 80
1780314177037 0.002178551868419163 81
1780314177039 0.002141948434873484 82
1780314177042 0.002131062556873076 83
1780314177044 0.0020928640174679458 84
1780314177046 0.002058155146660283 85
1780314177049 0.0020160388335352763 86
1780314177051 0.0019786844420013948 87
1780314177054 0.001961693487246521 88
1780314177056 0.001967066252254881 89
1780314177058 0.001948997840518132 90
1780314177061 0.0019181005848804488 91
1780314177063 0.0018681529373861848 92
1780314177065 0.0018499613169115038 93
1780314177068 0.0018201771046733484 94
1780314177070 0.0017879599379375577 95
1780314177072 0.0017750418244395405 96
1780314177075 0.0017630211374489591 97
1780314177077 0.001749432444339618 98
1780314177079 0.0017664975312072784 99
1780314177082 0.0017484807036817075 100
1780314177084 0.0017210145021090285 101
1780314177087 0.0016943325323518367 102
1780314177089 0.0016753437032457441 103
1780314177091 0.0016487592150224372 104
1780314177094 0.0016366032679798082 105
1780314177096 0.0016286039203987457 106
1780314177098 0.0016258728847606107 107
1780314177101 0.001609109514974989 108
1780314177103 0.0015924162117880768 109
1780314177106 0.001592147788614966 110
1780314177108 0.001606706656748429 111
1780314177110 0.001582597020023968 112
1780314177113 0.0015844011536682956 113
1780314177115 0.0015805686899693682 114
1780314177117 0.0015816635201917962 115
1780314177120 0.0015467483157408425 116
1780314177122 0.0015210017937351949 117
1780314177124 0.0015048661894979886 118
1780314177127 0.0015110654896125198 119
1780314177129 0.0015017650846857577 120
1780314177131 0.0014999310823623092 121
1780314177134 0.001490027362597175 122
1780314177136 0.0014796894448227248 123
1780314177138 0.0014774549959111027 124
1780314177141 0.0014598368253791706 125
1780314177143 0.0014561760329524986 126
1780314177145 0.0014515415389905683 127
1780314177148 0.0014583073460380546 128
1780314177150 0.0014624360227026045 129
1780314177152 0.0014596440087188967 130
1780314177155 0.0014511521012173035 131
1780314177157 0.0014270534485694953 132
1780314177159 0.0014368928971816785 133
1780314177162 0.001443297721853014 134
1780314177164 0.0014332686120178551 135
1780314177166 0.0014093569995020517 136
1780314177169 0.0013989737574593164 137
1780314177171 0.001387369965959806 138
1780314177173 0.00138290486036567 139
1780314177175 0.001371052470349241 140
1780314177178 0.001371329216635786 141
1780314177180 0.001380857672484126 142
1780314177183 0.001361450816038996 143
1780314177185 0.0013650487322593107 144
1780314177187 0.0013748951852903702 145
1780314177190 0.001363835770462174 146
1780314177192 0.0013670633197762072 147
1780314177194 0.001350495976221282 148
1780314177197 0.0013480835288646631 149
1780314177199 0.001344561108853668 150
1780314177201 0.001346134610066656 151
1780314177204 0.0013448257025447674 152
1780314177206 0.0013257755855738652 153
1780314177208 0.001319373018341139 154
1780314177210 0.0013171492947731166 155
1780314177213 0.001318126762052998 156
1780314177215 0.001321995145699475 157
1780314177217 0.001318249792966526 158
1780314177220 0.0013127100819838233 159
1780314177222 0.0013307536920183338 160
1780314177224 0.001328067384310998 161
1780314177227 0.001319206262123771 162
1780314177229 0.0013064655712514651 163
1780314177231 0.001299145018128911 164
1780314177234 0.0012823379682959058 165
1780314177236 0.0012789792257535738 166
1780314177238 0.0012669446451764087 167
1780314177241 0.0012702587530657183 168
1780314177243 0.0012740878596378025 169
1780314177245 0.0012709403679764363 170
1780314177248 0.001280409780010814 171
1780314177250 0.0012742161111964378 172
1780314177252 0.0012664448689611162 173
1780314177255 0.0012563707436493133 174
1780314177257 0.001272026253573131 175
1780314177259 0.0012821879088005517 176
1780314177262 0.0012695439427625388 177
1780314177264 0.001274977835273603 178
1780314177266 0.0012682157545350493 179
1780314177269 0.001290594952297397 180
1780314177271 0.0012758146817213856 181
1780314177273 0.001261497491504997 182
