1780314145220 0.20353615179657936 1
1780314145222 0.08566761950030923 2
1780314145224 0.034700719341635704 3
1780314145226 0.01786025163717568 4
1780314145228 0.011398000663612039 5
1780314145231 0.008510255967266858 6
1780314145233 0.006653711346443742 7
1780314145235 0.005430993622867391 8
1780314145237 0.004650281119393185 9
1780314145239 0.004144437819486484 10
1780314145241 0.0037867765373084694 11
1780314145243 0.0033942114003002646 12
1780314145246 0.0032218839961569755 13
1780314145248 0.003468825659365393 14
1780314145250 0.002892046323395334 15
1780314145252 0.002703923506778665 16
1780314145254 0.0025465347565477715 17
1780314145257 0.002369189491437282 18
1780314145259 0.0022694241110002623 19
1780314145261 0.0023912947336793876 20
1780314145263 0.0022636738323490134 21
1780314145265 0.002124881105264649 22
1780314145268 0.002063935495680198 23
1780314145270 0.0020379016871447677 24
1780314145273 0.0020247378325439058 25
1780314145275 0.0019752555846935136 26
1780314145277 0.0019387606004602276 27
1780314145280 0.0019209109712392091 28
1780314145282 0.0018507867927837652 29
1780314145284 0.001889641967281932 30
1780314145287 0.0018679547462670599 31
1780314145289 0.0018630457368271891 32
1780314145292 0.0017834678369399626 33
1780314145294 0.001811247678269865 34
1780314145296 0.001752791760081891 35
1780314145298 0.0017278961128613447 36
1780314145301 0.0016901986906304955 37
1780314145303 0.0016629287718387786 38
1780314145305 0.0017325603813515044 39
1780314145307 0.0017057904149987734 40
1780314145309 0.0016596003303129693 41
1780314145311 0.0016728497798612807 42
1780314145314 0.0016059331640281016 43
1780314145316 0.001704951418651035 44
1780314145318 0.001695807861542562 45
1780314145320 0.0016104070247092749 46
1780314145322 0.0015827522441395558 47
1780314145324 0.0016083584111765959 48
1780314145326 0.0015828724648599747 49
1780314145329 0.001509499272433459 50
1780314145331 0.001479097495903261 51
1780314145333 0.0015077653784828725 52
1780314145335 0.0015387209261825774 53
1780314145337 0.0015172754726518179 54
1780314145340 0.001538197312038392 55
1780314145342 0.0016004178510047496 56
1780314145344 0.0014965487729932648 57
1780314145347 0.0015816883918159874 58
1780314145349 0.0016000082959362772 59
1780314145351 0.001510408742033178 60
1780314145354 0.0014519668217690196 61
1780314145356 0.001451312662975397 62
1780314145358 0.001442494822840672 63
1780314145361 0.0014186722519661998 64
1780314145363 0.0013695585815730737 65
1780314145366 0.0013737688464607344 66
1780314145368 0.0013849819753522753 67
1780314145370 0.001413115674367873 68
1780314145373 0.0013728523904865141 69
1780314145375 0.0013656206234009005 70
1780314145377 0.0012951913300639716 71
1780314145379 0.001246680561598623 72
1780314145382 0.0012317043361690593 73
1780314145384 0.0012209953008277808 74
1780314145386 0.0012086444775923156 75
1780314145388 0.0012041350889194292 76
1780314145390 0.0011993710804381408 77
1780314145392 0.0012063862158538542 78
1780314145394 0.0012098114235413958 79
1780314145397 0.001207859465648653 80
1780314145399 0.0011783595714950934 81
1780314145401 0.0011493359161249828 82
1780314145403 0.0011384850768808973 83
1780314145405 0.0011330341441498604 84
1780314145407 0.0011279754605493509 85
1780314145410 0.0011256724273698638 86
1780314145412 0.001121496005143854 87
1780314145414 0.001123175435423036 88
1780314145416 0.0011227355356095358 89
1780314145418 0.0011221667772770162 90
1780314145421 0.0011053948759945343 91
1780314145423 0.0010936640670115593 92
1780314145425 0.001089679478754988 93
1780314145427 0.0010861450824450002 94
1780314145429 0.00108403207079391 95
1780314145431 0.0010825687919714256 96
1780314145434 0.001080764943981194 97
1780314145436 0.001078570620229584 98
1780314145438 0.0010764537972863765 99
1780314145440 0.0010749746680085081 100
1780314145442 0.001067224751386675 101
1780314145444 0.0010644846654031426 102
1780314145447 0.0010632546208944405 103
1780314145449 0.001061533631509519 104
1780314145451 0.0010605490049056243 105
