1785320041119 0.06611286181335647 1
1785320041121 0.007585891255682024 2
1785320041123 0.004634042324323673 3
1785320041124 0.00379666968510719 4
1785320041126 0.003321127284046573 5
1785320041128 0.0030325951830794413 6
1785320041130 0.002899934694869444 7
1785320041131 0.002485803397091028 8
1785320041133 0.0023257755919379028 9
1785320041135 0.002352877177084641 10
1785320041136 0.002164417848083152 11
1785320041138 0.002083537976432126 12
1785320041140 0.0019394800029355489 13
1785320041141 0.001870453443674099 14
1785320041143 0.0018451686212453448 15
1785320041145 0.0018551735287474004 16
1785320041146 0.0018365536621179975 17
1785320041148 0.001784329277385647 18
1785320041150 0.0017099989385314985 19
1785320041151 0.0016433713119719565 20
1785320041153 0.0016726056338181175 21
1785320041155 0.001604588426319727 22
1785320041156 0.0016325293603586034 23
1785320041158 0.0015511803375072 24
1785320041160 0.0015706823539706723 25
1785320041161 0.0015894177438894985 26
1785320041163 0.0015890975834433145 27
1785320041165 0.0015512341715899916 28
1785320041166 0.00149341120935181 29
1785320041168 0.0014541375727276317 30
1785320041170 0.0014229898659929555 31
1785320041171 0.0014063723321063057 32
1785320041173 0.0013924210660964794 33
1785320041175 0.0014010361728045003 34
1785320041176 0.0013832667661821082 35
1785320041178 0.0013708860860788263 36
1785320041179 0.0013565534341372161 37
1785320041181 0.0013627017240651184 38
1785320041183 0.0013330599143955625 39
1785320041184 0.001337555415617923 40
