1781938201823 0.0 1
1781938201824 0.0 2
1781938201825 0.0 3
1781938201826 0.0 4
1781938201826 0.0 5
1781938201827 0.0 6
1781938201828 0.0 7
1781938201829 0.0 8
1781938201830 0.0 9
1781938201831 0.0 10
1781938201832 0.0 11
1781938201833 0.0 12
1781938201834 0.0 13
1781938201835 0.0 14
1781938201836 0.0 15
1781938201837 0.0 16
1781938201838 0.0 17
1781938201839 0.0 18
1781938201840 0.0 19
1781938201840 0.0 20
1781938201841 0.0 21
1781938201842 0.0 22
1781938201843 0.0 23
1781938201844 0.0 24
1781938201845 0.0 25
1781938201846 0.0 26
1781938201847 0.0 27
1781938201848 0.0 28
1781938201849 0.0 29
1781938201850 0.0 30
1781938201851 0.0 31
1781938201852 0.0 32
1781938201853 0.0 33
1781938201853 0.0 34
1781938201854 0.0 35
1781938201855 0.0 36
1781938201856 0.0 37
1781938201857 0.0 38
1781938201858 0.0 39
1781938201859 0.0 40
1781938201860 0.0 41
1781938201861 0.0 42
1781938201862 0.0 43
1781938201863 0.0 44
1781938201864 0.0 45
1781938201865 0.0 46
1781938201866 0.0 47
1781938201867 0.0 48
1781938201867 0.0 49
1781938201868 0.0 50
1781938201869 0.0 51
1781938201870 0.0 52
1781938201871 0.0 53
1781938201872 0.0 54
1781938201873 0.0 55
1781938201874 0.0 56
1781938201875 0.0 57
1781938201876 0.0 58
1781938201877 0.0 59
1781938201878 0.0 60
1781938201879 0.0 61
1781938201880 0.0 62
1781938201881 0.0 63
1781938201882 0.0 64
1781938201882 0.0 65
1781938201883 0.0 66
1781938201884 0.0 67
1781938201885 0.0 68
1781938201886 0.0 69
1781938201887 0.0 70
1781938201888 0.0 71
1781938201889 0.0 72
1781938201890 0.0 73
1781938201890 0.0 74
1781938201891 0.0 75
1781938201892 0.0 76
1781938201893 0.0 77
1781938201894 0.0 78
1781938201895 0.0 79
1781938201896 0.0 80
1781938201897 0.0 81
1781938201898 0.0 82
1781938201899 0.0 83
1781938201900 0.0 84
1781938201901 0.0 85
