1781938201664 0.14556959666311742 1
1781938201665 0.05591884661465883 2
1781938201666 0.02715814605355263 3
1781938201667 0.015978074548766017 4
1781938201668 0.010486999347340315 5
1781938201668 0.007673554900102317 6
1781938201669 0.005945601747371256 7
1781938201670 0.004827096542576328 8
1781938201671 0.004127060929313302 9
1781938201672 0.0035639222955796868 10
1781938201673 0.003100410828483291 11
1781938201674 0.0028169551747851073 12
1781938201675 0.0025869838456856085 13
1781938201676 0.002351423233631067 14
1781938201677 0.0021735721919685603 15
1781938201678 0.0020353832538239657 16
1781938201679 0.001886452164617367 17
1781938201680 0.0018541587688378058 18
1781938201681 0.0018009851666283795 19
1781938201682 0.0017386861814884468 20
1781938201683 0.0016086739461752585 21
1781938201684 0.0015320118925592396 22
1781938201684 0.0014895190438255668 23
1781938201685 0.0014379757510323543 24
1781938201686 0.0014896915925783104 25
1781938201687 0.0015033222625788767 26
1781938201688 0.001485106818145141 27
1781938201689 0.0013873350856010802 28
1781938201690 0.0012966825925104786 29
1781938201691 0.0012826370418770239 30
1781938201692 0.0013112009460746776 31
1781938201693 0.0013410871734959072 32
1781938201694 0.0012200707742886152 33
1781938201695 0.0011566330536152236 34
1781938201696 0.0011297400807961822 35
1781938201697 0.0011386164068244399 36
1781938201698 0.001110953450333909 37
1781938201699 0.0011607917521178025 38
1781938201699 0.0011460031237947987 39
1781938201700 0.0011465156249323627 40
1781938201701 0.0011348911828099517 41
1781938201702 0.0011068016663193703 42
1781938201703 0.001059836572749191 43
1781938201704 0.0010346128390665398 44
1781938201705 0.0010586183205305133 45
1781938201706 0.001074199356007739 46
1781938201707 0.001020392618374899 47
1781938201708 0.0009889290008140961 48
1781938201709 0.0009674887714209035 49
1781938201710 0.000974837852481869 50
1781938201711 0.0009655053606547881 51
1781938201712 0.0009403040070174029 52
1781938201713 0.0010124363415525296 53
1781938201713 0.0010322947772510816 54
1781938201714 0.0009402735534968088 55
1781938201715 0.0009592935503314947 56
1781938201716 0.0009168040325312176 57
1781938201717 0.0008738008874206571 58
1781938201718 0.0008661279021180235 59
1781938201719 0.000870853220585559 60
1781938201720 0.0008646288672753144 61
1781938201721 0.0008659628630266525 62
1781938201722 0.0008732494460855377 63
1781938201723 0.0008998500198504189 64
1781938201724 0.0008378429178628722 65
1781938201725 0.0007778737768239807 66
1781938201726 0.0007607168170579825 67
1781938201727 0.0007503177713078913 68
1781938201727 0.0007419408908754121 69
1781938201728 0.0007366261315837619 70
1781938201729 0.0007285963169488241 71
1781938201730 0.0007215266455023084 72
1781938201731 0.000717676966014551 73
1781938201732 0.0007142228619704837 74
1781938201733 0.0007110489469050662 75
1781938201734 0.0007078670013288502 76
1781938201735 0.000703430341964122 77
1781938201736 0.0007009742946684128 78
1781938201737 0.0006989099687416455 79
1781938201738 0.0006970409994755756 80
1781938201739 0.0006950765493456857 81
1781938201740 0.000693170040831319 82
1781938201741 0.0006904166859749239 83
1781938201741 0.0006891104659371194 84
1781938201742 0.0006879410476176418 85
