1781938201902 0.0 1
1781938201903 0.0 2
1781938201903 0.0 3
1781938201904 0.0 4
1781938201905 0.0 5
1781938201906 0.0 6
1781938201906 0.0 7
1781938201907 0.0 8
1781938201908 0.0 9
1781938201909 0.0 10
1781938201910 0.0 11
1781938201911 0.0 12
1781938201912 0.0 13
1781938201913 0.0 14
1781938201914 0.0 15
1781938201915 0.0 16
1781938201915 0.0 17
1781938201916 0.0 18
1781938201917 0.0 19
1781938201918 0.0 20
1781938201919 0.0 21
1781938201920 0.0 22
1781938201921 0.0 23
1781938201922 0.0 24
1781938201923 0.0 25
1781938201924 0.0 26
1781938201924 0.0 27
1781938201925 0.0 28
1781938201926 0.0 29
1781938201927 0.0 30
1781938201928 0.0 31
1781938201929 0.0 32
1781938201930 0.0 33
1781938201931 0.0 34
1781938201932 0.0 35
1781938201932 0.0 36
1781938201933 0.0 37
1781938201934 0.0 38
1781938201935 0.0 39
1781938201936 0.0 40
1781938201937 0.0 41
1781938201938 0.0 42
1781938201939 0.0 43
1781938201940 0.0 44
1781938201941 0.0 45
1781938201941 0.0 46
1781938201942 0.0 47
1781938201943 0.0 48
1781938201944 0.0 49
1781938201945 0.0 50
1781938201946 0.0 51
1781938201947 0.0 52
1781938201948 0.0 53
1781938201949 0.0 54
1781938201950 0.0 55
1781938201951 0.0 56
1781938201952 0.0 57
1781938201952 0.0 58
1781938201953 0.0 59
1781938201954 0.0 60
1781938201955 0.0 61
1781938201956 0.0 62
1781938201957 0.0 63
1781938201958 0.0 64
1781938201959 0.0 65
1781938201960 0.0 66
1781938201961 0.0 67
1781938201962 0.0 68
1781938201962 0.0 69
1781938201963 0.0 70
1781938201964 0.0 71
1781938201965 0.0 72
1781938201966 0.0 73
1781938201967 0.0 74
1781938201968 0.0 75
1781938201968 0.0 76
1781938201969 0.0 77
1781938201970 0.0 78
1781938201971 0.0 79
1781938201972 0.0 80
1781938201973 0.0 81
1781938201974 0.0 82
1781938201975 0.0 83
1781938201975 0.0 84
1781938201976 0.0 85
