1782228975630 0.0 1
1782228975631 0.0 2
1782228975632 0.0 3
1782228975633 0.0 4
1782228975634 0.0 5
1782228975635 0.0 6
1782228975636 0.0 7
1782228975638 0.0 8
1782228975639 0.0 9
1782228975640 0.0 10
1782228975641 0.0 11
1782228975643 0.0 12
1782228975644 0.0 13
1782228975645 0.0 14
1782228975646 0.0 15
1782228975647 0.0 16
1782228975648 0.0 17
1782228975649 0.0 18
1782228975651 0.0 19
1782228975652 0.0 20
1782228975653 0.0 21
1782228975654 0.0 22
1782228975655 0.0 23
1782228975656 0.0 24
1782228975657 0.0 25
1782228975658 0.0 26
1782228975660 0.0 27
1782228975661 0.0 28
1782228975662 0.0 29
1782228975663 0.0 30
1782228975665 0.0 31
1782228975666 0.0 32
1782228975667 0.0 33
1782228975668 0.0 34
1782228975670 0.0 35
1782228975671 0.0 36
1782228975672 0.0 37
1782228975673 0.0 38
1782228975675 0.0 39
1782228975676 0.0 40
1782228975677 0.0 41
1782228975678 0.0 42
1782228975680 0.0 43
1782228975681 0.0 44
1782228975682 0.0 45
1782228975683 0.0 46
1782228975685 0.0 47
1782228975686 0.0 48
1782228975687 0.0 49
1782228975688 0.0 50
1782228975690 0.0 51
1782228975691 0.0 52
1782228975692 0.0 53
1782228975693 0.0 54
1782228975695 0.0 55
1782228975696 0.0 56
1782228975697 0.0 57
1782228975698 0.0 58
1782228975700 0.0 59
1782228975701 0.0 60
1782228975702 0.0 61
1782228975703 0.0 62
1782228975705 0.0 63
1782228975706 0.0 64
1782228975707 0.0 65
1782228975708 0.0 66
1782228975710 0.0 67
1782228975711 0.0 68
1782228975712 0.0 69
1782228975713 0.0 70
1782228975715 0.0 71
1782228975716 0.0 72
1782228975717 0.0 73
1782228975718 0.0 74
1782228975720 0.0 75
1782228975721 0.0 76
1782228975722 0.0 77
1782228975723 0.0 78
