1782228975434 0.12102413875982165 1
1782228975435 0.040487278206273916 2
1782228975437 0.01958660101518035 3
1782228975438 0.01208153045270592 4
1782228975439 0.008442181695718318 5
1782228975440 0.006306650612968951 6
1782228975442 0.005153202055953443 7
1782228975443 0.004400010327808559 8
1782228975444 0.0037155790335964413 9
1782228975446 0.0032351608213502915 10
1782228975447 0.002846504179178737 11
1782228975448 0.0026431571319699286 12
1782228975449 0.0025339961069403218 13
1782228975451 0.0022740755503764375 14
1782228975452 0.002153823357366491 15
1782228975453 0.0020171573822153734 16
1782228975454 0.001879065147950314 17
1782228975456 0.0017890780355082824 18
1782228975457 0.0017313795883092098 19
1782228975458 0.0016564196872059255 20
1782228975459 0.0016792459751013666 21
1782228975461 0.0016047547533526085 22
1782228975462 0.0015534930577268825 23
1782228975463 0.001496113677858375 24
1782228975464 0.0015399241892737336 25
1782228975466 0.0014550798429991119 26
1782228975467 0.0013704293355112896 27
1782228975468 0.0013378628576174378 28
1782228975470 0.0013464305904926732 29
1782228975471 0.0013474898479762488 30
1782228975472 0.0012676285137422382 31
1782228975473 0.0012375322243315169 32
1782228975475 0.0012052551352826413 33
1782228975476 0.0011988710332661867 34
1782228975477 0.0011999835549795534 35
1782228975478 0.0012264291028259322 36
1782228975480 0.001289876140508568 37
1782228975481 0.001188268407859141 38
1782228975482 0.0011610347949317656 39
1782228975483 0.0011485819857625756 40
1782228975485 0.001094782901564031 41
1782228975486 0.0010714738442766248 42
1782228975487 0.0010986932608648204 43
1782228975488 0.00106989159983641 44
1782228975490 0.0010905056953197346 45
1782228975491 0.0010168873086513486 46
1782228975492 0.0009453738303272985 47
1782228975493 0.0009242817987251328 48
1782228975494 0.0009119924664992141 49
1782228975496 0.000899976367072668 50
1782228975497 0.0008915732026798651 51
1782228975498 0.0008859672561811749 52
1782228975499 0.0008844677377783228 53
1782228975501 0.0008865679060545517 54
1782228975502 0.0008905578371195588 55
1782228975503 0.0008734032677239157 56
1782228975504 0.0008457696441109874 57
1782228975506 0.0008368328190408647 58
1782228975507 0.0008304868973573321 59
1782228975508 0.0008254131224748562 60
1782228975509 0.0008208590900903801 61
1782228975511 0.0008167674621290643 62
1782228975512 0.0008102342033453169 63
1782228975513 0.0008065258063652437 64
1782228975514 0.0008035862710312358 65
1782228975516 0.0008009188297000946 66
1782228975517 0.0007983358487399527 67
1782228975518 0.0007957582906601601 68
1782228975519 0.0007931798458957928 69
1782228975521 0.0007892625926979235 70
1782228975522 0.0007873092629961321 71
1782228975523 0.0007857361300193589 72
1782228975524 0.0007841602966436767 73
1782228975526 0.0007826403698709327 74
1782228975527 0.0007810427174626966 75
1782228975528 0.0007794963858395931 76
1782228975529 0.0007772485116583994 77
1782228975531 0.0007762849213395384 78
