1782228975724 0.0 1
1782228975726 0.0 2
1782228975727 0.0 3
1782228975728 0.0 4
1782228975730 0.0 5
1782228975731 0.0 6
1782228975732 0.0 7
1782228975733 0.0 8
1782228975735 0.0 9
1782228975736 0.0 10
1782228975737 0.0 11
1782228975738 0.0 12
1782228975740 0.0 13
1782228975741 0.0 14
1782228975742 0.0 15
1782228975743 0.0 16
1782228975745 0.0 17
1782228975746 0.0 18
1782228975747 0.0 19
1782228975748 0.0 20
1782228975750 0.0 21
1782228975751 0.0 22
1782228975752 0.0 23
1782228975753 0.0 24
1782228975755 0.0 25
1782228975756 0.0 26
1782228975757 0.0 27
1782228975758 0.0 28
1782228975759 0.0 29
1782228975761 0.0 30
1782228975762 0.0 31
1782228975763 0.0 32
1782228975764 0.0 33
1782228975765 0.0 34
1782228975767 0.0 35
1782228975768 0.0 36
1782228975769 0.0 37
1782228975770 0.0 38
1782228975771 0.0 39
1782228975772 0.0 40
1782228975773 0.0 41
1782228975774 0.0 42
1782228975775 0.0 43
1782228975776 0.0 44
1782228975777 0.0 45
1782228975779 0.0 46
1782228975780 0.0 47
1782228975781 0.0 48
1782228975782 0.0 49
1782228975783 0.0 50
1782228975785 0.0 51
1782228975786 0.0 52
1782228975787 0.0 53
1782228975788 0.0 54
1782228975789 0.0 55
1782228975790 0.0 56
1782228975791 0.0 57
1782228975792 0.0 58
1782228975793 0.0 59
1782228975794 0.0 60
1782228975796 0.0 61
1782228975797 0.0 62
1782228975798 0.0 63
1782228975799 0.0 64
1782228975800 0.0 65
1782228975802 0.0 66
1782228975803 0.0 67
1782228975804 0.0 68
1782228975805 0.0 69
1782228975807 0.0 70
1782228975808 0.0 71
1782228975809 0.0 72
1782228975810 0.0 73
1782228975811 0.0 74
1782228975812 0.0 75
1782228975814 0.0 76
1782228975815 0.0 77
1782228975816 0.0 78
