1782234952983 0.0 1
1782234952984 0.0 2
1782234952985 0.0 3
1782234952986 0.0 4
1782234952987 0.0 5
1782234952989 0.0 6
1782234952990 0.0 7
1782234952991 0.0 8
1782234952992 0.0 9
1782234952994 0.0 10
1782234952995 0.0 11
1782234952996 0.0 12
1782234952997 0.0 13
1782234952999 0.0 14
1782234953000 0.0 15
1782234953001 0.0 16
1782234953002 0.0 17
1782234953004 0.0 18
1782234953005 0.0 19
1782234953006 0.0 20
1782234953007 0.0 21
1782234953008 0.0 22
1782234953010 0.0 23
1782234953011 0.0 24
1782234953012 0.0 25
1782234953013 0.0 26
1782234953015 0.0 27
1782234953016 0.0 28
1782234953017 0.0 29
1782234953018 0.0 30
1782234953020 0.0 31
1782234953021 0.0 32
1782234953022 0.0 33
1782234953023 0.0 34
1782234953024 0.0 35
1782234953026 0.0 36
1782234953027 0.0 37
1782234953028 0.0 38
1782234953030 0.0 39
1782234953031 0.0 40
1782234953032 0.0 41
1782234953033 0.0 42
1782234953035 0.0 43
1782234953036 0.0 44
1782234953037 0.0 45
1782234953038 0.0 46
1782234953040 0.0 47
1782234953041 0.0 48
1782234953042 0.0 49
1782234953043 0.0 50
1782234953045 0.0 51
1782234953046 0.0 52
1782234953047 0.0 53
1782234953048 0.0 54
1782234953049 0.0 55
1782234953051 0.0 56
1782234953052 0.0 57
1782234953053 0.0 58
1782234953054 0.0 59
1782234953056 0.0 60
1782234953057 0.0 61
1782234953058 0.0 62
1782234953059 0.0 63
1782234953061 0.0 64
1782234953062 0.0 65
1782234953063 0.0 66
1782234953064 0.0 67
1782234953065 0.0 68
1782234953067 0.0 69
1782234953068 0.0 70
1782234953069 0.0 71
1782234953070 0.0 72
1782234953072 0.0 73
1782234953073 0.0 74
1782234953074 0.0 75
1782234953075 0.0 76
1782234953077 0.0 77
1782234953078 0.0 78
1782234953079 0.0 79
1782234953080 0.0 80
1782234953082 0.0 81
1782234953083 0.0 82
1782234953084 0.0 83
1782234953085 0.0 84
1782234953087 0.0 85
1782234953088 0.0 86
