1782234952876 0.0 1
1782234952878 0.0 2
1782234952879 0.0 3
1782234952880 0.0 4
1782234952882 0.0 5
1782234952883 0.0 6
1782234952884 0.0 7
1782234952885 0.0 8
1782234952886 0.0 9
1782234952888 0.0 10
1782234952889 0.0 11
1782234952890 0.0 12
1782234952891 0.0 13
1782234952893 0.0 14
1782234952894 0.0 15
1782234952895 0.0 16
1782234952896 0.0 17
1782234952898 0.0 18
1782234952899 0.0 19
1782234952900 0.0 20
1782234952901 0.0 21
1782234952903 0.0 22
1782234952904 0.0 23
1782234952905 0.0 24
1782234952906 0.0 25
1782234952907 0.0 26
1782234952909 0.0 27
1782234952910 0.0 28
1782234952911 0.0 29
1782234952912 0.0 30
1782234952914 0.0 31
1782234952915 0.0 32
1782234952916 0.0 33
1782234952917 0.0 34
1782234952919 0.0 35
1782234952920 0.0 36
1782234952921 0.0 37
1782234952922 0.0 38
1782234952923 0.0 39
1782234952925 0.0 40
1782234952926 0.0 41
1782234952927 0.0 42
1782234952928 0.0 43
1782234952930 0.0 44
1782234952931 0.0 45
1782234952932 0.0 46
1782234952933 0.0 47
1782234952935 0.0 48
1782234952936 0.0 49
1782234952937 0.0 50
1782234952938 0.0 51
1782234952940 0.0 52
1782234952941 0.0 53
1782234952942 0.0 54
1782234952943 0.0 55
1782234952944 0.0 56
1782234952946 0.0 57
1782234952947 0.0 58
1782234952948 0.0 59
1782234952949 0.0 60
1782234952951 0.0 61
1782234952952 0.0 62
1782234952953 0.0 63
1782234952954 0.0 64
1782234952955 0.0 65
1782234952957 0.0 66
1782234952958 0.0 67
1782234952959 0.0 68
1782234952960 0.0 69
1782234952962 0.0 70
1782234952963 0.0 71
1782234952964 0.0 72
1782234952965 0.0 73
1782234952967 0.0 74
1782234952968 0.0 75
1782234952969 0.0 76
1782234952970 0.0 77
1782234952971 0.0 78
1782234952973 0.0 79
1782234952974 0.0 80
1782234952975 0.0 81
1782234952976 0.0 82
1782234952978 0.0 83
1782234952979 0.0 84
1782234952980 0.0 85
1782234952981 0.0 86
