1782234952663 0.15376494366675617 1
1782234952664 0.05472945324145258 2
1782234952665 0.024435029635205864 3
1782234952666 0.014384888792410493 4
1782234952668 0.009843052395153791 5
1782234952669 0.007453541115391999 6
1782234952670 0.005908018267946318 7
1782234952672 0.004886345972772687 8
1782234952673 0.0040912488801404835 9
1782234952674 0.003455607452779077 10
1782234952675 0.0031039806251646953 11
1782234952677 0.0028568066377192736 12
1782234952678 0.002623521387577057 13
1782234952679 0.0024044193618465216 14
1782234952680 0.002235134492220823 15
1782234952682 0.0021775188617175444 16
1782234952683 0.0020148000976769253 17
1782234952684 0.0019847616279730575 18
1782234952685 0.0018340369581710547 19
1782234952687 0.0017442395261605271 20
1782234952688 0.0016514046656084247 21
1782234952689 0.0016006823914358392 22
1782234952690 0.001525791848252993 23
1782234952691 0.001553756086505018 24
1782234952693 0.0015997359553875867 25
1782234952694 0.0014839158894028514 26
1782234952695 0.0014254453899047803 27
1782234952696 0.0013790943023923319 28
1782234952698 0.0013295004506653641 29
1782234952699 0.0013115212898992467 30
1782234952700 0.0012778713343141136 31
1782234952701 0.001306460523046553 32
1782234952703 0.00132980618160218 33
1782234952704 0.0012576818031084258 34
1782234952705 0.0012806751670723314 35
1782234952706 0.0012305983195983572 36
1782234952708 0.001202729946890031 37
1782234952709 0.001210804709844524 38
1782234952710 0.001179575475907768 39
1782234952711 0.0011641076508385594 40
1782234952713 0.0011276864169485635 41
1782234952714 0.0010921819420764223 42
1782234952715 0.0010843817449494963 43
1782234952716 0.0010871409315586788 44
1782234952718 0.0011060211609583348 45
1782234952719 0.0011372242115612607 46
1782234952720 0.0011180728557519614 47
1782234952721 0.0010913782157876994 48
1782234952723 0.0010209140466758981 49
1782234952724 0.0009919858189095976 50
1782234952725 0.0009756330025265925 51
1782234952726 0.0009818110297055683 52
1782234952728 0.0009840094770333962 53
1782234952729 0.0010052182871004333 54
1782234952730 0.0010194755130942213 55
1782234952731 0.0010355085816263455 56
1782234952732 0.0009893650624871952 57
1782234952734 0.0009668762768706074 58
1782234952735 0.0009574395586241735 59
1782234952736 0.0009323270931781736 60
1782234952737 0.0009320680941164028 61
1782234952739 0.0009320280418251059 62
1782234952740 0.000942209878921858 63
1782234952741 0.0008661331818802864 64
1782234952742 0.0008148030673328321 65
1782234952744 0.0007939411595361889 66
1782234952745 0.0007823562547127949 67
1782234952746 0.0007739248159123235 68
1782234952747 0.0007684378101475886 69
1782234952749 0.0007646707067397074 70
1782234952750 0.0007562358450013562 71
1782234952751 0.0007472957217032672 72
1782234952752 0.0007416263398772571 73
1782234952754 0.0007375629417219898 74
1782234952755 0.000733741105577792 75
1782234952756 0.0007305073580209865 76
1782234952757 0.0007275467108047451 77
1782234952759 0.0007221222126099747 78
1782234952760 0.0007188924758520443 79
1782234952761 0.0007165471809275914 80
1782234952762 0.0007144051860450418 81
1782234952764 0.0007123229880016879 82
1782234952765 0.000710228618736437 83
1782234952766 0.0007081990154256346 84
1782234952767 0.0007052398868472665 85
1782234952768 0.0007035162869215128 86
