1785169560113 0.011368715479620732 1
1785169560115 0.004473978015594185 2
1785169560116 0.004436998815508559 3
1785169560117 0.004525762801640667 4
1785169560118 0.004326866318588145 5
1785169560120 0.004450132793572266 6
1785169560121 0.004226416884630452 7
1785169560122 0.0042302012533764356 8
1785169560124 0.004262427209760063 9
1785169560125 0.004315801785269286 10
1785169560126 0.004193832350138109 11
1785169560127 0.004219743395515252 12
1785169560129 0.004152165130944923 13
1785169560130 0.004285125145979691 14
1785169560131 0.004220210410421714 15
1785169560132 0.004238237734825816 16
1785169560134 0.004208049856242724 17
1785169560135 0.004139479174336884 18
1785169560136 0.004162138584943023 19
1785169560137 0.004309673564857803 20
1785169560139 0.0041469593890360555 21
1785169560140 0.004269053816969972 22
1785169560141 0.004079279399302322 23
1785169560142 0.003951486014120747 24
1785169560144 0.0037434074727934787 25
1785169560145 0.0036228768157889136 26
1785169560146 0.0034440099261701107 27
1785169560147 0.0033632831164868548 28
1785169560149 0.003364956208388321 29
1785169560150 0.0031901743056369013 30
1785169560151 0.0032743153322371656 31
1785169560152 0.003160261651792098 32
1785169560154 0.0031189679660019467 33
1785169560155 0.0030161198959103787 34
1785169560156 0.0029792667969013565 35
1785169560157 0.0031593750175670722 36
1785169560159 0.002919213799177669 37
1785169560160 0.0029356714940513484 38
1785169560161 0.002826269740180578 39
1785169560162 0.0026614985562628136 40
1785169560164 0.0027387261504190972 41
1785169560165 0.002740147805889137 42
1785169560166 0.002576473116350826 43
1785169560167 0.0030783579280250707 44
1785169560169 0.0026834435606724583 45
1785169560170 0.0025608972230111247 46
1785169560171 0.002576432474597823 47
1785169560172 0.002553119731310289 48
1785169560174 0.002487546712218318 49
1785169560175 0.0025173795694718136 50
1785169560176 0.0026585836202139036 51
1785169560178 0.0031568768483703023 52
1785169560179 0.002880981944326777 53
1785169560180 0.0025660965932183897 54
1785169560181 0.0025335828398237938 55
1785169560183 0.0028375256099388933 56
1785169560184 0.0023813976551173253 57
1785169560185 0.0022412593133049087 58
1785169560186 0.0021752613426360766 59
1785169560188 0.002200084964861162 60
1785169560189 0.002122621492744656 61
1785169560190 0.0020876002822478768 62
1785169560191 0.002159673187852604 63
1785169560193 0.0021612573531456293 64
1785169560194 0.0020873474075051492 65
1785169560195 0.002056510319089284 66
1785169560196 0.0020206950936699285 67
1785169560198 0.0020716617433936334 68
1785169560199 0.001976922360190656 69
1785169560200 0.0020810747824725694 70
1785169560201 0.002033770225389162 71
1785169560203 0.002017131244792836 72
1785169560204 0.0019846953156229573 73
1785169560205 0.0019429717076127418 74
1785169560206 0.0019823066986282356 75
1785169560208 0.0019540915671677796 76
1785169560209 0.002058884538419079 77
1785169560210 0.001900263838324463 78
1785169560211 0.0019176325060834643 79
1785169560213 0.0020024179309257304 80
1785169560214 0.0018606535406433978 81
1785169560215 0.0018739425555395427 82
1785169560216 0.001845713727961993 83
1785169560218 0.0019395620227442123 84
1785169560219 0.0018588383856695146 85
1785169560220 0.0018162035054410809 86
1785169560221 0.001866680983803235 87
1785169560223 0.0018181929703860078 88
1785169560224 0.0018017550774675328 89
1785169560225 0.001810543718165718 90
1785169560226 0.0017914085446682293 91
1785169560228 0.0018027415871620179 92
1785169560229 0.0017386206157971173 93
1785169560230 0.0019396913485252298 94
1785169560231 0.0018041199340950698 95
1785169560233 0.0017405171373684426 96
1785169560234 0.0017462872285977937 97
1785169560235 0.0018142669610097073 98
1785169560236 0.0016528756367915776 99
1785169560238 0.0016042046033544466 100
1785169560239 0.0016021370769885835 101
1785169560240 0.0015677169623086228 102
1785169560241 0.0015737618604907766 103
1785169560243 0.0015730563072429505 104
1785169560244 0.0015819739554717672 105
1785169560245 0.001585635443771025 106
1785169560246 0.001558824268868193 107
1785169560248 0.0015439084687386639 108
1785169560249 0.0014956787628761959 109
1785169560250 0.001489048017829191 110
1785169560251 0.0014756240375572815 111
1785169560253 0.0014693852807977238 112
1785169560254 0.001483012999233324 113
1785169560255 0.0014677779171324802 114
1785169560256 0.001460270660900278 115
1785169560258 0.001460563731379807 116
1785169560259 0.001460409288702067 117
1785169560260 0.0014405903543229215 118
1785169560261 0.0014137867235695012 119
1785169560263 0.0014074086224718486 120
1785169560264 0.0014047906556515955 121
1785169560265 0.0013915456089307553 122
1785169560266 0.0013944211568741594 123
1785169560268 0.0013736140719265678 124
1785169560269 0.0013742766944051254 125
1785169560270 0.001372617072192952 126
1785169560271 0.0013678796586464158 127
1785169560273 0.001362884963164106 128
1785169560274 0.0013594395198742858 129
1785169560275 0.0013596192028489896 130
1785169560276 0.001356008394213859 131
1785169560278 0.0013538965336920227 132
1785169560279 0.0013563308288576082 133
