1785169560446 0.0 1
1785169560448 0.0 2
1785169560449 0.0 3
1785169560450 0.0 4
1785169560451 0.0 5
1785169560452 0.0 6
1785169560454 0.0 7
1785169560455 0.0 8
1785169560456 0.0 9
1785169560457 0.0 10
1785169560458 0.0 11
1785169560460 0.0 12
1785169560461 0.0 13
1785169560462 0.0 14
1785169560463 0.0 15
1785169560464 0.0 16
1785169560465 0.0 17
1785169560467 0.0 18
1785169560468 0.0 19
1785169560469 0.0 20
1785169560470 0.0 21
1785169560471 0.0 22
1785169560472 0.0 23
1785169560474 0.0 24
1785169560475 0.0 25
1785169560476 0.0 26
1785169560477 0.0 27
1785169560479 0.0 28
1785169560480 0.0 29
1785169560481 0.0 30
1785169560482 0.0 31
1785169560483 0.0 32
1785169560484 0.0 33
1785169560486 0.0 34
1785169560487 0.0 35
1785169560488 0.0 36
1785169560489 0.0 37
1785169560491 0.0 38
1785169560492 0.0 39
1785169560493 0.0 40
1785169560494 0.0 41
1785169560496 0.0 42
1785169560497 0.0 43
1785169560498 0.0 44
1785169560499 0.0 45
1785169560500 0.0 46
1785169560502 0.0 47
1785169560503 0.0 48
1785169560504 0.0 49
1785169560505 0.0 50
1785169560506 0.0 51
1785169560507 0.0 52
1785169560508 0.0 53
1785169560509 0.0 54
1785169560511 0.0 55
1785169560512 0.0 56
1785169560513 0.0 57
1785169560514 0.0 58
1785169560515 0.0 59
1785169560517 0.0 60
1785169560518 0.0 61
1785169560519 0.0 62
1785169560520 0.0 63
1785169560521 0.0 64
1785169560523 0.0 65
1785169560524 0.0 66
1785169560525 0.0 67
1785169560526 0.0 68
1785169560527 0.0 69
1785169560528 0.0 70
1785169560529 0.0 71
1785169560531 0.0 72
1785169560532 0.0 73
1785169560533 0.0 74
1785169560534 0.0 75
1785169560536 0.0 76
1785169560537 0.0 77
1785169560538 0.0 78
1785169560539 0.0 79
1785169560540 0.0 80
1785169560541 0.0 81
1785169560542 0.0 82
1785169560544 0.0 83
1785169560545 0.0 84
1785169560546 0.0 85
1785169560547 0.0 86
1785169560548 0.0 87
1785169560549 0.0 88
1785169560551 0.0 89
1785169560552 0.0 90
1785169560553 0.0 91
1785169560554 0.0 92
1785169560555 0.0 93
1785169560556 0.0 94
1785169560558 0.0 95
1785169560559 0.0 96
1785169560560 0.0 97
1785169560561 0.0 98
1785169560563 0.0 99
1785169560564 0.0 100
1785169560565 0.0 101
1785169560566 0.0 102
1785169560568 0.0 103
1785169560569 0.0 104
1785169560570 0.0 105
1785169560571 0.0 106
1785169560572 0.0 107
1785169560574 0.0 108
1785169560575 0.0 109
1785169560576 0.0 110
1785169560578 0.0 111
1785169560579 0.0 112
1785169560580 0.0 113
1785169560581 0.0 114
1785169560583 0.0 115
1785169560584 0.0 116
1785169560585 0.0 117
1785169560586 0.0 118
1785169560587 0.0 119
1785169560589 0.0 120
1785169560590 0.0 121
1785169560591 0.0 122
1785169560592 0.0 123
1785169560594 0.0 124
1785169560595 0.0 125
1785169560596 0.0 126
1785169560597 0.0 127
1785169560599 0.0 128
1785169560600 0.0 129
1785169560601 0.0 130
1785169560602 0.0 131
1785169560604 0.0 132
1785169560605 0.0 133
