1782733047503 0.1268653796799481 1
1782733047504 0.029147772388532757 2
1782733047506 0.01327632432570681 3
1782733047507 0.00700521620339714 4
1782733047508 0.004869006569497287 5
1782733047509 0.0037904427957255395 6
1782733047510 0.003119745585718192 7
1782733047511 0.0027269534996594304 8
1782733047512 0.00241514454013668 9
1782733047513 0.00204995900799986 10
1782733047514 0.001883546531025786 11
1782733047516 0.0017021118817501701 12
1782733047517 0.0016029620086192152 13
1782733047518 0.0015514834698115009 14
1782733047519 0.0016800488400622272 15
1782733047520 0.001563953512813896 16
1782733047521 0.0014634752919664607 17
1782733047522 0.0013343571656150744 18
1782733047523 0.0012832833694119473 19
1782733047524 0.0011829022435995284 20
1782733047525 0.0011506456759525464 21
1782733047527 0.0011956437793560325 22
1782733047528 0.0011541849619243294 23
1782733047529 0.0011502768193895462 24
1782733047530 0.0010548380409454695 25
1782733047531 0.0010434923009597697 26
1782733047532 0.0011781914185849019 27
1782733047533 0.001072710841326625 28
1782733047534 0.0010158807162224549 29
1782733047535 0.0009510008296638262 30
1782733047537 0.0009844278205855517 31
1782733047538 0.0009543451216450194 32
1782733047539 0.0008960390319407451 33
1782733047540 0.0009066219722444657 34
1782733047541 0.0009777474125439766 35
1782733047542 0.0009370618645334616 36
1782733047543 0.0008095439975295449 37
1782733047544 0.0007173534407047555 38
1782733047545 0.0006343741075397702 39
1782733047546 0.0005964081718411763 40
1782733047547 0.0005783792343572714 41
1782733047549 0.0005686500149022322 42
1782733047550 0.0005577173181518447 43
1782733047551 0.0005655143369949656 44
1782733047552 0.0005671473933762172 45
1782733047553 0.0005645974374419893 46
1782733047554 0.0005889659732929431 47
1782733047555 0.0005483620980521664 48
1782733047556 0.0005051702698256121 49
1782733047557 0.0004889100331638474 50
1782733047558 0.0004802312233368866 51
1782733047560 0.0004738437361083925 52
1782733047561 0.0004678888574198936 53
1782733047562 0.00046232810513174627 54
1782733047563 0.0004541063397846301 55
1782733047564 0.00044941542084416143 56
1782733047565 0.00044611613226152257 57
1782733047566 0.0004429668864031555 58
1782733047567 0.0004396045374232926 59
1782733047568 0.0004364533515035873 60
1782733047569 0.00043366964637243656 61
1782733047571 0.00042842633669351924 62
1782733047572 0.0004258679429767653 63
1782733047573 0.0004239848495126353 64
1782733047574 0.00042212507414660647 65
1782733047575 0.00042032755005493526 66
1782733047576 0.0004183903183002258 67
1782733047577 0.00041655007924418897 68
1782733047578 0.0004135477056843229 69
1782733047579 0.0004122854144588928 70
