1782733047657 0.0 1
1782733047658 0.0 2
1782733047660 0.0 3
1782733047661 0.0 4
1782733047662 0.0 5
1782733047663 0.0 6
1782733047664 0.0 7
1782733047665 0.0 8
1782733047666 0.0 9
1782733047667 0.0 10
1782733047668 0.0 11
1782733047670 0.0 12
1782733047671 0.0 13
1782733047672 0.0 14
1782733047673 0.0 15
1782733047674 0.0 16
1782733047675 0.0 17
1782733047676 0.0 18
1782733047677 0.0 19
1782733047678 0.0 20
1782733047679 0.0 21
1782733047680 0.0 22
1782733047682 0.0 23
1782733047683 0.0 24
1782733047684 0.0 25
1782733047685 0.0 26
1782733047686 0.0 27
1782733047687 0.0 28
1782733047688 0.0 29
1782733047689 0.0 30
1782733047690 0.0 31
1782733047691 0.0 32
1782733047692 0.0 33
1782733047694 0.0 34
1782733047695 0.0 35
1782733047696 0.0 36
1782733047697 0.0 37
1782733047698 0.0 38
1782733047699 0.0 39
1782733047700 0.0 40
1782733047701 0.0 41
1782733047702 0.0 42
1782733047703 0.0 43
1782733047704 0.0 44
1782733047706 0.0 45
1782733047707 0.0 46
1782733047708 0.0 47
1782733047709 0.0 48
1782733047710 0.0 49
1782733047711 0.0 50
1782733047712 0.0 51
1782733047713 0.0 52
1782733047714 0.0 53
1782733047715 0.0 54
1782733047717 0.0 55
1782733047718 0.0 56
1782733047719 0.0 57
1782733047720 0.0 58
1782733047721 0.0 59
1782733047722 0.0 60
1782733047723 0.0 61
1782733047724 0.0 62
1782733047725 0.0 63
1782733047726 0.0 64
1782733047727 0.0 65
1782733047729 0.0 66
1782733047730 0.0 67
1782733047731 0.0 68
1782733047732 0.0 69
1782733047733 0.0 70
