1782733047734 0.0 1
1782733047735 0.0 2
1782733047736 0.0 3
1782733047737 0.0 4
1782733047738 0.0 5
1782733047739 0.0 6
1782733047741 0.0 7
1782733047742 0.0 8
1782733047743 0.0 9
1782733047744 0.0 10
1782733047745 0.0 11
1782733047746 0.0 12
1782733047747 0.0 13
1782733047748 0.0 14
1782733047749 0.0 15
1782733047751 0.0 16
1782733047752 0.0 17
1782733047753 0.0 18
1782733047754 0.0 19
1782733047755 0.0 20
1782733047756 0.0 21
1782733047757 0.0 22
1782733047758 0.0 23
1782733047759 0.0 24
1782733047760 0.0 25
1782733047762 0.0 26
1782733047763 0.0 27
1782733047764 0.0 28
1782733047765 0.0 29
1782733047766 0.0 30
1782733047767 0.0 31
1782733047768 0.0 32
1782733047769 0.0 33
1782733047770 0.0 34
1782733047771 0.0 35
1782733047772 0.0 36
1782733047774 0.0 37
1782733047775 0.0 38
1782733047776 0.0 39
1782733047777 0.0 40
1782733047778 0.0 41
1782733047779 0.0 42
1782733047780 0.0 43
1782733047781 0.0 44
1782733047782 0.0 45
1782733047783 0.0 46
1782733047785 0.0 47
1782733047786 0.0 48
1782733047787 0.0 49
1782733047788 0.0 50
1782733047789 0.0 51
1782733047790 0.0 52
1782733047791 0.0 53
1782733047792 0.0 54
1782733047793 0.0 55
1782733047794 0.0 56
1782733047795 0.0 57
1782733047797 0.0 58
1782733047798 0.0 59
1782733047799 0.0 60
1782733047800 0.0 61
1782733047801 0.0 62
1782733047802 0.0 63
1782733047803 0.0 64
1782733047804 0.0 65
1782733047805 0.0 66
1782733047806 0.0 67
1782733047808 0.0 68
1782733047809 0.0 69
1782733047810 0.0 70
