1780314163627 0.213527747169137 1
1780314163641 0.16883551202714442 2
1780314163647 0.1317757009714842 3
1780314163650 0.10505593247711659 4
1780314163652 0.08495090264827013 5
1780314163655 0.06933537241071462 6
1780314163657 0.05706713728606701 7
1780314163659 0.04738111475482583 8
1780314163662 0.03966142300516367 9
1780314163664 0.033455249816179276 10
1780314163666 0.028420179737731813 11
1780314163668 0.024295499427244068 12
1780314163671 0.020855660298839212 13
1780314163674 0.017948722280561925 14
1780314163676 0.015559328086674214 15
1780314163678 0.013580647497437894 16
1780314163680 0.011928711514919997 17
1780314163683 0.010547261349856854 18
1780314163685 0.009375222946982831 19
1780314163687 0.008395996941253543 20
1780314163690 0.007554037696681917 21
1780314163692 0.006823532350827008 22
1780314163694 0.006194530678912997 23
1780314163697 0.005657966416329145 24
1780314163699 0.005179798847530037 25
1780314163701 0.004767447061603889 26
1780314163703 0.004408281086944044 27
1780314163706 0.0040839707641862335 28
1780314163708 0.003799072178080678 29
1780314163710 0.0035493228025734423 30
1780314163712 0.0033287797798402605 31
1780314163715 0.0031283827591687442 32
1780314163717 0.002949054561322555 33
1780314163719 0.0027923225268023087 34
1780314163721 0.0026378299057250843 35
1780314163724 0.0025057345698587595 36
1780314163726 0.0023916306014871223 37
1780314163728 0.0022959361725952477 38
1780314163730 0.002208031533518806 39
1780314163733 0.0021164182713255286 40
1780314163735 0.002035006269288715 41
1780314163737 0.0019640682052704506 42
1780314163739 0.001901431930018589 43
1780314163742 0.0018470882452675142 44
1780314163744 0.0017945605862769297 45
1780314163746 0.0017552974564023316 46
1780314163748 0.0017122097211540676 47
1780314163751 0.0016687361217918805 48
1780314163753 0.0016233906275010667 49
1780314163755 0.001582816778391134 50
1780314163757 0.0015511360582604538 51
1780314163760 0.0015222003519011196 52
1780314163762 0.0014902218825591262 53
1780314163764 0.0014676763502939139 54
1780314163767 0.0014547644412959927 55
1780314163769 0.0014320402561861555 56
1780314163771 0.0014193146269826683 57
1780314163773 0.0013930742951924913 58
1780314163775 0.0013691971766820643 59
1780314163778 0.001349470274435589 60
1780314163780 0.0013371669086336623 61
1780314163782 0.0013290683389641344 62
1780314163785 0.001329651418782305 63
1780314163787 0.001313116282763076 64
1780314163790 0.0012918575252115262 65
1780314163793 0.0012794302984548266 66
1780314163795 0.0012740556921926327 67
1780314163797 0.0012618692808609921 68
1780314163799 0.0012526737229927676 69
1780314163802 0.0012459669414965902 70
1780314163804 0.0012352092786750291 71
1780314163806 0.0012261160279012984 72
1780314163808 0.0012167114268231672 73
1780314163811 0.0012055053519725333 74
1780314163813 0.0012047620952216676 75
1780314163815 0.001189474860075279 76
1780314163817 0.001173252601583954 77
1780314163819 0.0011661266595911002 78
1780314163822 0.0011609502102510306 79
1780314163824 0.0011570197262335568 80
1780314163826 0.0011530418122129048 81
1780314163829 0.0011493855601293036 82
1780314163831 0.0011457955262449105 83
1780314163833 0.0011427053921215702 84
1780314163835 0.0011380309186642989 85
1780314163837 0.0011351958144950912 86
