1783897176559 0.26525032088160516 1
1783897176560 0.11743251841515302 2
1783897176562 0.023222197527065874 3
1783897176563 0.010029538939706982 4
1783897176565 0.006516154548153281 5
1783897176566 0.005025640212697908 6
1783897176568 0.003967390570323914 7
1783897176569 0.003399754530983046 8
1783897176571 0.003117927059647627 9
1783897176572 0.0027128557660034856 10
1783897176574 0.002481515243125614 11
1783897176575 0.002463265917613171 12
1783897176576 0.0021775873348815365 13
1783897176578 0.0020938129810383543 14
1783897176579 0.0019756531550956424 15
1783897176581 0.0018497794194263406 16
1783897176582 0.0017942277442489286 17
1783897176584 0.001729766826465493 18
1783897176585 0.0016421834037464577 19
1783897176587 0.0016369194019353018 20
1783897176588 0.0015837147405545692 21
1783897176589 0.0015261281821585726 22
1783897176591 0.001520899383467622 23
1783897176592 0.0014693636629090178 24
1783897176594 0.0014311842454480938 25
1783897176595 0.0014744639774289681 26
1783897176597 0.0013837450935534434 27
1783897176598 0.0014112223213305697 28
1783897176600 0.0013305748773564119 29
1783897176601 0.0013320805989496876 30
1783897176603 0.0013560820287966636 31
1783897176604 0.0013374085647956235 32
1783897176605 0.0012851669454539661 33
1783897176607 0.0012650186499377014 34
1783897176608 0.0012536218152672518 35
1783897176610 0.001261631335146376 36
1783897176611 0.0012497133129363647 37
1783897176613 0.0012224224584497278 38
1783897176614 0.001199629557377193 39
1783897176615 0.0012068149293918396 40
1783897176617 0.001199087416753173 41
1783897176618 0.0011530904300889233 42
1783897176620 0.00116820591778378 43
1783897176621 0.0012115788179653463 44
1783897176623 0.0011626191584946355 45
1783897176624 0.0011814195394254058 46
1783897176626 0.0011761652098357445 47
1783897176627 0.001084222887075157 48
1783897176628 0.0010363493021577597 49
1783897176630 0.00102476798943826 50
1783897176631 0.0010288121688790852 51
1783897176633 0.0010110980997706065 52
1783897176634 0.001006739868025761 53
1783897176636 0.001003054051034269 54
1783897176637 0.001008508468803484 55
1783897176638 0.001006890442877193 56
1783897176640 0.0009950190874224063 57
1783897176641 0.0009928075844072737 58
1783897176643 0.0009843335693585685 59
1783897176644 0.0009870224859332667 60
1783897176646 0.0010043576304451561 61
1783897176647 0.000982918127992889 62
1783897176649 0.0009808310185326263 63
1783897176650 0.000962099395255791 64
1783897176651 0.0009703914111014456 65
1783897176653 0.0009664201230771141 66
1783897176654 0.0009412380681897048 67
1783897176656 0.0009229583470732904 68
1783897176657 0.0009147610991203692 69
1783897176659 0.0009132861588295782 70
1783897176660 0.0009118300414411351 71
1783897176662 0.0009064400393981487 72
1783897176663 0.0009070863742090296 73
1783897176665 0.0009054709436895792 74
1783897176666 0.0009027952353790169 75
1783897176667 0.0009014130091236439 76
1783897176669 0.0008977026336287964 77
1783897176670 0.0008971447854128201 78
1783897176672 0.0008968458335584729 79
1783897176673 0.0008928625317639671 80
1783897176675 0.0008885758058750071 81
1783897176676 0.0008879188125138171 82
1783897176678 0.0008869459580455441 83
1783897176679 0.0008825836072355742 84
1783897176680 0.0008760550989973126 85
1783897176682 0.0008753809333211393 86
1783897176683 0.0008667801469346159 87
1783897176685 0.0008647559582459507 88
1783897176686 0.000862752733482921 89
1783897176688 0.0008635199482159805 90
1783897176689 0.0008579547261615516 91
1783897176691 0.000855300154798897 92
1783897176692 0.0008519527072712663 93
1783897176693 0.0008557939476304455 94
1783897176695 0.0008532702153752326 95
1783897176696 0.0008518697459658142 96
1783897176698 0.0008511259650913417 97
1783897176699 0.0008482314542561653 98
1783897176701 0.0008495240689444472 99
1783897176702 0.000847769877909741 100
1783897176704 0.0008493673294287874 101
1783897176705 0.0008491056312414003 102
