1783897176854 0.0 1
1783897176856 0.0 2
1783897176857 0.0 3
1783897176859 0.0 4
1783897176860 0.0 5
1783897176861 0.0 6
1783897176863 0.0 7
1783897176864 0.0 8
1783897176866 0.0 9
1783897176867 0.0 10
1783897176869 0.0 11
1783897176870 0.0 12
1783897176871 0.0 13
1783897176873 0.0 14
1783897176874 0.0 15
1783897176876 0.0 16
1783897176877 0.0 17
1783897176879 0.0 18
1783897176880 0.0 19
1783897176882 0.0 20
1783897176883 0.0 21
1783897176884 0.0 22
1783897176886 0.0 23
1783897176887 0.0 24
1783897176889 0.0 25
1783897176890 0.0 26
1783897176891 0.0 27
1783897176893 0.0 28
1783897176894 0.0 29
1783897176896 0.0 30
1783897176897 0.0 31
1783897176899 0.0 32
1783897176900 0.0 33
1783897176902 0.0 34
1783897176903 0.0 35
1783897176904 0.0 36
1783897176906 0.0 37
1783897176907 0.0 38
1783897176909 0.0 39
1783897176910 0.0 40
1783897176912 0.0 41
1783897176913 0.0 42
1783897176914 0.0 43
1783897176916 0.0 44
1783897176917 0.0 45
1783897176919 0.0 46
1783897176920 0.0 47
1783897176922 0.0 48
1783897176923 0.0 49
1783897176925 0.0 50
1783897176926 0.0 51
1783897176927 0.0 52
1783897176929 0.0 53
1783897176930 0.0 54
1783897176932 0.0 55
1783897176933 0.0 56
1783897176935 0.0 57
1783897176936 0.0 58
1783897176937 0.0 59
1783897176939 0.0 60
1783897176940 0.0 61
1783897176942 0.0 62
1783897176943 0.0 63
1783897176945 0.0 64
1783897176946 0.0 65
1783897176947 0.0 66
1783897176949 0.0 67
1783897176950 0.0 68
1783897176952 0.0 69
1783897176953 0.0 70
1783897176955 0.0 71
1783897176956 0.0 72
1783897176958 0.0 73
1783897176959 0.0 74
1783897176961 0.0 75
1783897176962 0.0 76
1783897176963 0.0 77
1783897176965 0.0 78
1783897176966 0.0 79
1783897176968 0.0 80
1783897176969 0.0 81
1783897176971 0.0 82
1783897176972 0.0 83
1783897176973 0.0 84
1783897176975 0.0 85
1783897176976 0.0 86
1783897176978 0.0 87
1783897176979 0.0 88
1783897176981 0.0 89
1783897176982 0.0 90
1783897176983 0.0 91
1783897176985 0.0 92
1783897176986 0.0 93
1783897176988 0.0 94
1783897176991 0.0 95
1783897176992 0.0 96
1783897176994 0.0 97
1783897176995 0.0 98
1783897176997 0.0 99
1783897176998 0.0 100
1783897176999 0.0 101
1783897177001 0.0 102
