1783897177002 0.0 1
1783897177004 0.0 2
1783897177005 0.0 3
1783897177007 0.0 4
1783897177008 0.0 5
1783897177010 0.0 6
1783897177011 0.0 7
1783897177013 0.0 8
1783897177014 0.0 9
1783897177016 0.0 10
1783897177017 0.0 11
1783897177019 0.0 12
1783897177020 0.0 13
1783897177021 0.0 14
1783897177023 0.0 15
1783897177024 0.0 16
1783897177026 0.0 17
1783897177027 0.0 18
1783897177029 0.0 19
1783897177030 0.0 20
1783897177032 0.0 21
1783897177033 0.0 22
1783897177034 0.0 23
1783897177036 0.0 24
1783897177037 0.0 25
1783897177039 0.0 26
1783897177040 0.0 27
1783897177042 0.0 28
1783897177043 0.0 29
1783897177045 0.0 30
1783897177046 0.0 31
1783897177047 0.0 32
1783897177049 0.0 33
1783897177050 0.0 34
1783897177052 0.0 35
1783897177053 0.0 36
1783897177055 0.0 37
1783897177056 0.0 38
1783897177058 0.0 39
1783897177059 0.0 40
1783897177061 0.0 41
1783897177062 0.0 42
1783897177064 0.0 43
1783897177065 0.0 44
1783897177066 0.0 45
1783897177068 0.0 46
1783897177069 0.0 47
1783897177071 0.0 48
1783897177072 0.0 49
1783897177074 0.0 50
1783897177075 0.0 51
1783897177077 0.0 52
1783897177078 0.0 53
1783897177079 0.0 54
1783897177081 0.0 55
1783897177082 0.0 56
1783897177084 0.0 57
1783897177085 0.0 58
1783897177087 0.0 59
1783897177088 0.0 60
1783897177090 0.0 61
1783897177091 0.0 62
1783897177092 0.0 63
1783897177094 0.0 64
1783897177095 0.0 65
1783897177097 0.0 66
1783897177098 0.0 67
1783897177100 0.0 68
1783897177101 0.0 69
1783897177103 0.0 70
1783897177104 0.0 71
1783897177105 0.0 72
1783897177107 0.0 73
1783897177108 0.0 74
1783897177110 0.0 75
1783897177111 0.0 76
1783897177113 0.0 77
1783897177114 0.0 78
1783897177116 0.0 79
1783897177117 0.0 80
1783897177118 0.0 81
1783897177120 0.0 82
1783897177121 0.0 83
1783897177123 0.0 84
1783897177124 0.0 85
1783897177126 0.0 86
1783897177127 0.0 87
1783897177129 0.0 88
1783897177130 0.0 89
1783897177131 0.0 90
1783897177133 0.0 91
1783897177134 0.0 92
1783897177136 0.0 93
1783897177137 0.0 94
1783897177139 0.0 95
1783897177140 0.0 96
1783897177141 0.0 97
1783897177143 0.0 98
1783897177144 0.0 99
1783897177146 0.0 100
1783897177147 0.0 101
1783897177149 0.0 102
