1780314142348 0.17210020393133163 1
1780314142350 0.13479985989630222 2
1780314142353 0.10334521200507879 3
1780314142355 0.07907282661646604 4
1780314142357 0.062084708772599695 5
1780314142359 0.049922043643891814 6
1780314142361 0.04083374666050076 7
1780314142363 0.03376694350503385 8
1780314142366 0.02826302976347506 9
1780314142376 0.023920933613553644 10
1780314142378 0.02044557054527104 11
1780314142380 0.01766637561842799 12
1780314142382 0.015437451382167637 13
1780314142385 0.013460161858238279 14
1780314142387 0.01186487436760217 15
1780314142389 0.010540994317270815 16
1780314142391 0.009442148199304938 17
1780314142393 0.00853183429222554 18
1780314142396 0.007718624703120441 19
1780314142398 0.0070027189026586716 20
1780314142400 0.006401188648305833 21
1780314142402 0.005900704972445965 22
1780314142404 0.005468895218800753 23
1780314142406 0.005081274576950818 24
1780314142408 0.004717233853880316 25
1780314142411 0.004412782200379297 26
1780314142413 0.004170349878259003 27
1780314142415 0.003933340597432107 28
1780314142417 0.0037003013165667654 29
1780314142419 0.0035521191859152167 30
1780314142421 0.0033862035378115253 31
1780314142423 0.003219592320965603 32
1780314142426 0.003104919255129062 33
1780314142428 0.002999794668867253 34
1780314142430 0.002877074797870591 35
1780314142432 0.002759677408612333 36
1780314142434 0.002677933088853024 37
1780314142436 0.0026350951282074677 38
1780314142439 0.002556114973849617 39
1780314142441 0.0024667109828442335 40
1780314142443 0.002399591444991529 41
1780314142445 0.002355684761714656 42
1780314142447 0.0022972597982152364 43
1780314142450 0.002273146766528953 44
1780314142452 0.0022186423258972352 45
1780314142454 0.002187164210190531 46
1780314142456 0.0021458285860717296 47
1780314142458 0.002151385117031168 48
1780314142463 0.002164772156684194 49
1780314142465 0.0020704923055018297 50
1780314142467 0.0020086463968618773 51
1780314142470 0.0019888632360380142 52
1780314142472 0.0019754016985825728 53
1780314142474 0.0019716699843411335 54
1780314142476 0.0019484591644140892 55
1780314142478 0.0019118284981232136 56
1780314142480 0.0019258799435920083 57
1780314142483 0.0019090962613699958 58
1780314142485 0.0019118284508294892 59
1780314142487 0.0018870570840954315 60
1780314142489 0.0018646306257869582 61
1780314142491 0.0018495618847373407 62
1780314142493 0.001832506024511531 63
1780314142496 0.001837952034547925 64
1780314142498 0.001823555099981604 65
1780314142500 0.0018127667403314263 66
1780314142502 0.0017945572019380052 67
1780314142504 0.0017833133375097531 68
1780314142506 0.0018040678631223272 69
1780314142509 0.0017825592921872158 70
1780314142511 0.0017666191114403774 71
1780314142513 0.001760920303495368 72
1780314142515 0.0017656479122524615 73
1780314142517 0.0017711419258557726 74
1780314142519 0.0017831505216599909 75
1780314142522 0.001750574616744416 76
1780314142524 0.0017410507757449523 77
1780314142526 0.0016819418672821484 78
1780314142528 0.001649868406530004 79
1780314142530 0.00164202974345244 80
1780314142532 0.0016320428953622468 81
1780314142534 0.0016323200804617955 82
1780314142537 0.0016313480417011305 83
1780314142539 0.0016272027786180842 84
1780314142541 0.001629517834444414 85
1780314142543 0.001627248516815598 86
1780314142545 0.0016051642266393174 87
1780314142547 0.0015952012806519633 88
