1782648264374 0.13921610228717327 1
1782648264375 0.051600277274847034 2
1782648264376 0.024027986526489256 3
1782648264377 0.013855766686610878 4
1782648264378 0.00947447270154953 5
1782648264379 0.007134645958431065 6
1782648264381 0.005546937194885686 7
1782648264382 0.0046492425387259576 8
1782648264383 0.00395945439580828 9
1782648264384 0.003539034897694364 10
1782648264385 0.003129945390392095 11
1782648264386 0.002747308869147673 12
1782648264387 0.002512456236872822 13
1782648264388 0.002319605118245818 14
1782648264389 0.00225282682426041 15
1782648264390 0.002116540659335442 16
1782648264392 0.0019507298909593373 17
1782648264393 0.0019268895048298873 18
1782648264394 0.0018130058440146968 19
1782648264395 0.0018009404401527719 20
1782648264396 0.001725419593276456 21
1782648264397 0.0016672373889014124 22
1782648264398 0.0015877632514457217 23
1782648264399 0.001533043947420083 24
1782648264400 0.001473732751328498 25
1782648264401 0.0015273327290196903 26
1782648264403 0.0014604140172014013 27
1782648264404 0.0014408268660190515 28
1782648264405 0.001372066073527094 29
1782648264406 0.0014128237287513912 30
1782648264407 0.001388003606989514 31
1782648264408 0.001334822588978568 32
1782648264409 0.0012717414052167441 33
1782648264410 0.001287505713844439 34
1782648264411 0.0013041198962309864 35
1782648264412 0.001235824108007364 36
1782648264413 0.0011943985331163275 37
1782648264415 0.001141274425026495 38
1782648264416 0.0011254831446422032 39
1782648264417 0.0011210388733888976 40
1782648264418 0.0011116384423075943 41
1782648264419 0.0012145493853313383 42
1782648264420 0.0013262436534569133 43
1782648264421 0.0011927839768031846 44
1782648264422 0.0011527500044758198 45
1782648264423 0.0010917273583618227 46
1782648264424 0.0010726033035462024 47
1782648264426 0.001044773896501283 48
1782648264427 0.0010630992904771118 49
1782648264428 0.0010577181808912428 50
1782648264429 0.001030279562182841 51
1782648264430 0.0009762866554228821 52
1782648264431 0.0009690509873325937 53
1782648264432 0.0009821992092474828 54
1782648264433 0.0009940366645605535 55
1782648264434 0.0010041097646899288 56
1782648264435 0.0009858736844034865 57
1782648264436 0.000933101127302507 58
1782648264438 0.0008516096463426948 59
1782648264439 0.0008298163375002332 60
1782648264440 0.0008167873628917732 61
1782648264441 0.0008058779562998097 62
1782648264442 0.0007995409028080758 63
1782648264443 0.0007951853825215949 64
1782648264444 0.0007810047425664379 65
1782648264445 0.000771034472672909 66
1782648264446 0.0007655823118329863 67
1782648264447 0.0007615677687135758 68
1782648264448 0.0007573828109525494 69
1782648264450 0.0007538669439963997 70
1782648264451 0.000750051134309615 71
1782648264452 0.0007429176598816411 72
1782648264453 0.000739025696675526 73
1782648264454 0.0007363442142741405 74
1782648264455 0.000734081595983298 75
1782648264456 0.0007319979410385713 76
1782648264457 0.000730019252441707 77
1782648264458 0.0007279777230723994 78
1782648264459 0.0007238898991636234 79
1782648264460 0.0007217867055442184 80
