1782648264549 0.0 1
1782648264550 0.0 2
1782648264551 0.0 3
1782648264552 0.0 4
1782648264553 0.0 5
1782648264554 0.0 6
1782648264555 0.0 7
1782648264556 0.0 8
1782648264557 0.0 9
1782648264558 0.0 10
1782648264559 0.0 11
1782648264560 0.0 12
1782648264562 0.0 13
1782648264563 0.0 14
1782648264564 0.0 15
1782648264565 0.0 16
1782648264566 0.0 17
1782648264567 0.0 18
1782648264568 0.0 19
1782648264569 0.0 20
1782648264572 0.0 21
1782648264573 0.0 22
1782648264574 0.0 23
1782648264575 0.0 24
1782648264577 0.0 25
1782648264578 0.0 26
1782648264579 0.0 27
1782648264580 0.0 28
1782648264581 0.0 29
1782648264582 0.0 30
1782648264583 0.0 31
1782648264584 0.0 32
1782648264585 0.0 33
1782648264586 0.0 34
1782648264587 0.0 35
1782648264588 0.0 36
1782648264590 0.0 37
1782648264591 0.0 38
1782648264592 0.0 39
1782648264593 0.0 40
1782648264594 0.0 41
1782648264595 0.0 42
1782648264596 0.0 43
1782648264597 0.0 44
1782648264598 0.0 45
1782648264600 0.0 46
1782648264601 0.0 47
1782648264602 0.0 48
1782648264603 0.0 49
1782648264604 0.0 50
1782648264605 0.0 51
1782648264606 0.0 52
1782648264607 0.0 53
1782648264608 0.0 54
1782648264609 0.0 55
1782648264610 0.0 56
1782648264611 0.0 57
1782648264613 0.0 58
1782648264614 0.0 59
1782648264615 0.0 60
1782648264616 0.0 61
1782648264617 0.0 62
1782648264618 0.0 63
1782648264619 0.0 64
1782648264620 0.0 65
1782648264621 0.0 66
1782648264622 0.0 67
1782648264624 0.0 68
1782648264625 0.0 69
1782648264626 0.0 70
1782648264627 0.0 71
1782648264628 0.0 72
1782648264629 0.0 73
1782648264630 0.0 74
1782648264631 0.0 75
1782648264632 0.0 76
1782648264633 0.0 77
1782648264634 0.0 78
1782648264636 0.0 79
1782648264637 0.0 80
