1782648264638 0.0 1
1782648264639 0.0 2
1782648264640 0.0 3
1782648264641 0.0 4
1782648264642 0.0 5
1782648264643 0.0 6
1782648264645 0.0 7
1782648264646 0.0 8
1782648264647 0.0 9
1782648264648 0.0 10
1782648264649 0.0 11
1782648264650 0.0 12
1782648264651 0.0 13
1782648264652 0.0 14
1782648264653 0.0 15
1782648264654 0.0 16
1782648264656 0.0 17
1782648264657 0.0 18
1782648264658 0.0 19
1782648264659 0.0 20
1782648264660 0.0 21
1782648264661 0.0 22
1782648264662 0.0 23
1782648264663 0.0 24
1782648264664 0.0 25
1782648264665 0.0 26
1782648264666 0.0 27
1782648264668 0.0 28
1782648264669 0.0 29
1782648264670 0.0 30
1782648264671 0.0 31
1782648264672 0.0 32
1782648264673 0.0 33
1782648264674 0.0 34
1782648264675 0.0 35
1782648264676 0.0 36
1782648264677 0.0 37
1782648264678 0.0 38
1782648264680 0.0 39
1782648264681 0.0 40
1782648264682 0.0 41
1782648264683 0.0 42
1782648264684 0.0 43
1782648264685 0.0 44
1782648264686 0.0 45
1782648264687 0.0 46
1782648264688 0.0 47
1782648264689 0.0 48
1782648264690 0.0 49
1782648264691 0.0 50
1782648264693 0.0 51
1782648264694 0.0 52
1782648264695 0.0 53
1782648264696 0.0 54
1782648264697 0.0 55
1782648264698 0.0 56
1782648264699 0.0 57
1782648264700 0.0 58
1782648264701 0.0 59
1782648264702 0.0 60
1782648264703 0.0 61
1782648264705 0.0 62
1782648264706 0.0 63
1782648264707 0.0 64
1782648264708 0.0 65
1782648264709 0.0 66
1782648264710 0.0 67
1782648264711 0.0 68
1782648264712 0.0 69
1782648264713 0.0 70
1782648264714 0.0 71
1782648264715 0.0 72
1782648264717 0.0 73
1782648264718 0.0 74
1782648264719 0.0 75
1782648264720 0.0 76
1782648264721 0.0 77
1782648264722 0.0 78
1782648264723 0.0 79
1782648264724 0.0 80
