1782724161920 0.07912265002727509 1
1782724161921 0.014471962172538043 2
1782724161922 0.006921903847251087 3
1782724161923 0.004694433512631804 4
1782724161924 0.0035888929205248133 5
1782724161925 0.003226957598235458 6
1782724161927 0.0028179359578643925 7
1782724161928 0.002552295180503279 8
1782724161929 0.0023562363514793103 9
1782724161930 0.00240102998301154 10
1782724161931 0.002413599068822805 11
1782724161932 0.0020920392556581647 12
1782724161933 0.0020306255415198393 13
1782724161934 0.0020464953644841444 14
1782724161935 0.0021259283347171733 15
1782724161936 0.001930302297550952 16
1782724161938 0.0018666443694382905 17
1782724161939 0.0018151489469164517 18
1782724161940 0.0019128446214017457 19
1782724161941 0.0018140525151102338 20
1782724161942 0.001763873304007575 21
1782724161943 0.0018264588243619073 22
1782724161944 0.0017194695031503215 23
1782724161945 0.0016581246443092823 24
1782724161946 0.001636609202978434 25
1782724161947 0.001657800114771817 26
1782724161949 0.0015764950909942855 27
1782724161950 0.00156894471947453 28
1782724161951 0.001678789310826687 29
1782724161952 0.0017149785844958387 30
1782724161953 0.0015725233156990725 31
1782724161954 0.0014820871135452763 32
1782724161955 0.0014134675009700004 33
1782724161956 0.0013842394491075539 34
1782724161957 0.0013643187209527242 35
1782724161958 0.0013556333896121943 36
1782724161960 0.001355866506928578 37
1782724161961 0.00138029673602432 38
1782724161962 0.0013546622783178464 39
1782724161963 0.0013097997740987922 40
1782724161964 0.0012945828556257767 41
1782724161965 0.0012860037330392515 42
1782724161966 0.0012850471580895828 43
1782724161967 0.0012815161119942786 44
1782724161968 0.0012755401557660662 45
1782724161970 0.0012751942431350471 46
1782724161971 0.0012602148624137044 47
1782724161972 0.0012467452191776828 48
1782724161973 0.0012410694419668288 49
1782724161974 0.0012375755810353438 50
1782724161975 0.0012326874581049196 51
1782724161976 0.0012311037604376906 52
1782724161977 0.001226693632779643 53
1782724161978 0.00121910733745608 54
1782724161979 0.0012150652242416981 55
1782724161981 0.0012130008630629164 56
1782724161982 0.0012105434035038342 57
1782724161983 0.0012089305695553777 58
1782724161984 0.0012075474295852474 59
1782724161985 0.0012059598806081339 60
1782724161986 0.0012010843092866708 61
1782724161987 0.0011992983795789769 62
1782724161988 0.0011981410237058298 63
1782724161989 0.001197150414882344 64
1782724161990 0.0011961923923081486 65
1782724161991 0.0011953264564363052 66
1782724161993 0.0011940507008694112 67
1782724161994 0.0011917568572243908 68
1782724161995 0.0011908830177708295 69
