1782724162071 0.0 1
1782724162072 0.0 2
1782724162073 0.0 3
1782724162074 0.0 4
1782724162076 0.0 5
1782724162077 0.0 6
1782724162078 0.0 7
1782724162079 0.0 8
1782724162080 0.0 9
1782724162081 0.0 10
1782724162082 0.0 11
1782724162083 0.0 12
1782724162084 0.0 13
1782724162085 0.0 14
1782724162087 0.0 15
1782724162088 0.0 16
1782724162089 0.0 17
1782724162090 0.0 18
1782724162091 0.0 19
1782724162092 0.0 20
1782724162093 0.0 21
1782724162094 0.0 22
1782724162095 0.0 23
1782724162096 0.0 24
1782724162097 0.0 25
1782724162099 0.0 26
1782724162100 0.0 27
1782724162101 0.0 28
1782724162102 0.0 29
1782724162103 0.0 30
1782724162104 0.0 31
1782724162105 0.0 32
1782724162106 0.0 33
1782724162107 0.0 34
1782724162108 0.0 35
1782724162109 0.0 36
1782724162110 0.0 37
1782724162112 0.0 38
1782724162113 0.0 39
1782724162114 0.0 40
1782724162115 0.0 41
1782724162116 0.0 42
1782724162117 0.0 43
1782724162118 0.0 44
1782724162119 0.0 45
1782724162120 0.0 46
1782724162121 0.0 47
1782724162122 0.0 48
1782724162123 0.0 49
1782724162125 0.0 50
1782724162126 0.0 51
1782724162127 0.0 52
1782724162128 0.0 53
1782724162129 0.0 54
1782724162130 0.0 55
1782724162131 0.0 56
1782724162132 0.0 57
1782724162133 0.0 58
1782724162134 0.0 59
1782724162135 0.0 60
1782724162137 0.0 61
1782724162138 0.0 62
1782724162139 0.0 63
1782724162140 0.0 64
1782724162141 0.0 65
1782724162142 0.0 66
1782724162143 0.0 67
1782724162144 0.0 68
1782724162145 0.0 69
