1780314191663 0.2274501496553421 1
1780314191665 0.18358088463544844 2
1780314191668 0.14739455465227366 3
1780314191671 0.11792071335017681 4
1780314191673 0.09408852834254504 5
1780314191676 0.07544287137687206 6
1780314191678 0.06132877361029387 7
1780314191681 0.050368749592453244 8
1780314191683 0.04138400411233306 9
1780314191686 0.03404421121813357 10
1780314191689 0.028294396307319402 11
1780314191692 0.023841727590188384 12
1780314191694 0.02030307361856103 13
1780314191697 0.017435797438956797 14
1780314191699 0.015095185809768737 15
1780314191702 0.01320581488776952 16
1780314191704 0.011667172894813121 17
1780314191707 0.01029017603257671 18
1780314191709 0.009171222285367549 19
1780314191711 0.00820004023378715 20
1780314191714 0.007422846439294517 21
1780314191716 0.006716803470626473 22
1780314191718 0.006128952072467655 23
1780314191721 0.005634094348642975 24
1780314191723 0.005100400652736425 25
1780314191725 0.004657670061569661 26
1780314191728 0.004300962098641321 27
1780314191730 0.004018851185683161 28
1780314191732 0.003781842617318034 29
1780314191735 0.0035336701560299845 30
1780314191737 0.003318150731502101 31
1780314191740 0.0030800694297067823 32
1780314191742 0.002911707956227474 33
1780314191744 0.00273906096117571 34
1780314191747 0.002609029741724953 35
1780314191749 0.002504810187383555 36
1780314191751 0.002392643326893449 37
1780314191754 0.002304727574228309 38
1780314191756 0.0022005481470841913 39
1780314191759 0.0021360256714979186 40
1780314191761 0.0020212288896436803 41
1780314191764 0.00197974066977622 42
1780314191766 0.0018809905683156102 43
1780314191768 0.001849244281766005 44
1780314191771 0.00181393486156594 45
1780314191773 0.0017667346127564088 46
1780314191776 0.0017106341157341375 47
1780314191778 0.0016644005657872184 48
1780314191780 0.00162892014865065 49
1780314191783 0.0016010319351335055 50
1780314191785 0.0015813380948384293 51
1780314191787 0.0015712596851517446 52
1780314191790 0.001528601914033061 53
1780314191792 0.001509920790558681 54
1780314191794 0.001488922500575427 55
1780314191797 0.001465273473149864 56
1780314191799 0.0014335358997050207 57
1780314191801 0.0014209688248229212 58
1780314191804 0.0014157229666307103 59
1780314191806 0.0013993404241045937 60
1780314191808 0.0014301994412380737 61
1780314191811 0.0013815119556966238 62
1780314191813 0.001376795454561943 63
1780314191832 0.0013649627403356135 64
1780314191835 0.0013861976213229354 65
1780314191837 0.0013144287141039967 66
1780314191839 0.0013161459755792748 67
1780314191842 0.0013361515249562218 68
1780314191844 0.0013151899760850939 69
1780314191847 0.0013416219708597054 70
1780314191849 0.0013180143106728793 71
1780314191851 0.001315106275069411 72
1780314191854 0.001296978137252154 73
1780314191856 0.0012911061969498405 74
1780314191858 0.0012728232032532105 75
1780314191861 0.0012531235173810274 76
1780314191863 0.001254540188892861 77
1780314191865 0.0012072892599826446 78
1780314191868 0.0011701391364476877 79
1780314191870 0.0011587460788723546 80
1780314191873 0.001150104900370934 81
1780314191875 0.0011464411784982075 82
1780314191877 0.0011452815890515922 83
1780314191880 0.0011456005446234484 84
1780314191882 0.0011469225151085993 85
1780314191884 0.0011536183543648805 86
1780314191887 0.0011364125553518533 87
1780314191889 0.001117056300645345 88
1780314191892 0.0011117799470230238 89
1780314191894 0.001107888229234959 90
1780314191896 0.0011043010491266613 91
1780314191899 0.0011040139220131096 92
1780314191901 0.0011026953051623423 93
1780314191903 0.00110315331039601 94
1780314191906 0.0011011496250284837 95
1780314191908 0.0010921512149070622 96
1780314191910 0.00108624528227665 97
1780314191913 0.001084282268275274 98
1780314191915 0.0010817460576799931 99
1780314191917 0.0010801398565672572 100
1780314191920 0.001078574889979791 101
1780314191922 0.0010777294285071548 102
1780314191925 0.0010753192766424036 103
1780314191927 0.0010741065761249047 104
1780314191929 0.001069984713831218 105
1780314191931 0.0010678230366465869 106
1780314191934 0.0010670612136891577 107
1780314191936 0.001065985473615001 108
