1782201044801 0.0 1
1782201044802 0.0 2
1782201044804 0.0 3
1782201044805 0.0 4
1782201044806 0.0 5
1782201044807 0.0 6
1782201044809 0.0 7
1782201044810 0.0 8
1782201044811 0.0 9
1782201044812 0.0 10
1782201044813 0.0 11
1782201044815 0.0 12
1782201044816 0.0 13
1782201044817 0.0 14
1782201044818 0.0 15
1782201044819 0.0 16
1782201044820 0.0 17
1782201044821 0.0 18
1782201044822 0.0 19
1782201044823 0.0 20
1782201044824 0.0 21
1782201044825 0.0 22
1782201044826 0.0 23
1782201044827 0.0 24
1782201044828 0.0 25
1782201044829 0.0 26
1782201044830 0.0 27
1782201044831 0.0 28
1782201044832 0.0 29
1782201044833 0.0 30
1782201044834 0.0 31
1782201044835 0.0 32
1782201044836 0.0 33
1782201044838 0.0 34
1782201044839 0.0 35
1782201044840 0.0 36
1782201044841 0.0 37
1782201044842 0.0 38
1782201044843 0.0 39
1782201044844 0.0 40
1782201044845 0.0 41
1782201044846 0.0 42
1782201044847 0.0 43
1782201044848 0.0 44
1782201044849 0.0 45
1782201044850 0.0 46
1782201044851 0.0 47
1782201044852 0.0 48
1782201044853 0.0 49
1782201044854 0.0 50
1782201044855 0.0 51
1782201044856 0.0 52
1782201044857 0.0 53
1782201044858 0.0 54
1782201044859 0.0 55
1782201044860 0.0 56
1782201044861 0.0 57
1782201044862 0.0 58
1782201044863 0.0 59
1782201044864 0.0 60
1782201044865 0.0 61
1782201044867 0.0 62
1782201044868 0.0 63
1782201044869 0.0 64
1782201044870 0.0 65
1782201044871 0.0 66
1782201044872 0.0 67
1782201044873 0.0 68
1782201044874 0.0 69
1782201044875 0.0 70
1782201044876 0.0 71
1782201044877 0.0 72
1782201044878 0.0 73
