1782201044879 0.0 1
1782201044880 0.0 2
1782201044881 0.0 3
1782201044882 0.0 4
1782201044883 0.0 5
1782201044884 0.0 6
1782201044885 0.0 7
1782201044886 0.0 8
1782201044887 0.0 9
1782201044888 0.0 10
1782201044890 0.0 11
1782201044891 0.0 12
1782201044892 0.0 13
1782201044893 0.0 14
1782201044894 0.0 15
1782201044895 0.0 16
1782201044896 0.0 17
1782201044898 0.0 18
1782201044899 0.0 19
1782201044900 0.0 20
1782201044901 0.0 21
1782201044902 0.0 22
1782201044904 0.0 23
1782201044905 0.0 24
1782201044906 0.0 25
1782201044907 0.0 26
1782201044908 0.0 27
1782201044910 0.0 28
1782201044911 0.0 29
1782201044912 0.0 30
1782201044913 0.0 31
1782201044914 0.0 32
1782201044916 0.0 33
1782201044917 0.0 34
1782201044918 0.0 35
1782201044919 0.0 36
1782201044920 0.0 37
1782201044921 0.0 38
1782201044923 0.0 39
1782201044924 0.0 40
1782201044925 0.0 41
1782201044926 0.0 42
1782201044927 0.0 43
1782201044929 0.0 44
1782201044930 0.0 45
1782201044931 0.0 46
1782201044932 0.0 47
1782201044933 0.0 48
1782201044935 0.0 49
1782201044936 0.0 50
1782201044937 0.0 51
1782201044938 0.0 52
1782201044939 0.0 53
1782201044940 0.0 54
1782201044942 0.0 55
1782201044943 0.0 56
1782201044944 0.0 57
1782201044945 0.0 58
1782201044946 0.0 59
1782201044947 0.0 60
1782201044948 0.0 61
1782201044950 0.0 62
1782201044951 0.0 63
1782201044952 0.0 64
1782201044953 0.0 65
1782201044954 0.0 66
1782201044956 0.0 67
1782201044957 0.0 68
1782201044958 0.0 69
1782201044959 0.0 70
1782201044960 0.0 71
1782201044961 0.0 72
1782201044963 0.0 73
