1782201044627 0.12892173577100038 1
1782201044629 0.043676228392869235 2
1782201044630 0.021136758918873965 3
1782201044631 0.012939074668101966 4
1782201044632 0.009062199394684285 5
1782201044634 0.006754882836248726 6
1782201044635 0.005379673226270825 7
1782201044636 0.004410040059592574 8
1782201044637 0.003787768988404423 9
1782201044638 0.0033438886795192956 10
1782201044640 0.0029774424602510407 11
1782201044641 0.002679940043017268 12
1782201044642 0.0024640201940201224 13
1782201044643 0.002303081003483385 14
1782201044644 0.0022145296318922193 15
1782201044646 0.0020540423408965582 16
1782201044647 0.0019352045486448332 17
1782201044648 0.0018483880552230402 18
1782201044649 0.0017479445406934247 19
1782201044650 0.0016665150100016034 20
1782201044652 0.0016230334754800423 21
1782201044653 0.0015488827531225978 22
1782201044654 0.0014863606022845488 23
1782201044655 0.001560117827320937 24
1782201044656 0.001517694205394946 25
1782201044658 0.0014250713659566827 26
1782201044659 0.0013613609640742651 27
1782201044660 0.001350859581871191 28
1782201044661 0.0013279693938966376 29
1782201044662 0.0012870550212392118 30
1782201044664 0.0012802745240333025 31
1782201044665 0.001264980540581746 32
1782201044666 0.001261326264066156 33
1782201044667 0.0011564904448459856 34
1782201044668 0.0010945381595229265 35
1782201044670 0.0010669716302800225 36
1782201044671 0.001046433505252935 37
1782201044672 0.0010274184338049963 38
1782201044673 0.0010145086798002013 39
1782201044674 0.0010035571745538618 40
1782201044676 0.0009964840605971403 41
1782201044677 0.0009922615935647628 42
1782201044678 0.0010118326926021838 43
1782201044679 0.001005051705360529 44
1782201044680 0.0009957190293062013 45
1782201044682 0.0009893204917170806 46
1782201044683 0.000982269928936148 47
1782201044684 0.000963803789782105 48
1782201044685 0.000963387194860843 49
1782201044686 0.0009576854831539095 50
1782201044687 0.0009174072716996306 51
1782201044689 0.0008864288280892651 52
1782201044690 0.0008725161755137378 53
1782201044691 0.0008648548439668957 54
1782201044692 0.0008582232322805794 55
1782201044693 0.0008521885810478124 56
1782201044695 0.000847003755334299 57
1782201044696 0.0008383071282150922 58
1782201044697 0.000834530539214029 59
1782201044698 0.0008313984557753429 60
1782201044699 0.0008280545580782927 61
1782201044701 0.000825178304075962 62
1782201044702 0.0008218067978305044 63
1782201044703 0.0008185582614532905 64
1782201044704 0.000813595516665373 65
1782201044705 0.000811398686892062 66
1782201044707 0.0008096491262404016 67
1782201044708 0.0008077195771693369 68
1782201044709 0.0008059188156403252 69
1782201044710 0.0008039920283772517 70
1782201044711 0.000802068227530981 71
1782201044713 0.0007991518185735913 72
1782201044714 0.000798021144400991 73
