1782217681601 0.0 1
1782217681602 0.0 2
1782217681603 0.0 3
1782217681604 0.0 4
1782217681606 0.0 5
1782217681607 0.0 6
1782217681608 0.0 7
1782217681609 0.0 8
1782217681611 0.0 9
1782217681612 0.0 10
1782217681613 0.0 11
1782217681614 0.0 12
1782217681616 0.0 13
1782217681617 0.0 14
1782217681618 0.0 15
1782217681619 0.0 16
1782217681621 0.0 17
1782217681622 0.0 18
1782217681623 0.0 19
1782217681624 0.0 20
1782217681626 0.0 21
1782217681627 0.0 22
1782217681628 0.0 23
1782217681629 0.0 24
1782217681630 0.0 25
1782217681631 0.0 26
1782217681632 0.0 27
1782217681634 0.0 28
1782217681635 0.0 29
1782217681636 0.0 30
1782217681637 0.0 31
1782217681638 0.0 32
1782217681639 0.0 33
1782217681640 0.0 34
1782217681642 0.0 35
1782217681643 0.0 36
1782217681644 0.0 37
1782217681645 0.0 38
1782217681647 0.0 39
1782217681648 0.0 40
1782217681649 0.0 41
1782217681650 0.0 42
1782217681651 0.0 43
1782217681652 0.0 44
1782217681653 0.0 45
1782217681654 0.0 46
1782217681655 0.0 47
1782217681656 0.0 48
1782217681657 0.0 49
1782217681659 0.0 50
1782217681660 0.0 51
1782217681661 0.0 52
1782217681662 0.0 53
1782217681664 0.0 54
1782217681665 0.0 55
1782217681666 0.0 56
1782217681667 0.0 57
1782217681668 0.0 58
1782217681670 0.0 59
1782217681671 0.0 60
1782217681672 0.0 61
1782217681673 0.0 62
1782217681675 0.0 63
1782217681676 0.0 64
1782217681677 0.0 65
1782217681678 0.0 66
1782217681679 0.0 67
1782217681680 0.0 68
1782217681681 0.0 69
1782217681682 0.0 70
1782217681683 0.0 71
