1780314139216 0.1573143320158124 1
1780314139218 0.11899862352758646 2
1780314139221 0.09007165662944316 3
1780314139223 0.06947545861825347 4
1780314139225 0.05484827551990747 5
1780314139227 0.0441192315518856 6
1780314139229 0.03601682531647384 7
1780314139231 0.02977259673178196 8
1780314139233 0.024912726255133747 9
1780314139236 0.021065438259392978 10
1780314139238 0.017998525016009806 11
1780314139240 0.01553758337162435 12
1780314139259 0.01350744512397796 13
1780314139262 0.011838493272662162 14
1780314139264 0.010454770203214139 15
1780314139266 0.009295407745521516 16
1780314139268 0.008281369607429952 17
1780314139271 0.007435649330727756 18
1780314139273 0.00670648871222511 19
1780314139275 0.006090423830319196 20
1780314139277 0.0055315258260816335 21
1780314139279 0.005045351778389886 22
1780314139281 0.0046285780658945445 23
1780314139283 0.004286922992905602 24
1780314139285 0.003994976398535073 25
1780314139288 0.003703615195117891 26
1780314139290 0.003450960951158777 27
1780314139292 0.0032181051303632555 28
1780314139294 0.0030183694435982032 29
1780314139296 0.0028487283468712123 30
1780314139298 0.0026898993900977075 31
1780314139300 0.0025476657383842393 32
1780314139302 0.0024217095435597 33
1780314139304 0.0023142565420130267 34
1780314139307 0.002220008834847249 35
1780314139309 0.002139361355220899 36
1780314139311 0.002041578171192668 37
1780314139313 0.0019527096586534752 38
1780314139315 0.001875079458404798 39
1780314139317 0.0018417694277013653 40
1780314139319 0.0017668547967332414 41
1780314139321 0.0017200570754357615 42
1780314139324 0.00165660580212716 43
1780314139326 0.0016269280659616924 44
1780314139328 0.0016156785868224688 45
1780314139330 0.0015572885659639723 46
1780314139333 0.0015092847499181517 47
1780314139335 0.0014819982102198992 48
1780314139337 0.001439419232774526 49
1780314139339 0.0014059855017694645 50
1780314139341 0.0013790197021444329 51
1780314139343 0.0013771406807063613 52
1780314139345 0.0013625987504201475 53
1780314139347 0.0013388992825639433 54
1780314139349 0.001320812477642903 55
1780314139352 0.0013086625798314343 56
1780314139354 0.001282495792111149 57
1780314139356 0.0012593918468337506 58
1780314139358 0.0012451028780196794 59
1780314139360 0.0012278435690677725 60
1780314139362 0.0012234696224913933 61
1780314139364 0.0012227463715680641 62
1780314139366 0.001211553074681433 63
1780314139369 0.0012074628417030908 64
1780314139371 0.0011873589882452507 65
1780314139373 0.0011659873602184235 66
1780314139375 0.001158807106767199 67
1780314139377 0.0011477824478788533 68
1780314139379 0.0011372756827768172 69
1780314139381 0.001129348655231297 70
1780314139383 0.0011275996164476965 71
1780314139386 0.0011209742735081819 72
1780314139393 0.0011160401745291893 73
1780314139396 0.0010873299556260463 74
1780314139398 0.001065075982842245 75
1780314139400 0.0010549599103978834 76
1780314139402 0.0010483210867096204 77
1780314139404 0.0010431171605887358 78
1780314139406 0.0010382860955724027 79
1780314139408 0.0010338420660264093 80
1780314139414 0.001030294888842036 81
1780314139416 0.001026803724016645 82
1780314139418 0.001019283124114736 83
1780314139420 0.0010144380018755328 84
