1780314144457 0.15867806635797024 1
1780314144460 0.061811991520226005 2
1780314144462 0.02983004892244935 3
1780314144464 0.017923533143475653 4
1780314144466 0.012340887649916112 5
1780314144468 0.009161756539251656 6
1780314144471 0.006876351977698505 7
1780314144473 0.005601561015937478 8
1780314144475 0.004682822518516332 9
1780314144477 0.004011473567225039 10
1780314144479 0.0035661260480992496 11
1780314144481 0.0032193073397502304 12
1780314144484 0.00285185202897992 13
1780314144486 0.0026111066521843896 14
1780314144488 0.0024284062860533595 15
1780314144490 0.0022568138525821267 16
1780314144493 0.0021310595091199504 17
1780314144495 0.0020715248718624936 18
1780314144497 0.0020308909835875964 19
1780314144499 0.0019757541877334006 20
1780314144501 0.0018907091964501888 21
1780314144504 0.0018962498355540446 22
1780314144506 0.0017331204510992392 23
1780314144509 0.0016424677355098539 24
1780314144512 0.0016094432433601468 25
1780314144514 0.001537929257901851 26
1780314144516 0.0014949868379335385 27
1780314144518 0.0014630785436020232 28
1780314144520 0.0014444612574880012 29
1780314144523 0.001424706255638739 30
1780314144525 0.0014383445307612419 31
1780314144527 0.0014534666697727516 32
1780314144529 0.0013812290941132232 33
1780314144531 0.001359120542765595 34
1780314144533 0.001345397309778491 35
1780314144536 0.0013373219531786162 36
1780314144538 0.0013089721067808568 37
1780314144540 0.0013386530494608451 38
1780314144542 0.0013015123092918657 39
1780314144544 0.0012744499064865523 40
1780314144546 0.0012518252361769554 41
1780314144549 0.0012156414441415108 42
1780314144551 0.001201297871011775 43
1780314144553 0.0012120647652045591 44
1780314144555 0.001182367971050553 45
1780314144557 0.0011778358014271361 46
1780314144559 0.0011529110535047947 47
1780314144561 0.0011803789662371855 48
1780314144564 0.0011631421710626454 49
1780314144566 0.0011807183596829417 50
1780314144568 0.001140597301055095 51
1780314144570 0.0011078012359212153 52
1780314144572 0.0010444510172965239 53
1780314144574 0.0010026240487059112 54
1780314144577 0.000987670590984635 55
1780314144579 0.000977633242655429 56
1780314144581 0.0009685449472453911 57
1780314144583 0.0009610592116951011 58
1780314144585 0.0009573973980877782 59
1780314144587 0.000962538092280738 60
1780314144589 0.0009787219594727503 61
1780314144592 0.0009717945602460531 62
1780314144594 0.0009428428063984029 63
1780314144596 0.0009173554401058937 64
1780314144598 0.0009091889974661171 65
1780314144600 0.000903007618690026 66
1780314144602 0.0008984312041502563 67
1780314144604 0.000894235431078414 68
1780314144607 0.0008908594091553823 69
1780314144609 0.0008877515326093998 70
1780314144611 0.0008852315138938138 71
1780314144613 0.0008847422422331874 72
1780314144615 0.0008782787621385068 73
1780314144618 0.0008683129211931373 74
1780314144620 0.000864626514230622 75
1780314144622 0.0008620142189829494 76
1780314144624 0.0008596107609264436 77
1780314144626 0.0008574234588377294 78
1780314144628 0.0008552658413464087 79
1780314144631 0.0008530993952808785 80
1780314144633 0.0008511310788162518 81
1780314144635 0.0008493579033529386 82
1780314144637 0.0008451756750946515 83
1780314144639 0.0008423372705874499 84
1780314144642 0.0008407412434462458 85
1780314144644 0.0008394519873399986 86
1780314144646 0.0008381219592047273 87
