1780318597819 0.12674441665410996 1
1780318597821 0.050355651322752236 2
1780318597823 0.026069956021383404 3
1780318597825 0.016124563496559857 4
1780318597827 0.011223565167747439 5
1780318597830 0.008614298384636641 6
1780318597832 0.006883765708189458 7
1780318597834 0.005670041671255604 8
1780318597836 0.004974326568190008 9
1780318597838 0.004345377257559449 10
1780318597841 0.0038705047860275953 11
1780318597843 0.0035725098522379995 12
1780318597845 0.0034521479409886525 13
1780318597847 0.0031935217150021343 14
1780318597850 0.003012469022651203 15
1780318597852 0.002963581171934493 16
1780318597854 0.0028076707635773346 17
1780318597856 0.0025733615399803965 18
1780318597858 0.002535675032995641 19
1780318597860 0.002515253406309057 20
1780318597862 0.002501384523056913 21
1780318597864 0.002355025101278443 22
1780318597866 0.0023347470225417053 23
1780318597869 0.002329485951049719 24
1780318597871 0.002190656223974656 25
1780318597874 0.002217034150380641 26
1780318597876 0.0021637699045822956 27
1780318597878 0.002155138176458422 28
1780318597881 0.002068992330750916 29
1780318597883 0.002097137665259652 30
1780318597886 0.0020779141806997357 31
1780318597888 0.0019975824166613165 32
1780318597891 0.0020273530459962784 33
1780318597893 0.0021180081678903663 34
1780318597895 0.0020740646749618464 35
1780318597898 0.0019453909974254202 36
1780318597900 0.0019267108113854192 37
1780318597903 0.0018790933142008727 38
1780318597905 0.0018975407980906312 39
1780318597908 0.0019001884700264782 40
1780318597910 0.0019413449795683845 41
1780318597912 0.0018650013211299666 42
1780318597915 0.0018469107031705788 43
1780318597917 0.0018281167480745353 44
1780318597920 0.0018356739556475076 45
1780318597922 0.0018692609551362693 46
1780318597924 0.0018334434284770396 47
1780318597926 0.0018724320697947406 48
1780318597929 0.0018377241377311292 49
1780318597931 0.0017773380072321743 50
1780318597933 0.0017746643521240912 51
1780318597935 0.0017879092089424376 52
1780318597937 0.001807740646036109 53
1780318597939 0.0018295351017150097 54
1780318597941 0.0017700050085841213 55
1780318597944 0.0017963572609005496 56
1780318597946 0.0016775207348109689 57
1780318597948 0.0016812475318147336 58
1780318597950 0.0016721828246954828 59
1780318597953 0.001708258735598065 60
1780318597955 0.001713878864538856 61
1780318597957 0.0017199892888311297 62
1780318597959 0.001692018142202869 63
1780318597962 0.0017425339750479906 64
1780318597964 0.0017057975256466306 65
1780318597966 0.0016615134051244241 66
1780318597969 0.0016560220276005567 67
1780318597971 0.0016411989642074333 68
1780318597973 0.0016054560219345149 69
1780318597975 0.0015552964762900955 70
1780318597977 0.0015346857138501945 71
1780318597979 0.00158379727290594 72
1780318597981 0.0015096564771374687 73
1780318597983 0.0015255338729184586 74
1780318597985 0.0015180587730719709 75
1780318597987 0.001537462213455001 76
1780318597989 0.0015282901818864047 77
1780318597991 0.0015192163636675105 78
1780318597993 0.0015320302669715603 79
1780318597995 0.0015185306250350549 80
1780318597998 0.0015075242779857944 81
1780318598000 0.0014942233948386273 82
1780318598002 0.001480694020719966 83
1780318598004 0.0015002495193039067 84
1780318598006 0.0015106659644516184 85
1780318598008 0.0014798941437038594 86
1780318598019 0.0014942314922518562 87
1780318598022 0.0014883711141010282 88
1780318598024 0.0014916908866143786 89
1780318598026 0.001484009642736055 90
1780318598028 0.0014618310153309722 91
1780318598031 0.0014768247341271489 92
1780318598033 0.0014864088215108496 93
1780318598036 0.0014938779089425224 94
1780318598038 0.0014486579694494139 95
1780318598040 0.0014432419066724832 96
1780318598042 0.0014373923622770235 97
1780318598044 0.0014445299588260242 98
1780318598046 0.0014161731563217472 99
1780318598048 0.0014103535217873287 100
1780318598050 0.0014018864200625104 101
1780318598052 0.0013841150894586462 102
1780318598054 0.001382870361703681 103
1780318598056 0.0013947506892145612 104
1780318598058 0.0013739972842449787 105
1780318598061 0.0013769817278080155 106
1780318598063 0.001390078664990142 107
1780318598065 0.0013778278719109949 108
1780318598067 0.0013882036428549327 109
1780318598069 0.0013659779060981236 110
1780318598072 0.0013493767990439664 111
1780318598074 0.0013535875517118256 112
1780318598076 0.0013476050141616725 113
1780318598078 0.0013531437258643565 114
1780318598080 0.0013538700017670636 115
1780318598082 0.0013532416798989289 116
1780318598084 0.0013398770465573762 117
1780318598086 0.001349840614857385 118
1780318598088 0.0013451054715551435 119
1780318598090 0.001334441764483927 120
1780318598092 0.0013362578339001629 121
1780318598095 0.0013353808366809972 122
1780318598097 0.0013306843770260457 123
1780318598099 0.0013393284693302122 124
1780318598101 0.0013201949240465184 125
1780318598103 0.0013227237841056195 126
1780318598105 0.0013457903565722517 127
1780318598107 0.0013305806956486776 128
1780318598109 0.0013214535132283344 129
1780318598111 0.0013229255536862184 130
1780318598114 0.0013259841882972978 131
1780318598116 0.0013186103834595996 132
1780318598118 0.0013184952194569633 133
