1782216923125 0.0 1
1782216923126 0.0 2
1782216923127 0.0 3
1782216923129 0.0 4
1782216923130 0.0 5
1782216923131 0.0 6
1782216923132 0.0 7
1782216923133 0.0 8
1782216923135 0.0 9
1782216923136 0.0 10
1782216923137 0.0 11
1782216923138 0.0 12
1782216923139 0.0 13
1782216923140 0.0 14
1782216923142 0.0 15
1782216923143 0.0 16
1782216923144 0.0 17
1782216923145 0.0 18
1782216923146 0.0 19
1782216923147 0.0 20
1782216923149 0.0 21
1782216923150 0.0 22
1782216923151 0.0 23
1782216923152 0.0 24
1782216923153 0.0 25
1782216923155 0.0 26
1782216923156 0.0 27
1782216923157 0.0 28
1782216923158 0.0 29
1782216923160 0.0 30
1782216923161 0.0 31
1782216923162 0.0 32
1782216923163 0.0 33
1782216923164 0.0 34
1782216923166 0.0 35
1782216923167 0.0 36
1782216923168 0.0 37
1782216923169 0.0 38
1782216923170 0.0 39
1782216923172 0.0 40
1782216923173 0.0 41
1782216923174 0.0 42
1782216923175 0.0 43
1782216923176 0.0 44
1782216923178 0.0 45
1782216923179 0.0 46
1782216923180 0.0 47
1782216923181 0.0 48
1782216923183 0.0 49
1782216923184 0.0 50
1782216923185 0.0 51
1782216923186 0.0 52
1782216923187 0.0 53
1782216923189 0.0 54
1782216923190 0.0 55
1782216923191 0.0 56
1782216923192 0.0 57
1782216923193 0.0 58
1782216923195 0.0 59
1782216923196 0.0 60
1782216923197 0.0 61
1782216923198 0.0 62
1782216923199 0.0 63
1782216923201 0.0 64
1782216923202 0.0 65
1782216923203 0.0 66
1782216923204 0.0 67
1782216923205 0.0 68
1782216923207 0.0 69
1782216923208 0.0 70
1782216923209 0.0 71
1782216923210 0.0 72
1782216923212 0.0 73
1782216923213 0.0 74
1782216923214 0.0 75
1782216923215 0.0 76
1782216923216 0.0 77
1782216923218 0.0 78
1782216923219 0.0 79
1782216923220 0.0 80
1782216923221 0.0 81
1782216923223 0.0 82
1782216923224 0.0 83
