1782216922922 0.13167993497103453 1
1782216922923 0.04563857829198241 2
1782216922925 0.021556766047142448 3
1782216922926 0.01305621870327741 4
1782216922927 0.008986148447729648 5
1782216922928 0.0066797522851265966 6
1782216922930 0.005410951711237431 7
1782216922931 0.0044252344081178304 8
1782216922932 0.0037483288801740855 9
1782216922933 0.003294548508711159 10
1782216922934 0.0029495959891937674 11
1782216922936 0.0026988297735806555 12
1782216922937 0.0024381013214588164 13
1782216922938 0.0022635776264360173 14
1782216922939 0.002162854995694943 15
1782216922941 0.00205881950823823 16
1782216922942 0.002073145392059814 17
1782216922943 0.0018677028064848855 18
1782216922944 0.0017527521186275407 19
1782216922945 0.0016920963284792379 20
1782216922947 0.0015939051000168547 21
1782216922948 0.0015448855725117027 22
1782216922949 0.001465762196603464 23
1782216922950 0.0014007331935863476 24
1782216922952 0.001404892954742536 25
1782216922953 0.0014658115024212747 26
1782216922954 0.0013616793100663927 27
1782216922955 0.0013661482406314462 28
1782216922956 0.0013478529133135453 29
1782216922958 0.001435027141997125 30
1782216922959 0.001273655170953134 31
1782216922960 0.0012160519041935914 32
1782216922961 0.0011727132073428947 33
1782216922963 0.001113172740515438 34
1782216922964 0.0010598738766566384 35
1782216922965 0.0010342538762051845 36
1782216922966 0.0010198014306661207 37
1782216922967 0.0010045912138593848 38
1782216922969 0.0009933341596479294 39
1782216922970 0.0009896325630688806 40
1782216922971 0.0009909358241566224 41
1782216922972 0.0009873792942380532 42
1782216922974 0.000989572395919822 43
1782216922975 0.0009981327340210554 44
1782216922976 0.0009824575283710146 45
1782216922977 0.0009674280438775895 46
1782216922978 0.0009536633927928051 47
1782216922980 0.0009343600278953091 48
1782216922981 0.0009156890605663648 49
1782216922982 0.0009075644445692887 50
1782216922983 0.0008959986474656034 51
1782216922985 0.0008939882914273767 52
1782216922986 0.0009042005482478998 53
1782216922987 0.0009323347492318135 54
1782216922988 0.000899891350127291 55
1782216922989 0.0008871789272234309 56
1782216922991 0.0008722320220113034 57
1782216922992 0.0008525388935959199 58
1782216922993 0.0008443543996327208 59
1782216922994 0.0008504122438534978 60
1782216922996 0.000823209824229707 61
1782216922997 0.0007990061177042663 62
1782216922998 0.000788806656782981 63
1782216922999 0.0007826690039655659 64
1782216923000 0.0007776676493085688 65
1782216923002 0.0007735262067581062 66
1782216923003 0.0007695406605489552 67
1782216923004 0.0007630182228967896 68
1782216923005 0.0007595831944126985 69
1782216923007 0.0007570304112596204 70
1782216923008 0.0007543506633737706 71
1782216923009 0.0007519583624161897 72
1782216923010 0.0007492309220469906 73
1782216923011 0.0007469667441182537 74
1782216923013 0.0007431804467341863 75
1782216923014 0.0007412468142501894 76
1782216923015 0.0007396974421135383 77
1782216923016 0.0007381876671206556 78
1782216923017 0.0007366558306966908 79
1782216923019 0.0007351322582690045 80
1782216923020 0.0007336126579684788 81
1782216923021 0.0007314123641481274 82
1782216923022 0.0007304051112441811 83
