1782216923225 0.0 1
1782216923226 0.0 2
1782216923227 0.0 3
1782216923229 0.0 4
1782216923230 0.0 5
1782216923231 0.0 6
1782216923232 0.0 7
1782216923233 0.0 8
1782216923234 0.0 9
1782216923235 0.0 10
1782216923236 0.0 11
1782216923237 0.0 12
1782216923238 0.0 13
1782216923239 0.0 14
1782216923241 0.0 15
1782216923242 0.0 16
1782216923243 0.0 17
1782216923244 0.0 18
1782216923245 0.0 19
1782216923246 0.0 20
1782216923247 0.0 21
1782216923248 0.0 22
1782216923250 0.0 23
1782216923251 0.0 24
1782216923252 0.0 25
1782216923253 0.0 26
1782216923254 0.0 27
1782216923255 0.0 28
1782216923256 0.0 29
1782216923258 0.0 30
1782216923259 0.0 31
1782216923260 0.0 32
1782216923261 0.0 33
1782216923262 0.0 34
1782216923263 0.0 35
1782216923264 0.0 36
1782216923266 0.0 37
1782216923267 0.0 38
1782216923268 0.0 39
1782216923269 0.0 40
1782216923270 0.0 41
1782216923271 0.0 42
1782216923272 0.0 43
1782216923273 0.0 44
1782216923274 0.0 45
1782216923275 0.0 46
1782216923277 0.0 47
1782216923278 0.0 48
1782216923279 0.0 49
1782216923280 0.0 50
1782216923281 0.0 51
1782216923282 0.0 52
1782216923283 0.0 53
1782216923285 0.0 54
1782216923286 0.0 55
1782216923287 0.0 56
1782216923288 0.0 57
1782216923289 0.0 58
1782216923290 0.0 59
1782216923291 0.0 60
1782216923292 0.0 61
1782216923293 0.0 62
1782216923294 0.0 63
1782216923295 0.0 64
1782216923296 0.0 65
1782216923297 0.0 66
1782216923298 0.0 67
1782216923299 0.0 68
1782216923300 0.0 69
1782216923301 0.0 70
1782216923302 0.0 71
1782216923303 0.0 72
1782216923304 0.0 73
1782216923305 0.0 74
1782216923306 0.0 75
1782216923307 0.0 76
1782216923308 0.0 77
1782216923310 0.0 78
1782216923311 0.0 79
1782216923311 0.0 80
1782216923313 0.0 81
1782216923314 0.0 82
1782216923315 0.0 83
