1782726786078 0.09905179161578417 1
1782726786079 0.018742327550426124 2
1782726786080 0.007964997689705343 3
1782726786081 0.00518853937741369 4
1782726786082 0.004047156331362203 5
1782726786083 0.003144400988239795 6
1782726786084 0.0030046128388494255 7
1782726786085 0.002480507341388147 8
1782726786087 0.0022470585082191973 9
1782726786088 0.002020721212902572 10
1782726786089 0.0018868778648902663 11
1782726786090 0.0017245116249250713 12
1782726786091 0.0015956683160038665 13
1782726786092 0.0016773463985009585 14
1782726786093 0.0017529418610502034 15
1782726786094 0.001534371026646113 16
1782726786095 0.0015424605610314757 17
1782726786096 0.001396009509335272 18
1782726786097 0.0013734936973196455 19
1782726786099 0.001466930988972308 20
1782726786100 0.001244188035634579 21
1782726786101 0.0012413801410002634 22
1782726786102 0.001184088077279739 23
1782726786103 0.0011649640201358124 24
1782726786104 0.0011696549363114173 25
1782726786105 0.0011037618331465637 26
1782726786106 0.0009398358073667623 27
1782726786107 0.0008826615660655079 28
1782726786108 0.0008480264564423123 29
1782726786109 0.0008191903885744978 30
1782726786111 0.0008179483449930558 31
1782726786112 0.0008013461176597048 32
1782726786113 0.0008025281511072535 33
1782726786114 0.0007700687591568567 34
1782726786115 0.0007292059898463776 35
1782726786116 0.0007116542754374677 36
1782726786117 0.0006999190492933849 37
1782726786118 0.0006881687448185402 38
1782726786119 0.0006780915849958546 39
1782726786120 0.0006713441205647541 40
1782726786121 0.0006584119237959385 41
1782726786122 0.0006473927909246413 42
1782726786124 0.0006415332457982004 43
1782726786125 0.0006361391969403484 44
1782726786126 0.0006308277806238038 45
1782726786127 0.0006254777630965692 46
1782726786128 0.0006207012907543685 47
1782726786129 0.000612361909734318 48
1782726786130 0.0006079974291060353 49
1782726786131 0.0006048577531328192 50
1782726786132 0.00060172650621098 51
1782726786133 0.0005989856706582941 52
1782726786134 0.0005959080029424513 53
1782726786135 0.0005928943658364005 54
1782726786137 0.0005883593633188866 55
1782726786138 0.0005863777918420965 56
