1782726786199 0.0 1
1782726786200 0.0 2
1782726786202 0.0 3
1782726786203 0.0 4
1782726786204 0.0 5
1782726786205 0.0 6
1782726786206 0.0 7
1782726786207 0.0 8
1782726786208 0.0 9
1782726786209 0.0 10
1782726786210 0.0 11
1782726786211 0.0 12
1782726786212 0.0 13
1782726786213 0.0 14
1782726786214 0.0 15
1782726786216 0.0 16
1782726786217 0.0 17
1782726786218 0.0 18
1782726786219 0.0 19
1782726786220 0.0 20
1782726786221 0.0 21
1782726786222 0.0 22
1782726786223 0.0 23
1782726786224 0.0 24
1782726786225 0.0 25
1782726786226 0.0 26
1782726786227 0.0 27
1782726786228 0.0 28
1782726786230 0.0 29
1782726786231 0.0 30
1782726786232 0.0 31
1782726786233 0.0 32
1782726786234 0.0 33
1782726786235 0.0 34
1782726786236 0.0 35
1782726786237 0.0 36
1782726786238 0.0 37
1782726786239 0.0 38
1782726786240 0.0 39
1782726786241 0.0 40
1782726786242 0.0 41
1782726786243 0.0 42
1782726786245 0.0 43
1782726786246 0.0 44
1782726786247 0.0 45
1782726786248 0.0 46
1782726786249 0.0 47
1782726786250 0.0 48
1782726786251 0.0 49
1782726786252 0.0 50
1782726786253 0.0 51
1782726786254 0.0 52
1782726786255 0.0 53
1782726786256 0.0 54
1782726786258 0.0 55
1782726786259 0.0 56
