1782726786260 0.0 1
1782726786261 0.0 2
1782726786262 0.0 3
1782726786263 0.0 4
1782726786264 0.0 5
1782726786265 0.0 6
1782726786266 0.0 7
1782726786267 0.0 8
1782726786268 0.0 9
1782726786269 0.0 10
1782726786271 0.0 11
1782726786272 0.0 12
1782726786273 0.0 13
1782726786274 0.0 14
1782726786275 0.0 15
1782726786276 0.0 16
1782726786277 0.0 17
1782726786278 0.0 18
1782726786279 0.0 19
1782726786280 0.0 20
1782726786281 0.0 21
1782726786282 0.0 22
1782726786284 0.0 23
1782726786285 0.0 24
1782726786286 0.0 25
1782726786287 0.0 26
1782726786288 0.0 27
1782726786289 0.0 28
1782726786290 0.0 29
1782726786291 0.0 30
1782726786292 0.0 31
1782726786293 0.0 32
1782726786294 0.0 33
1782726786295 0.0 34
1782726786297 0.0 35
1782726786298 0.0 36
1782726786299 0.0 37
1782726786300 0.0 38
1782726786301 0.0 39
1782726786302 0.0 40
1782726786303 0.0 41
1782726786304 0.0 42
1782726786305 0.0 43
1782726786306 0.0 44
1782726786307 0.0 45
1782726786308 0.0 46
1782726786310 0.0 47
1782726786311 0.0 48
1782726786312 0.0 49
1782726786313 0.0 50
1782726786314 0.0 51
1782726786315 0.0 52
1782726786316 0.0 53
1782726786317 0.0 54
1782726786318 0.0 55
1782726786319 0.0 56
