1780314135945 0.24722286969423293 1
1780314135947 0.22524030581116677 2
1780314135949 0.21706794932484627 3
1780314135951 0.20987625434994697 4
1780314135954 0.1959933429956436 5
1780314135956 0.173650321662426 6
1780314135958 0.15015096515417098 7
1780314135960 0.13002951472997665 8
1780314135962 0.11354946494102477 9
1780314135964 0.09980409286916256 10
1780314135966 0.0880991131067276 11
1780314135968 0.07794901050627231 12
1780314135970 0.06908931881189347 13
1780314135972 0.06143818859010935 14
1780314135975 0.05487003959715366 15
1780314135977 0.04911387499421835 16
1780314135979 0.043924688436090945 17
1780314135981 0.03943178400397301 18
1780314135983 0.03561671610921621 19
1780314135985 0.03235672302544117 20
1780314135987 0.029602591469883918 21
1780314135989 0.027105370573699474 22
1780314135991 0.024903995078057052 23
1780314135993 0.022882665283977987 24
1780314135996 0.0210994934476912 25
1780314135998 0.019560292083770036 26
1780314136000 0.018141305316239597 27
1780314136002 0.016885039331391453 28
1780314136004 0.015778539115563036 29
1780314136006 0.014737680172547698 30
1780314136008 0.013714684313163162 31
1780314136010 0.012826120099052787 32
1780314136012 0.012018614383414387 33
1780314136015 0.011311486614868044 34
1780314136017 0.010636691162362695 35
1780314136019 0.010014127041213215 36
1780314136021 0.009481760761700571 37
1780314136023 0.008954874090850353 38
1780314136025 0.008501706579700112 39
1780314136027 0.008072933666408062 40
1780314136029 0.0076459587598219515 41
1780314136031 0.007267939718440175 42
1780314136033 0.0069327668193727736 43
1780314136035 0.006613918743096292 44
1780314136038 0.0063208629516884685 45
1780314136040 0.006042772526852786 46
1780314136042 0.005788299466948956 47
1780314136044 0.0055403542099520565 48
1780314136046 0.0053078085649758576 49
1780314136048 0.005089459691662341 50
1780314136050 0.004895026374142617 51
1780314136052 0.004712207051925361 52
1780314136054 0.004555663836654276 53
1780314136056 0.0043882742780260746 54
1780314136059 0.0042273430665954945 55
1780314136061 0.00407114026369527 56
1780314136063 0.003928074433933944 57
1780314136065 0.003792728891130537 58
1780314136067 0.0036779019585810604 59
1780314136069 0.003559029791504145 60
1780314136071 0.0034529349370859565 61
1780314136073 0.0033599137468263507 62
1780314136075 0.003280077448580414 63
1780314136077 0.0031944610131904483 64
1780314136079 0.0031389542669057846 65
1780314136082 0.0030584425036795436 66
1780314136084 0.0030143669561948625 67
1780314136086 0.0028999919595662504 68
1780314136088 0.0028236347739584743 69
1780314136090 0.0027351845672819765 70
1780314136092 0.002682122371625155 71
1780314136094 0.002607082771137357 72
1780314136096 0.0025406646553892643 73
1780314136098 0.0024867964151781053 74
1780314136100 0.0024332371028140186 75
1780314136102 0.0023936130083166062 76
1780314136104 0.0023582216701470314 77
1780314136107 0.0023341881425585596 78
1780314136109 0.0022878337476868182 79
1780314136111 0.0022506050136871635 80
1780314136113 0.0022064745938405396 81
1780314136115 0.002169650446739979 82
1780314136117 0.002139069825061597 83
1780314136119 0.002108820319408551 84
1780314136121 0.0020799170667305587 85
1780314136123 0.002059436064446345 86
1780314136125 0.002032316618715413 87
1780314136128 0.0019960523169720544 88
1780314136130 0.0019500391522888094 89
1780314136132 0.0019249658286571503 90
1780314136134 0.0019038141565397382 91
1780314136136 0.001876934442552738 92
1780314136138 0.0018659537425264716 93
1780314136140 0.0018523868668125943 94
1780314136142 0.0018462311127223074 95
1780314136144 0.0018179655779385938 96
1780314136146 0.0017897638527210801 97
1780314136148 0.0017955679021542893 98
1780314136150 0.0018107990402495488 99
1780314136153 0.0017603307525860146 100
1780314136155 0.0017199152964167297 101
1780314136161 0.001695266052847728 102
1780314136168 0.0016719436668790877 103
1780314136174 0.0016515598047408275 104
1780314136176 0.0016465516193420627 105
1780314136178 0.0016590965774958021 106
1780314136180 0.0017101858276873827 107
1780314136182 0.001677704700268805 108
1780314136185 0.0016416624077828601 109
1780314136187 0.0016027471027337014 110
1780314136189 0.001584495686693117 111
1780314136191 0.0015893682476598768 112
1780314136193 0.0015838739235186949 113
1780314136195 0.0015571260696742683 114
1780314136197 0.0015502327505964785 115
1780314136199 0.0015316966353566385 116
1780314136202 0.0015238518244586885 117
1780314136204 0.0015109646096243524 118
1780314136206 0.0015175059146713466 119
1780314136208 0.0015417142171645537 120
1780314136210 0.001524050829175394 121
1780314136212 0.0015141604753443972 122
1780314136214 0.00150447825610172 123
1780314136216 0.0014808676112443209 124
1780314136219 0.0014674153467058204 125
1780314136221 0.0014588576374808327 126
1780314136223 0.0014513433043612167 127
1780314136225 0.0014380797269404866 128
1780314136227 0.0014352142412099055 129
1780314136229 0.0014228058711159973 130
1780314136231 0.0014186993401381187 131
1780314136233 0.001417175518872682 132
1780314136235 0.001418847211753018 133
1780314136238 0.0014631279342575 134
1780314136240 0.0014366647027782165 135
1780314136242 0.0013880104251438753 136
1780314136244 0.0013698539257165976 137
1780314136246 0.001359194514225237 138
1780314136248 0.0013530396833084525 139
1780314136250 0.001347890949837165 140
1780314136252 0.0013444114332378375 141
1780314136254 0.0013406105487956666 142
1780314136257 0.0013371056530741042 143
1780314136259 0.0013323969657358249 144
1780314136261 0.001330095381126739 145
