1782748131831 0.06051499939989299 1
1782748131832 0.010447961157187819 2
1782748131833 0.00556668990640901 3
1782748131834 0.0038264405651716516 4
1782748131836 0.003380181810935028 5
1782748131837 0.002538069426373113 6
1782748131838 0.0023324036545818673 7
1782748131839 0.0022790024083224124 8
1782748131840 0.0018459682565298862 9
1782748131841 0.0017690648273855913 10
1782748131842 0.0016305870161158963 11
1782748131843 0.0015552744532760698 12
1782748131844 0.0015050706692272798 13
1782748131845 0.0014101256788126193 14
1782748131846 0.001379843804752454 15
1782748131847 0.0013656275000539608 16
1782748131849 0.0013084297618479468 17
1782748131850 0.001341930562775815 18
1782748131851 0.0014445737189089413 19
1782748131852 0.0013602637661097106 20
1782748131853 0.0013113223489926895 21
1782748131854 0.0012353260327654424 22
1782748131855 0.0011324001898174174 23
1782748131856 0.0010756116353149991 24
1782748131857 0.0010431453431374393 25
1782748131858 0.0010231106983701465 26
1782748131859 0.001005369139893446 27
1782748131860 0.000989916603139136 28
1782748131862 0.0009808876758324913 29
1782748131863 0.0010001352152175969 30
1782748131864 0.0009701226514880545 31
1782748131865 0.0009440518492192496 32
1782748131866 0.0009295216444297694 33
1782748131867 0.0009187447794829495 34
1782748131868 0.0009084848000929924 35
1782748131869 0.0009014403382752789 36
1782748131870 0.0009016081995650893 37
1782748131871 0.0008907990295847412 38
1782748131872 0.000878247993750847 39
1782748131873 0.0008713736052595777 40
1782748131874 0.0008663109560438898 41
1782748131875 0.0008615800017287256 42
1782748131877 0.000856503056929796 43
1782748131878 0.0008518205994550954 44
1782748131879 0.0008457419511614716 45
1782748131880 0.000842359810922062 46
1782748131881 0.0008395770018614713 47
1782748131882 0.0008367649582942249 48
1782748131883 0.0008339530531520723 49
1782748131884 0.0008311056977618137 50
1782748131885 0.0008280960842967034 51
1782748131886 0.0008243448971552425 52
1782748131887 0.0008225038733507972 53
