1782748132003 0.0 1
1782748132004 0.0 2
1782748132005 0.0 3
1782748132006 0.0 4
1782748132007 0.0 5
1782748132008 0.0 6
1782748132009 0.0 7
1782748132010 0.0 8
1782748132011 0.0 9
1782748132012 0.0 10
1782748132014 0.0 11
1782748132015 0.0 12
1782748132016 0.0 13
1782748132017 0.0 14
1782748132018 0.0 15
1782748132019 0.0 16
1782748132020 0.0 17
1782748132021 0.0 18
1782748132022 0.0 19
1782748132023 0.0 20
1782748132024 0.0 21
1782748132025 0.0 22
1782748132026 0.0 23
1782748132028 0.0 24
1782748132029 0.0 25
1782748132030 0.0 26
1782748132031 0.0 27
1782748132032 0.0 28
1782748132033 0.0 29
1782748132034 0.0 30
1782748132035 0.0 31
1782748132036 0.0 32
1782748132037 0.0 33
1782748132038 0.0 34
1782748132039 0.0 35
1782748132040 0.0 36
1782748132041 0.0 37
1782748132042 0.0 38
1782748132042 0.0 39
1782748132043 0.0 40
1782748132044 0.0 41
1782748132045 0.0 42
1782748132046 0.0 43
1782748132047 0.0 44
1782748132048 0.0 45
1782748132049 0.0 46
1782748132050 0.0 47
1782748132051 0.0 48
1782748132052 0.0 49
1782748132053 0.0 50
1782748132054 0.0 51
1782748132055 0.0 52
1782748132056 0.0 53
