1782247209845 0.0 1
1782247209846 0.0 2
1782247209847 0.0 3
1782247209848 0.0 4
1782247209850 0.0 5
1782247209851 0.0 6
1782247209852 0.0 7
1782247209853 0.0 8
1782247209855 0.0 9
1782247209856 0.0 10
1782247209857 0.0 11
1782247209858 0.0 12
1782247209860 0.0 13
1782247209861 0.0 14
1782247209862 0.0 15
1782247209863 0.0 16
1782247209865 0.0 17
1782247209866 0.0 18
1782247209867 0.0 19
1782247209868 0.0 20
1782247209870 0.0 21
1782247209871 0.0 22
1782247209872 0.0 23
1782247209874 0.0 24
1782247209875 0.0 25
1782247209876 0.0 26
1782247209877 0.0 27
1782247209879 0.0 28
1782247209880 0.0 29
1782247209881 0.0 30
1782247209883 0.0 31
1782247209884 0.0 32
1782247209885 0.0 33
1782247209886 0.0 34
1782247209887 0.0 35
1782247209888 0.0 36
1782247209890 0.0 37
1782247209891 0.0 38
1782247209892 0.0 39
1782247209893 0.0 40
1782247209894 0.0 41
1782247209896 0.0 42
1782247209897 0.0 43
1782247209898 0.0 44
1782247209899 0.0 45
1782247209901 0.0 46
1782247209902 0.0 47
1782247209903 0.0 48
1782247209904 0.0 49
1782247209905 0.0 50
1782247209906 0.0 51
1782247209907 0.0 52
1782247209908 0.0 53
1782247209910 0.0 54
1782247209911 0.0 55
1782247209912 0.0 56
1782247209913 0.0 57
1782247209914 0.0 58
1782247209915 0.0 59
1782247209916 0.0 60
1782247209918 0.0 61
1782247209919 0.0 62
1782247209920 0.0 63
