1782247209921 0.0 1
1782247209922 0.0 2
1782247209923 0.0 3
1782247209924 0.0 4
1782247209925 0.0 5
1782247209927 0.0 6
1782247209928 0.0 7
1782247209929 0.0 8
1782247209930 0.0 9
1782247209931 0.0 10
1782247209933 0.0 11
1782247209934 0.0 12
1782247209935 0.0 13
1782247209936 0.0 14
1782247209937 0.0 15
1782247209939 0.0 16
1782247209940 0.0 17
1782247209941 0.0 18
1782247209942 0.0 19
1782247209943 0.0 20
1782247209944 0.0 21
1782247209945 0.0 22
1782247209947 0.0 23
1782247209948 0.0 24
1782247209949 0.0 25
1782247209950 0.0 26
1782247209951 0.0 27
1782247209953 0.0 28
1782247209954 0.0 29
1782247209955 0.0 30
1782247209956 0.0 31
1782247209957 0.0 32
1782247209958 0.0 33
1782247209960 0.0 34
1782247209961 0.0 35
1782247209962 0.0 36
1782247209963 0.0 37
1782247209964 0.0 38
1782247209965 0.0 39
1782247209966 0.0 40
1782247209967 0.0 41
1782247209968 0.0 42
1782247209969 0.0 43
1782247209971 0.0 44
1782247209972 0.0 45
1782247209973 0.0 46
1782247209974 0.0 47
1782247209975 0.0 48
1782247209977 0.0 49
1782247209978 0.0 50
1782247209979 0.0 51
1782247209980 0.0 52
1782247209981 0.0 53
1782247209982 0.0 54
1782247209983 0.0 55
1782247209984 0.0 56
1782247209985 0.0 57
1782247209986 0.0 58
1782247209987 0.0 59
1782247209988 0.0 60
1782247209990 0.0 61
1782247209991 0.0 62
1782247209992 0.0 63
