1782247209685 0.12928102612495423 1
1782247209686 0.04386054808273911 2
1782247209687 0.021380295418202876 3
1782247209689 0.012999238949269055 4
1782247209690 0.008840857003815473 5
1782247209691 0.0065334534924477335 6
1782247209693 0.005121330703841523 7
1782247209694 0.004354283472057432 8
1782247209695 0.0037631257530301807 9
1782247209696 0.0032522660912945867 10
1782247209698 0.002826202214928344 11
1782247209699 0.002502648181398399 12
1782247209700 0.0022706773498794063 13
1782247209702 0.002066648536711 14
1782247209703 0.001968020833446644 15
1782247209704 0.0018583540586405434 16
1782247209705 0.001726907067350112 17
1782247209707 0.0016013946812017822 18
1782247209708 0.0015444539822055958 19
1782247209709 0.0014826637311489321 20
1782247209711 0.001559372677875217 21
1782247209712 0.001379841688030865 22
1782247209713 0.0012890885869273915 23
1782247209714 0.0012080923888424877 24
1782247209716 0.0011261669540544971 25
1782247209717 0.001046940438245656 26
1782247209718 0.0010384562183753587 27
1782247209719 0.0010115114627114964 28
1782247209721 0.0010395484649052377 29
1782247209722 0.0011289303048397413 30
1782247209723 0.0009885698040307035 31
1782247209724 0.000889821099844994 32
1782247209726 0.0008126904733944684 33
1782247209727 0.0007501982506073545 34
1782247209728 0.0007189585395826725 35
1782247209730 0.0006983680804842152 36
1782247209731 0.0006805924235231942 37
1782247209732 0.0006643508112756535 38
1782247209733 0.0006502545347757405 39
1782247209735 0.0006400448747444898 40
1782247209736 0.0006232632855244447 41
1782247209737 0.0006098656897665933 42
1782247209738 0.0005980141855980037 43
1782247209740 0.0005888844989385689 44
1782247209741 0.0005807899614592315 45
1782247209742 0.0005730208349268651 46
1782247209744 0.0005663449622079497 47
1782247209745 0.0005567183769744588 48
1782247209746 0.0005488805405184393 49
1782247209747 0.000543597393843811 50
1782247209749 0.0005390706389880506 51
1782247209750 0.0005340009410429047 52
1782247209751 0.0005296139328856953 53
1782247209752 0.0005245608645054745 54
1782247209754 0.0005187536533776438 55
1782247209755 0.0005151401661714772 56
1782247209756 0.0005121763812348945 57
1782247209757 0.0005093614483484999 58
1782247209759 0.0005065204999846174 59
1782247209760 0.0005034831177908927 60
1782247209761 0.0005003784627842833 61
1782247209763 0.000496785977811669 62
1782247209764 0.0004951295852515614 63
