1780314178430 0.2420419520139694 1
1780314178433 0.1541646498441696 2
1780314178435 0.04913229478523135 3
1780314178437 0.025082713132724165 4
1780314178440 0.01614865436218679 5
1780314178442 0.011465772641822696 6
1780314178444 0.008425377802923321 7
1780314178447 0.006759639799129218 8
1780314178455 0.0056639363407157365 9
1780314178457 0.005023454676847905 10
1780314178460 0.004258336678612977 11
1780314178462 0.003913467539241537 12
1780314178464 0.0035411024012137206 13
1780314178467 0.003188210332300514 14
1780314178469 0.0030443107534665614 15
1780314178471 0.0028951654664706437 16
1780314178474 0.0027363272273214535 17
1780314178478 0.002506791950727347 18
1780314178480 0.0023774635838344693 19
1780314178483 0.0022950192700955086 20
1780314178485 0.0023053090076427907 21
1780314178487 0.0022182994239847175 22
1780314178489 0.0021173470380017535 23
1780314178492 0.00205495051224716 24
1780314178494 0.0019821720404434016 25
1780314178496 0.0019782107986975462 26
1780314178499 0.0019567094295052812 27
1780314178501 0.0019442491320660338 28
1780314178503 0.0018529287687852048 29
1780314178505 0.0018025402975035832 30
1780314178508 0.0017799455323256551 31
1780314178510 0.0017689166459604166 32
1780314178512 0.001696153048542328 33
1780314178514 0.00167410512585775 34
1780314178517 0.0016552210082591045 35
1780314178519 0.0016420540335820987 36
1780314178522 0.001674638143449556 37
1780314178524 0.0016148962223087437 38
1780314178526 0.0015947432718530763 39
1780314178528 0.001546078262035735 40
1780314178531 0.0015782339268480428 41
1780314178533 0.0016158832018845714 42
1780314178535 0.0016543716470187064 43
1780314178538 0.001548823326593265 44
1780314178540 0.0015199012876837515 45
1780314178542 0.0014821585612662602 46
1780314178544 0.0015013530773285311 47
1780314178547 0.0014393904697499239 48
1780314178549 0.0014549928992346394 49
1780314178551 0.0014204751267971006 50
1780314178554 0.0013959492110734572 51
1780314178556 0.0014248275434511014 52
1780314178558 0.0014139469512156212 53
1780314178560 0.001421588435769081 54
1780314178563 0.0013952224304375704 55
1780314178565 0.0014041245407861425 56
1780314178567 0.001392902396110003 57
1780314178570 0.0013393040199298411 58
1780314178572 0.0014594588437466883 59
1780314178574 0.0013717728038318455 60
1780314178577 0.0013189996701839846 61
1780314178579 0.0012956190562545089 62
1780314178581 0.0013109668765537209 63
1780314178583 0.001310750991324312 64
1780314178586 0.0013954957221721997 65
1780314178588 0.001316309903631918 66
1780314178591 0.0013061935527366585 67
1780314178593 0.0012889823651494226 68
1780314178595 0.001264258349474403 69
1780314178597 0.001274479287894792 70
1780314178600 0.0012660599438095233 71
1780314178602 0.0013075038821261842 72
1780314178604 0.0012781814896152355 73
1780314178607 0.0012157243223191471 74
1780314178609 0.0011979775917279768 75
1780314178611 0.0012351484791724944 76
1780314178614 0.0012724553733278298 77
1780314178616 0.001156627155796741 78
1780314178618 0.001104308432622929 79
1780314178621 0.0010912673409620766 80
1780314178623 0.001083282392428373 81
1780314178625 0.0010780927661107854 82
1780314178627 0.0010768748976988719 83
1780314178630 0.0010684137999487575 84
1780314178632 0.0010611404047813266 85
1780314178634 0.001062007473083213 86
1780314178637 0.0010644727887847694 87
1780314178639 0.0010823070197511697 88
1780314178641 0.0010972363952896557 89
1780314178643 0.001063061288878089 90
1780314178646 0.0010701406825683079 91
1780314178648 0.0010693769515637541 92
1780314178651 0.001067728889247519 93
1780314178653 0.001051010762748774 94
1780314178655 0.001039720717963064 95
1780314178658 0.0010316967232938622 96
1780314178660 0.001046231092987 97
1780314178662 0.001039420540764695 98
1780314178665 0.0010159746954741423 99
1780314178667 0.0009912408265518025 100
1780314178670 0.0009865681499650236 101
1780314178672 0.000984059527690988 102
1780314178675 0.0009775223823817213 103
1780314178677 0.000982785662272363 104
1780314178680 0.0009833881408849265 105
1780314178682 0.0009762476136529585 106
1780314178685 0.0009732353105209768 107
1780314178687 0.0009710735969565576 108
1780314178690 0.0009619602792372462 109
1780314178692 0.0009579769219999434 110
1780314178695 0.0009584908145188819 111
1780314178697 0.0009549703154334566 112
1780314178699 0.0009553808166674571 113
1780314178702 0.000951025288522942 114
1780314178704 0.00094975363870617 115
1780314178706 0.0009513337387033971 116
1780314178709 0.0009446143937384476 117
1780314178711 0.0009541460543550784 118
1780314178713 0.0009435954640503041 119
1780314178716 0.000941799230495235 120
1780314178718 0.0009395213551761116 121
1780314178720 0.0009397055565932532 122
1780314178723 0.0009371200086025056 123
1780314178725 0.0009394702460122062 124
1780314178727 0.0009369516545848455 125
1780314178730 0.0009360682717669988 126
1780314178732 0.0009338159376056865 127
1780314178734 0.000937555954878917 128
1780314178737 0.000934973673283821 129
1780314178739 0.0009295336691866396 130
1780314178741 0.0009334398798091569 131
1780314178744 0.0009288896613725228 132
1780314178746 0.0009303571079362882 133
