1781171074351 3.357438352778554 1
1781171074353 4.097256345748901 2
1781171074354 3.040246540904045 3
1781171074355 2.853980803489685 4
1781171074356 2.1035680347681045 5
1781171074357 2.007918367385864 6
1781171074359 2.2331142127513885 7
1781171074360 2.2027116709947587 8
1781171074361 2.042297350168228 9
1781171074362 1.857546136379242 10
1781171074363 1.9227243500947953 11
1781171074364 1.8003869986534118 12
1781171074366 1.7997235018014908 13
1781171074367 1.8225462538003923 14
1781171074368 1.660165674686432 15
1781171074369 1.6360475653409958 16
1781171074370 1.5544056889414788 17
1781171074371 1.5930687874555587 18
1781171074372 1.4955434775352479 19
1781171074374 1.5070215067267418 20
1781171074375 1.4710798263549805 21
1781171074376 1.4915507498383522 22
1781171074377 1.414535184800625 23
1781171074378 1.3806001633405685 24
1781171074379 1.2880871114134789 25
1781171074380 1.2229244539141655 26
1781171074382 1.2796312710642814 27
1781171074383 1.3259671223163605 28
1781171074384 1.1710278820991515 29
1781171074385 1.2651630261540412 30
1781171074386 1.1302364784479142 31
1781171074387 1.179828687608242 32
1781171074389 1.162776455283165 33
1781171074390 1.1959648276865482 34
1781171074391 1.1909378331899643 35
1781171074392 1.1445725926756858 36
1781171074393 1.1283164429664612 37
1781171074394 1.1047966143488883 38
1781171074395 1.0924919852614403 39
1781171074397 1.124469823539257 40
1781171074398 1.150124323964119 41
1781171074399 1.0471847480535508 42
1781171074400 1.1031508338451386 43
1781171074401 1.0862645319104194 44
1781171074402 1.0727722576260568 45
1781171074404 1.0561813616752624 46
1781171074405 1.0913140588998795 47
1781171074406 1.0794723016023635 48
1781171074407 1.0905296489596368 49
1781171074408 1.0690988725423813 50
1781171074409 1.030279397368431 51
1781171074410 1.0487510624527931 52
1781171074412 1.2535427939891814 53
1781171074413 1.1438632494211196 54
1781171074414 1.0939111319184303 55
1781171074415 1.0871246314048768 56
1781171074416 1.068949984908104 57
1781171074417 1.074197669327259 58
1781171074418 1.0790392643213271 59
1781171074420 1.119614192545414 60
1781171074421 1.114292844235897 61
1781171074422 1.1203387811779977 62
1781171074423 1.0926946991682052 63
