1781171074131 0.12131596373394132 1
1781171074132 0.04220194433815777 2
1781171074134 0.02033428506460041 3
1781171074135 0.012541268700733781 4
1781171074136 0.008829778374638409 5
1781171074137 0.0068341578240506354 6
1781171074140 0.005796448773471638 7
1781171074141 0.004704256529221311 8
1781171074142 0.004161558639025315 9
1781171074143 0.003805939577287063 10
1781171074145 0.0034064547036541624 11
1781171074146 0.00309578595100902 12
1781171074147 0.0028956558171194047 13
1781171074148 0.0027633680606959387 14
1781171074149 0.0026233458874048666 15
1781171074151 0.002551937873358838 16
1781171074152 0.002538786700752098 17
1781171074153 0.002437714696570765 18
1781171074154 0.002333569272886962 19
1781171074155 0.0022358127342886292 20
1781171074156 0.002246350600908045 21
1781171074157 0.002156527363404166 22
1781171074159 0.0022113324771635234 23
1781171074160 0.002069994269113522 24
1781171074161 0.002093111994327046 25
1781171074162 0.0020387952460441737 26
1781171074163 0.0020112212977255696 27
1781171074165 0.00212169653037563 28
1781171074166 0.0020053829552489333 29
1781171074167 0.0019678908883361147 30
1781171074168 0.0019909644350991585 31
1781171074169 0.0019402268689009362 32
1781171074170 0.0019244880741462111 33
1781171074172 0.0020371709253231528 34
1781171074173 0.0019443518095067702 35
1781171074174 0.0018603496291325428 36
1781171074175 0.001831151782826055 37
1781171074176 0.0018067990901181475 38
1781171074177 0.0017990494027617387 39
1781171074179 0.0018291535536991432 40
1781171074180 0.001801745091797784 41
1781171074181 0.0017756450234446674 42
1781171074182 0.0017615991135244257 43
1781171074183 0.0017344933112326544 44
1781171074184 0.0017295965840457938 45
1781171074186 0.0017192356956365984 46
1781171074187 0.0017134950918261892 47
1781171074188 0.001708129967446439 48
1781171074189 0.0016970813494117465 49
1781171074190 0.0016691922322206664 50
1781171074191 0.0016659708971565124 51
1781171074192 0.0016710854560369626 52
1781171074194 0.0017108248075237498 53
1781171074195 0.0016618200938683003 54
1781171074196 0.0016697540016321 55
1781171074197 0.0016337564529385418 56
1781171074198 0.0016497593889653217 57
1781171074199 0.0016474681155523286 58
1781171074200 0.0016466803311777766 59
1781171074202 0.0016599407806643285 60
1781171074203 0.0016435308626387268 61
1781171074204 0.0016417586017632858 62
1781171074205 0.001621214520855574 63
