1781171074278 0.12129794819280505 1
1781171074280 0.042157973693683744 2
1781171074281 0.02028534447774291 3
1781171074282 0.012480012546293438 4
1781171074283 0.008773341197520495 5
1781171074284 0.0067695126426406205 6
1781171074285 0.005712570819305256 7
1781171074287 0.0046097011072561145 8
1781171074288 0.004062930623767898 9
1781171074289 0.0037062663666438313 10
1781171074290 0.00329296707524918 11
1781171074291 0.002979858584003523 12
1781171074292 0.00277011412254069 13
1781171074294 0.0026264548511244355 14
1781171074295 0.0024897227954352274 15
1781171074296 0.0024114772136090324 16
1781171074297 0.0023969945684075354 17
1781171074298 0.002283847561047878 18
1781171074299 0.002181096778949723 19
1781171074300 0.002074083592160605 20
1781171074302 0.0020805850074975753 21
1781171074303 0.0019804516129079274 22
1781171074304 0.00203675813798327 23
1781171074305 0.0018921999059966766 24
1781171074306 0.0019203198328614235 25
1781171074307 0.0018681823747465386 26
1781171074308 0.0018258308265649249 27
1781171074310 0.0019224780623335392 28
1781171074311 0.0018231595966790336 29
1781171074312 0.0017642305017216131 30
1781171074313 0.001802959249325795 31
1781171074314 0.0017376416546176188 32
1781171074315 0.0017185915559821297 33
1781171074316 0.0018189802816777957 34
1781171074318 0.001720687888591783 35
1781171074319 0.001639251693559345 36
1781171074320 0.0016071396943880246 37
1781171074321 0.0015815283566189464 38
1781171074322 0.0015704254624142777 39
1781171074323 0.0015878039409290068 40
1781171074325 0.0015487177358590998 41
1781171074326 0.0015452643763273954 42
1781171074327 0.0015189059311524033 43
1781171074328 0.0014955151188769378 44
1781171074329 0.0014935866919404362 45
1781171074330 0.0014868757838848979 46
1781171074331 0.0014734059962211176 47
1781171074333 0.0014706460649904329 48
1781171074334 0.0014571648291894234 49
1781171074335 0.0014339904792723245 50
1781171074336 0.001439309429115383 51
1781171074338 0.0014403602189850062 52
1781171074339 0.0014350453852239298 53
1781171074340 0.0014101701662002598 54
1781171074341 0.0014290935540338977 55
1781171074342 0.0013945890331524425 56
1781171074343 0.0014145903913595247 57
1781171074344 0.0014111446265451376 58
1781171074346 0.0014092916855588556 59
1781171074347 0.0014136256535130086 60
1781171074348 0.0013983864345937036 61
1781171074349 0.0013952840633282904 62
1781171074350 0.001380821684069815 63
