1780314166428 0.22075413309037686 1
1780314166431 0.11360012765973806 2
1780314166434 0.047446136036887764 3
1780314166436 0.025909376684576272 4
1780314166438 0.01668047881219536 5
1780314166441 0.01187616258393973 6
1780314166443 0.0091140576871112 7
1780314166445 0.007174577449914068 8
1780314166447 0.005875290725380182 9
1780314166450 0.004937498425133527 10
1780314166453 0.004324365954380483 11
1780314166455 0.0038310003746300936 12
1780314166457 0.003477082373574376 13
1780314166459 0.0031764847389422358 14
1780314166462 0.0028862129076151176 15
1780314166464 0.0026759593695169313 16
1780314166466 0.002507904008962214 17
1780314166468 0.0023633178597083316 18
1780314166470 0.0022495985054410994 19
1780314166473 0.002171324792143423 20
1780314166475 0.002103473517927341 21
1780314166477 0.002026580201345496 22
1780314166480 0.001967269186861813 23
1780314166482 0.001861309345404152 24
1780314166484 0.0018119254923658445 25
1780314166486 0.0018579388345824554 26
1780314166488 0.0017199410600005649 27
1780314166491 0.0016916728166688699 28
1780314166493 0.0016356524513685144 29
1780314166495 0.0016154344256210608 30
1780314166497 0.0016126701852772385 31
1780314166500 0.0015540442572091707 32
1780314166502 0.0015256396267795936 33
1780314166504 0.0015204785208334216 34
1780314166506 0.0015266985728521832 35
1780314166508 0.0014504276558000128 36
1780314166511 0.0014257328504754696 37
1780314166513 0.0014452199001971167 38
1780314166515 0.001445721425843658 39
1780314166517 0.0014031744987005367 40
1780314166520 0.0013513654569396749 41
1780314166522 0.0013287944935291307 42
1780314166524 0.0013323300585034302 43
1780314166526 0.001346396053704666 44
1780314166529 0.0013680182811367557 45
1780314166531 0.0013401080116454977 46
1780314166533 0.0013390070330933667 47
1780314166535 0.001284575641984702 48
1780314166538 0.001249390938828583 49
1780314166540 0.0012585780029621674 50
1780314166542 0.001263175608619349 51
1780314166544 0.0012540554589941166 52
1780314166546 0.0011946803741011535 53
1780314166549 0.0011455780562391737 54
1780314166551 0.0011248225925373845 55
1780314166553 0.0011165552798775024 56
1780314166555 0.001108986863400787 57
1780314166558 0.0011088733844371746 58
1780314166560 0.0011053577358688927 59
1780314166562 0.0011002183124946897 60
1780314166564 0.0010934445693419547 61
1780314166567 0.0010963161316612968 62
1780314166569 0.0010837169606384123 63
1780314166571 0.0010616265569842653 64
1780314166573 0.001054149821138708 65
1780314166575 0.00105128570474335 66
1780314166578 0.001046044591566897 67
1780314166580 0.0010426475592248607 68
1780314166582 0.0010405577280471333 69
1780314166584 0.0010411813336395426 70
1780314166586 0.0010377060718747089 71
1780314166589 0.0010365373281092617 72
1780314166591 0.0010270920845505316 73
1780314166593 0.0010183910246996674 74
1780314166595 0.0010162012540968135 75
1780314166598 0.0010142835388978711 76
1780314166600 0.0010102200222172541 77
1780314166602 0.0010096956161578419 78
1780314166604 0.0010056877945316955 79
1780314166607 0.0010070667161198798 80
1780314166609 0.0010058517282595858 81
1780314166611 0.0010032361775665778 82
1780314166613 0.0009980524442653404 83
1780314166615 0.0009967389798839577 84
1780314166618 0.0009951155493763508 85
1780314166620 0.0009927939755289116 86
1780314166623 0.0009933308522158768 87
