1780318599822 0.1619048149511218 1
1780318599825 0.07077035125344992 2
1780318599827 0.03700745055451989 3
1780318599830 0.022623639707453548 4
1780318599833 0.0158676019590348 5
1780318599835 0.012361527280882 6
1780318599838 0.010221053403802216 7
1780318599840 0.008806971695739775 8
1780318599842 0.007918552160263062 9
1780318599845 0.007069252576911822 10
1780318599847 0.006697935017291457 11
1780318599849 0.0061367764777969565 12
1780318599851 0.00590693685808219 13
1780318599854 0.005714506964432075 14
1780318599856 0.0055113659141352404 15
1780318599859 0.005243680666317232 16
1780318599861 0.005110639974591322 17
1780318599864 0.004950441976543516 18
1780318599866 0.004773288582218811 19
1780318599868 0.004788858967367559 20
1780318599871 0.004721203358494677 21
1780318599873 0.004607968662166968 22
1780318599876 0.00460160704300506 23
1780318599878 0.0044384087552316485 24
1780318599881 0.004395771940471605 25
1780318599883 0.004430035957484506 26
1780318599886 0.0043666616175323724 27
1780318599888 0.004316862086998299 28
1780318599890 0.004394020404142793 29
1780318599893 0.004197017865662928 30
1780318599895 0.004214459247596097 31
1780318599898 0.004242426287091803 32
1780318599900 0.004196261413162574 33
1780318599903 0.004130896716378629 34
1780318599905 0.004113665777549613 35
1780318599908 0.004244988789432682 36
1780318599910 0.0041411027000867765 37
1780318599912 0.004112984765379224 38
1780318599915 0.00419450738147134 39
1780318599917 0.004075174368626904 40
1780318599920 0.004063736131356564 41
1780318599922 0.00411351317045046 42
1780318599924 0.004095616987033281 43
1780318599926 0.004139363104186487 44
1780318599928 0.00405107503029285 45
1780318599930 0.004007851036149077 46
1780318599933 0.004029240182135254 47
1780318599935 0.004012543294520583 48
1780318599937 0.004040204040938989 49
1780318599939 0.004050195641466417 50
1780318599942 0.00395224417821737 51
1780318599944 0.0039802732458338146 52
1780318599946 0.004066565500979777 53
1780318599949 0.00401151802885579 54
1780318599951 0.004028589450172149 55
1780318599954 0.003941409787221346 56
1780318599956 0.0039503578055882825 57
1780318599958 0.003988883220299613 58
1780318599961 0.003956821773026604 59
1780318599963 0.0039264773391187195 60
1780318599965 0.003917941786930897 61
1780318599968 0.003950003890204243 62
1780318599970 0.003938090071023907 63
1780318599972 0.00397722862981027 64
1780318599974 0.003947724408644718 65
1780318599977 0.003935532675532158 66
1780318599979 0.003978358218737412 67
1780318599982 0.003933822600229178 68
1780318599984 0.003952163161011412 69
1780318599987 0.0039048882297356615 70
1780318599989 0.003910678161482792 71
1780318599992 0.0039133435770054344 72
1780318599994 0.0038823030272033066 73
1780318599996 0.0038803627784363926 74
1780318599999 0.003912025556783192 75
1780318600001 0.003876707437739242 76
1780318600004 0.0038913575289188885 77
1780318600006 0.003884410659375135 78
1780318600009 0.0039007113649859094 79
1780318600011 0.0038946393041987904 80
1780318600014 0.003910785465559456 81
1780318600016 0.003885491288092453 82
1780318600018 0.003895393656566739 83
1780318600021 0.0038582811420201325 84
1780318600023 0.003874307035293896 85
1780318600026 0.003841043588181492 86
1780318600029 0.0038725931025692262 87
1780318600031 0.003888918872107752 88
1780318600034 0.0038786842438275925 89
1780318600036 0.0038771754637127744 90
1780318600039 0.0038621533568948506 91
1780318600041 0.0038498456618981437 92
1780318600043 0.0038835309649584817 93
1780318600046 0.003842703097325284 94
1780318600048 0.0038296886323951184 95
1780318600051 0.003853857980866451 96
1780318600053 0.003858415783033706 97
1780318600056 0.0038539169865543952 98
1780318600058 0.003832858960668091 99
1780318600061 0.003870232725457754 100
1780318600063 0.003856394108152017 101
1780318600065 0.0038522566345636734 102
1780318600068 0.003860248434939422 103
1780318600070 0.0038437743135727944 104
1780318600073 0.0038497693702811376 105
1780318600075 0.003839365483727306 106
1780318600078 0.0038585170640726574 107
1780318600080 0.003848554616270121 108
1780318600083 0.003839737742964644 109
1780318600085 0.0038680584507528692 110
1780318600087 0.0038464830635348336 111
1780318600090 0.0038611253423732703 112
1780318600092 0.0038404490271932447 113
1780318600095 0.003826716923795175 114
1780318600097 0.003838444475259166 115
1780318600099 0.003844600155716762 116
1780318600102 0.00382658133195946 117
1780318600104 0.003842156999744475 118
1780318600106 0.0038276866541127673 119
