1782547683319 0.0 1
1782547683320 0.0 2
1782547683321 0.0 3
1782547683322 0.0 4
1782547683323 0.0 5
1782547683324 0.0 6
1782547683325 0.0 7
1782547683326 0.0 8
1782547683327 0.0 9
1782547683328 0.0 10
1782547683329 0.0 11
1782547683330 0.0 12
1782547683332 0.0 13
1782547683333 0.0 14
1782547683334 0.0 15
1782547683335 0.0 16
1782547683336 0.0 17
1782547683337 0.0 18
1782547683338 0.0 19
1782547683339 0.0 20
1782547683340 0.0 21
1782547683341 0.0 22
1782547683342 0.0 23
1782547683343 0.0 24
1782547683344 0.0 25
1782547683345 0.0 26
1782547683346 0.0 27
1782547683347 0.0 28
1782547683348 0.0 29
1782547683349 0.0 30
1782547683350 0.0 31
1782547683351 0.0 32
1782547683352 0.0 33
1782547683353 0.0 34
1782547683354 0.0 35
1782547683355 0.0 36
1782547683356 0.0 37
1782547683357 0.0 38
1782547683358 0.0 39
1782547683359 0.0 40
1782547683360 0.0 41
1782547683361 0.0 42
1782547683362 0.0 43
1782547683363 0.0 44
1782547683365 0.0 45
1782547683366 0.0 46
1782547683367 0.0 47
1782547683368 0.0 48
1782547683369 0.0 49
1782547683370 0.0 50
1782547683371 0.0 51
1782547683372 0.0 52
1782547683373 0.0 53
1782547683374 0.0 54
1782547683375 0.0 55
1782547683376 0.0 56
1782547683377 0.0 57
1782547683378 0.0 58
1782547683379 0.0 59
1782547683380 0.0 60
1782547683381 0.0 61
1782547683382 0.0 62
1782547683383 0.0 63
1782547683384 0.0 64
1782547683385 0.0 65
1782547683386 0.0 66
1782547683387 0.0 67
1782547683388 0.0 68
1782547683389 0.0 69
1782547683390 0.0 70
1782547683391 0.0 71
1782547683393 0.0 72
1782547683394 0.0 73
1782547683395 0.0 74
1782547683396 0.0 75
1782547683397 0.0 76
1782547683398 0.0 77
1782547683399 0.0 78
1782547683400 0.0 79
1782547683401 0.0 80
