1782547683069 0.17353309854865073 1
1782547683070 0.07319162063300609 2
1782547683071 0.03357030087150634 3
1782547683073 0.017607401539571584 4
1782547683074 0.011145745157264172 5
1782547683075 0.007842619598377495 6
1782547683076 0.005911834477446973 7
1782547683077 0.004725607836153358 8
1782547683078 0.003968330821953714 9
1782547683079 0.003402275840053335 10
1782547683080 0.0029110645223408937 11
1782547683081 0.002602559490478598 12
1782547683082 0.0023318942595506086 13
1782547683083 0.00211204509367235 14
1782547683084 0.0019036605936707928 15
1782547683085 0.0017321903380798176 16
1782547683086 0.0016545362837496213 17
1782547683087 0.0015012786292936653 18
1782547683088 0.001436719220073428 19
1782547683089 0.0013760965605615638 20
1782547683090 0.001328480038791895 21
1782547683091 0.0012950664799427614 22
1782547683092 0.0013291767711052672 23
1782547683093 0.0011992688302416355 24
1782547683094 0.0011117463614209555 25
1782547683095 0.001049149169557495 26
1782547683096 0.0010264884268690365 27
1782547683098 0.0010076481649593915 28
1782547683099 0.0009726203122409061 29
1782547683100 0.0009885384190420155 30
1782547683101 0.0009650290365971159 31
1782547683102 0.0009288981092686299 32
1782547683103 0.0008953625541471411 33
1782547683104 0.0008834288458456286 34
1782547683105 0.0008298729582747911 35
1782547683106 0.000873799609253183 36
1782547683107 0.0008455957678961568 37
1782547683108 0.0008423286632751114 38
1782547683109 0.000796433265786618 39
1782547683110 0.0007489700058067683 40
1782547683111 0.0007339759707974735 41
1782547683112 0.0007163390121422708 42
1782547683113 0.0007520994515653001 43
1782547683114 0.0007207964374538278 44
1782547683115 0.0006893109958764399 45
1782547683116 0.0006708381004136754 46
1782547683117 0.0006629606242495356 47
1782547683118 0.0006342292064073263 48
1782547683119 0.0005890517860098044 49
1782547683120 0.0005750608145899605 50
1782547683121 0.0005647538919583894 51
1782547683122 0.0005594482275773771 52
1782547683123 0.0005552227466250769 53
1782547683125 0.0005504943633422954 54
1782547683126 0.0005503589804720832 55
1782547683127 0.0005557499612768879 56
1782547683128 0.0005608250185468932 57
1782547683129 0.0005467582670826232 58
1782547683130 0.0005223944311001105 59
1782547683131 0.0005156738412915729 60
1782547683132 0.0005100864569976693 61
1782547683133 0.0005063268803860411 62
1782547683134 0.000503546209220076 63
1782547683135 0.0005003930366365239 64
1782547683136 0.0004949828871758655 65
1782547683137 0.0004920152327758842 66
1782547683138 0.000490241608422366 67
1782547683139 0.0004883507574777468 68
1782547683140 0.00048661427110346266 69
1782547683141 0.00048455257070600054 70
1782547683142 0.00048305993495887376 71
1782547683143 0.00047999275717302225 72
1782547683144 0.00047829358612943906 73
1782547683145 0.00047722506387799514 74
1782547683146 0.0004761131499981275 75
1782547683147 0.00047497471136011884 76
1782547683148 0.000473856132121 77
1782547683149 0.0004728008401070838 78
1782547683150 0.00047120145856752063 79
1782547683151 0.00047038028904353266 80
