1782547683236 0.0 1
1782547683237 0.0 2
1782547683238 0.0 3
1782547683239 0.0 4
1782547683240 0.0 5
1782547683241 0.0 6
1782547683243 0.0 7
1782547683244 0.0 8
1782547683245 0.0 9
1782547683246 0.0 10
1782547683247 0.0 11
1782547683248 0.0 12
1782547683249 0.0 13
1782547683250 0.0 14
1782547683251 0.0 15
1782547683252 0.0 16
1782547683253 0.0 17
1782547683254 0.0 18
1782547683255 0.0 19
1782547683256 0.0 20
1782547683257 0.0 21
1782547683258 0.0 22
1782547683259 0.0 23
1782547683260 0.0 24
1782547683261 0.0 25
1782547683262 0.0 26
1782547683263 0.0 27
1782547683264 0.0 28
1782547683265 0.0 29
1782547683266 0.0 30
1782547683267 0.0 31
1782547683268 0.0 32
1782547683269 0.0 33
1782547683270 0.0 34
1782547683271 0.0 35
1782547683272 0.0 36
1782547683273 0.0 37
1782547683274 0.0 38
1782547683275 0.0 39
1782547683277 0.0 40
1782547683278 0.0 41
1782547683279 0.0 42
1782547683280 0.0 43
1782547683281 0.0 44
1782547683282 0.0 45
1782547683283 0.0 46
1782547683284 0.0 47
1782547683285 0.0 48
1782547683286 0.0 49
1782547683287 0.0 50
1782547683288 0.0 51
1782547683289 0.0 52
1782547683290 0.0 53
1782547683291 0.0 54
1782547683292 0.0 55
1782547683293 0.0 56
1782547683294 0.0 57
1782547683295 0.0 58
1782547683296 0.0 59
1782547683297 0.0 60
1782547683298 0.0 61
1782547683299 0.0 62
1782547683300 0.0 63
1782547683301 0.0 64
1782547683302 0.0 65
1782547683303 0.0 66
1782547683304 0.0 67
1782547683305 0.0 68
1782547683307 0.0 69
1782547683308 0.0 70
1782547683309 0.0 71
1782547683310 0.0 72
1782547683311 0.0 73
1782547683312 0.0 74
1782547683313 0.0 75
1782547683314 0.0 76
1782547683315 0.0 77
1782547683316 0.0 78
1782547683317 0.0 79
1782547683318 0.0 80
