1785316903227 0.06609568633915236 1
1785316903229 0.00700905887739888 2
1785316903231 0.004139364691218362 3
1785316903232 0.003365513497556094 4
1785316903234 0.0029588218038649455 5
1785316903236 0.0026455796927621123 6
1785316903238 0.0022850886343803722 7
1785316903239 0.0020767949122576586 8
1785316903241 0.0018959429911774351 9
1785316903243 0.0017967141452875997 10
1785316903244 0.0017727365828856514 11
1785316903246 0.0016066518010726819 12
1785316903248 0.0016329682381183374 13
1785316903249 0.0015473856486399502 14
1785316903251 0.0015476858415543878 15
1785316903252 0.0014829939251891726 16
1785316903254 0.0014457054152444472 17
1785316903256 0.0014337516253969322 18
1785316903257 0.0014432152318477165 19
1785316903259 0.0014832154406273427 20
1785316903261 0.0014204366290262746 21
1785316903262 0.0013523768405017714 22
1785316903264 0.001279064822786798 23
1785316903266 0.0012480295190471224 24
1785316903267 0.0012411822414530131 25
1785316903269 0.0012691352904463807 26
1785316903271 0.0012642511635931441 27
1785316903272 0.0012576629011164186 28
1785316903274 0.0012252281357480873 29
1785316903275 0.0011852045060853319 30
1785316903277 0.0011417176593871167 31
1785316903279 0.0011179722304101838 32
1785316903280 0.0012295457962560854 33
1785316903282 0.001203852526123228 34
1785316903284 0.0011629570348911026 35
1785316903285 0.001111561005927797 36
1785316903287 0.001131251962457706 37
1785316903289 0.0011487609096244948 38
1785316903290 0.0011040258696690822 39
1785316903292 0.00106806192300913 40
