1785326403395 15.373189926147461 1
1785326403844 14.67884349822998 2
1785326404317 14.071502685546875 3
1785326406146 13.564933776855469 4
1785326409904 13.30783462524414 5
1785326413951 13.130016326904297 6
1785326417169 12.929500579833984 7
1785326417644 12.846176147460938 8
1785326418108 12.45357894897461 9
1785326418644 12.3446683883667 10
1785326419131 12.141195297241211 11
1785326419567 12.006448745727539 12
1785326420017 11.98386287689209 13
1785326420553 11.845551490783691 14
1785326421054 11.721098899841309 15
1785326421586 11.66952133178711 16
1785326422671 11.453166007995605 17
1785326426519 11.303388595581055 18
1785326430835 11.30174446105957 19
1785326434398 11.159966468811035 20
1785326434954 11.05929946899414 21
1785326435566 10.96753978729248 22
1785326436080 10.947162628173828 23
1785326436878 10.847837448120117 24
1785326437423 10.765918731689453 25
1785326438063 10.721071243286133 26
1785326438691 10.61960220336914 27
1785326439214 10.42214584350586 28
1785326442448 10.388267517089844 29
1785326446218 10.325294494628906 30
1785326449488 10.264824867248535 31
1785326452003 10.185379981994629 32
1785326452827 10.062612533569336 33
1785326453584 9.98588752746582 34
1785326454340 9.890005111694336 35
1785326455271 9.758806228637695 36
1785326456060 9.729076385498047 37
1785326457907 9.660163879394531 38
1785326461695 9.59821605682373 39
1785326465464 9.542217254638672 40
1785326469095 9.474573135375977 41
1785326469891 9.438760757446289 42
1785326470751 9.370965957641602 43
1785326471541 9.304136276245117 44
1785326472395 9.184331893920898 45
1785326473375 9.144525527954102 46
1785326475432 9.081266403198242 47
1785326479587 9.045018196105957 48
1785326483432 8.994390487670898 49
1785326486569 8.946648597717285 50
1785326487457 8.914056777954102 51
1785326488319 8.767619132995605 52
1785326489318 8.727144241333008 53
1785326490228 8.676026344299316 54
1785326491241 8.57655143737793 55
1785326495236 8.505123138427734 56
1785326499004 8.48867416381836 57
1785326502836 8.470780372619629 58
1785326504383 8.449747085571289 59
1785326505370 8.305692672729492 60
1785326506353 8.232179641723633 61
1785326507361 8.207246780395508 62
1785326508387 8.157750129699707 63
1785326511776 8.112710952758789 64
1785326515540 8.048664093017578 65
1785326519291 7.9784746170043945 66
1785326521608 7.914562225341797 67
1785326522660 7.887472152709961 68
1785326523694 7.82069206237793 69
1785326524820 7.811327934265137 70
1785326526140 7.729547500610352 71
1785326529957 7.684916019439697 72
1785326533707 7.669443607330322 73
1785326537556 7.606563568115234 74
1785326539196 7.561036109924316 75
1785326540183 7.541839599609375 76
1785326541390 7.47762393951416 77
1785326542532 7.434451103210449 78
1785326544664 7.4074296951293945 79
1785326548644 7.351241111755371 80
1785326552984 7.3383402824401855 81
1785326556047 7.270158767700195 82
1785326557474 7.236016273498535 83
1785326558730 7.2304911613464355 84
1785326559894 7.17637825012207 85
1785326562405 7.118769645690918 86
1785326566383 7.087357997894287 87
1785326570236 7.042198181152344 88
1785326573262 7.019522666931152 89
1785326574517 6.958621025085449 90
1785326575845 6.94187593460083 91
1785326577014 6.865694046020508 92
1785326579018 6.835556507110596 93
1785326582852 6.766854763031006 94
1785326586700 6.705715179443359 95
1785326590362 6.697757720947266 96
1785326591747 6.6340532302856445 97
1785326593299 6.603067874908447 98
1785326594688 6.561722755432129 99
1785326597764 6.494222640991211 100
1785326601577 6.467986106872559 101
1785326605355 6.43759822845459 102
1785326608007 6.371720314025879 103
1785326609323 6.327706336975098 104
1785326610720 6.284185409545898 105
1785326612019 6.241654396057129 106
1785326615408 6.169404983520508 107
1785326619392 6.113668441772461 108
1785326623532 6.074680805206299 109
1785326625734 6.02779483795166 110
1785326627084 5.964718818664551 111
1785326628532 5.953856468200684 112
1785326630160 5.91329288482666 113
1785326634117 5.9016923904418945 114
1785326637981 5.842655181884766 115
1785326641868 5.805211067199707 116
1785326643470 5.744922161102295 117
1785326644868 5.727710723876953 118
1785326646292 5.705839157104492 119
1785326649145 5.669266700744629 120
1785326653424 5.593911647796631 121
1785326657216 5.557381629943848 122
1785326660006 5.508552551269531 123
1785326661395 5.457039833068848 124
1785326662934 5.42464542388916 125
1785326664484 5.385479927062988 126
1785326668573 5.349379539489746 127
1785326672480 5.332615852355957 128
1785326676358 5.279945373535156 129
1785326678448 5.251040458679199 130
1785326680070 5.1866960525512695 131
1785326681574 5.170291423797607 132
1785326685286 5.134182929992676 133
1785326689609 5.1011176109313965 134
1785326693601 5.080042839050293 135
1785326695749 5.071037769317627 136
1785326697368 5.027597427368164 137
1785326698968 4.960624694824219 138
1785326703212 4.898799896240234 139
1785326707167 4.871115684509277 140
1785326711269 4.815253257751465 141
1785326713079 4.763323783874512 142
1785326714765 4.744446754455566 143
1785326717142 4.682864189147949 144
1785326721289 4.640327453613281 145
1785326725477 4.554582118988037 146
1785326728993 4.477466583251953 147
1785326730600 4.377936363220215 148
1785326732403 4.344212532043457 149
1785326734881 4.280797958374023 150
1785326738917 4.15811824798584 151
1785326742900 4.104872703552246 152
1785326746490 4.018138885498047 153
1785326748434 4.008112907409668 154
1785326750104 3.9714407920837402 155
1785326753163 3.8247413635253906 156
1785326757125 3.7906765937805176 157
1785326761893 3.753167152404785 158
1785326764618 3.6368460655212402 159
1785326766401 3.626009464263916 160
1785326768184 3.5209407806396484 161
1785326772076 3.4673092365264893 162
1785326776095 3.3637564182281494 163
1785326780123 3.2721524238586426 164
1785326782235 3.263453960418701 165
1785326783937 3.1518120765686035 166
1785326786280 3.1260833740234375 167
1785326790196 3.101435899734497 168
1785326794694 3.0665903091430664 169
1785326798276 3.027686595916748 170
1785326800174 2.911289691925049 171
1785326801973 2.903130531311035 172
1785326804808 2.81964111328125 173
1785326808701 2.756178379058838 174
1785326812705 2.7304186820983887 175
1785326815973 2.700178623199463 176
1785326817929 2.639552116394043 177
1785326819738 2.5952205657958984 178
1785326823092 2.5687193870544434 179
1785326826992 2.4516501426696777 180
1785326831049 2.392827272415161 181
1785326833678 2.3068695068359375 182
1785326835560 2.2478718757629395 183
1785326837428 2.1546807289123535 184
1785326841364 2.1050875186920166 185
1785326845432 2.080416679382324 186
1785326849521 2.0476717948913574 187
1785326851484 1.9471635818481445 188
1785326853413 1.914726972579956 189
1785326855804 1.8677072525024414 190
1785326859745 1.8042676448822021 191
1785326863573 1.7091681957244873 192
1785326867327 1.6548281908035278 193
1785326869349 1.6437078714370728 194
1785326871285 1.547524333000183 195
1785326874112 1.5211539268493652 196
1785326878084 1.4384099245071411 197
1785326882045 1.3596479892730713 198
1785326885341 1.3255548477172852 199
1785326887301 1.281829595565796 200
1785326889206 1.21956467628479 201
1785326892985 1.1861913204193115 202
1785326896925 1.136459231376648 203
1785326900709 1.0670862197875977 204
1785326903383 1.0260801315307617 205
1785326905339 0.988508939743042 206
1785326908116 0.9677560329437256 207
1785326911993 0.9499949812889099 208
1785326915949 0.9110817313194275 209
1785326919525 0.873284637928009 210
1785326921448 0.849919319152832 211
1785326923550 0.7887521982192993 212
1785326927208 0.7612966299057007 213
1785326931551 0.7321574687957764 214
1785326935964 0.7086095809936523 215
1785326938016 0.6910161972045898 216
1785326940004 0.6371148228645325 217
1785326942465 0.5959864258766174 218
1785326946511 0.5726383924484253 219
1785326950405 0.5417675971984863 220
1785326954416 0.5051513314247131 221
1785326956427 0.4679633378982544 222
1785326958388 0.4547932744026184 223
1785326961989 0.4202331304550171 224
1785326966084 0.3753012418746948 225
1785326970464 0.3537740707397461 226
1785326972758 0.32588985562324524 227
1785326974646 0.2994070053100586 228
1785326977444 0.2697048485279083 229
1785326981369 0.22696614265441895 230
1785326985609 0.20096784830093384 231
1785326988924 0.1840793341398239 232
1785326990842 0.15295562148094177 233
1785326992984 0.1140652596950531 234
1785326996681 0.09038406610488892 235
1785327000705 0.06161748617887497 236
1785327004957 0.026570873335003853 237
1785327007541 0.015444563701748848 238
1785327009618 0.0004691510694101453 239
1785327012645 0.00046256955829449 240
