1785326403399 38.752471923828125 1
1785326403848 25.753746032714844 2
1785326404322 23.707015991210938 3
1785326406166 17.803190231323242 4
1785326409909 15.40999698638916 5
1785326413968 15.338882446289062 6
1785326417173 13.75196647644043 7
1785326417649 13.691880226135254 8
1785326418113 13.510770797729492 9
1785326418649 13.409883499145508 10
1785326419136 10.898469924926758 11
1785326419571 10.713363647460938 12
1785326420022 9.563538551330566 13
1785326420558 9.293495178222656 14
1785326421059 8.8509521484375 15
1785326421591 8.869608879089355 16
1785326422676 8.265609741210938 17
1785326426528 7.662492752075195 18
1785326430840 7.6189727783203125 19
1785326434403 7.0978851318359375 20
1785326434959 7.107503890991211 21
1785326435571 7.1370954513549805 22
1785326436084 6.627591609954834 23
1785326436883 6.550090312957764 24
1785326437428 6.550723075866699 25
1785326438068 6.530137062072754 26
1785326438695 6.5235276222229 27
1785326439219 5.944034576416016 28
1785326442453 5.74056339263916 29
1785326446222 5.583925247192383 30
1785326449493 5.541970252990723 31
1785326452008 5.529796600341797 32
1785326452832 5.520534992218018 33
1785326453589 5.566794395446777 34
1785326454345 5.449713230133057 35
1785326455276 5.376350402832031 36
1785326456065 5.109875679016113 37
1785326457913 4.969677448272705 38
1785326461700 4.913148880004883 39
1785326465468 4.90411376953125 40
1785326469100 4.870456695556641 41
1785326469896 4.751914978027344 42
1785326470756 4.705641746520996 43
1785326471545 4.708775520324707 44
1785326472400 4.711529731750488 45
1785326473379 4.674837112426758 46
1785326475437 4.486264228820801 47
1785326479592 4.290746212005615 48
1785326483437 4.236342906951904 49
1785326486574 4.187356948852539 50
1785326487462 4.1611223220825195 51
1785326488324 4.157744407653809 52
1785326489323 4.136549472808838 53
1785326490233 4.124344825744629 54
1785326491245 4.093993186950684 55
1785326495241 4.0640788078308105 56
1785326499009 4.055213451385498 57
1785326502841 4.056693077087402 58
1785326504388 4.046563625335693 59
1785326505375 4.04884147644043 60
1785326506358 3.8603904247283936 61
1785326507366 3.8302459716796875 62
1785326508392 3.6913137435913086 63
1785326511781 3.701321601867676 64
1785326515545 3.5947890281677246 65
1785326519296 3.5012431144714355 66
1785326521613 3.5016469955444336 67
1785326522665 3.485703706741333 68
1785326523698 3.475332260131836 69
1785326524825 3.393657684326172 70
1785326526144 3.394634246826172 71
1785326529962 3.396094799041748 72
1785326533712 3.3969674110412598 73
1785326537561 3.346513271331787 74
1785326539201 3.341094970703125 75
1785326540188 3.219019889831543 76
1785326541394 3.2170491218566895 77
1785326542536 3.177431583404541 78
1785326544669 3.161954402923584 79
1785326548648 3.1606569290161133 80
1785326552988 3.1377296447753906 81
1785326556052 3.1291418075561523 82
1785326557479 3.094468593597412 83
1785326558735 3.083731174468994 84
1785326559899 3.067838668823242 85
1785326562410 3.068830728530884 86
1785326566387 3.0349321365356445 87
1785326570241 3.030539035797119 88
1785326573267 3.002429485321045 89
1785326574522 2.946896553039551 90
1785326575850 2.935610771179199 91
1785326577019 2.910841703414917 92
1785326579023 2.9082815647125244 93
1785326582857 2.9079437255859375 94
1785326586705 2.8977911472320557 95
1785326590367 2.844766616821289 96
1785326591752 2.841954469680786 97
1785326593304 2.8402371406555176 98
1785326594693 2.8270039558410645 99
1785326597769 2.8198800086975098 100
1785326601582 2.8014068603515625 101
1785326605359 2.7428576946258545 102
1785326608013 2.718475103378296 103
1785326609327 2.7190723419189453 104
1785326610724 2.681236743927002 105
1785326612024 2.6739704608917236 106
1785326615413 2.6724891662597656 107
1785326619397 2.6713037490844727 108
1785326623537 2.6678361892700195 109
1785326625739 2.62669038772583 110
1785326627089 2.6255040168762207 111
1785326628537 2.6184487342834473 112
1785326630165 2.6194355487823486 113
1785326634121 2.6035220623016357 114
1785326637986 2.54878830909729 115
1785326641873 2.5355048179626465 116
1785326643474 2.4914402961730957 117
1785326644872 2.488852024078369 118
1785326646297 2.4741063117980957 119
1785326649149 2.4747629165649414 120
1785326653429 2.4737863540649414 121
1785326657221 2.4695606231689453 122
1785326660011 2.4672470092773438 123
1785326661400 2.445993661880493 124
1785326662938 2.433109760284424 125
1785326664489 2.413130283355713 126
1785326668577 2.405064582824707 127
1785326672484 2.4122962951660156 128
1785326676367 2.407839775085449 129
1785326678453 2.351435661315918 130
1785326680075 2.3470449447631836 131
1785326681579 2.331202983856201 132
1785326685306 2.3294854164123535 133
1785326689614 2.329184055328369 134
1785326693606 2.328951597213745 135
1785326695754 2.3071422576904297 136
1785326697373 2.307950735092163 137
1785326698972 2.3104615211486816 138
1785326703217 2.3091773986816406 139
1785326707172 2.309537649154663 140
1785326711274 2.2628417015075684 141
1785326713084 2.254061698913574 142
1785326714770 2.253248929977417 143
1785326717146 2.2327725887298584 144
1785326721294 2.2308154106140137 145
1785326725481 2.235872507095337 146
1785326728998 2.2358975410461426 147
1785326730605 2.229252576828003 148
1785326732407 2.208169460296631 149
1785326734885 2.1841351985931396 150
1785326738921 2.1451940536499023 151
1785326742905 2.144552230834961 152
1785326746495 2.125340700149536 153
1785326748439 2.085414409637451 154
1785326750109 2.0761260986328125 155
1785326753168 2.0756516456604004 156
1785326757129 2.0642895698547363 157
1785326761898 2.048715114593506 158
1785326764623 2.049042224884033 159
1785326766406 1.9845291376113892 160
1785326768189 1.984739065170288 161
1785326772080 1.979971170425415 162
1785326776101 1.9430700540542603 163
1785326780128 1.9337595701217651 164
1785326782240 1.922210693359375 165
1785326783942 1.9172158241271973 166
1785326786285 1.915726900100708 167
1785326790201 1.8961573839187622 168
1785326794714 1.875838041305542 169
1785326798281 1.8769810199737549 170
1785326800181 1.8735785484313965 171
1785326801978 1.8227362632751465 172
1785326804813 1.8137898445129395 173
1785326808706 1.8062963485717773 174
1785326812710 1.7980550527572632 175
1785326815978 1.7982786893844604 176
1785326817934 1.8004026412963867 177
1785326819743 1.7665162086486816 178
1785326823097 1.765832781791687 179
1785326826997 1.7576428651809692 180
1785326831054 1.7573356628417969 181
1785326833683 1.7250417470932007 182
1785326835565 1.7189772129058838 183
1785326837433 1.702955722808838 184
1785326841369 1.7037632465362549 185
1785326845437 1.6772537231445312 186
1785326849525 1.675482153892517 187
1785326851489 1.6729706525802612 188
1785326853418 1.6762129068374634 189
1785326855809 1.678244948387146 190
1785326859750 1.6782925128936768 191
1785326863578 1.6817618608474731 192
1785326867331 1.6811211109161377 193
1785326869354 1.6602270603179932 194
1785326871290 1.6616071462631226 195
1785326874117 1.6598362922668457 196
1785326878089 1.6244606971740723 197
1785326882050 1.6220903396606445 198
1785326885345 1.618302345275879 199
1785326887306 1.619997501373291 200
1785326889211 1.6186611652374268 201
1785326892989 1.618023157119751 202
1785326896930 1.6177351474761963 203
1785326900714 1.6119312047958374 204
1785326903388 1.612418532371521 205
1785326905344 1.610856294631958 206
1785326908121 1.6113719940185547 207
1785326911998 1.6115520000457764 208
1785326915954 1.603093147277832 209
1785326919530 1.597272515296936 210
1785326921453 1.5906636714935303 211
1785326923555 1.589743971824646 212
1785326927213 1.587886095046997 213
1785326931556 1.5872548818588257 214
1785326935969 1.5860979557037354 215
1785326938020 1.5797401666641235 216
1785326940009 1.5774524211883545 217
1785326942469 1.568084955215454 218
1785326946516 1.546112298965454 219
1785326950410 1.5471289157867432 220
1785326954420 1.5288379192352295 221
1785326956436 1.5125970840454102 222
1785326958392 1.4901292324066162 223
1785326961994 1.3128575086593628 224
1785326966089 1.3010666370391846 225
1785326970469 1.2982815504074097 226
1785326972763 1.2918307781219482 227
1785326974651 1.2600979804992676 228
1785326977449 1.25675630569458 229
1785326981382 1.255155324935913 230
1785326985613 1.1943602561950684 231
1785326988929 1.1361109018325806 232
1785326990847 1.1311523914337158 233
1785326992989 1.023234486579895 234
1785326996686 0.9331386089324951 235
1785327000710 0.9306555986404419 236
1785327004962 0.4981812834739685 237
1785327007545 0.4734739065170288 238
1785327009622 0.0018246752442792058 239
1785327012650 0.0018244350794702768 240
