1785326403388 55.589012145996094 1
1785326403835 54.429283142089844 2
1785326404308 52.25627899169922 3
1785326406138 52.01711654663086 4
1785326409896 51.14810562133789 5
1785326413938 50.525630950927734 6
1785326417159 49.665748596191406 7
1785326417635 48.57218551635742 8
1785326418099 47.177494049072266 9
1785326418635 46.15272521972656 10
1785326419122 44.85748291015625 11
1785326419558 44.023109436035156 12
1785326420008 43.964317321777344 13
1785326420545 42.82480239868164 14
1785326421045 42.629676818847656 15
1785326421577 40.41984558105469 16
1785326422663 38.99127960205078 17
1785326426511 38.72683334350586 18
1785326430827 38.71968078613281 19
1785326434390 36.25285339355469 20
1785326434945 21.248519897460938 21
1785326435557 19.336807250976562 22
1785326436070 19.336483001708984 23
1785326436869 18.28844451904297 24
1785326437414 18.045791625976562 25
1785326438054 18.045516967773438 26
1785326438682 17.892940521240234 27
1785326439206 16.652402877807617 28
1785326442439 16.22919464111328 29
1785326446210 15.76252555847168 30
1785326449479 15.752416610717773 31
1785326451994 11.50022029876709 32
1785326452817 11.153423309326172 33
1785326453575 11.104715347290039 34
1785326454331 10.144645690917969 35
1785326455262 9.952702522277832 36
1785326456051 9.94948959350586 37
1785326457899 8.577465057373047 38
1785326461687 6.090803146362305 39
1785326465455 5.939849376678467 40
1785326469086 5.625032424926758 41
1785326469882 5.35068416595459 42
1785326470742 5.313559532165527 43
1785326471532 5.292069911956787 44
1785326472386 2.880362033843994 45
1785326473366 2.5494234561920166 46
1785326475423 2.5192854404449463 47
1785326479579 2.350104331970215 48
1785326483423 1.937743902206421 49
1785326486560 1.9231209754943848 50
1785326487448 1.433159589767456 51
1785326488311 1.4225738048553467 52
1785326489309 1.329058051109314 53
1785326490219 1.3290578126907349 54
1785326491232 1.2993605136871338 55
1785326495227 1.273707389831543 56
1785326498995 1.2590851783752441 57
1785326502827 1.1258937120437622 58
1785326504374 1.1170097589492798 59
1785326505361 1.1168243885040283 60
1785326506345 0.9688328504562378 61
1785326507352 0.9664362072944641 62
1785326508379 0.9472293853759766 63
1785326511767 0.9471268653869629 64
1785326515531 0.9364832639694214 65
1785326519283 0.9364608526229858 66
1785326521600 0.8989863395690918 67
1785326522651 0.8895501494407654 68
1785326523685 0.8613847494125366 69
1785326524811 0.6867892742156982 70
1785326526131 0.6835113763809204 71
1785326529947 0.6821547150611877 72
1785326533699 0.6787436604499817 73
1785326537547 0.6744479537010193 74
1785326539187 0.6673784255981445 75
1785326540174 0.6649633646011353 76
1785326541381 0.6575368642807007 77
1785326542523 0.6574237942695618 78
1785326544655 0.6168864965438843 79
1785326548635 0.526114821434021 80
1785326552975 0.46728238463401794 81
1785326556038 0.46437495946884155 82
1785326557465 0.46153730154037476 83
1785326558721 0.4011574387550354 84
1785326559885 0.3957737684249878 85
1785326562395 0.3747938573360443 86
1785326566371 0.34802520275115967 87
1785326570227 0.3352842330932617 88
1785326573252 0.3188552260398865 89
1785326574508 0.2792481780052185 90
1785326575836 0.2791401147842407 91
1785326577005 0.23301422595977783 92
1785326579009 0.2281254082918167 93
1785326582843 0.22739571332931519 94
1785326586691 0.22445963323116302 95
1785326590353 0.22271095216274261 96
1785326591739 0.2219611555337906 97
1785326593291 0.22194242477416992 98
1785326594680 0.22194227576255798 99
1785326597755 0.2110157161951065 100
1785326601567 0.21094335615634918 101
1785326605346 0.1889461874961853 102
1785326607999 0.18248285353183746 103
1785326609314 0.17480126023292542 104
1785326610711 0.17480120062828064 105
1785326612010 0.17380264401435852 106
1785326615399 0.1558293104171753 107
1785326619383 0.15071970224380493 108
1785326623524 0.1488097906112671 109
1785326625725 0.14191463589668274 110
1785326627075 0.14109215140342712 111
1785326628523 0.13981595635414124 112
1785326630151 0.1385391652584076 113
1785326634108 0.13775107264518738 114
1785326637972 0.13555018603801727 115
1785326641859 0.13442623615264893 116
1785326643461 0.1344098597764969 117
1785326644859 0.13389664888381958 118
1785326646283 0.13374999165534973 119
1785326649136 0.13070230185985565 120
1785326653416 0.1277683675289154 121
1785326657207 0.12756097316741943 122
1785326659997 0.1207810640335083 123
1785326661386 0.100971519947052 124
1785326662925 0.10067674517631531 125
1785326664476 0.09178182482719421 126
1785326668564 0.0916474461555481 127
1785326672471 0.09156819432973862 128
1785326676349 0.09073108434677124 129
1785326678439 0.08960934728384018 130
1785326680061 0.08919227123260498 131
1785326681566 0.08125021308660507 132
1785326685278 0.08059584349393845 133
1785326689600 0.08041810989379883 134
1785326693592 0.07901205867528915 135
1785326695740 0.07768821716308594 136
1785326697359 0.0769587829709053 137
1785326698959 0.07662654668092728 138
1785326703204 0.0755043476819992 139
1785326707159 0.07504118978977203 140
1785326711260 0.07453735172748566 141
1785326713071 0.07449638843536377 142
1785326714756 0.07280682027339935 143
1785326717131 0.07025954127311707 144
1785326721280 0.07011019438505173 145
1785326725468 0.06979180872440338 146
1785326728984 0.06796827912330627 147
1785326730591 0.06367863714694977 148
1785326732394 0.06349532306194305 149
1785326734872 0.05800259858369827 150
1785326738908 0.05738228186964989 151
1785326742892 0.05666615068912506 152
1785326746482 0.05658060312271118 153
1785326748425 0.052273187786340714 154
1785326750095 0.0488690510392189 155
1785326753155 0.048190534114837646 156
1785326757116 0.04603585600852966 157
1785326761884 0.04365227371454239 158
1785326764609 0.042965807020664215 159
1785326766392 0.042450495064258575 160
1785326768175 0.04240871220827103 161
1785326772066 0.04236605018377304 162
1785326776084 0.0374988429248333 163
1785326780115 0.03747650608420372 164
1785326782226 0.03691449761390686 165
1785326783928 0.03438020497560501 166
1785326786272 0.0340074822306633 167
1785326790187 0.033972449600696564 168
1785326794686 0.0339350625872612 169
1785326798267 0.03319348394870758 170
1785326800163 0.029703816398978233 171
1785326801964 0.02919921651482582 172
1785326804800 0.029123611748218536 173
1785326808692 0.0284411683678627 174
1785326812696 0.028364919126033783 175
1785326815964 0.026116088032722473 176
1785326817920 0.026102107018232346 177
1785326819729 0.025243442505598068 178
1785326823084 0.024957314133644104 179
1785326826984 0.024926288053393364 180
1785326831040 0.024891581386327744 181
1785326833669 0.02437897026538849 182
1785326835551 0.02222718670964241 183
1785326837419 0.019540483132004738 184
1785326841356 0.019517963752150536 185
1785326845424 0.018904294818639755 186
1785326849512 0.018457025289535522 187
1785326851476 0.01844019815325737 188
1785326853404 0.016939599066972733 189
1785326855796 0.016634460538625717 190
1785326859736 0.014876680448651314 191
1785326863564 0.01406051404774189 192
1785326867318 0.011853761970996857 193
1785326869340 0.011717930436134338 194
1785326871276 0.011305907741189003 195
1785326874104 0.011301865801215172 196
1785326878076 0.011282213032245636 197
1785326882036 0.01007530651986599 198
1785326885332 0.009912563487887383 199
1785326887292 0.0072506992146372795 200
1785326889197 0.004991220310330391 201
1785326892976 0.004759974777698517 202
1785326896916 0.003632022999227047 203
1785326900700 0.003591430839151144 204
1785326903374 0.003346269018948078 205
1785326905330 0.0029723423067480326 206
1785326908108 0.002962894272059202 207
1785326911984 0.0029465954285115004 208
1785326915940 0.0021777986548841 209
1785326919515 0.0021742272656410933 210
1785326921439 0.0021736426278948784 211
1785326923541 0.0019220971735194325 212
1785326927200 0.0019198708469048142 213
1785326931543 0.0019047479145228863 214
1785326935956 0.0018938803113996983 215
1785326938007 0.001596392598003149 216
1785326939995 0.0015897888224571943 217
1785326942456 0.0015163302887231112 218
1785326946504 0.0012330538593232632 219
1785326950396 0.0012284629046916962 220
1785326954408 0.0011727400124073029 221
1785326956418 0.0011304491199553013 222
1785326958379 0.001000669552013278 223
1785326961980 0.0009979233145713806 224
1785326966075 0.0007990753510966897 225
1785326970456 0.0005769738927483559 226
1785326972749 0.0004590894968714565 227
1785326974638 0.00042664335342124104 228
1785326977436 0.0004256049869582057 229
1785326981360 0.000319129612762481 230
1785326985600 8.067811722867191e-05 231
1785326988915 7.624430872965604e-05 232
1785326990833 1.5061676094774157e-05 233
1785326992975 1.4962832210585475e-05 234
1785326996672 1.4961014130676631e-05 235
1785327000696 8.466395229334012e-06 236
1785327004948 5.344832061382476e-07 237
1785327007532 2.440161779304617e-07 238
1785327009608 7.607072305404472e-09 239
1785327012636 4.501159001080168e-09 240
