1785326403404 0.9157212972640991 1
1785326403854 0.9160685539245605 2
1785326404328 0.9160685539245605 3
1785326406172 0.9573525786399841 4
1785326409915 0.9585849046707153 5
1785326413974 0.981452465057373 6
1785326417179 0.9825242161750793 7
1785326417655 0.9894609451293945 8
1785326418119 0.9907146692276001 9
1785326418655 0.9918612241744995 10
1785326419142 0.9926828145980835 11
1785326419577 0.9959616661071777 12
1785326420028 0.9960023760795593 13
1785326420564 0.996411919593811 14
1785326421065 0.9966124892234802 15
1785326421597 0.9971349835395813 16
1785326422682 0.9979661107063293 17
1785326426539 0.9981532692909241 18
1785326430846 0.998289942741394 19
1785326434409 0.9982916712760925 20
1785326434965 0.9990670084953308 21
1785326435578 0.9991509318351746 22
1785326436095 0.9991509318351746 23
1785326436888 0.9991970062255859 24
1785326437433 0.999207615852356 25
1785326438074 0.999207615852356 26
1785326438701 0.9992143511772156 27
1785326439225 0.9992688298225403 28
1785326442459 0.9992874264717102 29
1785326446228 0.9993078708648682 30
1785326449499 0.9993083477020264 31
1785326452014 0.9993098974227905 32
1785326452838 0.9994763135910034 33
1785326453595 0.9994773268699646 34
1785326454351 0.9995169639587402 35
1785326455282 0.9995492100715637 36
1785326456071 0.9995522499084473 37
1785326457919 0.9996233582496643 38
1785326461706 0.999627947807312 39
1785326465474 0.9996286034584045 40
1785326469105 0.9996775388717651 41
1785326469902 0.9996787905693054 42
1785326470762 0.9996793270111084 43
1785326471552 0.999679446220398 44
1785326472406 0.9997439980506897 45
1785326473386 0.999773383140564 46
1785326475443 0.9997760653495789 47
1785326479598 0.999791145324707 48
1785326483443 0.9998278021812439 49
1785326486580 0.9998290538787842 50
1785326487468 0.999872624874115 51
1785326488330 0.9998735785484314 52
1785326489329 0.9998818635940552 53
1785326490239 0.9998887181282043 54
1785326491251 0.9998944401741028 55
1785326495247 0.9998997449874878 56
1785326499015 0.999904453754425 57
1785326502847 0.9999047517776489 58
1785326504394 0.9999048113822937 59
1785326505380 0.9999057054519653 60
1785326506364 0.9999138712882996 61
1785326507372 0.9999141097068787 62
1785326508398 0.9999186396598816 63
1785326511787 0.9999186396598816 64
1785326515551 0.9999189972877502 65
1785326519302 0.9999217987060547 66
1785326521619 0.9999220371246338 67
1785326522671 0.9999220967292786 68
1785326523705 0.9999239444732666 69
1785326524831 0.99993896484375 70
1785326526150 0.9999392628669739 71
1785326529968 0.9999440908432007 72
1785326533718 0.9999442100524902 73
1785326537567 0.999944269657135 74
1785326539207 0.999944806098938 75
1785326540194 0.9999457001686096 76
1785326541400 0.9999516010284424 77
1785326542542 0.9999532699584961 78
1785326544675 0.9999545812606812 79
1785326548654 0.9999546408653259 80
1785326552994 0.9999584555625916 81
1785326556058 0.9999587535858154 82
1785326557485 0.9999589920043945 83
1785326558741 0.9999643564224243 84
1785326559905 0.9999648332595825 85
1785326562416 0.9999666810035706 86
1785326566401 0.9999690651893616 87
1785326570247 0.9999701976776123 88
1785326573273 0.9999716877937317 89
1785326574528 0.9999752044677734 90
1785326575856 0.9999752044677734 91
1785326577025 0.9999793171882629 92
1785326579029 0.9999797344207764 93
1785326582863 0.9999797940254211 94
1785326586711 0.9999800324440002 95
1785326590372 0.9999802112579346 96
1785326591758 0.9999802708625793 97
1785326593310 0.9999802708625793 98
1785326594699 0.9999802708625793 99
1785326597775 0.9999812245368958 100
1785326601587 0.9999812245368958 101
1785326605365 0.9999831914901733 102
1785326608019 0.9999837875366211 103
1785326609333 0.9999844431877136 104
1785326610730 0.9999844431877136 105
1785326612030 0.9999845623970032 106
1785326615419 0.9999861717224121 107
1785326619403 0.9999865889549255 108
1785326623543 0.9999867677688599 109
1785326625744 0.9999873638153076 110
1785326627095 0.9999874830245972 111
1785326628542 0.9999876022338867 112
1785326630171 0.9999876618385315 113
1785326634127 0.999987781047821 114
1785326637992 0.9999879598617554 115
1785326641879 0.9999880790710449 116
1785326643480 0.9999880790710449 117
1785326644878 0.9999880790710449 118
1785326646303 0.9999881386756897 119
1785326649155 0.9999883770942688 120
1785326653435 0.9999886155128479 121
1785326657227 0.9999886751174927 122
1785326660017 0.9999892711639404 123
1785326661405 0.9999909996986389 124
1785326662944 0.9999910593032837 125
1785326664495 0.9999918341636658 126
1785326668583 0.9999918341636658 127
1785326672490 0.9999918341636658 128
1785326676373 0.9999919533729553 129
1785326678459 0.9999920129776001 130
1785326680080 0.9999920725822449 131
1785326681586 0.9999927878379822 132
1785326685312 0.999992847442627 133
1785326689620 0.999992847442627 134
1785326693612 0.9999929666519165 135
1785326695760 0.999993085861206 136
1785326697379 0.9999931454658508 137
1785326698978 0.9999932050704956 138
1785326703223 0.9999932646751404 139
1785326707178 0.9999933242797852 140
1785326711280 0.9999933838844299 141
1785326713090 0.9999933838844299 142
1785326714776 0.9999935626983643 143
1785326717153 0.9999937415122986 144
1785326721300 0.9999938011169434 145
1785326725487 0.9999938011169434 146
1785326729004 0.999994158744812 147
1785326730611 0.9999944567680359 148
1785326732413 0.9999945759773254 149
1785326734891 0.9999948740005493 150
1785326738927 0.9999948740005493 151
1785326742911 0.9999949932098389 152
1785326746509 0.9999949932098389 153
1785326748444 0.9999953508377075 154
1785326750115 0.9999956488609314 155
1785326753174 0.9999957084655762 156
1785326757135 0.9999958872795105 157
1785326761903 0.9999961256980896 158
1785326764629 0.9999961853027344 159
1785326766412 0.9999962449073792 160
1785326768195 0.9999962449073792 161
1785326772087 0.9999962449073792 162
1785326776107 0.9999966621398926 163
1785326780135 0.9999966621398926 164
1785326782246 0.9999967217445374 165
1785326783948 0.9999969601631165 166
1785326786291 0.9999969601631165 167
1785326790207 0.9999969601631165 168
1785326794720 0.9999969601631165 169
1785326798287 0.9999973773956299 170
1785326800191 0.9999976754188538 171
1785326801983 0.9999976754188538 172
1785326804819 0.9999976754188538 173
1785326808712 0.9999976754188538 174
1785326812722 0.9999977946281433 175
1785326815984 0.9999978542327881 176
1785326817940 0.9999978542327881 177
1785326819749 0.9999979138374329 178
1785326823103 0.9999979734420776 179
1785326827003 0.9999979734420776 180
1785326831060 0.9999980330467224 181
1785326833689 0.9999980330467224 182
1785326835571 0.9999980330467224 183
1785326837439 0.9999982714653015 184
1785326841375 0.9999982714653015 185
1785326845443 0.9999983310699463 186
1785326849531 0.9999983310699463 187
1785326851495 0.9999983906745911 188
1785326853424 0.9999985098838806 189
1785326855815 0.9999985098838806 190
1785326859755 0.9999986886978149 191
1785326863584 0.9999987483024597 192
1785326867337 0.999998927116394 193
1785326869360 0.9999989867210388 194
1785326871296 0.9999989867210388 195
1785326874123 0.9999989867210388 196
1785326878095 0.9999989867210388 197
1785326882056 0.9999991059303284 198
1785326885351 0.9999991059303284 199
1785326887312 0.9999993443489075 200
1785326889217 0.9999995827674866 201
1785326892995 0.9999995827674866 202
1785326896936 0.9999997019767761 203
1785326900720 0.9999997019767761 204
1785326903394 0.9999997019767761 205
1785326905350 0.9999997615814209 206
1785326908127 0.9999997615814209 207
1785326912004 0.9999997615814209 208
1785326915960 0.9999998211860657 209
1785326919536 0.9999998211860657 210
1785326921459 0.9999998211860657 211
1785326923561 0.9999998211860657 212
1785326927219 0.9999998211860657 213
1785326931562 0.9999998211860657 214
1785326935975 0.9999998211860657 215
1785326938026 0.9999998807907104 216
1785326940015 0.9999998807907104 217
1785326942476 0.9999998807907104 218
1785326946521 0.9999998807907104 219
1785326950416 0.9999998807907104 220
1785326954426 0.9999998807907104 221
1785326956442 0.9999998807907104 222
1785326958398 0.9999999403953552 223
1785326962000 0.9999999403953552 224
1785326966095 0.9999999403953552 225
1785326970475 0.9999999403953552 226
1785326972769 0.9999999403953552 227
1785326974657 0.9999999403953552 228
1785326977454 0.9999999403953552 229
1785326981388 1.0 230
1785326985619 1.0 231
1785326988935 1.0 232
1785326990853 1.0 233
1785326992995 1.0 234
1785326996692 1.0 235
1785327000715 1.0 236
1785327004968 1.0 237
1785327007551 1.0 238
1785327009628 1.0 239
1785327012656 1.0 240
