1785326403396 6.929394721984863 1
1785326403845 6.071142196655273 2
1785326404318 5.784980297088623 3
1785326406147 5.400378227233887 4
1785326409905 5.201102256774902 5
1785326413952 5.0751776695251465 6
1785326417170 4.896357536315918 7
1785326417645 4.779676914215088 8
1785326418109 4.6787028312683105 9
1785326418645 4.515855312347412 10
1785326419132 4.446111679077148 11
1785326419568 4.376037120819092 12
1785326420018 4.3069305419921875 13
1785326420555 4.2154622077941895 14
1785326421055 4.155570030212402 15
1785326421587 4.072422504425049 16
1785326422673 3.9877445697784424 17
1785326426521 3.9293367862701416 18
1785326430836 3.889871120452881 19
1785326434399 3.8400120735168457 20
1785326434955 3.797590970993042 21
1785326435567 3.7482030391693115 22
1785326436081 3.710700273513794 23
1785326436879 3.659069776535034 24
1785326437424 3.618039846420288 25
1785326438064 3.5819287300109863 26
1785326438692 3.546076774597168 27
1785326439216 3.5099477767944336 28
1785326442450 3.4770421981811523 29
1785326446219 3.4429900646209717 30
1785326449489 3.4078338146209717 31
1785326452004 3.3699111938476562 32
1785326452828 3.34267520904541 33
1785326453586 3.3140783309936523 34
1785326454341 3.284677028656006 35
1785326455272 3.2568023204803467 36
1785326456061 3.228609800338745 37
1785326457909 3.204561471939087 38
1785326461696 3.1601943969726562 39
1785326465465 3.1335647106170654 40
1785326469096 3.1104378700256348 41
1785326469893 3.0861144065856934 42
1785326470752 3.060258626937866 43
1785326471542 3.0325026512145996 44
1785326472396 2.9931280612945557 45
1785326473376 2.96740460395813 46
1785326475433 2.936079502105713 47
1785326479588 2.9157562255859375 48
1785326483433 2.888813018798828 49
1785326486570 2.8706650733947754 50
1785326487458 2.8440897464752197 51
1785326488320 2.8239293098449707 52
1785326489319 2.796581983566284 53
1785326490229 2.7772834300994873 54
1785326491242 2.7534472942352295 55
1785326495237 2.733400583267212 56
1785326499005 2.7125160694122314 57
1785326502837 2.6940269470214844 58
1785326504384 2.674065589904785 59
1785326505371 2.6528396606445312 60
1785326506355 2.63244366645813 61
1785326507362 2.6142287254333496 62
1785326508389 2.594649314880371 63
1785326511777 2.5685811042785645 64
1785326515541 2.548079013824463 65
1785326519292 2.5309290885925293 66
1785326521609 2.510308265686035 67
1785326522661 2.493272066116333 68
1785326523695 2.474179983139038 69
1785326524821 2.453490734100342 70
1785326526141 2.433316230773926 71
1785326529959 2.4179654121398926 72
1785326533709 2.399700880050659 73
1785326537557 2.38326358795166 74
1785326539197 2.3659186363220215 75
1785326540184 2.3494560718536377 76
1785326541391 2.3345816135406494 77
1785326542533 2.3188247680664062 78
1785326544665 2.302516460418701 79
1785326548645 2.2852847576141357 80
1785326552985 2.268425941467285 81
1785326556048 2.2531259059906006 82
1785326557475 2.23708176612854 83
1785326558732 2.2188515663146973 84
1785326559895 2.202636241912842 85
1785326562406 2.186718225479126 86
1785326566384 2.1700377464294434 87
1785326570237 2.1545019149780273 88
1785326573263 2.1386682987213135 89
1785326574518 2.1232337951660156 90
1785326575846 2.108358144760132 91
1785326577015 2.091123104095459 92
1785326579020 2.0776782035827637 93
1785326582853 2.063585042953491 94
1785326586701 2.04901385307312 95
1785326590363 2.0356545448303223 96
1785326591748 2.021043300628662 97
1785326593301 2.0057780742645264 98
1785326594690 1.992919921875 99
1785326597765 1.978649377822876 100
1785326601578 1.964239478111267 101
1785326605356 1.949230432510376 102
1785326608009 1.933384656906128 103
1785326609324 1.9198333024978638 104
1785326610721 1.9019591808319092 105
1785326612021 1.88881516456604 106
1785326615409 1.8721892833709717 107
1785326619394 1.8577170372009277 108
1785326623534 1.8437809944152832 109
1785326625735 1.8299658298492432 110
1785326627085 1.8160550594329834 111
1785326628533 1.801482915878296 112
1785326630161 1.787348985671997 113
1785326634118 1.7737572193145752 114
1785326637982 1.758741021156311 115
1785326641870 1.745617389678955 116
1785326643471 1.732776403427124 117
1785326644869 1.7170183658599854 118
1785326646293 1.7038193941116333 119
1785326649146 1.690661907196045 120
1785326653426 1.6767476797103882 121
1785326657217 1.663210391998291 122
1785326660007 1.6479226350784302 123
1785326661396 1.6343051195144653 124
1785326662935 1.6202750205993652 125
1785326664486 1.6067640781402588 126
1785326668574 1.5929325819015503 127
1785326672481 1.5764095783233643 128
1785326676359 1.564400553703308 129
1785326678449 1.5510525703430176 130
1785326680071 1.5374642610549927 131
1785326681576 1.5236194133758545 132
1785326685287 1.5113731622695923 133
1785326689610 1.4987828731536865 134
1785326693602 1.4860807657241821 135
1785326695750 1.4733893871307373 136
1785326697369 1.4619382619857788 137
1785326698969 1.448079228401184 138
1785326703213 1.4341050386428833 139
1785326707168 1.4207806587219238 140
1785326711270 1.4078963994979858 141
1785326713080 1.3949781656265259 142
1785326714766 1.3812206983566284 143
1785326717143 1.3693091869354248 144
1785326721290 1.3563538789749146 145
1785326725478 1.3446388244628906 146
1785326728995 1.3327736854553223 147
1785326730601 1.318034052848816 148
1785326732404 1.304687738418579 149
1785326734882 1.2921810150146484 150
1785326738918 1.2784327268600464 151
1785326742902 1.2658535242080688 152
1785326746492 1.2508026361465454 153
1785326748435 1.2382969856262207 154
1785326750105 1.2250620126724243 155
1785326753165 1.212722659111023 156
1785326757126 1.1990668773651123 157
1785326761894 1.1861107349395752 158
1785326764620 1.173726201057434 159
1785326766402 1.1620290279388428 160
1785326768186 1.1505459547042847 161
1785326772077 1.137905240058899 162
1785326776096 1.125219464302063 163
1785326780124 1.1115847826004028 164
1785326782236 1.0988143682479858 165
1785326783938 1.0865458250045776 166
1785326786281 1.0743540525436401 167
1785326790197 1.060871958732605 168
1785326794695 1.047939419746399 169
1785326798277 1.0334118604660034 170
1785326800175 1.0191713571548462 171
1785326801974 1.00813627243042 172
1785326804809 0.9952253103256226 173
1785326808702 0.9810952544212341 174
1785326812706 0.9689529538154602 175
1785326815974 0.9549381136894226 176
1785326817930 0.9418423771858215 177
1785326819739 0.9285545945167542 178
1785326823093 0.9150034189224243 179
1785326826994 0.9007702469825745 180
1785326831050 0.8887923359870911 181
1785326833679 0.8749103546142578 182
1785326835561 0.861395001411438 183
1785326837430 0.8464375138282776 184
1785326841365 0.8328589200973511 185
1785326845434 0.8197327852249146 186
1785326849522 0.8082079291343689 187
1785326851486 0.7946265935897827 188
1785326853414 0.7816519141197205 189
1785326855805 0.7687286138534546 190
1785326859746 0.7509801387786865 191
1785326863574 0.7358033657073975 192
1785326867328 0.7211756110191345 193
1785326869350 0.708561897277832 194
1785326871287 0.6910563111305237 195
1785326874113 0.6755659580230713 196
1785326878085 0.6608970761299133 197
1785326882046 0.6441910862922668 198
1785326885342 0.6308338642120361 199
1785326887302 0.6143195033073425 200
1785326889207 0.5958144068717957 201
1785326892986 0.5804533362388611 202
1785326896926 0.5640439391136169 203
1785326900710 0.550158679485321 204
1785326903384 0.536950409412384 205
1785326905341 0.5232785940170288 206
1785326908118 0.5084182620048523 207
1785326911995 0.4956960082054138 208
1785326915950 0.4795669615268707 209
1785326919526 0.46576157212257385 210
1785326921450 0.45072275400161743 211
1785326923552 0.4364233613014221 212
1785326927210 0.421150267124176 213
1785326931553 0.40733832120895386 214
1785326935966 0.3918863534927368 215
1785326938017 0.3775378465652466 216
1785326940005 0.36218565702438354 217
1785326942466 0.3467444181442261 218
1785326946512 0.3301202952861786 219
1785326950406 0.31345686316490173 220
1785326954417 0.29685178399086 221
1785326956428 0.27986767888069153 222
1785326958389 0.26428619027137756 223
1785326961990 0.24869219958782196 224
1785326966085 0.22984923422336578 225
1785326970465 0.2155027687549591 226
1785326972759 0.20085228979587555 227
1785326974648 0.18246227502822876 228
1785326977445 0.1623559594154358 229
1785326981370 0.14317356050014496 230
1785326985610 0.12672382593154907 231
1785326988925 0.10965163260698318 232
1785326990843 0.09499794989824295 233
1785326992985 0.07540364563465118 234
1785326996682 0.06171349808573723 235
1785327000706 0.04195909574627876 236
1785327004958 0.015204713679850101 237
1785327007542 0.008817841298878193 238
1785327009619 0.00023882841924205422 239
1785327012646 0.0002385125117143616 240
