1785326403392 10.753274917602539 1
1785326403840 8.39053726196289 2
1785326404313 7.585809707641602 3
1785326406142 6.810600280761719 4
1785326409901 6.162519931793213 5
1785326413944 5.6805338859558105 6
1785326417165 5.279889106750488 7
1785326417640 4.906639575958252 8
1785326418104 4.69425106048584 9
1785326418640 4.444387912750244 10
1785326419127 4.171336650848389 11
1785326419563 3.91377854347229 12
1785326420013 3.669168710708618 13
1785326420550 3.6020894050598145 14
1785326421051 3.4621543884277344 15
1785326421583 3.3389525413513184 16
1785326422668 3.289462089538574 17
1785326426516 3.1796936988830566 18
1785326430832 3.0478334426879883 19
1785326434394 2.9456305503845215 20
1785326434950 2.849799394607544 21
1785326435563 2.7655999660491943 22
1785326436076 2.662367343902588 23
1785326436874 2.589149236679077 24
1785326437419 2.51377010345459 25
1785326438059 2.436002492904663 26
1785326438687 2.373175859451294 27
1785326439211 2.3361949920654297 28
1785326442445 2.269829273223877 29
1785326446214 2.2134687900543213 30
1785326449484 2.2183008193969727 31
1785326451999 2.2258081436157227 32
1785326452822 2.2008919715881348 33
1785326453580 2.165294885635376 34
1785326454336 2.1407980918884277 35
1785326455267 2.1294126510620117 36
1785326456056 2.0935628414154053 37
1785326457904 2.071110248565674 38
1785326461691 2.048280715942383 39
1785326465460 2.032256841659546 40
1785326469091 1.9902446269989014 41
1785326469888 1.9680347442626953 42
1785326470747 1.9563357830047607 43
1785326471537 1.9590294361114502 44
1785326472391 1.9684978723526 45
1785326473371 1.9680370092391968 46
1785326475428 1.9813274145126343 47
1785326479584 1.955291986465454 48
1785326483428 1.952641487121582 49
1785326486565 1.9358510971069336 50
1785326487454 1.9461997747421265 51
1785326488315 1.9300905466079712 52
1785326489314 1.9314841032028198 53
1785326490224 1.9100242853164673 54
1785326491237 1.9052932262420654 55
1785326495232 1.891670823097229 56
1785326499000 1.8880258798599243 57
1785326502833 1.868703007698059 58
1785326504379 1.8639119863510132 59
1785326505366 1.8574341535568237 60
1785326506350 1.8441259860992432 61
1785326507357 1.8274731636047363 62
1785326508384 1.82275390625 63
1785326511772 1.818593978881836 64
1785326515536 1.815167784690857 65
1785326519288 1.8059052228927612 66
1785326521605 1.8054897785186768 67
1785326522656 1.7902954816818237 68
1785326523690 1.7944228649139404 69
1785326524817 1.8029135465621948 70
1785326526136 1.8180921077728271 71
1785326529952 1.8119226694107056 72
1785326533704 1.812859296798706 73
1785326537552 1.810461163520813 74
1785326539192 1.8026318550109863 75
1785326540180 1.7966307401657104 76
1785326541386 1.792771339416504 77
1785326542528 1.7893506288528442 78
1785326544661 1.7930039167404175 79
1785326548640 1.7926064729690552 80
1785326552980 1.789118766784668 81
1785326556043 1.7891217470169067 82
1785326557471 1.784236192703247 83
1785326558727 1.7925227880477905 84
1785326559891 1.794255256652832 85
1785326562401 1.7957619428634644 86
1785326566375 1.799769639968872 87
1785326570232 1.7971283197402954 88
1785326573258 1.799513578414917 89
1785326574513 1.795427680015564 90
1785326575841 1.7967580556869507 91
1785326577011 1.7961395978927612 92
1785326579015 1.7897999286651611 93
1785326582849 1.786037802696228 94
1785326586696 1.788798451423645 95
1785326590358 1.7807903289794922 96
1785326591744 1.7813596725463867 97
1785326593296 1.7811534404754639 98
1785326594685 1.7760000228881836 99
1785326597761 1.771209955215454 100
1785326601573 1.7690846920013428 101
1785326605351 1.768405556678772 102
1785326608004 1.7613781690597534 103
1785326609319 1.7607736587524414 104
1785326610716 1.7596954107284546 105
1785326612016 1.7526334524154663 106
1785326615405 1.750972867012024 107
1785326619389 1.7500851154327393 108
1785326623529 1.7526363134384155 109
1785326625730 1.7534698247909546 110
1785326627080 1.7556906938552856 111
1785326628528 1.7555838823318481 112
1785326630157 1.756908655166626 113
1785326634113 1.757966160774231 114
1785326637977 1.759907603263855 115
1785326641865 1.7562413215637207 116
1785326643466 1.7603660821914673 117
1785326644864 1.761562466621399 118
1785326646288 1.7619115114212036 119
1785326649141 1.7611514329910278 120
1785326653421 1.761070728302002 121
1785326657212 1.7603830099105835 122
1785326660002 1.7577687501907349 123
1785326661391 1.7606736421585083 124
1785326662930 1.7616848945617676 125
1785326664481 1.7626630067825317 126
1785326668569 1.7609729766845703 127
1785326672476 1.7651740312576294 128
1785326676354 1.7613756656646729 129
1785326678444 1.757003903388977 130
1785326680066 1.758333444595337 131
1785326681571 1.7581911087036133 132
1785326685283 1.753124475479126 133
1785326689605 1.7500402927398682 134
1785326693597 1.7462284564971924 135
1785326695745 1.7422963380813599 136
1785326697364 1.7354884147644043 137
1785326698964 1.73473060131073 138
1785326703208 1.7336106300354004 139
1785326707164 1.7325102090835571 140
1785326711265 1.7300156354904175 141
1785326713076 1.7256730794906616 142
1785326714762 1.7249354124069214 143
1785326717136 1.718319058418274 144
1785326721285 1.714747428894043 145
1785326725473 1.7087645530700684 146
1785326728990 1.7034369707107544 147
1785326730596 1.7083094120025635 148
1785326732399 1.7069486379623413 149
1785326734877 1.7017806768417358 150
1785326738913 1.7027374505996704 151
1785326742897 1.6990537643432617 152
1785326746487 1.7014186382293701 153
1785326748430 1.6994726657867432 154
1785326750100 1.6963903903961182 155
1785326753160 1.691457986831665 156
1785326757121 1.6905369758605957 157
1785326761889 1.6872929334640503 158
1785326764615 1.6794768571853638 159
1785326766398 1.6734957695007324 160
1785326768181 1.6653567552566528 161
1785326772072 1.6619411706924438 162
1785326776089 1.657634973526001 163
1785326780120 1.654335618019104 164
1785326782231 1.6503551006317139 165
1785326783933 1.6436882019042969 166
1785326786277 1.632854700088501 167
1785326790192 1.6290127038955688 168
1785326794691 1.6222858428955078 169
1785326798272 1.6212892532348633 170
1785326800168 1.6184742450714111 171
1785326801969 1.6057507991790771 172
1785326804804 1.5982592105865479 173
1785326808697 1.5952973365783691 174
1785326812701 1.5872554779052734 175
1785326815969 1.5813392400741577 176
1785326817926 1.5761765241622925 177
1785326819735 1.5686750411987305 178
1785326823089 1.5636483430862427 179
1785326826989 1.558724045753479 180
1785326831045 1.5494683980941772 181
1785326833674 1.5445863008499146 182
1785326835556 1.5361448526382446 183
1785326837425 1.531898856163025 184
1785326841360 1.5247228145599365 185
1785326845429 1.515238642692566 186
1785326849517 1.5015687942504883 187
1785326851481 1.492975115776062 188
1785326853409 1.4829713106155396 189
1785326855801 1.4706244468688965 190
1785326859741 1.4657460451126099 191
1785326863569 1.458616852760315 192
1785326867323 1.4484050273895264 193
1785326869345 1.4346659183502197 194
1785326871282 1.430745244026184 195
1785326874109 1.4227454662322998 196
1785326878081 1.4132524728775024 197
1785326882041 1.4067096710205078 198
1785326885337 1.3930110931396484 199
1785326887297 1.3831586837768555 200
1785326889202 1.3781471252441406 201
1785326892981 1.3654897212982178 202
1785326896921 1.3556429147720337 203
1785326900705 1.34038245677948 204
1785326903379 1.3235772848129272 205
1785326905336 1.3088408708572388 206
1785326908113 1.2942967414855957 207
1785326911990 1.2749748229980469 208
1785326915945 1.2605136632919312 209
1785326919521 1.2416889667510986 210
1785326921445 1.2271368503570557 211
1785326923547 1.2092499732971191 212
1785326927205 1.1924911737442017 213
1785326931548 1.172053575515747 214
1785326935961 1.1529353857040405 215
1785326938012 1.1289669275283813 216
1785326940000 1.1105338335037231 217
1785326942461 1.0894858837127686 218
1785326946508 1.068010926246643 219
1785326950401 1.044804334640503 220
1785326954413 1.0212782621383667 221
1785326956423 0.9965423941612244 222
1785326958384 0.9682742953300476 223
1785326961985 0.9376012682914734 224
1785326966080 0.9106327295303345 225
1785326970461 0.8739593625068665 226
1785326972755 0.839192807674408 227
1785326974643 0.8073165416717529 228
1785326977441 0.7717293500900269 229
1785326981365 0.734382688999176 230
1785326985605 0.6898295879364014 231
1785326988920 0.6442572474479675 232
1785326990838 0.5944063067436218 233
1785326992980 0.5438293218612671 234
1785326996677 0.4813292622566223 235
1785327000701 0.4172608554363251 236
1785327004953 0.34133169054985046 237
1785327007537 0.23531711101531982 238
1785327009614 0.0008791892323642969 239
1785327012641 0.0008834123727865517 240
