1785326403393 7.455803871154785 1
1785326403841 7.377620220184326 2
1785326404314 7.228850364685059 3
1785326406143 7.212289333343506 4
1785326409902 7.151790142059326 5
1785326413945 7.108138561248779 6
1785326417166 7.047392845153809 7
1785326417641 6.969374656677246 8
1785326418105 6.868587493896484 9
1785326418642 6.793579578399658 10
1785326419129 6.697572708129883 11
1785326419564 6.63499116897583 12
1785326420015 6.63055944442749 13
1785326420551 6.544066429138184 14
1785326421052 6.529140472412109 15
1785326421584 6.357660293579102 16
1785326422669 6.24429988861084 17
1785326426517 6.22308874130249 18
1785326430833 6.2225141525268555 19
1785326434396 6.021034240722656 20
1785326434952 4.609611511230469 21
1785326435564 4.397363662719727 22
1785326436077 4.397326946258545 23
1785326436875 4.276499271392822 24
1785326437420 4.2480340003967285 25
1785326438061 4.248001575469971 26
1785326438688 4.230004787445068 27
1785326439212 4.080735683441162 28
1785326442446 4.028547286987305 29
1785326446216 3.9702048301696777 30
1785326449486 3.9689314365386963 31
1785326452000 3.391197443008423 32
1785326452823 3.339674234390259 33
1785326453582 3.332373857498169 34
1785326454337 3.185065984725952 35
1785326455269 3.1547904014587402 36
1785326456057 3.1542811393737793 37
1785326457905 2.9287309646606445 38
1785326461693 2.4679553508758545 39
1785326465461 2.437180519104004 40
1785326469092 2.3717150688171387 41
1785326469889 2.313154697418213 42
1785326470748 2.3051159381866455 43
1785326471538 2.300449848175049 44
1785326472392 1.6971629858016968 45
1785326473372 1.596691370010376 46
1785326475430 1.5872256755828857 47
1785326479585 1.5330049991607666 48
1785326483430 1.3920286893844604 49
1785326486566 1.3867663145065308 50
1785326487455 1.1971464157104492 51
1785326488316 1.1927169561386108 52
1785326489315 1.1528477668762207 53
1785326490226 1.1528476476669312 54
1785326491238 1.139894962310791 55
1785326495234 1.1285864114761353 56
1785326499002 1.1220896244049072 57
1785326502834 1.0610814094543457 58
1785326504381 1.0568867921829224 59
1785326505367 1.0567991733551025 60
1785326506351 0.9842930436134338 61
1785326507359 0.9830749034881592 62
1785326508385 0.9732571244239807 63
1785326511773 0.9732044339179993 64
1785326515538 0.967720627784729 65
1785326519289 0.9677090644836426 66
1785326521606 0.9481489062309265 67
1785326522658 0.9431596398353577 68
1785326523691 0.9281081557273865 69
1785326524818 0.8287274837493896 70
1785326526137 0.826747477054596 71
1785326529953 0.8259266018867493 72
1785326533705 0.8238589763641357 73
1785326537554 0.8212478160858154 74
1785326539193 0.8169323205947876 75
1785326540181 0.8154528737068176 76
1785326541387 0.8108864426612854 77
1785326542529 0.810816764831543 78
1785326544662 0.7854211926460266 79
1785326548641 0.7253377437591553 80
1785326552981 0.6835805773735046 81
1785326556044 0.681450605392456 82
1785326557472 0.6793653964996338 83
1785326558728 0.6333699226379395 84
1785326559892 0.6291055083274841 85
1785326562402 0.6122040748596191 86
1785326566376 0.5899366140365601 87
1785326570234 0.5790373086929321 88
1785326573260 0.5646726489067078 89
1785326574515 0.5284394025802612 90
1785326575843 0.5283371210098267 91
1785326577012 0.4827154576778412 92
1785326579016 0.4776247441768646 93
1785326582850 0.47686025500297546 94
1785326586698 0.47377172112464905 95
1785326590359 0.4719226062297821 96
1785326591745 0.47112753987312317 97
1785326593297 0.4711076617240906 98
1785326594686 0.47110751271247864 99
1785326597762 0.45936447381973267 100
1785326601574 0.459285706281662 101
1785326605352 0.43467941880226135 102
1785326608005 0.42718011140823364 103
1785326609320 0.41809239983558655 104
1785326610717 0.4180923402309418 105
1785326612017 0.41689643263816833 106
1785326615406 0.3947522044181824 107
1785326619390 0.38822636008262634 108
1785326623530 0.38575872778892517 109
1785326625731 0.37671560049057007 110
1785326627082 0.37562236189842224 111
1785326628529 0.3739197254180908 112
1785326630158 0.37220850586891174 113
1785326634114 0.37114831805229187 114
1785326637978 0.3681713938713074 115
1785326641866 0.3666418492794037 116
1785326643467 0.3666194975376129 117
1785326644865 0.365918904542923 118
1785326646290 0.36571845412254333 119
1785326649142 0.3615277409553528 120
1785326653422 0.3574470281600952 121
1785326657214 0.35715678334236145 122
1785326660004 0.3475356996059418 123
1785326661392 0.317760169506073 124
1785326662931 0.31729599833488464 125
1785326664482 0.30295515060424805 126
1785326668570 0.30273330211639404 127
1785326672477 0.3026023805141449 128
1785326676355 0.3012160062789917 129
1785326678446 0.29934820532798767 130
1785326680067 0.29865074157714844 131
1785326681572 0.28504422307014465 132
1785326685284 0.28389406204223633 133
1785326689606 0.28358086943626404 134
1785326693598 0.2810908257961273 135
1785326695747 0.27872607111930847 136
1785326697366 0.277414470911026 137
1785326698965 0.2768149971961975 138
1785326703210 0.2747805416584015 139
1785326707165 0.2739364802837372 140
1785326711266 0.2730152904987335 141
1785326713077 0.2729402780532837 142
1785326714763 0.26982739567756653 143
1785326717139 0.26506516337394714 144
1785326721287 0.2647832930088043 145
1785326725474 0.2641814053058624 146
1785326728991 0.2607072591781616 147
1785326730598 0.2523462772369385 148
1785326732400 0.25198277831077576 149
1785326734878 0.24083729088306427 150
1785326738914 0.23954598605632782 151
1785326742898 0.2380465269088745 152
1785326746488 0.23786677420139313 153
1785326748431 0.22863329946994781 154
1785326750101 0.22106344997882843 155
1785326753161 0.21952342987060547 156
1785326757122 0.2145596742630005 157
1785326761890 0.20893126726150513 158
1785326764616 0.2072819471359253 159
1785326766399 0.20603518187999725 160
1785326768182 0.20593374967575073 161
1785326772073 0.2058301419019699 162
1785326776092 0.19364617764949799 163
1785326780121 0.1935884952545166 164
1785326782233 0.19213145971298218 165
1785326783935 0.1854189932346344 166
1785326786278 0.1844111829996109 167
1785326790194 0.18431617319583893 168
1785326794692 0.1842147260904312 169
1785326798274 0.18219079077243805 170
1785326800169 0.17234794795513153 171
1785326801970 0.17087778449058533 172
1785326804806 0.17065641283988953 173
1785326808698 0.16864509880542755 174
1785326812703 0.16841888427734375 175
1785326815970 0.16160473227500916 176
1785326817927 0.16156145930290222 177
1785326819736 0.15888185799121857 178
1785326823090 0.1579788476228714 179
1785326826990 0.15788061916828156 180
1785326831046 0.15777066349983215 181
1785326833676 0.15613766014575958 182
1785326835558 0.1490878462791443 183
1785326837426 0.13978727161884308 184
1785326841362 0.13970670104026794 185
1785326845430 0.13749289512634277 186
1785326849518 0.13585662841796875 187
1785326851482 0.13579468429088593 188
1785326853410 0.13015221059322357 189
1785326855802 0.12897464632987976 190
1785326859742 0.12196999788284302 191
1785326863570 0.11857704073190689 192
1785326867324 0.10887498408555984 193
1785326869346 0.10824938863515854 194
1785326871283 0.10632923990488052 195
1785326874110 0.10631023347377777 196
1785326878082 0.10621776431798935 197
1785326882042 0.10037582367658615 198
1785326885338 0.09956185519695282 199
1785326887298 0.08515103906393051 200
1785326889203 0.07064856588840485 201
1785326892982 0.06899257004261017 202
1785326896923 0.060266267508268356 203
1785326900706 0.05992854759097099 204
1785326903381 0.05784694477915764 205
1785326905337 0.05451919138431549 206
1785326908114 0.054432474076747894 207
1785326911991 0.05428255349397659 208
1785326915946 0.046666890382766724 209
1785326919522 0.04662860929965973 210
1785326921446 0.04662233963608742 211
1785326923548 0.04384172707796097 212
1785326927206 0.04381633177399635 213
1785326931549 0.043643418699502945 214
1785326935962 0.04351873695850372 215
1785326938013 0.039954882115125656 216
1785326940002 0.03987215459346771 217
1785326942462 0.03894008696079254 218
1785326946509 0.03511486575007439 219
1785326950402 0.0350494347512722 220
1785326954414 0.03424529358744621 221
1785326956424 0.03362215310335159 222
1785326958385 0.03163336217403412 223
1785326961986 0.03158992528915405 224
1785326966081 0.02826792001724243 225
1785326970462 0.024020280689001083 226
1785326972756 0.021426374092698097 227
1785326974644 0.020655347034335136 228
1785326977442 0.02063019573688507 229
1785326981366 0.017864199355244637 230
1785326985606 0.0089820995926857 231
1785326988922 0.008731798268854618 232
1785326990840 0.003880937583744526 233
1785326992982 0.0038681819569319487 234
1785326996678 0.003867947030812502 235
1785327000702 0.002909707138314843 236
1785327004955 0.0007310835644602776 237
1785327007538 0.0004939799546264112 238
1785327009615 8.72185337357223e-05 239
1785327012642 6.709067383781075e-05 240
