1785326403387 850.0377807617188 1
1785326403834 480.15814208984375 2
1785326404307 389.0899963378906 3
1785326406137 323.861572265625 4
1785326409893 270.57647705078125 5
1785326413937 227.75538635253906 6
1785326417158 199.9882354736328 7
1785326417634 176.9100341796875 8
1785326418098 164.08688354492188 9
1785326418634 150.5525665283203 10
1785326419121 134.43057250976562 11
1785326419557 120.44683837890625 12
1785326420007 108.03816223144531 13
1785326420543 103.7079086303711 14
1785326421044 97.56134033203125 15
1785326421576 92.42613983154297 16
1785326422661 89.36908721923828 17
1785326426509 84.26757049560547 18
1785326430825 78.60608673095703 19
1785326434388 74.52317810058594 20
1785326434944 70.70648956298828 21
1785326435556 66.70983123779297 22
1785326436069 63.15378952026367 23
1785326436868 60.27387237548828 24
1785326437413 57.26116180419922 25
1785326438053 54.51577377319336 26
1785326438681 52.14162826538086 27
1785326439204 50.215797424316406 28
1785326442438 47.73188018798828 29
1785326446209 45.799285888671875 30
1785326449478 45.31526565551758 31
1785326451992 44.66421890258789 32
1785326452816 43.460994720458984 33
1785326453573 42.040584564208984 34
1785326454329 40.74260330200195 35
1785326455261 39.80537033081055 36
1785326456050 38.38969039916992 37
1785326457897 37.330684661865234 38
1785326461685 36.33616638183594 39
1785326465453 35.46974563598633 40
1785326469085 34.05028533935547 41
1785326469881 33.16615295410156 42
1785326470741 32.46072769165039 43
1785326471531 31.865787506103516 44
1785326472385 31.47933006286621 45
1785326473364 30.801130294799805 46
1785326475422 30.57189178466797 47
1785326479577 29.680585861206055 48
1785326483422 29.086103439331055 49
1785326486559 28.35472869873047 50
1785326487447 27.866201400756836 51
1785326488309 27.31047821044922 52
1785326489308 26.99326515197754 53
1785326490218 26.356830596923828 54
1785326491230 26.019115447998047 55
1785326495226 25.492162704467773 56
1785326498994 25.07444190979004 57
1785326502826 24.447263717651367 58
1785326504373 24.07428741455078 59
1785326505359 23.715200424194336 60
1785326506325 23.269784927368164 61
1785326507351 22.707637786865234 62
1785326508378 22.353328704833984 63
1785326511766 22.067508697509766 64
1785326515530 21.8287296295166 65
1785326519282 21.50714111328125 66
1785326521598 21.263460159301758 67
1785326522650 20.875694274902344 68
1785326523684 20.77994155883789 69
1785326524810 20.679908752441406 70
1785326526130 20.660173416137695 71
1785326529945 20.374361038208008 72
1785326533698 20.16266632080078 73
1785326537546 19.953216552734375 74
1785326539186 19.701492309570312 75
1785326540173 19.420673370361328 76
1785326541380 19.171764373779297 77
1785326542521 18.976743698120117 78
1785326544654 18.821168899536133 79
1785326548634 18.692750930786133 80
1785326552973 18.503021240234375 81
1785326556036 18.429224014282227 82
1785326557464 18.21404266357422 83
1785326558720 18.182571411132812 84
1785326559884 18.06901741027832 85
1785326562394 17.94736671447754 86
1785326566369 17.847810745239258 87
1785326570226 17.649810791015625 88
1785326573251 17.52657127380371 89
1785326574507 17.35365867614746 90
1785326575834 17.182647705078125 91
1785326577004 17.079816818237305 92
1785326579008 16.89308738708496 93
1785326582842 16.774452209472656 94
1785326586690 16.689733505249023 95
1785326590352 16.494163513183594 96
1785326591737 16.406856536865234 97
1785326593289 16.295230865478516 98
1785326594678 16.141090393066406 99
1785326597754 15.980669975280762 100
1785326601566 15.887880325317383 101
1785326605345 15.78547477722168 102
1785326607998 15.641324996948242 103
1785326609312 15.53445816040039 104
1785326610709 15.452542304992676 105
1785326612009 15.2943115234375 106
1785326615398 15.172181129455566 107
1785326619382 15.090604782104492 108
1785326623522 15.045742988586426 109
1785326625724 14.95919418334961 110
1785326627074 14.880071640014648 111
1785326628522 14.829256057739258 112
1785326630150 14.768105506896973 113
1785326634106 14.714510917663574 114
1785326637970 14.6229248046875 115
1785326641858 14.502756118774414 116
1785326643460 14.47240924835205 117
1785326644857 14.40708065032959 118
1785326646282 14.325531005859375 119
1785326649134 14.250290870666504 120
1785326653414 14.163514137268066 121
1785326657206 14.056427955627441 122
1785326659996 13.950263023376465 123
1785326661385 13.899290084838867 124
1785326662924 13.818836212158203 125
1785326664474 13.750890731811523 126
1785326668562 13.650447845458984 127
1785326672470 13.6072998046875 128
1785326676348 13.509886741638184 129
1785326678438 13.385296821594238 130
1785326680060 13.322481155395508 131
1785326681564 13.253748893737793 132
1785326685277 13.108201026916504 133
1785326689598 12.988999366760254 134
1785326693590 12.889593124389648 135
1785326695739 12.78389835357666 136
1785326697358 12.647438049316406 137
1785326698958 12.577118873596191 138
1785326703202 12.493425369262695 139
1785326707158 12.428556442260742 140
1785326711258 12.335498809814453 141
1785326713070 12.237960815429688 142
1785326714755 12.161857604980469 143
1785326717130 12.026653289794922 144
1785326721278 11.965818405151367 145
1785326725466 11.859288215637207 146
1785326728983 11.744017601013184 147
1785326730590 11.736820220947266 148
1785326732392 11.674893379211426 149
1785326734870 11.569571495056152 150
1785326738906 11.518173217773438 151
1785326742890 11.416248321533203 152
1785326746481 11.376008033752441 153
1785326748424 11.284651756286621 154
1785326750094 11.18894100189209 155
1785326753154 11.089412689208984 156
1785326757114 11.009235382080078 157
1785326761882 10.915452003479004 158
1785326764608 10.805262565612793 159
1785326766391 10.692239761352539 160
1785326768174 10.585232734680176 161
1785326772065 10.493057250976562 162
1785326776083 10.412168502807617 163
1785326780114 10.323864936828613 164
1785326782225 10.223541259765625 165
1785326783927 10.134002685546875 166
1785326786270 9.979474067687988 167
1785326790186 9.899986267089844 168
1785326794685 9.793940544128418 169
1785326798266 9.728413581848145 170
1785326800161 9.653223037719727 171
1785326801963 9.497939109802246 172
1785326804798 9.392773628234863 173
1785326808690 9.308076858520508 174
1785326812694 9.193044662475586 175
1785326815962 9.107976913452148 176
1785326817919 9.023844718933105 177
1785326819728 8.915534973144531 178
1785326823082 8.838080406188965 179
1785326826982 8.771890640258789 180
1785326831038 8.661722183227539 181
1785326833668 8.584792137145996 182
1785326835550 8.47575855255127 183
1785326837418 8.400272369384766 184
1785326841354 8.282462120056152 185
1785326845422 8.158441543579102 186
1785326849511 8.024895668029785 187
1785326851474 7.9241814613342285 188
1785326853403 7.824784755706787 189
1785326855794 7.704196453094482 190
1785326859734 7.653125762939453 191
1785326863563 7.5519819259643555 192
1785326867317 7.447357177734375 193
1785326869339 7.3018879890441895 194
1785326871275 7.24586296081543 195
1785326874102 7.168825626373291 196
1785326878074 7.050056457519531 197
1785326882035 6.96058464050293 198
1785326885330 6.844010353088379 199
1785326887291 6.730621337890625 200
1785326889196 6.659256458282471 201
1785326892975 6.521645545959473 202
1785326896915 6.424285888671875 203
1785326900698 6.292374610900879 204
1785326903373 6.160207748413086 205
1785326905329 6.048089504241943 206
1785326908106 5.926358222961426 207
1785326911982 5.771398544311523 208
1785326915939 5.6703667640686035 209
1785326919513 5.525808334350586 210
1785326921438 5.427306175231934 211
1785326923540 5.288064002990723 212
1785326927199 5.183435440063477 213
1785326931541 5.047297477722168 214
1785326935954 4.918931484222412 215
1785326938006 4.791238784790039 216
1785326939994 4.70564603805542 217
1785326942455 4.586495399475098 218
1785326946502 4.440743446350098 219
1785326950395 4.292694091796875 220
1785326954407 4.143208980560303 221
1785326956417 3.9756743907928467 222
1785326958377 3.8255832195281982 223
1785326961978 3.599881172180176 224
1785326966074 3.4748940467834473 225
1785326970454 3.2209722995758057 226
1785326972748 3.0503852367401123 227
1785326974636 2.902362585067749 228
1785326977435 2.7941975593566895 229
1785326981359 2.5777814388275146 230
1785326985599 2.3130557537078857 231
1785326988914 2.0392818450927734 232
1785326990831 1.7575751543045044 233
1785326992974 1.5332748889923096 234
1785326996671 1.2647005319595337 235
1785327000694 1.1164828538894653 236
1785327004947 0.924961268901825 237
1785327007530 0.5981921553611755 238
1785327009607 4.425472980074119e-06 239
1785327012635 4.4516168600239325e-06 240
