1785326403390 236.33624267578125 1
1785326403838 215.4689178466797 2
1785326404311 198.00827026367188 3
1785326406140 184.01026916503906 4
1785326409898 177.0986328125 5
1785326413941 172.40069580078125 6
1785326417162 167.1721649169922 7
1785326417638 165.02426147460938 8
1785326418102 155.09201049804688 9
1785326418638 152.39315795898438 10
1785326419125 147.40899658203125 11
1785326419560 144.15481567382812 12
1785326420011 143.61300659179688 13
1785326420547 140.31710815429688 14
1785326421048 137.38473510742188 15
1785326421580 136.1778564453125 16
1785326422665 131.1781463623047 17
1785326426513 127.76702880859375 18
1785326430829 127.72991943359375 19
1785326434392 124.54496002197266 20
1785326434948 122.30854034423828 21
1785326435560 120.2875747680664 22
1785326436074 119.84072875976562 23
1785326436872 117.67558288574219 24
1785326437417 115.905029296875 25
1785326438057 114.94142150878906 26
1785326438685 112.77701568603516 27
1785326439208 108.62113952636719 28
1785326442442 107.9161605834961 29
1785326446212 106.61174011230469 30
1785326449482 105.36663818359375 31
1785326451996 103.74197387695312 32
1785326452819 101.25616455078125 33
1785326453578 99.71795654296875 34
1785326454333 97.81275177001953 35
1785326455265 95.23445892333984 36
1785326456054 94.65493774414062 37
1785326457901 93.31885528564453 38
1785326461689 92.12574768066406 39
1785326465457 91.05396270751953 40
1785326469088 89.76754760742188 41
1785326469885 89.09060668945312 42
1785326470745 87.8150405883789 43
1785326471534 86.56771087646484 44
1785326472389 84.3523941040039 45
1785326473368 83.62238311767578 46
1785326475426 82.46942138671875 47
1785326479581 81.81238555908203 48
1785326483426 80.89936828613281 49
1785326486563 80.04269409179688 50
1785326487451 79.46039581298828 51
1785326488313 76.87115478515625 52
1785326489312 76.16307830810547 53
1785326490222 75.27359008789062 54
1785326491234 73.55877685546875 55
1785326495230 72.33718872070312 56
1785326498998 72.0576400756836 57
1785326502830 71.7541275024414 58
1785326504377 71.39825439453125 59
1785326505363 68.98452758789062 60
1785326506347 67.768798828125 61
1785326507355 67.35890197753906 62
1785326508381 66.54888916015625 63
1785326511770 65.81610107421875 64
1785326515534 64.7811050415039 65
1785326519285 63.656097412109375 66
1785326521602 62.640350341796875 67
1785326522654 62.2122917175293 68
1785326523688 61.16326141357422 69
1785326524814 61.016845703125 70
1785326526134 59.74591064453125 71
1785326529949 59.05793380737305 72
1785326533701 58.820396423339844 73
1785326537550 57.859867095947266 74
1785326539190 57.169281005859375 75
1785326540177 56.87936782836914 76
1785326541384 55.91486358642578 77
1785326542525 55.27107238769531 78
1785326544658 54.87004089355469 79
1785326548638 54.0407600402832 80
1785326552977 53.85123825073242 81
1785326556041 52.85520935058594 82
1785326557468 52.35993576049805 83
1785326558724 52.2800178527832 84
1785326559888 51.50041961669922 85
1785326562398 50.676910400390625 86
1785326566373 50.23066711425781 87
1785326570230 49.59256362915039 88
1785326573256 49.273704528808594 89
1785326574511 48.42242431640625 90
1785326575839 48.18965148925781 91
1785326577008 47.137760162353516 92
1785326579012 46.72483825683594 93
1785326582846 45.79032516479492 94
1785326586694 44.96662139892578 95
1785326590356 44.859962463378906 96
1785326591741 44.01069641113281 97
1785326593293 43.60050582885742 98
1785326594682 43.056209564208984 99
1785326597758 42.17493438720703 100
1785326601570 41.8348503112793 101
1785326605349 41.44268035888672 102
1785326608001 40.59885787963867 103
1785326609316 40.039947509765625 104
1785326610714 39.490989685058594 105
1785326612013 38.958274841308594 106
1785326615402 38.06156539916992 107
1785326619386 37.3769416809082 108
1785326623526 36.90180969238281 109
1785326625728 36.334312438964844 110
1785326627078 35.577980041503906 111
1785326628526 35.44877624511719 112
1785326630154 34.96711349487305 113
1785326634110 34.83011245727539 114
1785326637974 34.13662338256836 115
1785326641862 33.70048141479492 116
1785326643464 33.00413513183594 117
1785326644861 32.806678771972656 118
1785326646286 32.556602478027344 119
1785326649138 32.140655517578125 120
1785326653418 31.291851043701172 121
1785326657210 30.88525390625 122
1785326660000 30.34417152404785 123
1785326661389 29.779319763183594 124
1785326662928 29.426809310913086 125
1785326664478 29.003398895263672 126
1785326668566 28.615869522094727 127
1785326672474 28.436809539794922 128
1785326676352 27.878087997436523 129
1785326678442 27.573463439941406 130
1785326680064 26.901817321777344 131
1785326681568 26.731918334960938 132
1785326685280 26.359832763671875 133
1785326689602 26.021419525146484 134
1785326693594 25.806884765625 135
1785326695743 25.71542739868164 136
1785326697362 25.27688980102539 137
1785326698962 24.607812881469727 138
1785326703206 23.998371124267578 139
1785326707161 23.727834701538086 140
1785326711262 23.18667984008789 141
1785326713073 22.68925666809082 142
1785326714759 22.509777069091797 143
1785326717134 21.929218292236328 144
1785326721283 21.532716751098633 145
1785326725471 20.74425506591797 146
1785326728987 20.047801971435547 147
1785326730594 19.166330337524414 148
1785326732396 18.872257232666016 149
1785326734874 18.325328826904297 150
1785326738911 17.290212631225586 151
1785326742894 16.85033416748047 152
1785326746484 16.145530700683594 153
1785326748428 16.06528663635254 154
1785326750098 15.772344589233398 155
1785326753157 14.630961418151855 156
1785326757118 14.369747161865234 157
1785326761886 14.08636474609375 158
1785326764612 13.227213859558105 159
1785326766394 13.149027824401855 160
1785326768178 12.397027015686035 161
1785326772069 12.022294998168945 162
1785326776087 11.315114974975586 163
1785326780117 10.706987380981445 164
1785326782229 10.650171279907227 165
1785326783931 9.93392276763916 166
1785326786274 9.772444725036621 167
1785326790190 9.618904113769531 168
1785326794688 9.404149055480957 169
1785326798270 9.166887283325195 170
1785326800165 8.475616455078125 171
1785326801967 8.428192138671875 172
1785326804802 7.950381755828857 173
1785326808695 7.59652042388916 174
1785326812699 7.45518684387207 175
1785326815967 7.2909698486328125 176
1785326817923 6.967236518859863 177
1785326819732 6.735194206237793 178
1785326823086 6.5984344482421875 179
1785326826986 6.010616302490234 180
1785326831043 5.7256574630737305 181
1785326833672 5.322840690612793 182
1785326835554 5.0529327392578125 183
1785326837422 4.643072605133057 184
1785326841358 4.431655406951904 185
1785326845426 4.328142166137695 186
1785326849515 4.192971229553223 187
1785326851478 3.7914505004882812 188
1785326853407 3.6661977767944336 189
1785326855798 3.4885053634643555 190
1785326859739 3.2553844451904297 191
1785326863567 2.921377182006836 192
1785326867321 2.7384564876556396 193
1785326869343 2.701777458190918 194
1785326871279 2.3949708938598633 195
1785326874106 2.3139095306396484 196
1785326878078 2.0690553188323975 197
1785326882039 1.8488044738769531 198
1785326885334 1.7576438188552856 199
1785326887295 1.6431671380996704 200
1785326889200 1.4873697757720947 201
1785326892978 1.4072543382644653 202
1785326896919 1.2915687561035156 203
1785326900702 1.1387031078338623 204
1785326903377 1.052870512008667 205
1785326905333 0.9771614074707031 206
1785326908110 0.9365783929824829 207
1785326911987 0.90264892578125 208
1785326915943 0.8301801681518555 209
1785326919518 0.7629068493843079 210
1785326921442 0.7223634719848633 211
1785326923544 0.6221718788146973 212
1785326927202 0.579582691192627 213
1785326931545 0.5360660552978516 214
1785326935958 0.5021275877952576 215
1785326938010 0.4775161147117615 216
1785326939998 0.40595558285713196 217
1785326942459 0.35520583391189575 218
1785326946506 0.3279297351837158 219
1785326950399 0.29351651668548584 220
1785326954410 0.25522202253341675 221
1785326956421 0.21899709105491638 222
1785326958381 0.2068384289741516 223
1785326961982 0.17659920454025269 224
1785326966078 0.14085611701011658 225
1785326970458 0.12515616416931152 226
1785326972752 0.10620426386594772 227
1785326974640 0.08965016156435013 228
1785326977439 0.07274071127176285 229
1785326981363 0.05151429399847984 230
1785326985602 0.0403880849480629 231
1785326988918 0.03388631343841553 232
1785326990835 0.023396972566843033 233
1785326992978 0.013010884635150433 234
1785326996675 0.008170670829713345 235
1785327000699 0.0037967159878462553 236
1785327004951 0.0007060114294290543 237
1785327007535 0.00023853642051108181 238
1785327009611 2.2010323164067813e-07 239
1785327012639 2.1397873695150338e-07 240
