1785326403386 448.1734619140625 1
1785326403832 355.8230285644531 2
1785326404305 318.8356628417969 3
1785326406135 287.3475646972656 4
1785326409891 265.1106262207031 5
1785326413936 248.36279296875 6
1785326417156 233.8641815185547 7
1785326417632 221.59732055664062 8
1785326418096 211.3269500732422 9
1785326418632 201.67425537109375 10
1785326419119 193.0408477783203 11
1785326419555 184.99009704589844 12
1785326420005 177.7639923095703 13
1785326420542 171.23135375976562 14
1785326421042 165.2820587158203 15
1785326421574 160.07090759277344 16
1785326422660 154.9752960205078 17
1785326426508 150.43344116210938 18
1785326430824 146.2258758544922 19
1785326434387 142.07073974609375 20
1785326434942 138.2892608642578 21
1785326435554 134.6470184326172 22
1785326436068 131.21115112304688 23
1785326436866 128.06837463378906 24
1785326437412 125.04988861083984 25
1785326438052 122.06061553955078 26
1785326438679 119.2162857055664 27
1785326439203 116.4310073852539 28
1785326442436 113.93318939208984 29
1785326446208 111.50235748291016 30
1785326449477 109.20767974853516 31
1785326451991 106.98188781738281 32
1785326452814 104.90789031982422 33
1785326453571 102.86339569091797 34
1785326454328 100.87724304199219 35
1785326455260 98.91645812988281 36
1785326456048 96.99787139892578 37
1785326457896 95.19038391113281 38
1785326461684 93.42201232910156 39
1785326465452 91.73888397216797 40
1785326469083 90.09423828125 41
1785326469879 88.47279357910156 42
1785326470739 86.90027618408203 43
1785326471529 85.33963775634766 44
1785326472383 83.8337631225586 45
1785326473363 82.37692260742188 46
1785326475420 80.9443588256836 47
1785326479576 79.56458282470703 48
1785326483420 78.19068908691406 49
1785326486557 76.8900146484375 50
1785326487446 75.60151672363281 51
1785326488308 74.345703125 52
1785326489306 73.10758209228516 53
1785326490216 71.92338562011719 54
1785326491229 70.78720092773438 55
1785326495224 69.69524383544922 56
1785326498992 68.62281799316406 57
1785326502824 67.5686264038086 58
1785326504371 66.52378845214844 59
1785326505358 65.51483917236328 60
1785326506324 64.52110290527344 61
1785326507349 63.536685943603516 62
1785326508376 62.56787872314453 63
1785326511764 61.61650848388672 64
1785326515528 60.6802978515625 65
1785326519280 59.76624298095703 66
1785326521597 58.85889434814453 67
1785326522648 57.95940399169922 68
1785326523682 57.09327697753906 69
1785326524809 56.25305938720703 70
1785326526128 55.427223205566406 71
1785326529944 54.6319580078125 72
1785326533696 53.83839416503906 73
1785326537544 53.07978057861328 74
1785326539184 52.32551956176758 75
1785326540172 51.58706283569336 76
1785326541378 50.855491638183594 77
1785326542520 50.138675689697266 78
1785326544652 49.4333381652832 79
1785326548632 48.74467086791992 80
1785326552972 48.06742477416992 81
1785326556035 47.39745330810547 82
1785326557462 46.73552322387695 83
1785326558718 46.08647155761719 84
1785326559882 45.441463470458984 85
1785326562392 44.80522155761719 86
1785326566364 44.176326751708984 87
1785326570224 43.55082321166992 88
1785326573249 42.93858337402344 89
1785326574505 42.3287353515625 90
1785326575833 41.72966003417969 91
1785326577002 41.140480041503906 92
1785326579006 40.55443572998047 93
1785326582840 39.98981857299805 94
1785326586688 39.43684768676758 95
1785326590350 38.887638092041016 96
1785326591736 38.34358596801758 97
1785326593288 37.80992889404297 98
1785326594677 37.278053283691406 99
1785326597752 36.7552490234375 100
1785326601564 36.24335861206055 101
1785326605343 35.73434066772461 102
1785326607996 35.22845458984375 103
1785326609311 34.727806091308594 104
1785326610708 34.2326774597168 105
1785326612007 33.74102020263672 106
1785326615396 33.25641632080078 107
1785326619380 32.7806510925293 108
1785326623521 32.31117630004883 109
1785326625722 31.84978485107422 110
1785326627072 31.392169952392578 111
1785326628520 30.937620162963867 112
1785326630149 30.485897064208984 113
1785326634105 30.038719177246094 114
1785326637969 29.60263442993164 115
1785326641856 29.169097900390625 116
1785326643458 28.744457244873047 117
1785326644856 28.323671340942383 118
1785326646280 27.905208587646484 119
1785326649133 27.493358612060547 120
1785326653413 27.084184646606445 121
1785326657204 26.679338455200195 122
1785326659994 26.277265548706055 123
1785326661383 25.885562896728516 124
1785326662922 25.49500274658203 125
1785326664473 25.11153221130371 126
1785326668561 24.73293113708496 127
1785326672468 24.360383987426758 128
1785326676346 23.993982315063477 129
1785326678436 23.63137435913086 130
1785326680058 23.269529342651367 131
1785326681563 22.913904190063477 132
1785326685276 22.56226348876953 133
1785326689597 22.213008880615234 134
1785326693589 21.868928909301758 135
1785326695737 21.526193618774414 136
1785326697356 21.186634063720703 137
1785326698956 20.852285385131836 138
1785326703201 20.519384384155273 139
1785326707156 20.188915252685547 140
1785326711257 19.86110496520996 141
1785326713068 19.535945892333984 142
1785326714753 19.217945098876953 143
1785326717129 18.90032386779785 144
1785326721277 18.587038040161133 145
1785326725465 18.275997161865234 146
1785326728982 17.970943450927734 147
1785326730588 17.666996002197266 148
1785326732391 17.364625930786133 149
1785326734869 17.066017150878906 150
1785326738905 16.770105361938477 151
1785326742889 16.478490829467773 152
1785326746479 16.18796730041504 153
1785326748422 15.900060653686523 154
1785326750092 15.615004539489746 155
1785326753152 15.332012176513672 156
1785326757113 15.053735733032227 157
1785326761881 14.777856826782227 158
1785326764607 14.502860069274902 159
1785326766389 14.233101844787598 160
1785326768173 13.96644115447998 161
1785326772063 13.702274322509766 162
1785326776081 13.43914794921875 163
1785326780113 13.177627563476562 164
1785326782223 12.918622016906738 165
1785326783925 12.662175178527832 166
1785326786269 12.406421661376953 167
1785326790185 12.153854370117188 168
1785326794684 11.903555870056152 169
1785326798264 11.655771255493164 170
1785326800160 11.408616065979004 171
1785326801961 11.168445587158203 172
1785326804797 10.929012298583984 173
1785326808689 10.690295219421387 174
1785326812693 10.454469680786133 175
1785326815961 10.22089672088623 176
1785326817917 9.989487648010254 177
1785326819726 9.759072303771973 178
1785326823081 9.531658172607422 179
1785326826981 9.30544662475586 180
1785326831037 9.082391738891602 181
1785326833666 8.862624168395996 182
1785326835548 8.643843650817871 183
1785326837417 8.425776481628418 184
1785326841353 8.213414192199707 185
1785326845421 8.002391815185547 186
1785326849509 7.794224739074707 187
1785326851473 7.588408946990967 188
1785326853401 7.384175777435303 189
1785326855793 7.182526588439941 190
1785326859733 6.981111526489258 191
1785326863561 6.781470775604248 192
1785326867315 6.583703517913818 193
1785326869337 6.388119220733643 194
1785326871274 6.194921493530273 195
1785326874101 6.002192974090576 196
1785326878073 5.812069892883301 197
1785326882033 5.625143527984619 198
1785326885329 5.441256523132324 199
1785326887289 5.258265972137451 200
1785326889194 5.0760908126831055 201
1785326892973 4.895203590393066 202
1785326896913 4.716748237609863 203
1785326900697 4.540304660797119 204
1785326903371 4.366658687591553 205
1785326905327 4.196821689605713 206
1785326908105 4.029001712799072 207
1785326911981 3.8629417419433594 208
1785326915937 3.6974337100982666 209
1785326919512 3.533945322036743 210
1785326921436 3.373157501220703 211
1785326923538 3.2139198780059814 212
1785326927197 3.0565481185913086 213
1785326931540 2.901031017303467 214
1785326935953 2.747485399246216 215
1785326938004 2.5958735942840576 216
1785326939992 2.448972463607788 217
1785326942453 2.3038814067840576 218
1785326946501 2.1596715450286865 219
1785326950393 2.0169546604156494 220
1785326954406 1.8755524158477783 221
1785326956416 1.7398014068603516 222
1785326958376 1.606618046760559 223
1785326961977 1.4753944873809814 224
1785326966073 1.3454878330230713 225
1785326970453 1.2225819826126099 226
1785326972746 1.1034400463104248 227
1785326974635 0.9866052269935608 228
1785326977429 0.8718888759613037 229
1785326981357 0.759660542011261 230
1785326985597 0.6516907811164856 231
1785326988912 0.5499818921089172 232
1785326990830 0.4572823941707611 233
1785326992972 0.36623942852020264 234
1785326996669 0.280379980802536 235
1785327000693 0.19916632771492004 236
1785327004945 0.12328962981700897 237
1785327007529 0.05766962468624115 238
1785327009605 1.3905722653362318e-06 239
1785327012633 1.3931638704889338e-06 240
