1785326403398 2.4405434131622314 1
1785326403847 2.3158364295959473 2
1785326404320 2.303436040878296 3
1785326406149 2.254718542098999 4
1785326409908 2.2561216354370117 5
1785326413967 2.2047295570373535 6
1785326417172 2.2113776206970215 7
1785326417647 2.1243395805358887 8
1785326418111 2.0372121334075928 9
1785326418647 2.0306577682495117 10
1785326419135 2.1308352947235107 11
1785326419570 2.1307284832000732 12
1785326420021 2.1185784339904785 13
1785326420557 2.110140323638916 14
1785326421058 2.0578055381774902 15
1785326421590 1.9871351718902588 16
1785326422675 1.8766164779663086 17
1785326426527 1.878340482711792 18
1785326430839 1.878193974494934 19
1785326434402 1.8694065809249878 20
1785326434958 1.6032474040985107 21
1785326435570 1.5698304176330566 22
1785326436083 1.5698511600494385 23
1785326436881 1.4717991352081299 24
1785326437426 1.4655932188034058 25
1785326438067 1.465972900390625 26
1785326438694 1.4733256101608276 27
1785326439218 1.4403551816940308 28
1785326442452 1.3931190967559814 29
1785326446221 1.374056339263916 30
1785326449492 1.3723430633544922 31
1785326452006 1.3742218017578125 32
1785326452831 1.2083032131195068 33
1785326453588 1.2045624256134033 34
1785326454343 1.1690080165863037 35
1785326455275 1.1274523735046387 36
1785326456063 1.1243469715118408 37
1785326457911 1.0390145778656006 38
1785326461699 1.0390111207962036 39
1785326465467 1.0397992134094238 40
1785326469098 0.9757665395736694 41
1785326469895 0.9738016128540039 42
1785326470754 0.9718475937843323 43
1785326471544 0.9720494747161865 44
1785326472399 0.705235481262207 45
1785326473378 0.6678287982940674 46
1785326475436 0.6656103134155273 47
1785326479591 0.644077718257904 48
1785326483436 0.5786074995994568 49
1785326486572 0.5779640078544617 50
1785326487461 0.5031358003616333 51
1785326488322 0.500805139541626 52
1785326489321 0.4929102659225464 53
1785326490232 0.4929075539112091 54
1785326491244 0.4904330372810364 55
1785326495240 0.4873538315296173 56
1785326499008 0.485055148601532 57
1785326502840 0.4551098942756653 58
1785326504387 0.4534028172492981 59
1785326505373 0.45309701561927795 60
1785326506357 0.41774898767471313 61
1785326507364 0.416501522064209 62
1785326508391 0.4143741726875305 63
1785326511779 0.4146510362625122 64
1785326515544 0.41355735063552856 65
1785326519295 0.4135661721229553 66
1785326521612 0.403323769569397 67
1785326522664 0.40068501234054565 68
1785326523697 0.39403700828552246 69
1785326524824 0.3447110056877136 70
1785326526143 0.34269949793815613 71
1785326529961 0.3430652916431427 72
1785326533711 0.3419334888458252 73
1785326537560 0.341097354888916 74
1785326539200 0.33931082487106323 75
1785326540187 0.3385508060455322 76
1785326541393 0.3375989496707916 77
1785326542535 0.33765989542007446 78
1785326544668 0.3247954845428467 79
1785326548647 0.3005904257297516 80
1785326552987 0.2800906300544739 81
1785326556050 0.2795100808143616 82
1785326557478 0.2780070900917053 83
1785326558734 0.2573855221271515 84
1785326559898 0.2545240521430969 85
1785326562409 0.24768441915512085 86
1785326566386 0.23704937100410461 87
1785326570240 0.2321738600730896 88
1785326573266 0.22523722052574158 89
1785326574521 0.2074643075466156 90
1785326575849 0.20742222666740417 91
1785326577018 0.1898706555366516 92
1785326579022 0.18857252597808838 93
1785326582856 0.18815606832504272 94
1785326586704 0.18709686398506165 95
1785326590365 0.18579167127609253 96
1785326591751 0.185611754655838 97
1785326593303 0.18564391136169434 98
1785326594692 0.18564176559448242 99
1785326597768 0.17954102158546448 100
1785326601580 0.1795593500137329 101
1785326605358 0.17085641622543335 102
1785326608012 0.16714411973953247 103
1785326609326 0.16386008262634277 104
1785326610723 0.1638661026954651 105
1785326612023 0.1637679636478424 106
1785326615412 0.15603217482566833 107
1785326619396 0.15443232655525208 108
1785326623536 0.1534663587808609 109
1785326625737 0.1506214290857315 110
1785326627088 0.1500958800315857 111
1785326628535 0.14985916018486023 112
1785326630164 0.1493820697069168 113
1785326634120 0.14899498224258423 114
1785326637985 0.14738193154335022 115
1785326641872 0.14675667881965637 116
1785326643473 0.14670716226100922 117
1785326644871 0.1464151293039322 118
1785326646296 0.14629730582237244 119
1785326649148 0.14470025897026062 120
1785326653428 0.14273518323898315 121
1785326657220 0.14269277453422546 122
1785326660010 0.13935330510139465 123
1785326661398 0.12690700590610504 124
1785326662937 0.1266278177499771 125
1785326664488 0.12061569094657898 126
1785326668576 0.12057341635227203 127
1785326672483 0.1203673854470253 128
1785326676361 0.11979600787162781 129
1785326678452 0.1186925396323204 130
1785326680073 0.11858511716127396 131
1785326681578 0.11243137717247009 132
1785326685305 0.11207354068756104 133
1785326689613 0.11181299388408661 134
1785326693604 0.1107371598482132 135
1785326695753 0.10977423191070557 136
1785326697372 0.10909312963485718 137
1785326698971 0.10898493230342865 138
1785326703216 0.10763219743967056 139
1785326707170 0.10725823044776917 140
1785326711273 0.1072363406419754 141
1785326713083 0.10724781453609467 142
1785326714769 0.10603451728820801 143
1785326717145 0.10432371497154236 144
1785326721293 0.10401473939418793 145
1785326725480 0.10378651320934296 146
1785326728997 0.1022367849946022 147
1785326730604 0.09925515949726105 148
1785326732406 0.09919463098049164 149
1785326734884 0.09441822022199631 150
1785326738920 0.09380307793617249 151
1785326742904 0.09316068887710571 152
1785326746494 0.09319929778575897 153
1785326748437 0.09008193016052246 154
1785326750107 0.08691461384296417 155
1785326753167 0.0862860381603241 156
1785326757128 0.08432456851005554 157
1785326761896 0.08247940242290497 158
1785326764622 0.08203701674938202 159
1785326766405 0.08147816359996796 160
1785326768188 0.08137845993041992 161
1785326772079 0.0813901349902153 162
1785326776099 0.07637912780046463 163
1785326780126 0.07631014287471771 164
1785326782239 0.07585324347019196 165
1785326783941 0.07332337647676468 166
1785326786284 0.07293771952390671 167
1785326790200 0.07291360944509506 168
1785326794713 0.07286486029624939 169
1785326798280 0.0719367265701294 170
1785326800179 0.06781579554080963 171
1785326801976 0.06737492978572845 172
1785326804812 0.06740070879459381 173
1785326808704 0.06678622961044312 174
1785326812708 0.06661419570446014 175
1785326815976 0.06370791792869568 176
1785326817933 0.06367150694131851 177
1785326819742 0.062260642647743225 178
1785326823096 0.06190662086009979 179
1785326826996 0.06187758594751358 180
1785326831052 0.061852648854255676 181
1785326833682 0.061081476509571075 182
1785326835564 0.05799184367060661 183
1785326837432 0.05419527739286423 184
1785326841368 0.0541551411151886 185
1785326845436 0.05338827520608902 186
1785326849524 0.05271175503730774 187
1785326851488 0.052662551403045654 188
1785326853416 0.0507565438747406 189
1785326855808 0.05051829665899277 190
1785326859748 0.04749980568885803 191
1785326863576 0.04613727703690529 192
1785326867330 0.04180920124053955 193
1785326869353 0.04162595421075821 194
1785326871289 0.0411350280046463 195
1785326874116 0.04112987965345383 196
1785326878088 0.041105180978775024 197
1785326882048 0.03831784427165985 198
1785326885344 0.0379885658621788 199
1785326887304 0.031890206038951874 200
1785326889209 0.02605077624320984 201
1785326892988 0.025223303586244583 202
1785326896929 0.021839197725057602 203
1785326900712 0.02169465646147728 204
1785326903387 0.020849013701081276 205
1785326905343 0.01964869350194931 206
1785326908120 0.01964253932237625 207
1785326911997 0.019605480134487152 208
1785326915952 0.016583850607275963 209
1785326919528 0.0165702011436224 210
1785326921452 0.016567325219511986 211
1785326923554 0.01562662422657013 212
1785326927212 0.01563497632741928 213
1785326931555 0.015592865645885468 214
1785326935968 0.015478156507015228 215
1785326938019 0.014027627184987068 216
1785326940008 0.013999192975461483 217
1785326942468 0.013665063306689262 218
1785326946515 0.0121062733232975 219
1785326950408 0.012083731591701508 220
1785326954419 0.011876517906785011 221
1785326956435 0.011652166023850441 222
1785326958391 0.011015398427844048 223
1785326961993 0.01099319476634264 224
1785326966087 0.009718265384435654 225
1785326970468 0.00849517248570919 226
1785326972762 0.007504540495574474 227
1785326974650 0.00712120346724987 228
1785326977448 0.007098347879946232 229
1785326981372 0.006247448734939098 230
1785326985612 0.003307085018604994 231
1785326988928 0.0029031182639300823 232
1785326990846 0.0015712350141257048 233
1785326992988 0.001566031714901328 234
1785326996684 0.0015660354401916265 235
1785327000708 0.0011660276213660836 236
1785327004961 0.00016928538389038295 237
1785327007544 0.00011981388524873182 238
1785327009621 3.344428478158079e-05 239
1785327012648 3.0129278457025066e-05 240
