1785326403397 4.667487144470215 1
1785326403846 3.246488094329834 2
1785326404319 3.008528470993042 3
1785326406148 2.4997284412384033 4
1785326409907 2.225903034210205 5
1785326413965 2.1096351146698 6
1785326417171 1.9301600456237793 7
1785326417646 1.8473814725875854 8
1785326418110 1.7703436613082886 9
1785326418646 1.668308138847351 10
1785326419134 1.5371019840240479 11
1785326419569 1.4472038745880127 12
1785326420019 1.3438746929168701 13
1785326420556 1.3318535089492798 14
1785326421057 1.2816791534423828 15
1785326421589 1.2169146537780762 16
1785326422674 1.1850395202636719 17
1785326426526 1.1437615156173706 18
1785326430838 1.110277771949768 19
1785326434400 1.07622230052948 20
1785326434956 1.0396554470062256 21
1785326435569 1.0196441411972046 22
1785326436082 0.9908890724182129 23
1785326436880 0.961572527885437 24
1785326437425 0.9425047636032104 25
1785326438065 0.9168729782104492 26
1785326438693 0.8922491073608398 27
1785326439217 0.8720751404762268 28
1785326442451 0.8496271967887878 29
1785326446220 0.8269506096839905 30
1785326449491 0.825735330581665 31
1785326452005 0.8316813707351685 32
1785326452829 0.8240876197814941 33
1785326453587 0.8100362420082092 34
1785326454342 0.7966572046279907 35
1785326455274 0.7917112112045288 36
1785326456062 0.7808992266654968 37
1785326457910 0.7694211006164551 38
1785326461697 0.7577003836631775 39
1785326465466 0.7479619979858398 40
1785326469097 0.7342305779457092 41
1785326469894 0.7260595560073853 42
1785326470753 0.7200738787651062 43
1785326471543 0.718096911907196 44
1785326472397 0.7169805765151978 45
1785326473377 0.7125223278999329 46
1785326475435 0.7119936943054199 47
1785326479590 0.7036257386207581 48
1785326483434 0.702544629573822 49
1785326486571 0.6966654062271118 50
1785326487460 0.6967658996582031 51
1785326488321 0.6914834380149841 52
1785326489320 0.6879106760025024 53
1785326490231 0.6775544285774231 54
1785326491243 0.6738632917404175 55
1785326495239 0.6693594455718994 56
1785326499006 0.6670366525650024 57
1785326502839 0.6616883873939514 58
1785326504385 0.6583899259567261 59
1785326505372 0.655034601688385 60
1785326506356 0.6472628712654114 61
1785326507363 0.6412325501441956 62
1785326508390 0.6356687545776367 63
1785326511778 0.6326630115509033 64
1785326515542 0.6293352842330933 65
1785326519294 0.6254454851150513 66
1785326521611 0.624718427658081 67
1785326522662 0.6198640465736389 68
1785326523696 0.6190524697303772 69
1785326524823 0.6197410821914673 70
1785326526142 0.6240352988243103 71
1785326529960 0.620975911617279 72
1785326533710 0.6198418140411377 73
1785326537558 0.6184059381484985 74
1785326539198 0.6155273914337158 75
1785326540186 0.6129035949707031 76
1785326541392 0.6113739013671875 77
1785326542534 0.6101763248443604 78
1785326544667 0.6100205779075623 79
1785326548646 0.6089602112770081 80
1785326552986 0.6070285439491272 81
1785326556049 0.6060383319854736 82
1785326557477 0.6031738519668579 83
1785326558733 0.6051149368286133 84
1785326559897 0.6053985357284546 85
1785326562407 0.6057682633399963 86
1785326566385 0.6058998703956604 87
1785326570238 0.6041198968887329 88
1785326573264 0.6049625873565674 89
1785326574520 0.6031544804573059 90
1785326575847 0.6037867069244385 91
1785326577017 0.6032001972198486 92
1785326579021 0.6002746224403381 93
1785326582855 0.5995302200317383 94
1785326586702 0.5996949076652527 95
1785326590364 0.5962715744972229 96
1785326591750 0.5959173440933228 97
1785326593302 0.5951590538024902 98
1785326594691 0.5937894582748413 99
1785326597767 0.5915521383285522 100
1785326601579 0.5898390412330627 101
1785326605357 0.5889503359794617 102
1785326608010 0.5851666927337646 103
1785326609325 0.5847929120063782 104
1785326610722 0.5832830667495728 105
1785326612022 0.5814633369445801 106
1785326615411 0.5804450511932373 107
1785326619395 0.5791507959365845 108
1785326623535 0.5794671177864075 109
1785326625736 0.5797228217124939 110
1785326627086 0.5804635286331177 111
1785326628534 0.5801262259483337 112
1785326630163 0.5799831748008728 113
1785326634119 0.5798569321632385 114
1785326637983 0.5793863534927368 115
1785326641871 0.5778927206993103 116
1785326643472 0.5794827342033386 117
1785326644870 0.5796827077865601 118
1785326646295 0.5795692205429077 119
1785326649147 0.5788677930831909 120
1785326653427 0.578852117061615 121
1785326657218 0.5794209837913513 122
1785326660009 0.5772688388824463 123
1785326661397 0.5783124566078186 124
1785326662936 0.5785956382751465 125
1785326664487 0.5782303810119629 126
1785326668575 0.5771700739860535 127
1785326672482 0.5785263180732727 128
1785326676360 0.577707052230835 129
1785326678450 0.5766251683235168 130
1785326680072 0.5772309899330139 131
1785326681577 0.5774184465408325 132
1785326685288 0.5763197541236877 133
1785326689611 0.575330913066864 134
1785326693603 0.574106752872467 135
1785326695751 0.5726662874221802 136
1785326697371 0.5707489848136902 137
1785326698970 0.5704570412635803 138
1785326703214 0.5689399242401123 139
1785326707169 0.5683645606040955 140
1785326711271 0.5674375295639038 141
1785326713082 0.5659859776496887 142
1785326714768 0.5657208561897278 143
1785326717144 0.5634541511535645 144
1785326721292 0.5621830224990845 145
1785326725479 0.5602906346321106 146
1785326728996 0.559119462966919 147
1785326730602 0.5604387521743774 148
1785326732405 0.5598358511924744 149
1785326734883 0.5582469701766968 150
1785326738919 0.5590100884437561 151
1785326742903 0.5578423142433167 152
1785326746493 0.558862030506134 153
1785326748436 0.5585845112800598 154
1785326750106 0.557815670967102 155
1785326753166 0.5564836859703064 156
1785326757127 0.5562543869018555 157
1785326761895 0.5550941824913025 158
1785326764621 0.5521721243858337 159
1785326766404 0.5501082539558411 160
1785326768187 0.5476205348968506 161
1785326772078 0.5465191006660461 162
1785326776097 0.5453481078147888 163
1785326780125 0.5441970229148865 164
1785326782237 0.5432769060134888 165
1785326783939 0.5414668917655945 166
1785326786283 0.5376563668251038 167
1785326790198 0.5363736152648926 168
1785326794696 0.5336394309997559 169
1785326798278 0.5335767269134521 170
1785326800177 0.5325602293014526 171
1785326801975 0.5286782383918762 172
1785326804810 0.5262432098388672 173
1785326808703 0.5249318480491638 174
1785326812707 0.5227105617523193 175
1785326815975 0.5199460983276367 176
1785326817932 0.5181820392608643 177
1785326819740 0.5160459280014038 178
1785326823094 0.5143030881881714 179
1785326826995 0.512144148349762 180
1785326831051 0.5091334581375122 181
1785326833680 0.5077730417251587 182
1785326835562 0.5052638649940491 183
1785326837431 0.5038226246833801 184
1785326841367 0.5014123916625977 185
1785326845435 0.49809253215789795 186
1785326849523 0.4942561089992523 187
1785326851487 0.4906383454799652 188
1785326853415 0.486472487449646 189
1785326855807 0.4817022383213043 190
1785326859747 0.4789773225784302 191
1785326863575 0.4765889048576355 192
1785326867329 0.4728245139122009 193
1785326869351 0.46806854009628296 194
1785326871288 0.4661649763584137 195
1785326874115 0.46243298053741455 196
1785326878087 0.45909303426742554 197
1785326882047 0.4565598666667938 198
1785326885343 0.4518490731716156 199
1785326887303 0.44771134853363037 200
1785326889208 0.4451692998409271 201
1785326892987 0.44081780314445496 202
1785326896927 0.4373001158237457 203
1785326900711 0.432106077671051 204
1785326903386 0.42670032382011414 205
1785326905342 0.42165449261665344 206
1785326908119 0.4161883294582367 207
1785326911996 0.40991833806037903 208
1785326915951 0.4040561020374298 209
1785326919527 0.3976585268974304 210
1785326921451 0.39247244596481323 211
1785326923553 0.38652074337005615 212
1785326927211 0.38042399287223816 213
1785326931554 0.3738492429256439 214
1785326935967 0.36736443638801575 215
1785326938018 0.35877108573913574 216
1785326940006 0.35201606154441833 217
1785326942467 0.34502142667770386 218
1785326946514 0.33677810430526733 219
1785326950407 0.32827994227409363 220
1785326954418 0.3198862373828888 221
1785326956433 0.3114749491214752 222
1785326958390 0.3020317256450653 223
1785326961991 0.29121774435043335 224
1785326966086 0.2810365855693817 225
1785326970467 0.2678966522216797 226
1785326972761 0.25644490122795105 227
1785326974649 0.2441868633031845 228
1785326977446 0.2287052422761917 229
1785326981371 0.21479900181293488 230
1785326985611 0.1992342174053192 231
1785326988927 0.18298926949501038 232
1785326990844 0.16466613113880157 233
1785326992986 0.1440960019826889 234
1785326996683 0.12213308364152908 235
1785327000707 0.09726537019014359 236
1785327004959 0.06033116579055786 237
1785327007543 0.043055493384599686 238
1785327009620 0.0002489446196705103 239
1785327012647 0.00024889930500648916 240
