1785326403389 9040.576171875 1
1785326403836 3221.96337890625 2
1785326404309 2503.44189453125 3
1785326406139 2251.3408203125 4
1785326409897 2118.23974609375 5
1785326413940 1361.1319580078125 6
1785326417160 1191.6517333984375 7
1785326417636 1024.2470703125 8
1785326418100 970.153564453125 9
1785326418636 967.6229858398438 10
1785326419123 739.9973754882812 11
1785326419559 658.754638671875 12
1785326420009 590.403076171875 13
1785326420546 590.1006469726562 14
1785326421047 581.3837890625 15
1785326421579 574.340576171875 16
1785326422664 533.3438110351562 17
1785326426512 462.9015197753906 18
1785326430828 433.63201904296875 19
1785326434391 421.1365661621094 20
1785326434946 417.3043518066406 21
1785326435558 367.43621826171875 22
1785326436072 360.63873291015625 23
1785326436870 342.8094787597656 24
1785326437416 335.864501953125 25
1785326438055 335.44451904296875 26
1785326438683 334.4910583496094 27
1785326439207 272.190185546875 28
1785326442440 257.38037109375 29
1785326446211 253.93508911132812 30
1785326449481 253.58871459960938 31
1785326451995 247.1451873779297 32
1785326452818 241.23985290527344 33
1785326453577 239.1537322998047 34
1785326454332 227.37551879882812 35
1785326455264 223.95477294921875 36
1785326456052 203.3690948486328 37
1785326457900 200.68643188476562 38
1785326461688 200.02359008789062 39
1785326465456 186.687744140625 40
1785326469087 173.57659912109375 41
1785326469883 166.97528076171875 42
1785326470743 166.18157958984375 43
1785326471533 154.59512329101562 44
1785326472387 153.34005737304688 45
1785326473367 142.3472900390625 46
1785326475424 141.89007568359375 47
1785326479580 139.9669952392578 48
1785326483424 139.4413299560547 49
1785326486561 135.05587768554688 50
1785326487450 132.1685333251953 51
1785326488312 130.80169677734375 52
1785326489310 127.16580200195312 53
1785326490221 126.87332153320312 54
1785326491233 124.95220947265625 55
1785326495228 121.47456359863281 56
1785326498996 120.41572570800781 57
1785326502828 117.63064575195312 58
1785326504375 116.76835632324219 59
1785326505362 113.22644805908203 60
1785326506346 112.25506591796875 61
1785326507353 98.86598205566406 62
1785326508380 98.26140594482422 63
1785326511768 98.24211120605469 64
1785326515532 96.5078353881836 65
1785326519284 96.30535888671875 66
1785326521601 95.73542022705078 67
1785326522652 95.49113464355469 68
1785326523686 94.90937805175781 69
1785326524813 94.07975769042969 70
1785326526132 93.91215515136719 71
1785326529948 93.13627624511719 72
1785326533700 93.03327941894531 73
1785326537548 92.5419921875 74
1785326539188 86.4930419921875 75
1785326540176 83.58358764648438 76
1785326541382 83.17447662353516 77
1785326542524 80.45970153808594 78
1785326544657 76.20366668701172 79
1785326548636 75.6554183959961 80
1785326552976 75.25076293945312 81
1785326556039 74.49596405029297 82
1785326557466 72.37910461425781 83
1785326558723 71.77497863769531 84
1785326559887 70.5890121459961 85
1785326562397 69.2878189086914 86
1785326566372 69.28178405761719 87
1785326570228 69.28084564208984 88
1785326573254 68.16944122314453 89
1785326574509 65.3151626586914 90
1785326575837 64.3476333618164 91
1785326577006 64.34577941894531 92
1785326579010 62.340919494628906 93
1785326582845 62.212738037109375 94
1785326586693 61.5192756652832 95
1785326590354 60.89875030517578 96
1785326591740 60.835670471191406 97
1785326593292 60.22843933105469 98
1785326594681 59.87122344970703 99
1785326597757 59.16875457763672 100
1785326601569 59.06483840942383 101
1785326605347 57.82964324951172 102
1785326608000 57.15732955932617 103
1785326609315 56.53425216674805 104
1785326610712 55.604331970214844 105
1785326612012 55.48032760620117 106
1785326615401 54.84104919433594 107
1785326619385 54.77064514160156 108
1785326623525 54.7660026550293 109
1785326625726 52.598697662353516 110
1785326627076 52.580284118652344 111
1785326628524 52.57318115234375 112
1785326630153 52.23219299316406 113
1785326634109 52.22537612915039 114
1785326637973 52.08710861206055 115
1785326641861 51.621376037597656 116
1785326643462 50.141334533691406 117
1785326644860 50.076995849609375 118
1785326646285 49.31488037109375 119
1785326649137 49.0462760925293 120
1785326653417 49.036949157714844 121
1785326657209 49.03190994262695 122
1785326659998 48.995330810546875 123
1785326661387 48.99359893798828 124
1785326662926 48.36967849731445 125
1785326664477 47.44252395629883 126
1785326668565 47.277099609375 127
1785326672472 46.96783447265625 128
1785326676350 46.55976867675781 129
1785326678441 45.923927307128906 130
1785326680063 45.453556060791016 131
1785326681567 45.206825256347656 132
1785326685279 45.17276382446289 133
1785326689601 45.171905517578125 134
1785326693593 45.17083740234375 135
1785326695741 44.23342514038086 136
1785326697361 44.194419860839844 137
1785326698960 44.134735107421875 138
1785326703205 44.11425018310547 139
1785326707160 44.08639907836914 140
1785326711261 42.57770538330078 141
1785326713072 42.28779602050781 142
1785326714758 42.27500915527344 143
1785326717133 40.93708801269531 144
1785326721281 40.932373046875 145
1785326725469 40.80680465698242 146
1785326728986 40.80109405517578 147
1785326730593 40.533084869384766 148
1785326732395 39.90685272216797 149
1785326734873 39.0119514465332 150
1785326738909 37.56673049926758 151
1785326742893 37.47044372558594 152
1785326746483 37.381256103515625 153
1785326748426 37.091285705566406 154
1785326750096 37.04729080200195 155
1785326753156 35.40343475341797 156
1785326757117 34.75090026855469 157
1785326761885 34.69163513183594 158
1785326764611 34.193138122558594 159
1785326766393 34.05043029785156 160
1785326768177 33.81785202026367 161
1785326772068 33.34824752807617 162
1785326776085 32.59556579589844 163
1785326780116 32.30560302734375 164
1785326782227 32.250125885009766 165
1785326783929 32.21551513671875 166
1785326786273 31.446765899658203 167
1785326790189 31.43092155456543 168
1785326794687 31.320175170898438 169
1785326798268 31.30304718017578 170
1785326800164 30.960613250732422 171
1785326801965 30.088668823242188 172
1785326804801 29.80789566040039 173
1785326808693 29.598896026611328 174
1785326812697 29.468524932861328 175
1785326815965 29.338499069213867 176
1785326817922 29.211151123046875 177
1785326819730 29.088674545288086 178
1785326823085 28.891292572021484 179
1785326826985 28.644237518310547 180
1785326831041 28.569246292114258 181
1785326833670 28.533496856689453 182
1785326835552 28.457481384277344 183
1785326837421 27.998306274414062 184
1785326841357 26.527847290039062 185
1785326845425 25.91482162475586 186
1785326849513 25.616193771362305 187
1785326851477 25.59539031982422 188
1785326853405 25.467126846313477 189
1785326855797 25.440879821777344 190
1785326859737 25.302703857421875 191
1785326863565 25.27255630493164 192
1785326867319 25.233142852783203 193
1785326869341 25.233070373535156 194
1785326871278 25.206541061401367 195
1785326874105 25.041805267333984 196
1785326878077 24.344200134277344 197
1785326882037 24.30699920654297 198
1785326885333 24.30613136291504 199
1785326887293 24.098041534423828 200
1785326889198 24.091381072998047 201
1785326892977 24.073806762695312 202
1785326896917 24.07377815246582 203
1785326900701 23.96070671081543 204
1785326903375 23.954784393310547 205
1785326905332 23.732120513916016 206
1785326908109 23.724536895751953 207
1785326911985 23.72193145751953 208
1785326915941 23.493534088134766 209
1785326919516 23.29969024658203 210
1785326921440 23.01919174194336 211
1785326923543 22.993446350097656 212
1785326927201 22.955381393432617 213
1785326931544 22.84542465209961 214
1785326935957 22.83889389038086 215
1785326938008 22.531795501708984 216
1785326939996 22.34973907470703 217
1785326942457 21.79998779296875 218
1785326946505 21.222322463989258 219
1785326950397 21.207046508789062 220
1785326954409 20.658138275146484 221
1785326956420 20.354581832885742 222
1785326958380 19.731090545654297 223
1785326961981 17.698034286499023 224
1785326966077 17.56314468383789 225
1785326970457 17.536052703857422 226
1785326972751 17.26156234741211 227
1785326974639 16.485759735107422 228
1785326977438 16.4372501373291 229
1785326981361 16.405757904052734 230
1785326985601 15.158443450927734 231
1785326988916 13.253992080688477 232
1785326990834 12.759147644042969 233
1785326992976 11.406627655029297 234
1785326996673 8.951831817626953 235
1785327000697 8.884119033813477 236
1785327004949 7.944470405578613 237
1785327007533 6.6950225830078125 238
1785327009609 4.4642249122262e-05 239
1785327012637 4.49107465101406e-05 240
