1785326403391 18.235694885253906 1
1785326403839 16.894433975219727 2
1785326404312 16.16450309753418 3
1785326406141 15.522992134094238 4
1785326409899 15.070964813232422 5
1785326413942 14.700146675109863 6
1785326417164 14.35224437713623 7
1785326417639 14.054259300231934 8
1785326418103 13.758305549621582 9
1785326418639 13.487833976745605 10
1785326419126 13.252954483032227 11
1785326419562 13.025837898254395 12
1785326420012 12.81800365447998 13
1785326420549 12.579998016357422 14
1785326421049 12.381258010864258 15
1785326421581 12.203372955322266 16
1785326422667 12.006444931030273 17
1785326426515 11.845800399780273 18
1785326430830 11.701991081237793 19
1785326434393 11.54963207244873 20
1785326434949 11.409114837646484 21
1785326435561 11.269360542297363 22
1785326436075 11.141047477722168 23
1785326436873 11.01656436920166 24
1785326437418 10.896368026733398 25
1785326438058 10.776200294494629 26
1785326438686 10.657593727111816 27
1785326439210 10.534381866455078 28
1785326442444 10.429815292358398 29
1785326446213 10.324869155883789 30
1785326449483 10.212091445922852 31
1785326451998 10.100874900817871 32
1785326452821 10.003198623657227 33
1785326453579 9.908324241638184 34
1785326454335 9.81296157836914 35
1785326455266 9.715043067932129 36
1785326456055 9.623661041259766 37
1785326457903 9.534195899963379 38
1785326461690 9.445981979370117 39
1785326465459 9.359957695007324 40
1785326469090 9.280794143676758 41
1785326469887 9.197806358337402 42
1785326470746 9.11444091796875 43
1785326471536 9.027836799621582 44
1785326472390 8.941967010498047 45
1785326473370 8.860233306884766 46
1785326475427 8.776030540466309 47
1785326479582 8.702954292297363 48
1785326483427 8.624261856079102 49
1785326486564 8.552338600158691 50
1785326487452 8.474303245544434 51
1785326488314 8.403597831726074 52
1785326489313 8.329282760620117 53
1785326490223 8.262880325317383 54
1785326491236 8.194940567016602 55
1785326495231 8.1312255859375 56
1785326498999 8.065865516662598 57
1785326502831 8.00478458404541 58
1785326504378 7.940378665924072 59
1785326505365 7.878119945526123 60
1785326506348 7.8179473876953125 61
1785326507356 7.758674621582031 62
1785326508383 7.697105884552002 63
1785326511771 7.63604736328125 64
1785326515535 7.575319290161133 65
1785326519287 7.516977310180664 66
1785326521603 7.456480503082275 67
1785326522655 7.399611473083496 68
1785326523689 7.339844703674316 69
1785326524815 7.280285835266113 70
1785326526135 7.219540119171143 71
1785326529951 7.165814399719238 72
1785326533703 7.109988212585449 73
1785326537551 7.057054042816162 74
1785326539191 7.005429744720459 75
1785326540178 6.954077243804932 76
1785326541385 6.902279853820801 77
1785326542527 6.851050853729248 78
1785326544659 6.798417091369629 79
1785326548639 6.747683525085449 80
1785326552979 6.698244094848633 81
1785326556042 6.648045063018799 82
1785326557469 6.599395275115967 83
1785326558726 6.547773361206055 84
1785326559889 6.497854709625244 85
1785326562399 6.448291301727295 86
1785326566374 6.398214817047119 87
1785326570231 6.349893569946289 88
1785326573257 6.3008198738098145 89
1785326574512 6.25341272354126 90
1785326575840 6.2049431800842285 91
1785326577009 6.157463550567627 92
1785326579013 6.111550331115723 93
1785326582847 6.066291332244873 94
1785326586695 6.019721508026123 95
1785326590357 5.976321697235107 96
1785326591742 5.930459499359131 97
1785326593295 5.8853559494018555 98
1785326594684 5.841564655303955 99
1785326597759 5.79810905456543 100
1785326601572 5.75445032119751 101
1785326605350 5.71026086807251 102
1785326608003 5.667980670928955 103
1785326609318 5.6238322257995605 104
1785326610715 5.579977512359619 105
1785326612015 5.537986755371094 106
1785326615403 5.494589805603027 107
1785326619387 5.451408386230469 108
1785326623528 5.407350540161133 109
1785326625729 5.3642449378967285 110
1785326627079 5.320687770843506 111
1785326628527 5.277834892272949 112
1785326630155 5.234421730041504 113
1785326634112 5.1911725997924805 114
1785326637976 5.148335933685303 115
1785326641864 5.107319355010986 116
1785326643465 5.064145088195801 117
1785326644863 5.022008419036865 118
1785326646287 4.980047702789307 119
1785326649140 4.938796043395996 120
1785326653420 4.8972249031066895 121
1785326657211 4.855964183807373 122
1785326660001 4.815341472625732 123
1785326661390 4.773425102233887 124
1785326662929 4.731962203979492 125
1785326664480 4.690900802612305 126
1785326668568 4.651010990142822 127
1785326672475 4.609179973602295 128
1785326676353 4.57072639465332 129
1785326678443 4.532583713531494 130
1785326680065 4.491969585418701 131
1785326681570 4.452265739440918 132
1785326685282 4.414613723754883 133
1785326689604 4.376113414764404 134
1785326693596 4.338158130645752 135
1785326695744 4.300069332122803 136
1785326697363 4.263180732727051 137
1785326698963 4.224096775054932 138
1785326703207 4.184970855712891 139
1785326707162 4.1457600593566895 140
1785326711264 4.107085227966309 141
1785326713075 4.069151878356934 142
1785326714760 4.030203342437744 143
1785326717135 3.993457555770874 144
1785326721284 3.9555885791778564 145
1785326725472 3.9186887741088867 146
1785326728988 3.8819127082824707 147
1785326730595 3.840400218963623 148
1785326732398 3.801441192626953 149
1785326734876 3.764300584793091 150
1785326738912 3.724351167678833 151
1785326742896 3.6866934299468994 152
1785326746486 3.6459758281707764 153
1785326748429 3.607194423675537 154
1785326750099 3.5689303874969482 155
1785326753159 3.5314278602600098 156
1785326757120 3.4922516345977783 157
1785326761888 3.454113245010376 158
1785326764614 3.417926073074341 159
1785326766396 3.381200075149536 160
1785326768180 3.3455984592437744 161
1785326772071 3.3076014518737793 162
1785326776088 3.2697699069976807 163
1785326780118 3.2312231063842773 164
1785326782230 3.192952871322632 165
1785326783932 3.1560206413269043 166
1785326786275 3.1209304332733154 167
1785326790191 3.0822346210479736 168
1785326794690 3.0449538230895996 169
1785326798271 3.004528284072876 170
1785326800167 2.964651346206665 171
1785326801968 2.9308717250823975 172
1785326804803 2.8938865661621094 173
1785326808696 2.8540008068084717 174
1785326812700 2.8169291019439697 175
1785326815968 2.778536081314087 176
1785326817924 2.739553928375244 177
1785326819733 2.7015421390533447 178
1785326823087 2.662078380584717 179
1785326826988 2.6221795082092285 180
1785326831044 2.584867238998413 181
1785326833673 2.544971227645874 182
1785326835555 2.5068109035491943 183
1785326837423 2.4655752182006836 184
1785326841359 2.4266510009765625 185
1785326845428 2.3888163566589355 186
1785326849516 2.3536174297332764 187
1785326851480 2.315045118331909 188
1785326853408 2.2770533561706543 189
1785326855799 2.2404887676239014 190
1785326859740 2.19834041595459 191
1785326863568 2.1572916507720947 192
1785326867322 2.1179771423339844 193
1785326869344 2.0808298587799072 194
1785326871281 2.0366365909576416 195
1785326874107 1.9944896697998047 196
1785326878079 1.9531478881835938 197
1785326882040 1.909531831741333 198
1785326885336 1.8710362911224365 199
1785326887296 1.8289719820022583 200
1785326889201 1.7823584079742432 201
1785326892980 1.74087393283844 202
1785326896920 1.6967558860778809 203
1785326900704 1.6564056873321533 204
1785326903378 1.617034912109375 205
1785326905335 1.5759941339492798 206
1785326908111 1.534209132194519 207
1785326911989 1.495787501335144 208
1785326915944 1.4520810842514038 209
1785326919520 1.411436915397644 210
1785326921444 1.3664891719818115 211
1785326923546 1.323493242263794 212
1785326927204 1.2784807682037354 213
1785326931547 1.2358485460281372 214
1785326935960 1.1908925771713257 215
1785326938011 1.149481177330017 216
1785326939999 1.1025822162628174 217
1785326942460 1.0568358898162842 218
1785326946507 1.009467363357544 219
1785326950400 0.9619452357292175 220
1785326954411 0.9124379754066467 221
1785326956422 0.864120602607727 222
1785326958383 0.8179627656936646 223
1785326961984 0.7722035050392151 224
1785326966079 0.7184956669807434 225
1785326970459 0.6773308515548706 226
1785326972753 0.6318193078041077 227
1785326974642 0.5786580443382263 228
1785326977440 0.5256640315055847 229
1785326981364 0.46940651535987854 230
1785326985604 0.4193161129951477 231
1785326988919 0.3673070967197418 232
1785326990837 0.3224337697029114 233
1785326992979 0.2654976546764374 234
1785326996676 0.22068564593791962 235
1785327000700 0.15830262005329132 236
1785327004952 0.08235470205545425 237
1785327007536 0.0479111447930336 238
1785327009612 0.0007858743192628026 239
1785327012640 0.0007827812223695219 240
