1785326403405 0.7503758668899536 1
1785326403856 0.7802979946136475 2
1785326404329 0.7908941507339478 3
1785326406173 0.8050000667572021 4
1785326409916 0.8163032531738281 5
1785326413975 0.8246296644210815 6
1785326417181 0.8285888433456421 7
1785326417656 0.832985520362854 8
1785326418120 0.8381695747375488 9
1785326418656 0.8433458805084229 10
1785326419143 0.8483104705810547 11
1785326419579 0.8519711494445801 12
1785326420029 0.8526439070701599 13
1785326420566 0.8588622808456421 14
1785326421066 0.8592650890350342 15
1785326421598 0.8622606992721558 16
1785326422683 0.8671429753303528 17
1785326426541 0.867773175239563 18
1785326430847 0.8699143528938293 19
1785326434410 0.8732958436012268 20
1785326434966 0.8735842108726501 21
1785326435579 0.8764273524284363 22
1785326436096 0.8767062425613403 23
1785326436891 0.877861499786377 24
1785326437435 0.8794025182723999 25
1785326438075 0.8821361660957336 26
1785326438702 0.8824090361595154 27
1785326439226 0.8853732347488403 28
1785326442461 0.8863312005996704 29
1785326446229 0.8883934020996094 30
1785326449500 0.8910531401634216 31
1785326452015 0.8914403915405273 32
1785326452839 0.8936843872070312 33
1785326453596 0.8957265615463257 34
1785326454352 0.8970742225646973 35
1785326455283 0.898184061050415 36
1785326456072 0.8994289040565491 37
1785326457920 0.9019196033477783 38
1785326461707 0.9037182331085205 39
1785326465476 0.9050840139389038 40
1785326469107 0.9066404104232788 41
1785326469903 0.9066884517669678 42
1785326470763 0.9081621170043945 43
1785326471553 0.9093238115310669 44
1785326472407 0.9102404117584229 45
1785326473387 0.9112311601638794 46
1785326475444 0.913699746131897 47
1785326479599 0.9150174260139465 48
1785326483444 0.9162924289703369 49
1785326486581 0.9167853593826294 50
1785326487469 0.9170719385147095 51
1785326488331 0.9193885922431946 52
1785326489330 0.9204105138778687 53
1785326490240 0.920894980430603 54
1785326491253 0.9229153394699097 55
1785326495248 0.9238520860671997 56
1785326499016 0.924031138420105 57
1785326502848 0.9247293472290039 58
1785326504395 0.9263297915458679 59
1785326505382 0.9269224405288696 60
1785326506365 0.9275792241096497 61
1785326507373 0.9277326464653015 62
1785326508399 0.9286871552467346 63
1785326511788 0.9297139644622803 64
1785326515552 0.9304506778717041 65
1785326519303 0.9305667877197266 66
1785326521620 0.9311208128929138 67
1785326522672 0.9316978454589844 68
1785326523706 0.9329877495765686 69
1785326524832 0.934211254119873 70
1785326526152 0.93473881483078 71
1785326529969 0.9352907538414001 72
1785326533719 0.9353878498077393 73
1785326537568 0.9360007047653198 74
1785326539209 0.9371418952941895 75
1785326540195 0.9385684728622437 76
1785326541402 0.938953161239624 77
1785326542543 0.9396315217018127 78
1785326544676 0.9411354064941406 79
1785326548655 0.941435694694519 80
1785326552995 0.9418585300445557 81
1785326556059 0.9424513578414917 82
1785326557486 0.9429317712783813 83
1785326558742 0.9442192316055298 84
1785326559906 0.9445493221282959 85
1785326562417 0.9452559947967529 86
1785326566402 0.9472234845161438 87
1785326570248 0.9480963945388794 88
1785326573274 0.9485352039337158 89
1785326574529 0.9486715793609619 90
1785326575857 0.950035572052002 91
1785326577026 0.9504512548446655 92
1785326579030 0.9513677358627319 93
1785326582864 0.9517986178398132 94
1785326586712 0.9522356390953064 95
1785326590374 0.9525699615478516 96
1785326591759 0.954088568687439 97
1785326593311 0.954531192779541 98
1785326594700 0.9548864364624023 99
1785326597776 0.9559466242790222 100
1785326601589 0.9562958478927612 101
1785326605366 0.9568191766738892 102
1785326608020 0.957309365272522 103
1785326609335 0.9584764242172241 104
1785326610732 0.9588625431060791 105
1785326612031 0.9591599702835083 106
1785326615420 0.9596675634384155 107
1785326619404 0.9602921009063721 108
1785326623544 0.9608240127563477 109
1785326625746 0.9615175724029541 110
1785326627096 0.9618883728981018 111
1785326628544 0.9623240828514099 112
1785326630172 0.9624618291854858 113
1785326634128 0.9629572033882141 114
1785326637993 0.9631820917129517 115
1785326641881 0.9635258316993713 116
1785326643482 0.9643212556838989 117
1785326644880 0.9653452038764954 118
1785326646304 0.9660890102386475 119
1785326649157 0.966596245765686 120
1785326653436 0.9671304225921631 121
1785326657228 0.9673117399215698 122
1785326660018 0.9676120281219482 123
1785326661407 0.9679809808731079 124
1785326662946 0.9683650732040405 125
1785326664496 0.9689766764640808 126
1785326668585 0.969352126121521 127
1785326672491 0.9701089262962341 128
1785326676374 0.9709981083869934 129
1785326678460 0.9715330600738525 130
1785326680082 0.971572756767273 131
1785326681587 0.9720906019210815 132
1785326685313 0.9731744527816772 133
1785326689621 0.9733877182006836 134
1785326693613 0.973970890045166 135
1785326695761 0.974378228187561 136
1785326697380 0.9753994345664978 137
1785326698980 0.9755891561508179 138
1785326703224 0.9765454530715942 139
1785326707179 0.9770331978797913 140
1785326711281 0.9777333736419678 141
1785326713091 0.9780711531639099 142
1785326714777 0.9785857796669006 143
1785326717154 0.9787933826446533 144
1785326721301 0.9791890978813171 145
1785326725489 0.9798892736434937 146
1785326729005 0.9801275134086609 147
1785326730612 0.980234682559967 148
1785326732415 0.9806405305862427 149
1785326734893 0.9810281991958618 150
1785326738929 0.9813638925552368 151
1785326742912 0.9820805191993713 152
1785326746511 0.9823715686798096 153
1785326748446 0.983094334602356 154
1785326750116 0.9837208986282349 155
1785326753175 0.9843652248382568 156
1785326757136 0.9845194816589355 157
1785326761905 0.9854046106338501 158
1785326764630 0.9863354563713074 159
1785326766413 0.9865248203277588 160
1785326768196 0.9868234395980835 161
1785326772088 0.9870203137397766 162
1785326776108 0.9874053001403809 163
1785326780136 0.9884196519851685 164
1785326782247 0.9885130524635315 165
1785326783949 0.9888055324554443 166
1785326786292 0.9889853000640869 167
1785326790208 0.9892374873161316 168
1785326794721 0.9893207550048828 169
1785326798288 0.9898703098297119 170
1785326800193 0.9902410507202148 171
1785326801985 0.9906346797943115 172
1785326804820 0.990877628326416 173
1785326808713 0.9911950826644897 174
1785326812723 0.9915530681610107 175
1785326815985 0.9917949438095093 176
1785326817941 0.9921702146530151 177
1785326819750 0.9923070669174194 178
1785326823104 0.9927403330802917 179
1785326827004 0.99305659532547 180
1785326831061 0.993398129940033 181
1785326833690 0.9937506914138794 182
1785326835572 0.9941539764404297 183
1785326837440 0.9945465922355652 184
1785326841376 0.9947818517684937 185
1785326845444 0.9951068162918091 186
1785326849533 0.9952095746994019 187
1785326851496 0.9952690601348877 188
1785326853425 0.9952962398529053 189
1785326855816 0.9956493377685547 190
1785326859757 0.9959582686424255 191
1785326863585 0.9961122274398804 192
1785326867339 0.996355414390564 193
1785326869361 0.9965764880180359 194
1785326871298 0.9970976710319519 195
1785326874124 0.9972891807556152 196
1785326878096 0.9974473714828491 197
1785326882057 0.9975911974906921 198
1785326885353 0.9977318048477173 199
1785326887313 0.9978644847869873 200
1785326889218 0.998104453086853 201
1785326892997 0.9982008934020996 202
1785326896937 0.9985016584396362 203
1785326900721 0.9986323714256287 204
1785326903395 0.9986460208892822 205
1785326905351 0.9987581372261047 206
1785326908128 0.9989817142486572 207
1785326912005 0.9990146160125732 208
1785326915961 0.9991681575775146 209
1785326919537 0.9992002844810486 210
1785326921460 0.9992626905441284 211
1785326923562 0.999333381652832 212
1785326927220 0.9993587732315063 213
1785326931563 0.9994253516197205 214
1785326935976 0.999482274055481 215
1785326938028 0.9994961023330688 216
1785326940016 0.9995369911193848 217
1785326942477 0.9996072053909302 218
1785326946522 0.9996613264083862 219
1785326950417 0.9997150301933289 220
1785326954427 0.9997507333755493 221
1785326956443 0.9997826218605042 222
1785326958400 0.9997988939285278 223
1785326962001 0.999824583530426 224
1785326966096 0.9998631477355957 225
1785326970476 0.9998729228973389 226
1785326972770 0.9998893737792969 227
1785326974658 0.9999195337295532 228
1785326977455 0.999928891658783 229
1785326981389 0.9999446868896484 230
1785326985621 0.9999561309814453 231
1785326988936 0.9999706149101257 232
1785326990854 0.9999791383743286 233
1785326992996 0.9999868273735046 234
1785326996693 0.9999922513961792 235
1785327000717 0.9999959468841553 236
1785327004969 0.9999992251396179 237
1785327007553 0.9999998211860657 238
1785327009630 1.0 239
1785327012657 1.0 240
