1785326403401 0.7321202754974365 1
1785326403851 0.7611618041992188 2
1785326404324 0.7788103222846985 3
1785326406168 0.7911148071289062 4
1785326409911 0.8010233640670776 5
1785326413970 0.8088433742523193 6
1785326417176 0.8150054812431335 7
1785326417651 0.8205059170722961 8
1785326418115 0.8266868591308594 9
1785326418651 0.8318743109703064 10
1785326419138 0.8355703949928284 11
1785326419574 0.8389900922775269 12
1785326420024 0.8423296809196472 13
1785326420561 0.8480032682418823 14
1785326421062 0.85185307264328 15
1785326421594 0.8547691106796265 16
1785326422679 0.8577526807785034 17
1785326426533 0.8606331944465637 18
1785326430842 0.8631402850151062 19
1785326434405 0.8662243485450745 20
1785326434961 0.8683111667633057 21
1785326435573 0.8707541227340698 22
1785326436087 0.8724857568740845 23
1785326436885 0.8743941187858582 24
1785326437430 0.8765008449554443 25
1785326438070 0.8781810402870178 26
1785326438698 0.8795569539070129 27
1785326439222 0.8812124729156494 28
1785326442456 0.8828433752059937 29
1785326446224 0.8843908905982971 30
1785326449496 0.8861108422279358 31
1785326452010 0.8877518177032471 32
1785326452834 0.8897321224212646 33
1785326453591 0.8912176489830017 34
1785326454347 0.8924399018287659 35
1785326455278 0.893894612789154 36
1785326456067 0.8953701257705688 37
1785326457915 0.8966900110244751 38
1785326461702 0.8980884552001953 39
1785326465471 0.8994685411453247 40
1785326469102 0.9006800055503845 41
1785326469899 0.9019517302513123 42
1785326470758 0.903274416923523 43
1785326471548 0.9044555425643921 44
1785326472402 0.9056202173233032 45
1785326473382 0.9068775177001953 46
1785326475439 0.9080847501754761 47
1785326479594 0.9092151522636414 48
1785326483439 0.9102997183799744 49
1785326486576 0.9114735126495361 50
1785326487464 0.91243577003479 51
1785326488326 0.9134784936904907 52
1785326489325 0.9144780039787292 53
1785326490235 0.9154537916183472 54
1785326491248 0.9164729714393616 55
1785326495243 0.9174434542655945 56
1785326499011 0.9183767437934875 57
1785326502843 0.919396698474884 58
1785326504390 0.9202694296836853 59
1785326505377 0.9211288690567017 60
1785326506360 0.9219119548797607 61
1785326507368 0.9228742122650146 62
1785326508395 0.9237051606178284 63
1785326511783 0.9246500730514526 64
1785326515547 0.925442636013031 65
1785326519298 0.9263736605644226 66
1785326521615 0.9273116588592529 67
1785326522667 0.9281796813011169 68
1785326523701 0.9289461970329285 69
1785326524827 0.9297454953193665 70
1785326526147 0.9304409027099609 71
1785326529965 0.9312753081321716 72
1785326533714 0.9320439696311951 73
1785326537563 0.9327935576438904 74
1785326539204 0.9335381984710693 75
1785326540190 0.9342780709266663 76
1785326541397 0.9350290298461914 77
1785326542539 0.9358345866203308 78
1785326544671 0.9364623427391052 79
1785326548650 0.9371205568313599 80
1785326552991 0.9377918243408203 81
1785326556054 0.9384012818336487 82
1785326557481 0.9390812516212463 83
1785326558738 0.9396952986717224 84
1785326559901 0.940305769443512 85
1785326562412 0.9409666061401367 86
1785326566397 0.9416103363037109 87
1785326570243 0.9422633647918701 88
1785326573269 0.9428704380989075 89
1785326574524 0.9435005187988281 90
1785326575852 0.9441788196563721 91
1785326577022 0.9447990655899048 92
1785326579026 0.9453868865966797 93
1785326582859 0.9460235238075256 94
1785326586707 0.9465951919555664 95
1785326590369 0.9472799897193909 96
1785326591754 0.9478132724761963 97
1785326593307 0.94838547706604 98
1785326594696 0.9489310383796692 99
1785326597771 0.9494728446006775 100
1785326601584 0.9499675035476685 101
1785326605362 0.9505065679550171 102
1785326608016 0.9510612487792969 103
1785326609330 0.9515993595123291 104
1785326610727 0.952076256275177 105
1785326612027 0.9526674151420593 106
1785326615415 0.9532083868980408 107
1785326619399 0.9536735415458679 108
1785326623540 0.9541944861412048 109
1785326625741 0.9547284841537476 110
1785326627091 0.9552632570266724 111
1785326628539 0.9557735919952393 112
1785326630167 0.956238329410553 113
1785326634124 0.9566989541053772 114
1785326637988 0.9571449756622314 115
1785326641876 0.9576787352561951 116
1785326643477 0.9581716656684875 117
1785326644875 0.9586624503135681 118
1785326646299 0.9591739773750305 119
1785326649152 0.9596230387687683 120
1785326653432 0.9600906372070312 121
1785326657223 0.9605942964553833 122
1785326660013 0.961056113243103 123
1785326661402 0.9614576697349548 124
1785326662941 0.9618943333625793 125
1785326664491 0.9623309969902039 126
1785326668580 0.962819516658783 127
1785326672486 0.9632511138916016 128
1785326676369 0.963690996170044 129
1785326678455 0.9641343951225281 130
1785326680077 0.9645723700523376 131
1785326681582 0.964999258518219 132
1785326685308 0.9654386043548584 133
1785326689616 0.9658746123313904 134
1785326693608 0.9663144946098328 135
1785326695756 0.9667378664016724 136
1785326697375 0.967147171497345 137
1785326698975 0.9675548076629639 138
1785326703219 0.9679372310638428 139
1785326707174 0.9683143496513367 140
1785326711276 0.9687419533729553 141
1785326713086 0.9691480994224548 142
1785326714772 0.969540536403656 143
1785326717150 0.9699716567993164 144
1785326721296 0.970316469669342 145
1785326725484 0.9706984758377075 146
1785326729001 0.9711177945137024 147
1785326730607 0.9714527130126953 148
1785326732410 0.9718160033226013 149
1785326734888 0.9721930027008057 150
1785326738924 0.9725478291511536 151
1785326742908 0.9729115962982178 152
1785326746506 0.973263680934906 153
1785326748441 0.9736512303352356 154
1785326750111 0.9739822149276733 155
1785326753171 0.9743961095809937 156
1785326757132 0.9747503995895386 157
1785326761900 0.9750967621803284 158
1785326764626 0.975476861000061 159
1785326766408 0.9758243560791016 160
1785326768192 0.9761561155319214 161
1785326772083 0.9764896631240845 162
1785326776103 0.9768307209014893 163
1785326780131 0.9772146940231323 164
1785326782242 0.9775310754776001 165
1785326783944 0.9778761267662048 166
1785326786287 0.978235125541687 167
1785326790203 0.9785628914833069 168
1785326794716 0.9789031744003296 169
1785326798283 0.9792346358299255 170
1785326800185 0.9795389771461487 171
1785326801980 0.9798938035964966 172
1785326804815 0.9802321195602417 173
1785326808708 0.9805536866188049 174
1785326812719 0.9808793663978577 175
1785326815980 0.9811762571334839 176
1785326817936 0.9814806580543518 177
1785326819745 0.9818058013916016 178
1785326823099 0.982100784778595 179
1785326827000 0.9824206233024597 180
1785326831056 0.9827322363853455 181
1785326833685 0.9830074906349182 182
1785326835567 0.9833043217658997 183
1785326837436 0.9836298823356628 184
1785326841371 0.9840347170829773 185
1785326845440 0.984357476234436 186
1785326849528 0.9846481680870056 187
1785326851492 0.9849376082420349 188
1785326853420 0.9852522611618042 189
1785326855811 0.9855688810348511 190
1785326859752 0.9858065247535706 191
1785326863580 0.986128568649292 192
1785326867334 0.9864189028739929 193
1785326869356 0.9867490530014038 194
1785326871293 0.9870593547821045 195
1785326874119 0.9873250126838684 196
1785326878091 0.9876313805580139 197
1785326882052 0.9879492521286011 198
1785326885348 0.9882477521896362 199
1785326887308 0.9885243773460388 200
1785326889213 0.9888021945953369 201
1785326892992 0.9891179203987122 202
1785326896932 0.9893993139266968 203
1785326900716 0.9897065758705139 204
1785326903390 0.9900193810462952 205
1785326905347 0.9903132319450378 206
1785326908124 0.9906101822853088 207
1785326912001 0.9909167885780334 208
1785326915956 0.9911910891532898 209
1785326919532 0.9915313720703125 210
1785326921456 0.991805911064148 211
1785326923558 0.9921168684959412 212
1785326927216 0.9924121499061584 213
1785326931559 0.9927287697792053 214
1785326935972 0.993010938167572 215
1785326938023 0.9932591915130615 216
1785326940011 0.9935580492019653 217
1785326942472 0.9938136339187622 218
1785326946518 0.9940964579582214 219
1785326950412 0.9943820238113403 220
1785326954422 0.9947203397750854 221
1785326956438 0.9950549006462097 222
1785326958395 0.9954013228416443 223
1785326961996 0.9957078099250793 224
1785326966091 0.9959728121757507 225
1785326970471 0.9962303638458252 226
1785326972765 0.9965416193008423 227
1785326974654 0.9968286156654358 228
1785326977451 0.9970738887786865 229
1785326981384 0.9973500370979309 230
1785326985616 0.9977826476097107 231
1785326988931 0.9981463551521301 232
1785326990849 0.9985151886940002 233
1785326992991 0.9988080263137817 234
1785326996688 0.9991864562034607 235
1785327000712 0.9995361566543579 236
1785327004964 0.9997956156730652 237
1785327007548 0.9998605251312256 238
1785327009625 1.0 239
1785327012652 1.0 240
