1785326403400 5.658633232116699 1
1785326403850 5.169133186340332 2
1785326404323 4.854517936706543 3
1785326406167 4.756791591644287 4
1785326409910 4.530679702758789 5
1785326413969 4.519935607910156 6
1785326417175 4.302707195281982 7
1785326417650 4.309357643127441 8
1785326418114 4.2297821044921875 9
1785326418650 4.135166168212891 10
1785326419137 4.09812068939209 11
1785326419573 4.081063270568848 12
1785326420023 4.015959739685059 13
1785326420559 3.938325881958008 14
1785326421060 3.880770683288574 15
1785326421592 3.826533079147339 16
1785326422677 3.7537360191345215 17
1785326426530 3.703174114227295 18
1785326430841 3.6902618408203125 19
1785326434404 3.6716325283050537 20
1785326434960 3.616239547729492 21
1785326435572 3.5999810695648193 22
1785326436085 3.568603992462158 23
1785326436884 3.523557424545288 24
1785326437429 3.5047316551208496 25
1785326438069 3.4970765113830566 26
1785326438697 3.472316265106201 27
1785326439220 3.4492197036743164 28
1785326442454 3.43565034866333 29
1785326446223 3.413985252380371 30
1785326449494 3.377849578857422 31
1785326452009 3.338317632675171 32
1785326452833 3.3375236988067627 33
1785326453590 3.329557418823242 34
1785326454346 3.3020272254943848 35
1785326455277 3.2814230918884277 36
1785326456066 3.2585785388946533 37
1785326457914 3.2378311157226562 38
1785326461701 3.2126407623291016 39
1785326465470 3.1725125312805176 40
1785326469101 3.145857334136963 41
1785326469897 3.134099006652832 42
1785326470757 3.092177391052246 43
1785326471547 3.0853805541992188 44
1785326472401 3.0555124282836914 45
1785326473380 3.0375537872314453 46
1785326475438 2.9999008178710938 47
1785326479593 2.980208396911621 48
1785326483438 2.953868865966797 49
1785326486575 2.952793598175049 50
1785326487463 2.934297561645508 51
1785326488325 2.924299716949463 52
1785326489324 2.913285732269287 53
1785326490234 2.9043784141540527 54
1785326491247 2.865952491760254 55
1785326495242 2.8340823650360107 56
1785326499010 2.819788932800293 57
1785326502842 2.810514450073242 58
1785326504389 2.7906532287597656 59
1785326505376 2.769655704498291 60
1785326506359 2.7511086463928223 61
1785326507367 2.7335867881774902 62
1785326508393 2.7116165161132812 63
1785326511782 2.6898961067199707 64
1785326515546 2.671618938446045 65
1785326519297 2.671915292739868 66
1785326521614 2.645569324493408 67
1785326522666 2.6329362392425537 68
1785326523700 2.61830735206604 69
1785326524826 2.5954461097717285 70
1785326526146 2.5806355476379395 71
1785326529963 2.569000720977783 72
1785326533713 2.562314033508301 73
1785326537562 2.543410062789917 74
1785326539202 2.5199966430664062 75
1785326540189 2.516350746154785 76
1785326541396 2.5043692588806152 77
1785326542538 2.4954757690429688 78
1785326544670 2.474867343902588 79
1785326548649 2.4568514823913574 80
1785326552989 2.442885398864746 81
1785326556053 2.4372000694274902 82
1785326557480 2.426551103591919 83
1785326558736 2.411893367767334 84
1785326559900 2.394622564315796 85
1785326562411 2.3621182441711426 86
1785326566388 2.357398509979248 87
1785326570242 2.3494582176208496 88
1785326573268 2.3450913429260254 89
1785326574523 2.335752010345459 90
1785326575851 2.3209266662597656 91
1785326577020 2.2977144718170166 92
1785326579024 2.2815918922424316 93
1785326582858 2.2778866291046143 94
1785326586706 2.263004779815674 95
1785326590368 2.248777389526367 96
1785326591753 2.2363409996032715 97
1785326593305 2.2208874225616455 98
1785326594694 2.1949987411499023 99
1785326597770 2.1839678287506104 100
1785326601583 2.148285150527954 101
1785326605360 2.1399991512298584 102
1785326608014 2.1214828491210938 103
1785326609329 2.1156139373779297 104
1785326610726 2.112673282623291 105
1785326612025 2.0979809761047363 106
1785326615414 2.082430362701416 107
1785326619398 2.070255756378174 108
1785326623538 2.0421557426452637 109
1785326625740 2.0334959030151367 110
1785326627090 2.0150253772735596 111
1785326628538 2.003939628601074 112
1785326630166 1.9841222763061523 113
1785326634122 1.9828765392303467 114
1785326637987 1.9673526287078857 115
1785326641875 1.9490855932235718 116
1785326643476 1.9309561252593994 117
1785326644874 1.9201387166976929 118
1785326646298 1.9108693599700928 119
1785326649151 1.9021556377410889 120
1785326653430 1.8851280212402344 121
1785326657222 1.879408836364746 122
1785326660012 1.862267017364502 123
1785326661401 1.8547676801681519 124
1785326662940 1.842064619064331 125
1785326664490 1.8370306491851807 126
1785326668579 1.8267678022384644 127
1785326672485 1.8207701444625854 128
1785326676368 1.8067268133163452 129
1785326678454 1.7757364511489868 130
1785326680076 1.765059232711792 131
1785326681581 1.7589929103851318 132
1785326685307 1.745727777481079 133
1785326689615 1.7411835193634033 134
1785326693607 1.723505973815918 135
1785326695755 1.716566801071167 136
1785326697374 1.7040220499038696 137
1785326698974 1.6922487020492554 138
1785326703218 1.6757030487060547 139
1785326707173 1.6614971160888672 140
1785326711275 1.6601824760437012 141
1785326713085 1.6420670747756958 142
1785326714771 1.6135191917419434 143
1785326717148 1.5890473127365112 144
1785326721295 1.590386152267456 145
1785326725483 1.5493319034576416 146
1785326728999 1.5331430435180664 147
1785326730606 1.5132139921188354 148
1785326732409 1.4869948625564575 149
1785326734887 1.4718372821807861 150
1785326738923 1.4595831632614136 151
1785326742906 1.44063138961792 152
1785326746496 1.4335426092147827 153
1785326748440 1.4300049543380737 154
1785326750110 1.4118068218231201 155
1785326753169 1.3856091499328613 156
1785326757130 1.3648574352264404 157
1785326761899 1.3424475193023682 158
1785326764624 1.319047212600708 159
1785326766407 1.314471960067749 160
1785326768190 1.2843708992004395 161
1785326772082 1.2593886852264404 162
1785326776102 1.235499382019043 163
1785326780129 1.1881822347640991 164
1785326782241 1.1696269512176514 165
1785326783943 1.1381206512451172 166
1785326786286 1.1003193855285645 167
1785326790202 1.092594861984253 168
1785326794715 1.0731947422027588 169
1785326798282 1.0584715604782104 170
1785326800183 1.0149030685424805 171
1785326801979 1.0054092407226562 172
1785326804814 0.9851169586181641 173
1785326808707 0.9620432257652283 174
1785326812717 0.9524940252304077 175
1785326815979 0.9276350736618042 176
1785326817935 0.9088794589042664 177
1785326819744 0.8948493599891663 178
1785326823098 0.8792520761489868 179
1785326826998 0.8422537446022034 180
1785326831055 0.822951078414917 181
1785326833684 0.7857049107551575 182
1785326835566 0.7779148817062378 183
1785326837434 0.7615102529525757 184
1785326841370 0.7432862520217896 185
1785326845438 0.7278679609298706 186
1785326849527 0.7019687294960022 187
1785326851490 0.6837551593780518 188
1785326853419 0.6653474569320679 189
1785326855810 0.6504401564598083 190
1785326859751 0.6288076043128967 191
1785326863579 0.6056814193725586 192
1785326867333 0.5931800603866577 193
1785326869355 0.5824968814849854 194
1785326871292 0.5521622896194458 195
1785326874118 0.5379849672317505 196
1785326878090 0.5040148496627808 197
1785326882051 0.49428123235702515 198
1785326885347 0.47421929240226746 199
1785326887307 0.4510079026222229 200
1785326889212 0.43016284704208374 201
1785326892991 0.4177088737487793 202
1785326896931 0.3854188323020935 203
1785326900715 0.3672088086605072 204
1785326903389 0.3553236722946167 205
1785326905345 0.34363797307014465 206
1785326908122 0.3391699194908142 207
1785326911999 0.3326762914657593 208
1785326915955 0.31519708037376404 209
1785326919531 0.30195119976997375 210
1785326921454 0.2962472438812256 211
1785326923556 0.27248889207839966 212
1785326927214 0.264010488986969 213
1785326931557 0.25548624992370605 214
1785326935970 0.24237360060214996 215
1785326938022 0.23314058780670166 216
1785326940010 0.22373822331428528 217
1785326942471 0.2076444923877716 218
1785326946517 0.19813448190689087 219
1785326950411 0.18730375170707703 220
1785326954421 0.1707972288131714 221
1785326956437 0.1595401167869568 222
1785326958394 0.15505202114582062 223
1785326961995 0.1442337930202484 224
1785326966090 0.12543044984340668 225
1785326970470 0.11728755384683609 226
1785326972764 0.11139936745166779 227
1785326974652 0.09948308020830154 228
1785326977450 0.08782623708248138 229
1785326981383 0.07437728345394135 230
1785326985615 0.06430558860301971 231
1785326988930 0.05802319571375847 232
1785326990848 0.04885346442461014 233
1785326992990 0.034874364733695984 234
1785326996687 0.0278836190700531 235
1785327000711 0.01731983944773674 236
1785327004963 0.005123006645590067 237
1785327007547 0.002888413378968835 238
1785327009624 0.0001498161582276225 239
1785327012651 0.00014887274301145226 240
