1785326403394 95.08194732666016 1
1785326403843 56.7623405456543 2
1785326404316 50.03440856933594 3
1785326406144 47.44829559326172 4
1785326409903 46.02433776855469 5
1785326413949 36.89352035522461 6
1785326417167 34.52030944824219 7
1785326417643 32.00386047363281 8
1785326418107 31.147287368774414 9
1785326418643 31.106639862060547 10
1785326419130 27.202892303466797 11
1785326419565 25.666215896606445 12
1785326420016 24.2982120513916 13
1785326420552 24.2919864654541 14
1785326421053 24.111902236938477 15
1785326421585 23.965404510498047 16
1785326422670 23.09423828125 17
1785326426518 21.515146255493164 18
1785326430834 20.823833465576172 19
1785326434397 20.5216121673584 20
1785326434953 20.428028106689453 21
1785326435565 19.16862678527832 22
1785326436078 18.990489959716797 23
1785326436877 18.51511573791504 24
1785326437422 18.32660675048828 25
1785326438062 18.315143585205078 26
1785326438689 18.28909683227539 27
1785326439213 16.498188018798828 28
1785326442447 16.043079376220703 29
1785326446217 15.935340881347656 30
1785326449487 15.924468994140625 31
1785326452002 15.72085189819336 32
1785326452826 15.53189754486084 33
1785326453583 15.464595794677734 34
1785326454339 15.078975677490234 35
1785326455270 14.965118408203125 36
1785326456059 14.260753631591797 37
1785326457906 14.166383743286133 38
1785326461694 14.142970085144043 39
1785326465462 13.663372039794922 40
1785326469094 13.174847602844238 41
1785326469890 12.921891212463379 42
1785326470750 12.891143798828125 43
1785326471539 12.433629035949707 44
1785326472394 12.383055686950684 45
1785326473373 11.930938720703125 46
1785326475431 11.911762237548828 47
1785326479586 11.830764770507812 48
1785326483431 11.808527946472168 49
1785326486568 11.621354103088379 50
1785326487456 11.49645709991455 51
1785326488318 11.436857223510742 52
1785326489317 11.27678108215332 53
1785326490227 11.263805389404297 54
1785326491239 11.178202629089355 55
1785326495235 11.021550178527832 56
1785326499003 10.973409652709961 57
1785326502835 10.845766067504883 58
1785326504382 10.805940628051758 59
1785326505368 10.640791893005371 60
1785326506352 10.595048904418945 61
1785326507360 9.943137168884277 62
1785326508386 9.912689208984375 63
1785326511775 9.911715507507324 64
1785326515539 9.823840141296387 65
1785326519290 9.813529014587402 66
1785326521607 9.78444766998291 67
1785326522659 9.771956443786621 68
1785326523692 9.742144584655762 69
1785326524819 9.699472427368164 70
1785326526138 9.690828323364258 71
1785326529956 9.650713920593262 72
1785326533706 9.645376205444336 73
1785326537555 9.619874954223633 74
1785326539194 9.300163269042969 75
1785326540182 9.142406463623047 76
1785326541389 9.120004653930664 77
1785326542530 8.96993350982666 78
1785326544663 8.729471206665039 79
1785326548643 8.698012351989746 80
1785326552982 8.67471981048584 81
1785326556046 8.631104469299316 82
1785326557473 8.507591247558594 83
1785326558729 8.47201156616211 84
1785326559893 8.401726722717285 85
1785326562403 8.323930740356445 86
1785326566381 8.323568344116211 87
1785326570235 8.323512077331543 88
1785326573261 8.256478309631348 89
1785326574516 8.081779479980469 90
1785326575844 8.021697998046875 91
1785326577013 8.021581649780273 92
1785326579017 7.895626544952393 93
1785326582851 7.887505054473877 94
1785326586699 7.8434224128723145 95
1785326590361 7.803765296936035 96
1785326591746 7.799722671508789 97
1785326593298 7.760698318481445 98
1785326594687 7.737649917602539 99
1785326597763 7.692122936248779 100
1785326601576 7.685365200042725 101
1785326605353 7.604580402374268 102
1785326608006 7.560246467590332 103
1785326609321 7.51892614364624 104
1785326610718 7.456831455230713 105
1785326612018 7.448511600494385 106
1785326615407 7.4054741859436035 107
1785326619391 7.400719165802002 108
1785326623531 7.400405406951904 109
1785326625733 7.252495765686035 110
1785326627083 7.251226425170898 111
1785326628531 7.250736713409424 112
1785326630159 7.227184295654297 113
1785326634115 7.226712703704834 114
1785326637980 7.217139720916748 115
1785326641867 7.1848015785217285 116
1785326643468 7.0810546875 117
1785326644866 7.076509952545166 118
1785326646291 7.022455215454102 119
1785326649143 7.003304481506348 120
1785326653423 7.002638816833496 121
1785326657215 7.002278804779053 122
1785326660005 6.999666690826416 123
1785326661394 6.999542713165283 124
1785326662932 6.954831123352051 125
1785326664483 6.887853145599365 126
1785326668571 6.8758344650268555 127
1785326672478 6.853308200836182 128
1785326676357 6.823472023010254 129
1785326678447 6.776719570159912 130
1785326680069 6.741925239562988 131
1785326681573 6.723602294921875 132
1785326685285 6.721068859100342 133
1785326689608 6.721004962921143 134
1785326693599 6.720925331115723 135
1785326695748 6.650821208953857 136
1785326697367 6.64788818359375 137
1785326698966 6.643397808074951 138
1785326703211 6.641855716705322 139
1785326707166 6.639759063720703 140
1785326711267 6.5251593589782715 141
1785326713078 6.502906799316406 142
1785326714764 6.501923561096191 143
1785326717140 6.398209571838379 144
1785326721288 6.397841453552246 145
1785326725476 6.3880205154418945 146
1785326728992 6.3875732421875 147
1785326730599 6.366559982299805 148
1785326732401 6.317187309265137 149
1785326734879 6.245954990386963 150
1785326738916 6.1291704177856445 151
1785326742899 6.121310710906982 152
1785326746489 6.114021301269531 153
1785326748432 6.090261459350586 154
1785326750103 6.086648464202881 155
1785326753162 5.95007848739624 156
1785326757123 5.894989490509033 157
1785326761891 5.889960765838623 158
1785326764617 5.847489833831787 159
1785326766400 5.835274696350098 160
1785326768183 5.815311908721924 161
1785326772074 5.774794101715088 162
1785326776093 5.709252834320068 163
1785326780122 5.683801651000977 164
1785326782234 5.678919315338135 165
1785326783936 5.6758713722229 166
1785326786279 5.607741832733154 167
1785326790195 5.60632848739624 168
1785326794693 5.596443176269531 169
1785326798275 5.594912528991699 170
1785326800171 5.564226150512695 171
1785326801972 5.485313892364502 172
1785326804807 5.459660530090332 173
1785326808700 5.440486907958984 174
1785326812704 5.428492069244385 175
1785326815972 5.416502475738525 176
1785326817928 5.404734134674072 177
1785326819737 5.3933916091918945 178
1785326823091 5.375061988830566 179
1785326826991 5.352031230926514 180
1785326831048 5.345020771026611 181
1785326833677 5.341675281524658 182
1785326835559 5.334555625915527 183
1785326837427 5.291342735290527 184
1785326841363 5.150518894195557 185
1785326845431 5.090660095214844 186
1785326849519 5.061244487762451 187
1785326851483 5.0591888427734375 188
1785326853412 5.046496391296387 189
1785326855803 5.043895244598389 190
1785326859744 5.030179500579834 191
1785326863572 5.027181625366211 192
1785326867325 5.023260116577148 193
1785326869348 5.023252964019775 194
1785326871284 5.020611763000488 195
1785326874111 5.004179000854492 196
1785326878083 4.933984279632568 197
1785326882044 4.93021297454834 198
1785326885339 4.930124759674072 199
1785326887300 4.908975601196289 200
1785326889205 4.908297061920166 201
1785326892983 4.906506538391113 202
1785326896924 4.906503677368164 203
1785326900708 4.894967555999756 204
1785326903382 4.894362449645996 205
1785326905338 4.871562480926514 206
1785326908115 4.870783805847168 207
1785326911992 4.870516777038574 208
1785326915948 4.847012996673584 209
1785326919524 4.826975345611572 210
1785326921447 4.797832012176514 211
1785326923549 4.7951483726501465 212
1785326927207 4.791177272796631 213
1785326931550 4.779688835144043 214
1785326935963 4.779005527496338 215
1785326938014 4.746767044067383 216
1785326940003 4.727550983428955 217
1785326942464 4.669045925140381 218
1785326946510 4.60676908493042 219
1785326950404 4.605111122131348 220
1785326954415 4.5451226234436035 221
1785326956426 4.511605262756348 222
1785326958386 4.441969394683838 223
1785326961987 4.206902980804443 224
1785326966083 4.190840721130371 225
1785326970463 4.1876068115234375 226
1785326972757 4.154703617095947 227
1785326974645 4.060266017913818 228
1785326977443 4.054287910461426 229
1785326981368 4.0504021644592285 230
1785326985607 3.8933844566345215 231
1785326988923 3.6406033039093018 232
1785326990841 3.5719950199127197 233
1785326992983 3.3773698806762695 234
1785326996680 2.9919612407684326 235
1785327000704 2.980623960494995 236
1785327004956 2.818593740463257 237
1785327007539 2.5874741077423096 238
1785327009616 0.006681485567241907 239
1785327012644 0.006701548118144274 240
