1781884650236 0.0 1
1781884650237 0.0 2
1781884650238 0.0 3
1781884650239 0.0 4
1781884650240 0.0 5
1781884650241 0.0 6
1781884650242 0.0 7
1781884650243 0.0 8
1781884650244 0.0 9
1781884650245 0.0 10
1781884650246 0.0 11
1781884650247 0.0 12
1781884650247 0.0 13
1781884650248 0.0 14
1781884650249 0.0 15
1781884650250 0.0 16
1781884650251 0.0 17
1781884650252 0.0 18
1781884650253 0.0 19
1781884650254 0.0 20
1781884650255 0.0 21
1781884650256 0.0 22
1781884650257 0.0 23
1781884650258 0.0 24
1781884650258 0.0 25
1781884650259 0.0 26
1781884650260 0.0 27
1781884650261 0.0 28
1781884650262 0.0 29
1781884650263 0.0 30
1781884650264 0.0 31
1781884650265 0.0 32
1781884650266 0.0 33
1781884650267 0.0 34
1781884650268 0.0 35
1781884650269 0.0 36
1781884650269 0.0 37
1781884650270 0.0 38
1781884650271 0.0 39
1781884650272 0.0 40
1781884650273 0.0 41
1781884650274 0.0 42
1781884650275 0.0 43
1781884650276 0.0 44
1781884650277 0.0 45
1781884650278 0.0 46
1781884650279 0.0 47
1781884650280 0.0 48
1781884650280 0.0 49
1781884650281 0.0 50
1781884650282 0.0 51
1781884650283 0.0 52
1781884650284 0.0 53
1781884650285 0.0 54
1781884650286 0.0 55
1781884650287 0.0 56
1781884650288 0.0 57
1781884650289 0.0 58
1781884650290 0.0 59
1781884650291 0.0 60
1781884650291 0.0 61
1781884650292 0.0 62
1781884650293 0.0 63
1781884650294 0.0 64
1781884650295 0.0 65
1781884650296 0.0 66
1781884650297 0.0 67
1781884650298 0.0 68
1781884650299 0.0 69
1781884650300 0.0 70
1781884650301 0.0 71
1781884650302 0.0 72
1781884650303 0.0 73
1781884650304 0.0 74
1781884650304 0.0 75
1781884650305 0.0 76
1781884650306 0.0 77
1781884650307 0.0 78
1781884650308 0.0 79
1781884650309 0.0 80
1781884650310 0.0 81
1781884650311 0.0 82
1781884650312 0.0 83
1781884650313 0.0 84
1781884650314 0.0 85
1781884650315 0.0 86
1781884650315 0.0 87
1781884650316 0.0 88
1781884650317 0.0 89
1781884650318 0.0 90
1781884650319 0.0 91
1781884650320 0.0 92
1781884650321 0.0 93
