1781884650064 0.1770819827914238 1
1781884650065 0.13769089967012405 2
1781884650066 0.10748108573257924 3
1781884650067 0.0840250524878502 4
1781884650068 0.06683055095374585 5
1781884650069 0.05382229262962937 6
1781884650070 0.04372730944305658 7
1781884650071 0.035737288994714615 8
1781884650072 0.02949468957260251 9
1781884650073 0.02458388983272016 10
1781884650074 0.020724070770666004 11
1781884650075 0.017646913561038674 12
1781884650076 0.015142158754169941 13
1781884650076 0.013107249466702341 14
1781884650077 0.011450837492011487 15
1781884650078 0.010071757612749935 16
1781884650079 0.00891295332228765 17
1781884650080 0.007920269714668393 18
1781884650081 0.007065131943672896 19
1781884650082 0.006337749636732042 20
1781884650083 0.005720174836460501 21
1781884650084 0.005194876627065241 22
1781884650085 0.004742188670206815 23
1781884650086 0.004349348727846519 24
1781884650087 0.003993968763388693 25
1781884650088 0.0036752247484400868 26
1781884650089 0.00338793664239347 27
1781884650089 0.0031358997547067703 28
1781884650090 0.002926822246517986 29
1781884650091 0.0027437215181998907 30
1781884650092 0.002580156599287875 31
1781884650093 0.0024342449550749734 32
1781884650094 0.002285160855972208 33
1781884650095 0.0021583142050076278 34
1781884650096 0.002061556007829495 35
1781884650097 0.0019663445302285252 36
1781884650098 0.0018685193412238733 37
1781884650099 0.0017796186212217435 38
1781884650100 0.001701997107011266 39
1781884650101 0.001641778077755589 40
1781884650101 0.001592901326948777 41
1781884650102 0.0015609976937412285 42
1781884650103 0.001516528489300981 43
1781884650104 0.0014529671997297556 44
1781884650105 0.001394399005221203 45
1781884650106 0.0013484876998700202 46
1781884650107 0.0013158157901489176 47
1781884650108 0.0012934151338413358 48
1781884650109 0.0012662007271137554 49
1781884650110 0.0012415708974003793 50
1781884650111 0.0012171690484683495 51
1781884650112 0.0011888101184740663 52
1781884650113 0.0011658132961019875 53
1781884650114 0.0011520348128397017 54
1781884650115 0.0011446102302579675 55
1781884650115 0.0011370750256173778 56
1781884650116 0.0011173911992227658 57
1781884650117 0.0010906630298995878 58
1781884650118 0.0010654512345354306 59
1781884650119 0.001053120774886338 60
1781884650120 0.001039190586670884 61
1781884650121 0.0010377636050543516 62
1781884650122 0.001047932336005033 63
1781884650123 0.0010434601395536446 64
1781884650124 0.0010174533183453605 65
1781884650125 0.0010012435522367014 66
1781884650126 0.0009860201752599097 67
1781884650127 0.0009763629265944474 68
1781884650127 0.0009710598793026292 69
1781884650128 0.000975732016377151 70
1781884650129 0.0009638169568643207 71
1781884650130 0.0009361047897255048 72
1781884650131 0.0009281207655294565 73
1781884650132 0.00092164307643543 74
1781884650133 0.0009171651531505631 75
1781884650134 0.0009130358622496715 76
1781884650135 0.0009090891958840074 77
1781884650136 0.0009044507596991025 78
1781884650137 0.0009019084204919636 79
1781884650138 0.0008997543725854484 80
1781884650138 0.0008975619918055599 81
1781884650139 0.00089541056768212 82
1781884650140 0.0008930902237625559 83
1781884650141 0.0008908317729583359 84
1781884650142 0.0008880801370469272 85
1781884650143 0.0008866790693355142 86
1781884650144 0.0008854793017235352 87
1781884650145 0.000884130394042586 88
1781884650146 0.0008827962563736947 89
1781884650147 0.0008814429914127686 90
1781884650148 0.000880119350986206 91
1781884650149 0.000878452575270785 92
1781884650150 0.0008776821679930436 93
