1781884650322 0.0 1
1781884650323 0.0 2
1781884650324 0.0 3
1781884650325 0.0 4
1781884650326 0.0 5
1781884650327 0.0 6
1781884650327 0.0 7
1781884650328 0.0 8
1781884650329 0.0 9
1781884650330 0.0 10
1781884650331 0.0 11
1781884650332 0.0 12
1781884650333 0.0 13
1781884650334 0.0 14
1781884650335 0.0 15
1781884650336 0.0 16
1781884650337 0.0 17
1781884650338 0.0 18
1781884650338 0.0 19
1781884650339 0.0 20
1781884650340 0.0 21
1781884650341 0.0 22
1781884650342 0.0 23
1781884650343 0.0 24
1781884650344 0.0 25
1781884650345 0.0 26
1781884650346 0.0 27
1781884650347 0.0 28
1781884650348 0.0 29
1781884650349 0.0 30
1781884650349 0.0 31
1781884650350 0.0 32
1781884650351 0.0 33
1781884650352 0.0 34
1781884650353 0.0 35
1781884650354 0.0 36
1781884650355 0.0 37
1781884650356 0.0 38
1781884650357 0.0 39
1781884650358 0.0 40
1781884650359 0.0 41
1781884650360 0.0 42
1781884650361 0.0 43
1781884650361 0.0 44
1781884650362 0.0 45
1781884650363 0.0 46
1781884650364 0.0 47
1781884650365 0.0 48
1781884650366 0.0 49
1781884650367 0.0 50
1781884650368 0.0 51
1781884650369 0.0 52
1781884650370 0.0 53
1781884650371 0.0 54
1781884650372 0.0 55
1781884650372 0.0 56
1781884650373 0.0 57
1781884650374 0.0 58
1781884650375 0.0 59
1781884650376 0.0 60
1781884650377 0.0 61
1781884650378 0.0 62
1781884650379 0.0 63
1781884650380 0.0 64
1781884650381 0.0 65
1781884650382 0.0 66
1781884650382 0.0 67
1781884650383 0.0 68
1781884650384 0.0 69
1781884650385 0.0 70
1781884650386 0.0 71
1781884650387 0.0 72
1781884650387 0.0 73
1781884650388 0.0 74
1781884650389 0.0 75
1781884650390 0.0 76
1781884650391 0.0 77
1781884650392 0.0 78
1781884650393 0.0 79
1781884650393 0.0 80
1781884650394 0.0 81
1781884650395 0.0 82
1781884650396 0.0 83
1781884650397 0.0 84
1781884650398 0.0 85
1781884650399 0.0 86
1781884650399 0.0 87
1781884650400 0.0 88
1781884650401 0.0 89
1781884650402 0.0 90
1781884650403 0.0 91
1781884650404 0.0 92
1781884650405 0.0 93
