1783877775453 0.1964364143460989 1
1783877775455 0.06766669044271112 2
1783877775456 0.024399399170652033 3
1783877775458 0.012689633795525878 4
1783877775459 0.008484454317949712 5
1783877775461 0.006621919164899737 6
1783877775462 0.005600966168567538 7
1783877775464 0.004809201239841059 8
1783877775465 0.004381836186512373 9
1783877775467 0.003912246686522849 10
1783877775468 0.0037488513422431423 11
1783877775470 0.0034395372081780806 12
1783877775471 0.003230540439253673 13
1783877775473 0.0030857587794889695 14
1783877775474 0.0028754051800933666 15
1783877775476 0.0027878592899651267 16
1783877775477 0.0027300526210456157 17
1783877775479 0.0025741240530624053 18
1783877775480 0.002653757417865563 19
1783877775482 0.002568107277911622 20
1783877775483 0.0023955146403750404 21
1783877775485 0.00234024877572665 22
1783877775486 0.002404931006312836 23
1783877775488 0.0023218741227174176 24
1783877775489 0.00223778159415815 25
1783877775491 0.002215792361530475 26
1783877775492 0.002224586285883561 27
1783877775494 0.002189574978547171 28
1783877775495 0.0021699537053063976 29
1783877775497 0.0022065355330414603 30
1783877775498 0.002105589316342957 31
1783877775500 0.0021542011451674624 32
1783877775501 0.0021336797435651533 33
1783877775503 0.0020758258381101766 34
1783877775504 0.0020739819858863486 35
1783877775506 0.002110987904452486 36
1783877775507 0.0020899550599278883 37
1783877775509 0.002050452295225114 38
1783877775510 0.0020144616642210167 39
1783877775512 0.0020409663376631214 40
1783877775513 0.0021083237008133436 41
1783877775514 0.0020011204513139093 42
1783877775516 0.0020228691547526977 43
1783877775517 0.001995712824718794 44
1783877775519 0.002007036513678031 45
1783877775520 0.001968948264257051 46
1783877775522 0.0019426392704190222 47
1783877775523 0.0019110510431346484 48
1783877775525 0.0018981975370843428 49
1783877775526 0.0018783763592364266 50
1783877775528 0.0018788925198896323 51
1783877775529 0.001878675581974676 52
1783877775531 0.0018663203989854082 53
1783877775532 0.0018340669012104627 54
1783877775534 0.001847802110860357 55
1783877775535 0.0018524225927831139 56
1783877775537 0.0018290337713551708 57
1783877775538 0.0018321935558924451 58
1783877775540 0.0018221828930836638 59
1783877775541 0.0018293033455847763 60
1783877775543 0.0018212397482420784 61
1783877775544 0.001821748001384549 62
1783877775546 0.00183325535748736 63
1783877775547 0.0018228649462980683 64
1783877775548 0.0018121961118595209 65
1783877775550 0.001810059098934289 66
1783877775551 0.001821583418204682 67
1783877775553 0.0018199683127750176 68
1783877775554 0.001814693749329308 69
