1783877775743 0.0 1
1783877775745 0.0 2
1783877775746 0.0 3
1783877775747 0.0 4
1783877775749 0.0 5
1783877775750 0.0 6
1783877775751 0.0 7
1783877775753 0.0 8
1783877775754 0.0 9
1783877775755 0.0 10
1783877775756 0.0 11
1783877775758 0.0 12
1783877775759 0.0 13
1783877775760 0.0 14
1783877775761 0.0 15
1783877775763 0.0 16
1783877775764 0.0 17
1783877775766 0.0 18
1783877775767 0.0 19
1783877775768 0.0 20
1783877775769 0.0 21
1783877775771 0.0 22
1783877775772 0.0 23
1783877775773 0.0 24
1783877775774 0.0 25
1783877775775 0.0 26
1783877775777 0.0 27
1783877775778 0.0 28
1783877775780 0.0 29
1783877775781 0.0 30
1783877775782 0.0 31
1783877775784 0.0 32
1783877775785 0.0 33
1783877775786 0.0 34
1783877775787 0.0 35
1783877775789 0.0 36
1783877775790 0.0 37
1783877775791 0.0 38
1783877775792 0.0 39
1783877775794 0.0 40
1783877775795 0.0 41
1783877775796 0.0 42
1783877775798 0.0 43
1783877775799 0.0 44
1783877775800 0.0 45
1783877775802 0.0 46
1783877775803 0.0 47
1783877775804 0.0 48
1783877775805 0.0 49
1783877775807 0.0 50
1783877775808 0.0 51
1783877775809 0.0 52
1783877775810 0.0 53
1783877775812 0.0 54
1783877775813 0.0 55
1783877775814 0.0 56
1783877775816 0.0 57
1783877775817 0.0 58
1783877775818 0.0 59
1783877775819 0.0 60
1783877775821 0.0 61
1783877775822 0.0 62
1783877775823 0.0 63
1783877775824 0.0 64
1783877775825 0.0 65
1783877775827 0.0 66
1783877775828 0.0 67
1783877775830 0.0 68
1783877775831 0.0 69
