1782241015097 0.0 1
1782241015098 0.0 2
1782241015100 0.0 3
1782241015101 0.0 4
1782241015102 0.0 5
1782241015103 0.0 6
1782241015105 0.0 7
1782241015106 0.0 8
1782241015107 0.0 9
1782241015108 0.0 10
1782241015110 0.0 11
1782241015111 0.0 12
1782241015112 0.0 13
1782241015113 0.0 14
1782241015115 0.0 15
1782241015116 0.0 16
1782241015117 0.0 17
1782241015118 0.0 18
1782241015120 0.0 19
1782241015121 0.0 20
1782241015122 0.0 21
1782241015123 0.0 22
1782241015125 0.0 23
1782241015126 0.0 24
1782241015127 0.0 25
1782241015128 0.0 26
1782241015130 0.0 27
1782241015131 0.0 28
1782241015132 0.0 29
1782241015133 0.0 30
1782241015135 0.0 31
1782241015136 0.0 32
1782241015137 0.0 33
1782241015139 0.0 34
1782241015140 0.0 35
1782241015141 0.0 36
1782241015142 0.0 37
1782241015144 0.0 38
1782241015145 0.0 39
1782241015146 0.0 40
1782241015147 0.0 41
1782241015149 0.0 42
1782241015150 0.0 43
1782241015151 0.0 44
1782241015152 0.0 45
1782241015154 0.0 46
1782241015155 0.0 47
1782241015156 0.0 48
1782241015157 0.0 49
1782241015159 0.0 50
1782241015160 0.0 51
1782241015161 0.0 52
1782241015162 0.0 53
1782241015164 0.0 54
1782241015165 0.0 55
1782241015166 0.0 56
1782241015167 0.0 57
1782241015169 0.0 58
1782241015170 0.0 59
1782241015171 0.0 60
1782241015172 0.0 61
