1782241014944 0.13379844576120375 1
1782241014945 0.046433778842911125 2
1782241014946 0.022641143323853613 3
1782241014948 0.013273128420114516 4
1782241014949 0.008879799454007298 5
1782241014950 0.006513963877223432 6
1782241014952 0.005101071349345148 7
1782241014953 0.004296256664674729 8
1782241014954 0.0036355556349735706 9
1782241014955 0.0031687978171976282 10
1782241014957 0.0028591364063322543 11
1782241014958 0.0026193557103397326 12
1782241014959 0.0023668776673730465 13
1782241014960 0.0022393093310529365 14
1782241014962 0.0022489954385673627 15
1782241014963 0.0019915064974338746 16
1782241014964 0.0019204367476049812 17
1782241014965 0.0017578601359855383 18
1782241014967 0.0016306196444202214 19
1782241014968 0.001574443559802603 20
1782241014969 0.0015678513262537307 21
1782241014970 0.0015127837122417987 22
1782241014972 0.0014944862294942142 23
1782241014973 0.0014376757988065947 24
1782241014974 0.0013725406894809567 25
1782241014975 0.0013404875052219723 26
1782241014977 0.0013345124923216645 27
1782241014978 0.0013036297551298048 28
1782241014979 0.0012739012532983908 29
1782241014980 0.0012497940599860158 30
1782241014982 0.0012214780936483293 31
1782241014983 0.0012337731404113584 32
1782241014984 0.001225066432816675 33
1782241014986 0.001167346430302132 34
1782241014987 0.0011143947457458126 35
1782241014988 0.0010958600784215379 36
1782241014989 0.0010957046155817807 37
1782241014991 0.0010914541641250254 38
1782241014992 0.0010511667245009448 39
1782241014993 0.0009946096950443461 40
1782241014994 0.0009675934128608787 41
1782241014996 0.0009510379756829934 42
1782241014997 0.0009389484324492514 43
1782241014998 0.000929125691036461 44
1782241014999 0.0009216010823729448 45
1782241015001 0.0009087641688529401 46
1782241015002 0.0008987918161437846 47
1782241015003 0.0008925551373249618 48
1782241015004 0.0008863875544193433 49
1782241015006 0.0008812677566311322 50
1782241015007 0.00087556663864234 51
1782241015008 0.0008699732519016834 52
1782241015009 0.0008627877892286051 53
1782241015011 0.000857989654323319 54
1782241015012 0.0008544658472237642 55
1782241015013 0.0008511796899983892 56
1782241015014 0.0008477557529840851 57
1782241015016 0.0008442292657855433 58
1782241015017 0.0008411841432825895 59
1782241015018 0.0008365828805108322 60
1782241015019 0.0008343309476185823 61
