1782225544184 0.13211244612932205 1
1782225544185 0.04769196586683393 2
1782225544187 0.022737383297644555 3
1782225544188 0.013533446714282036 4
1782225544189 0.009325053091160954 5
1782225544190 0.006787350531667471 6
1782225544192 0.005523952153744176 7
1782225544193 0.004550924685318023 8
1782225544194 0.003910572787281126 9
1782225544195 0.0033422584063373508 10
1782225544197 0.003022245916072279 11
1782225544198 0.0027838963217800485 12
1782225544199 0.0025164470297750086 13
1782225544200 0.002309307822724804 14
1782225544202 0.0021672779822256415 15
1782225544203 0.002131204499164596 16
1782225544204 0.002002168171457015 17
1782225544205 0.0020744086828199215 18
1782225544207 0.001864072063472122 19
1782225544208 0.0017348442558431999 20
1782225544209 0.0016739755944581703 21
1782225544210 0.001652210618776735 22
1782225544212 0.0015475086586957331 23
1782225544213 0.0014987146222847515 24
1782225544214 0.001494275326404022 25
1782225544215 0.001473066707549151 26
1782225544217 0.001509253074764274 27
1782225544218 0.001373026500659762 28
1782225544219 0.0012807356969278772 29
1782225544220 0.0012412267082254403 30
1782225544222 0.0012172398848633748 31
1782225544223 0.0011974290340731387 32
1782225544224 0.001182810389000224 33
1782225544226 0.0011709352061734534 34
1782225544227 0.0011576301541936119 35
1782225544228 0.0011540471517946572 36
1782225544229 0.0011584639860666357 37
1782225544231 0.0011601443865947659 38
1782225544232 0.0011422858106379863 39
1782225544233 0.001126138853505836 40
1782225544234 0.001128266956729931 41
1782225544236 0.0011137451657123165 42
1782225544237 0.0010863737274485175 43
1782225544238 0.001056627456418937 44
1782225544239 0.0010570639428624418 45
1782225544241 0.0010372262255259556 46
1782225544242 0.0010054460729588754 47
1782225544243 0.000976730805123225 48
1782225544244 0.0009662902856507571 49
1782225544246 0.0009573754391749389 50
1782225544247 0.0009494970616651699 51
1782225544248 0.0009429062467825133 52
1782225544249 0.0009373859401239315 53
1782225544251 0.0009272802592022345 54
1782225544252 0.0009211512382898946 55
1782225544253 0.0009165685491461773 56
1782225544254 0.0009127873613033444 57
1782225544256 0.0009091515802720096 58
1782225544257 0.0009049344923550962 59
1782225544258 0.0009011618827935308 60
1782225544259 0.0008948901931580622 61
1782225544261 0.0008922846658242634 62
1782225544262 0.0008899391985323745 63
1782225544263 0.0008878047031612369 64
1782225544264 0.0008856957568787038 65
1782225544266 0.0008833531238633441 66
1782225544267 0.000880971487131319 67
1782225544268 0.0008775626747956266 68
1782225544269 0.0008761899481760338 69
