1782225544438 0.0 1
1782225544439 0.0 2
1782225544440 0.0 3
1782225544442 0.0 4
1782225544443 0.0 5
1782225544444 0.0 6
1782225544445 0.0 7
1782225544447 0.0 8
1782225544448 0.0 9
1782225544449 0.0 10
1782225544450 0.0 11
1782225544451 0.0 12
1782225544452 0.0 13
1782225544454 0.0 14
1782225544455 0.0 15
1782225544456 0.0 16
1782225544457 0.0 17
1782225544458 0.0 18
1782225544459 0.0 19
1782225544460 0.0 20
1782225544461 0.0 21
1782225544462 0.0 22
1782225544463 0.0 23
1782225544465 0.0 24
1782225544466 0.0 25
1782225544467 0.0 26
1782225544468 0.0 27
1782225544469 0.0 28
1782225544470 0.0 29
1782225544471 0.0 30
1782225544472 0.0 31
1782225544473 0.0 32
1782225544474 0.0 33
1782225544475 0.0 34
1782225544476 0.0 35
1782225544478 0.0 36
1782225544479 0.0 37
1782225544480 0.0 38
1782225544482 0.0 39
1782225544483 0.0 40
1782225544484 0.0 41
1782225544485 0.0 42
1782225544486 0.0 43
1782225544488 0.0 44
1782225544489 0.0 45
1782225544490 0.0 46
1782225544491 0.0 47
1782225544493 0.0 48
1782225544494 0.0 49
1782225544495 0.0 50
1782225544496 0.0 51
1782225544498 0.0 52
1782225544499 0.0 53
1782225544500 0.0 54
1782225544501 0.0 55
1782225544502 0.0 56
1782225544504 0.0 57
1782225544505 0.0 58
1782225544506 0.0 59
1782225544507 0.0 60
1782225544508 0.0 61
1782225544509 0.0 62
1782225544511 0.0 63
1782225544512 0.0 64
1782225544513 0.0 65
1782225544514 0.0 66
1782225544515 0.0 67
1782225544516 0.0 68
1782225544517 0.0 69
