1782225544357 0.0 1
1782225544358 0.0 2
1782225544359 0.0 3
1782225544361 0.0 4
1782225544362 0.0 5
1782225544363 0.0 6
1782225544365 0.0 7
1782225544366 0.0 8
1782225544367 0.0 9
1782225544368 0.0 10
1782225544370 0.0 11
1782225544371 0.0 12
1782225544372 0.0 13
1782225544373 0.0 14
1782225544375 0.0 15
1782225544376 0.0 16
1782225544377 0.0 17
1782225544378 0.0 18
1782225544380 0.0 19
1782225544381 0.0 20
1782225544382 0.0 21
1782225544383 0.0 22
1782225544385 0.0 23
1782225544386 0.0 24
1782225544387 0.0 25
1782225544388 0.0 26
1782225544389 0.0 27
1782225544390 0.0 28
1782225544391 0.0 29
1782225544393 0.0 30
1782225544394 0.0 31
1782225544395 0.0 32
1782225544396 0.0 33
1782225544397 0.0 34
1782225544398 0.0 35
1782225544399 0.0 36
1782225544401 0.0 37
1782225544402 0.0 38
1782225544403 0.0 39
1782225544404 0.0 40
1782225544405 0.0 41
1782225544406 0.0 42
1782225544407 0.0 43
1782225544408 0.0 44
1782225544409 0.0 45
1782225544410 0.0 46
1782225544411 0.0 47
1782225544412 0.0 48
1782225544413 0.0 49
1782225544415 0.0 50
1782225544416 0.0 51
1782225544417 0.0 52
1782225544418 0.0 53
1782225544419 0.0 54
1782225544421 0.0 55
1782225544422 0.0 56
1782225544423 0.0 57
1782225544424 0.0 58
1782225544425 0.0 59
1782225544426 0.0 60
1782225544427 0.0 61
1782225544428 0.0 62
1782225544429 0.0 63
1782225544431 0.0 64
1782225544432 0.0 65
1782225544433 0.0 66
1782225544434 0.0 67
1782225544435 0.0 68
1782225544437 0.0 69
