1783895441339 0.0 1
1783895441340 0.0 2
1783895441342 0.0 3
1783895441343 0.0 4
1783895441344 0.0 5
1783895441346 0.0 6
1783895441347 0.0 7
1783895441349 0.0 8
1783895441350 0.0 9
1783895441352 0.0 10
1783895441353 0.0 11
1783895441355 0.0 12
1783895441356 0.0 13
1783895441357 0.0 14
1783895441359 0.0 15
1783895441360 0.0 16
1783895441362 0.0 17
1783895441363 0.0 18
1783895441365 0.0 19
1783895441366 0.0 20
1783895441367 0.0 21
1783895441369 0.0 22
1783895441370 0.0 23
1783895441372 0.0 24
1783895441373 0.0 25
1783895441375 0.0 26
1783895441376 0.0 27
1783895441378 0.0 28
1783895441379 0.0 29
1783895441381 0.0 30
1783895441382 0.0 31
1783895441383 0.0 32
1783895441385 0.0 33
1783895441386 0.0 34
1783895441388 0.0 35
1783895441389 0.0 36
1783895441391 0.0 37
1783895441392 0.0 38
1783895441393 0.0 39
1783895441395 0.0 40
1783895441396 0.0 41
1783895441398 0.0 42
1783895441399 0.0 43
1783895441401 0.0 44
1783895441402 0.0 45
1783895441404 0.0 46
1783895441405 0.0 47
1783895441406 0.0 48
1783895441408 0.0 49
1783895441409 0.0 50
1783895441411 0.0 51
1783895441412 0.0 52
1783895441414 0.0 53
1783895441415 0.0 54
1783895441417 0.0 55
1783895441418 0.0 56
1783895441420 0.0 57
1783895441421 0.0 58
1783895441422 0.0 59
1783895441424 0.0 60
1783895441425 0.0 61
1783895441427 0.0 62
1783895441428 0.0 63
1783895441430 0.0 64
1783895441431 0.0 65
1783895441432 0.0 66
1783895441434 0.0 67
1783895441435 0.0 68
1783895441437 0.0 69
1783895441438 0.0 70
1783895441440 0.0 71
1783895441441 0.0 72
1783895441442 0.0 73
1783895441444 0.0 74
1783895441445 0.0 75
1783895441447 0.0 76
1783895441448 0.0 77
1783895441450 0.0 78
1783895441451 0.0 79
1783895441453 0.0 80
1783895441454 0.0 81
1783895441455 0.0 82
1783895441457 0.0 83
1783895441458 0.0 84
1783895441460 0.0 85
1783895441461 0.0 86
1783895441463 0.0 87
1783895441464 0.0 88
1783895441465 0.0 89
1783895441467 0.0 90
1783895441468 0.0 91
1783895441470 0.0 92
1783895441471 0.0 93
1783895441473 0.0 94
1783895441474 0.0 95
1783895441475 0.0 96
1783895441477 0.0 97
1783895441478 0.0 98
1783895441480 0.0 99
1783895441481 0.0 100
