1783895441483 0.0 1
1783895441484 0.0 2
1783895441486 0.0 3
1783895441487 0.0 4
1783895441489 0.0 5
1783895441490 0.0 6
1783895441492 0.0 7
1783895441493 0.0 8
1783895441494 0.0 9
1783895441496 0.0 10
1783895441497 0.0 11
1783895441499 0.0 12
1783895441500 0.0 13
1783895441502 0.0 14
1783895441503 0.0 15
1783895441505 0.0 16
1783895441506 0.0 17
1783895441507 0.0 18
1783895441509 0.0 19
1783895441510 0.0 20
1783895441512 0.0 21
1783895441513 0.0 22
1783895441515 0.0 23
1783895441516 0.0 24
1783895441518 0.0 25
1783895441519 0.0 26
1783895441520 0.0 27
1783895441522 0.0 28
1783895441523 0.0 29
1783895441525 0.0 30
1783895441526 0.0 31
1783895441528 0.0 32
1783895441529 0.0 33
1783895441531 0.0 34
1783895441532 0.0 35
1783895441533 0.0 36
1783895441535 0.0 37
1783895441536 0.0 38
1783895441538 0.0 39
1783895441539 0.0 40
1783895441541 0.0 41
1783895441543 0.0 42
1783895441544 0.0 43
1783895441546 0.0 44
1783895441547 0.0 45
1783895441549 0.0 46
1783895441550 0.0 47
1783895441552 0.0 48
1783895441553 0.0 49
1783895441554 0.0 50
1783895441556 0.0 51
1783895441557 0.0 52
1783895441559 0.0 53
1783895441560 0.0 54
1783895441562 0.0 55
1783895441563 0.0 56
1783895441565 0.0 57
1783895441566 0.0 58
1783895441567 0.0 59
1783895441569 0.0 60
1783895441570 0.0 61
1783895441572 0.0 62
1783895441573 0.0 63
1783895441575 0.0 64
1783895441576 0.0 65
1783895441578 0.0 66
1783895441579 0.0 67
1783895441581 0.0 68
1783895441582 0.0 69
1783895441583 0.0 70
1783895441585 0.0 71
1783895441586 0.0 72
1783895441588 0.0 73
1783895441589 0.0 74
1783895441591 0.0 75
1783895441592 0.0 76
1783895441594 0.0 77
1783895441595 0.0 78
1783895441596 0.0 79
1783895441598 0.0 80
1783895441599 0.0 81
1783895441601 0.0 82
1783895441602 0.0 83
1783895441604 0.0 84
1783895441605 0.0 85
1783895441606 0.0 86
1783895441608 0.0 87
1783895441609 0.0 88
1783895441611 0.0 89
1783895441612 0.0 90
1783895441614 0.0 91
1783895441615 0.0 92
1783895441617 0.0 93
1783895441618 0.0 94
1783895441620 0.0 95
1783895441621 0.0 96
1783895441622 0.0 97
1783895441624 0.0 98
1783895441625 0.0 99
1783895441627 0.0 100
