1783927344002 0.21321157537400723 1
1783927344004 0.12102918054908514 2
1783927344005 0.05879399083554745 3
1783927344007 0.029754757890477778 4
1783927344009 0.017720867488533257 5
1783927344010 0.011825548831839115 6
1783927344012 0.00866334124468267 7
1783927344013 0.006636324557475746 8
1783927344015 0.0053653843014035375 9
1783927344016 0.004499038339126855 10
1783927344018 0.003925235631177202 11
1783927344019 0.003399759248131886 12
1783927344021 0.0030975085456157103 13
1783927344022 0.00278644640580751 14
1783927344024 0.0025892440968891604 15
1783927344025 0.002443887252593413 16
1783927344027 0.002284211025107652 17
1783927344028 0.0021480095124570653 18
1783927344030 0.002060348755330779 19
1783927344031 0.002005301310564391 20
1783927344033 0.0019380622496828438 21
1783927344035 0.0018422584532527253 22
1783927344036 0.0017851389464340172 23
1783927344038 0.0017388667116756552 24
1783927344039 0.0017158553877379746 25
1783927344041 0.0016699920137762093 26
1783927344042 0.0015994445999967866 27
1783927344044 0.0015834458732570055 28
1783927344045 0.0015577709305216558 29
1783927344047 0.0014971459357184358 30
1783927344048 0.0015076673270959873 31
1783927344050 0.001453449530818034 32
1783927344051 0.0014574435866961722 33
1783927344053 0.001465471288684057 34
1783927344054 0.001414421977387974 35
1783927344056 0.0013561073326854966 36
1783927344057 0.001302973518613726 37
1783927344059 0.0012990669917780906 38
1783927344060 0.0012728284361946862 39
1783927344062 0.001249330748250941 40
1783927344063 0.0012430759055860109 41
1783927344065 0.0012406688419287094 42
1783927344067 0.0012392125790938735 43
1783927344068 0.0012153772836609278 44
1783927344070 0.0012056928842503112 45
1783927344071 0.0012075448989344296 46
1783927344073 0.0011900673907075544 47
1783927344074 0.0011924694417393767 48
1783927344076 0.0011651007771433797 49
1783927344077 0.0011549627695058007 50
1783927344079 0.0011509636946721003 51
1783927344080 0.0011423479979566764 52
1783927344082 0.0011527605640003458 53
1783927344083 0.001130637237947667 54
1783927344085 0.0011392687611078145 55
1783927344086 0.0011252305521338712 56
1783927344088 0.0011222120649472345 57
1783927344089 0.0011183907446684317 58
1783927344091 0.0011295399315713439 59
1783927344092 0.001116814313136274 60
1783927344094 0.0011059515326633119 61
1783927344095 0.0011131002735055517 62
1783927344097 0.001102189010634902 63
1783927344098 0.0011045074784487951 64
1783927344100 0.001089071153473924 65
1783927344101 0.001092210618808167 66
1783927344103 0.0010908730131632184 67
1783927344104 0.0010985839751083404 68
1783927344106 0.0010953928734670625 69
1783927344107 0.0011004343957756646 70
1783927344109 0.0010891899523267057 71
1783927344110 0.0010875879781815456 72
1783927344112 0.0010861131594720064 73
1783927344113 0.001083443173993146 74
1783927344115 0.0010899407051329036 75
