1783927344343 0.0 1
1783927344345 0.0 2
1783927344346 0.0 3
1783927344348 0.0 4
1783927344349 0.0 5
1783927344351 0.0 6
1783927344352 0.0 7
1783927344354 0.0 8
1783927344355 0.0 9
1783927344357 0.0 10
1783927344358 0.0 11
1783927344360 0.0 12
1783927344361 0.0 13
1783927344363 0.0 14
1783927344364 0.0 15
1783927344366 0.0 16
1783927344367 0.0 17
1783927344369 0.0 18
1783927344370 0.0 19
1783927344372 0.0 20
1783927344373 0.0 21
1783927344375 0.0 22
1783927344376 0.0 23
1783927344378 0.0 24
1783927344379 0.0 25
1783927344381 0.0 26
1783927344382 0.0 27
1783927344384 0.0 28
1783927344386 0.0 29
1783927344387 0.0 30
1783927344389 0.0 31
1783927344390 0.0 32
1783927344391 0.0 33
1783927344393 0.0 34
1783927344395 0.0 35
1783927344396 0.0 36
1783927344398 0.0 37
1783927344399 0.0 38
1783927344401 0.0 39
1783927344402 0.0 40
1783927344404 0.0 41
1783927344405 0.0 42
1783927344407 0.0 43
1783927344408 0.0 44
1783927344410 0.0 45
1783927344411 0.0 46
1783927344413 0.0 47
1783927344414 0.0 48
1783927344416 0.0 49
1783927344417 0.0 50
1783927344419 0.0 51
1783927344420 0.0 52
1783927344422 0.0 53
1783927344423 0.0 54
1783927344425 0.0 55
1783927344426 0.0 56
1783927344428 0.0 57
1783927344429 0.0 58
1783927344431 0.0 59
1783927344432 0.0 60
1783927344434 0.0 61
1783927344435 0.0 62
1783927344437 0.0 63
1783927344438 0.0 64
1783927344440 0.0 65
1783927344441 0.0 66
1783927344443 0.0 67
1783927344444 0.0 68
1783927344446 0.0 69
1783927344447 0.0 70
1783927344449 0.0 71
1783927344450 0.0 72
1783927344452 0.0 73
1783927344453 0.0 74
1783927344455 0.0 75
