1783927344230 0.0 1
1783927344231 0.0 2
1783927344233 0.0 3
1783927344234 0.0 4
1783927344236 0.0 5
1783927344237 0.0 6
1783927344239 0.0 7
1783927344240 0.0 8
1783927344242 0.0 9
1783927344243 0.0 10
1783927344245 0.0 11
1783927344247 0.0 12
1783927344248 0.0 13
1783927344250 0.0 14
1783927344251 0.0 15
1783927344253 0.0 16
1783927344254 0.0 17
1783927344256 0.0 18
1783927344257 0.0 19
1783927344259 0.0 20
1783927344260 0.0 21
1783927344262 0.0 22
1783927344263 0.0 23
1783927344265 0.0 24
1783927344266 0.0 25
1783927344268 0.0 26
1783927344269 0.0 27
1783927344271 0.0 28
1783927344272 0.0 29
1783927344274 0.0 30
1783927344275 0.0 31
1783927344277 0.0 32
1783927344278 0.0 33
1783927344280 0.0 34
1783927344281 0.0 35
1783927344283 0.0 36
1783927344284 0.0 37
1783927344286 0.0 38
1783927344287 0.0 39
1783927344289 0.0 40
1783927344290 0.0 41
1783927344292 0.0 42
1783927344293 0.0 43
1783927344295 0.0 44
1783927344296 0.0 45
1783927344298 0.0 46
1783927344299 0.0 47
1783927344301 0.0 48
1783927344302 0.0 49
1783927344304 0.0 50
1783927344306 0.0 51
1783927344307 0.0 52
1783927344309 0.0 53
1783927344310 0.0 54
1783927344312 0.0 55
1783927344313 0.0 56
1783927344315 0.0 57
1783927344316 0.0 58
1783927344318 0.0 59
1783927344319 0.0 60
1783927344321 0.0 61
1783927344322 0.0 62
1783927344324 0.0 63
1783927344325 0.0 64
1783927344327 0.0 65
1783927344328 0.0 66
1783927344330 0.0 67
1783927344331 0.0 68
1783927344333 0.0 69
1783927344334 0.0 70
1783927344336 0.0 71
1783927344337 0.0 72
1783927344339 0.0 73
1783927344340 0.0 74
1783927344342 0.0 75
