1780314201290 0.1654240932315588 1
1780314201291 0.05779185393669953 2
1780314201292 0.025236839610928048 3
1780314201294 0.014685803399576496 4
1780314201295 0.009793321246979758 5
1780314201296 0.007296392366212482 6
1780314201297 0.005746918682901499 7
1780314201299 0.0047298487227332466 8
1780314201300 0.004252115016182264 9
1780314201301 0.0037926153105217963 10
1780314201302 0.003350084122212138 11
1780314201304 0.002996620057577578 12
1780314201305 0.0028180775072542017 13
1780314201306 0.002522925514495 14
1780314201307 0.0023686654642612365 15
1780314201309 0.002225767238511859 16
1780314201310 0.0021479855977910725 17
1780314201311 0.0020051960532631104 18
1780314201313 0.0019782821102126034 19
1780314201314 0.0019759050473415604 20
1780314201315 0.001882752959257535 21
1780314201316 0.0017803489072927428 22
1780314201318 0.001707914382617067 23
1780314201319 0.0017113616654872506 24
1780314201320 0.0016396166984729158 25
1780314201322 0.001568806870272965 26
1780314201323 0.0015904720918721675 27
1780314201324 0.001553801737706332 28
1780314201326 0.0016153459281971058 29
1780314201327 0.001498052648821613 30
1780314201328 0.0014727558966114885 31
1780314201330 0.001499531662921072 32
1780314201331 0.0015560520228367143 33
1780314201332 0.0015333253993352022 34
1780314201333 0.0014305436829696798 35
1780314201335 0.0013794849392676648 36
1780314201336 0.0013391736865742132 37
1780314201337 0.0013609264606808816 38
1780314201338 0.0013904430488764774 39
1780314201339 0.001347502987300686 40
1780314201341 0.001310104438016424 41
1780314201342 0.0013451186712093962 42
1780314201343 0.001333011962742603 43
1780314201344 0.0013278563696682492 44
1780314201345 0.0012860540209658211 45
1780314201347 0.0012925994593388167 46
1780314201348 0.0013166067413597677 47
1780314201349 0.0012592203467647778 48
1780314201350 0.0012623210989962292 49
1780314201351 0.001228937165554574 50
1780314201353 0.0012562778190234288 51
1780314201354 0.0012721200166197378 52
1780314201355 0.0012530737586833615 53
1780314201356 0.0012551420973371326 54
1780314201357 0.0012180912358720282 55
1780314201359 0.001224578422503934 56
1780314201360 0.0011896151223481865 57
1780314201361 0.0011612957388933865 58
1780314201362 0.001176045066616401 59
1780314201363 0.001177587019810744 60
1780314201365 0.0011727458935032093 61
1780314201366 0.001162660236695956 62
1780314201367 0.0011590889961856496 63
1780314201368 0.001179139174807157 64
1780314201369 0.0011202466315201793 65
1780314201371 0.0011264654523377735 66
1780314201372 0.001116050781699111 67
1780314201373 0.0011030810991239073 68
1780314201374 0.0010787293766043149 69
1780314201376 0.0011447921201882612 70
1780314201377 0.0011638069728481546 71
1780314201378 0.0011740264077767886 72
1780314201379 0.0011553555489323723 73
1780314201380 0.0011209152470352515 74
1780314201382 0.001078482298059195 75
