1781178212484 0.11506317626684905 1
1781178212486 0.040031276484951375 2
1781178212487 0.019840120635926724 3
1781178212488 0.012320851576514542 4
1781178212489 0.008685078991111367 5
1781178212490 0.0067027821158990265 6
1781178212491 0.005356327187037095 7
1781178212493 0.004469874408096075 8
1781178212494 0.0037997025868389757 9
1781178212495 0.003425083784968592 10
1781178212496 0.003031126286950894 11
1781178212497 0.0027564697078196333 12
1781178212498 0.002577692086924799 13
1781178212499 0.0024961039528716357 14
1781178212501 0.002374425114830956 15
1781178212502 0.0022282842049025932 16
1781178212503 0.0020346237215562724 17
1781178212504 0.0019837948901113124 18
1781178212505 0.0019437480592750945 19
1781178212506 0.0019985031662508846 20
1781178212507 0.00193000941129867 21
1781178212509 0.0018887463794089853 22
1781178212510 0.0018139350487035698 23
1781178212511 0.0017071383108850568 24
1781178212512 0.0016700450520147569 25
1781178212513 0.0016127876657992602 26
1781178212514 0.0016084144337219187 27
1781178212515 0.00158193553914316 28
1781178212517 0.0015993521072959994 29
1781178212518 0.0015030186348303687 30
1781178212519 0.0015009194100275636 31
1781178212520 0.0015771414713526611 32
1781178212521 0.0014955789284431375 33
1781178212522 0.0014839276451675688 34
1781178212523 0.0015481247553543653 35
1781178212525 0.0014888033177703618 36
1781178212526 0.0014413608824543189 37
1781178212527 0.0014270073712395969 38
1781178212528 0.0014450988404860255 39
1781178212529 0.0014089567407791037 40
1781178212530 0.0014466308610280975 41
1781178212531 0.0013759053219109774 42
1781178212533 0.001378497136029182 43
1781178212534 0.0013400152199028526 44
1781178212535 0.0013406095969548915 45
1781178212536 0.0013174121714837382 46
1781178212537 0.0013169025976094418 47
1781178212538 0.001366253994347062 48
1781178212539 0.0012930155020148958 49
1781178212540 0.0012242702012008522 50
1781178212542 0.0012012524031160864 51
1781178212543 0.0012000312939926517 52
1781178212544 0.0011846305988729 53
1781178212545 0.0011746494148974307 54
1781178212546 0.0011566728133766445 55
1781178212547 0.001147921232477529 56
1781178212548 0.0011375032302021282 57
1781178212549 0.0011361158124054782 58
1781178212551 0.0011295820910891053 59
1781178212552 0.0011273594092926942 60
1781178212553 0.0011215520750556607 61
1781178212554 0.0011200495038065127 62
1781178212555 0.0011109323127311654 63
1781178212556 0.0011061566782882438 64
1781178212557 0.0011093589887605049 65
1781178212558 0.0011014282450196333 66
1781178212560 0.0011018551042070613 67
1781178212561 0.0010978439249447547 68
1781178212562 0.001096158908549114 69
