1781178212719 1.309996625352651 1
1781178212720 1.7241761785745622 2
1781178212721 1.6136952435970306 3
1781178212722 1.465285496711731 4
1781178212723 1.4515879365801811 5
1781178212724 1.264655166864395 6
1781178212725 1.3284576165676116 7
1781178212726 1.1707574406266212 8
1781178212727 1.10244995623827 9
1781178212729 1.0524295341968537 10
1781178212730 1.1196879902482033 11
1781178212731 0.955375993847847 12
1781178212732 0.9267236125469208 13
1781178212733 1.0948271131515503 14
1781178212734 0.9801102533936501 15
1781178212735 0.9125027790665626 16
1781178212736 0.8630958986282349 17
1781178212737 0.8253821846842766 18
1781178212738 0.8161972063779831 19
1781178212739 0.8511242350935936 20
1781178212740 0.7630067037045956 21
1781178212741 0.7860944436490536 22
1781178212742 0.7715319438278675 23
1781178212743 0.773966169655323 24
1781178212744 0.700367144793272 25
1781178212745 0.7065726286172866 26
1781178212746 0.7063431152701378 27
1781178212747 0.6694260589778424 28
1781178212748 0.6767031718790532 29
1781178212749 0.64369983792305 30
1781178212750 0.647755931764841 31
1781178212751 0.666416392326355 32
1781178212752 0.6346351906657219 33
1781178212753 0.6149329918622971 34
1781178212754 0.6137704141438007 35
1781178212755 0.6015630975365639 36
1781178212756 0.6088330040872098 37
1781178212757 0.5761781223118305 38
1781178212758 0.5628459824621678 39
1781178212759 0.5738630793988705 40
1781178212760 0.5674556609988213 41
1781178212761 0.5688615345954895 42
1781178212762 0.5634040808677674 43
1781178212763 0.5693497906625271 44
1781178212764 0.5640845614671707 45
1781178212765 0.5530000227689743 46
1781178212766 0.5570641814172268 47
1781178212767 0.5616475582122803 48
1781178212768 0.57411078363657 49
1781178212769 0.5532307210564613 50
1781178212770 0.5602234929800034 51
1781178212771 0.550581119209528 52
1781178212772 0.555771312713623 53
1781178212773 0.5522613531351089 54
1781178212774 0.5516959767043591 55
1781178212775 0.5533645063638687 56
1781178212776 0.5495415975153446 57
1781178212776 0.5487099382281303 58
1781178212777 0.5507092072069645 59
1781178212778 0.5410546992719173 60
1781178212779 0.562123313844204 61
1781178212780 0.5679761040210723 62
1781178212781 0.5653114321827889 63
1781178212782 0.5524542111158371 64
1781178212783 0.5603890152275562 65
1781178212785 0.5517593860626221 66
1781178212786 0.5516845086216926 67
1781178212787 0.5670693989098072 68
1781178212788 0.5602321584522724 69
