1781178212641 0.11505614684894681 1
1781178212642 0.04001277323812246 2
1781178212643 0.019814144065603615 3
1781178212644 0.01228940156288445 4
1781178212645 0.008646133940201252 5
1781178212646 0.00666206638328731 6
1781178212648 0.005306429013144225 7
1781178212649 0.004419617510866374 8
1781178212650 0.0037464623246341944 9
1781178212651 0.003368611967889592 10
1781178212652 0.0029650373884942383 11
1781178212653 0.0026949528040131556 12
1781178212654 0.0025130474747857077 13
1781178212656 0.002413858385407366 14
1781178212657 0.002295538194011897 15
1781178212658 0.0021499425082583913 16
1781178212659 0.0019558925399906003 17
1781178212660 0.0019040750470594504 18
1781178212661 0.0018605357632623053 19
1781178212662 0.0019071629975223913 20
1781178212664 0.0018440315799671226 21
1781178212665 0.0017959488797350787 22
1781178212666 0.0017187167145311833 23
1781178212667 0.0016074665647465736 24
1781178212668 0.0015760933585988823 25
1781178212669 0.0015142121714598034 26
1781178212670 0.0015060808167618235 27
1781178212671 0.0014813583582872524 28
1781178212673 0.001494050486944616 29
1781178212674 0.0013993986572313588 30
1781178212675 0.0013931707420852036 31
1781178212676 0.001462712899519829 32
1781178212677 0.001383202052093111 33
1781178212678 0.0013717398728476837 34
1781178212679 0.001432855674502207 35
1781178212681 0.00137259892289876 36
1781178212682 0.0013204852552735247 37
1781178212683 0.0013095232495106757 38
1781178212684 0.0013273130216111895 39
1781178212685 0.0012857861242082437 40
1781178212686 0.0013217906131467317 41
1781178212687 0.0012507557836943307 42
1781178212689 0.0012545482302084565 43
1781178212690 0.0012147582682518988 44
1781178212691 0.0012165109936177032 45
1781178212692 0.0011957521636941238 46
1781178212693 0.0011943484786024782 47
1781178212694 0.0012426915294054197 48
1781178212695 0.0011667111320275581 49
1781178212696 0.0011025594369857572 50
1781178212697 0.0010780032398906769 51
1781178212698 0.001078903450834332 52
1781178212699 0.0010623609058529838 53
1781178212700 0.0010531519160576863 54
1781178212702 0.0010352996975416318 55
1781178212703 0.0010261810394149506 56
1781178212704 0.0010166040770127438 57
1781178212705 0.0010153996191365876 58
1781178212706 0.0010084260721487225 59
1781178212707 0.0010083273795316928 60
1781178212708 0.0009978849429899128 61
1781178212709 0.0009950947538163745 62
1781178212711 0.000986563798142015 63
1781178212712 0.0009846167425712337 64
1781178212713 0.0009860734086396406 65
1781178212714 0.00098004117840901 66
1781178212715 0.0009804845134203787 67
1781178212716 0.0009730886654142523 68
1781178212717 0.0009729078351665521 69
