1780314186444 0.23374441869556903 1
1780314186446 0.2034028461575508 2
1780314186449 0.18442601315677165 3
1780314186451 0.1517885396257043 4
1780314186453 0.12002751223742962 5
1780314186456 0.09703271463513374 6
1780314186458 0.07989876624196768 7
1780314186461 0.06621102947741747 8
1780314186463 0.055136836636811494 9
1780314186466 0.046135432720184326 10
1780314186468 0.03881343452259898 11
1780314186470 0.033001729976385834 12
1780314186475 0.028305853707715867 13
1780314186477 0.024424070995301007 14
1780314186479 0.02113941450603306 15
1780314186482 0.018268739320337773 16
1780314186484 0.015799670163542032 17
1780314186487 0.01362875044811517 18
1780314186489 0.011817831355147064 19
1780314186492 0.010375234961975366 20
1780314186494 0.009147609486244618 21
1780314186497 0.008171069913078099 22
1780314186499 0.007339252228848636 23
1780314186502 0.006694728792645037 24
1780314186504 0.0060361673589795824 25
1780314186507 0.005514936476247385 26
1780314186509 0.005013143827673048 27
1780314186512 0.0046017310710158195 28
1780314186514 0.00425870529608801 29
1780314186516 0.00396501847775653 30
1780314186519 0.003709315904416144 31
1780314186521 0.0034632403845898806 32
1780314186523 0.0032429962273454295 33
1780314186526 0.0030657222139416265 34
1780314186528 0.0028745400509797036 35
1780314186530 0.002700985143892467 36
1780314186532 0.0025564005027990788 37
1780314186535 0.0024316710571292786 38
1780314186537 0.0023300085566006603 39
1780314186539 0.002249583950615488 40
1780314186542 0.0021646469313418492 41
1780314186544 0.0021111630953964777 42
1780314186546 0.002026389407401439 43
1780314186549 0.0019326118371100166 44
1780314186551 0.0018786100661964155 45
1780314186553 0.0018314133485546336 46
1780314186556 0.0017748492845566944 47
1780314186558 0.0017960771970683708 48
1780314186560 0.0017079895886126905 49
1780314186563 0.0016395411762641743 50
1780314186565 0.001591540789231658 51
1780314186567 0.0015575612570683005 52
1780314186570 0.001520068695390364 53
1780314186572 0.0015126751594652888 54
1780314186574 0.0015050926768162753 55
1780314186576 0.0014858829957665875 56
1780314186579 0.0014722750648797954 57
1780314186581 0.0014589250205608551 58
1780314186583 0.0014314756539533847 59
1780314186586 0.0013875049717898946 60
1780314186588 0.0013693993737979326 61
1780314186590 0.001339641243685037 62
1780314186593 0.0013245636614738032 63
1780314186595 0.0013165401585865765 64
1780314186597 0.0013034801930189132 65
1780314186600 0.0012955652641539928 66
1780314186602 0.0013159750388877 67
1780314186604 0.0013001563453144626 68
1780314186607 0.0012860611760697792 69
1780314186609 0.0012676035075855907 70
1780314186611 0.0012492701461451362 71
1780314186614 0.0012364222513133428 72
1780314186616 0.0012226698831364047 73
1780314186618 0.0012037058929126943 74
1780314186621 0.0012101536611589835 75
1780314186623 0.0011985201237985166 76
1780314186625 0.00120248774139327 77
1780314186627 0.0011945758293586551 78
1780314186630 0.001184133150818525 79
1780314186632 0.001201978620738373 80
1780314186634 0.001177645288335043 81
1780314186637 0.001137387919734465 82
1780314186639 0.0011119154896005057 83
1780314186641 0.0010995106502377893 84
1780314186644 0.0010928009321651189 85
1780314186646 0.0010870254079782171 86
1780314186648 0.0010819552787870634 87
1780314186651 0.001077624725367059 88
1780314186653 0.001074442070821533 89
1780314186655 0.0010717958963505226 90
1780314186658 0.0010646866500610486 91
1780314186660 0.0010587807187403086 92
1780314186662 0.0010555390838271706 93
1780314186664 0.0010526685183867813 94
1780314186667 0.0010499896668625297 95
1780314186669 0.001047275208402425 96
1780314186671 0.0010447675616887865 97
1780314186674 0.0010423585662647384 98
1780314186677 0.0010404391241900157 99
1780314186679 0.001036739855844644 100
1780314186682 0.0010331158335975489 101
1780314186684 0.001031259070514352 102
1780314186686 0.0010295763527756207 103
1780314186689 0.001027916933380766 104
1780314186691 0.0010263066321931546 105
1780314186693 0.001024635745161504 106
1780314186696 0.0010231377802119824 107
1780314186698 0.0010214630913833388 108
1780314186700 0.0010190508279629285 109
1780314186703 0.001017838236912212 110
1780314186705 0.001016944488765148 111
1780314186707 0.0010160089349301417 112
