1783893796606 0.0 1
1783893796607 0.0 2
1783893796608 0.0 3
1783893796610 0.0 4
1783893796611 0.0 5
1783893796613 0.0 6
1783893796614 0.0 7
1783893796616 0.0 8
1783893796617 0.0 9
1783893796618 0.0 10
1783893796620 0.0 11
1783893796621 0.0 12
1783893796623 0.0 13
1783893796624 0.0 14
1783893796626 0.0 15
1783893796627 0.0 16
1783893796629 0.0 17
1783893796630 0.0 18
1783893796631 0.0 19
1783893796633 0.0 20
1783893796634 0.0 21
1783893796636 0.0 22
1783893796637 0.0 23
1783893796639 0.0 24
1783893796640 0.0 25
1783893796641 0.0 26
1783893796643 0.0 27
1783893796644 0.0 28
1783893796646 0.0 29
1783893796647 0.0 30
1783893796649 0.0 31
1783893796650 0.0 32
1783893796651 0.0 33
1783893796653 0.0 34
1783893796654 0.0 35
1783893796656 0.0 36
1783893796657 0.0 37
1783893796659 0.0 38
1783893796660 0.0 39
1783893796661 0.0 40
1783893796663 0.0 41
1783893796664 0.0 42
1783893796666 0.0 43
1783893796667 0.0 44
1783893796669 0.0 45
1783893796670 0.0 46
1783893796672 0.0 47
1783893796673 0.0 48
1783893796674 0.0 49
1783893796676 0.0 50
1783893796677 0.0 51
1783893796679 0.0 52
1783893796680 0.0 53
1783893796682 0.0 54
1783893796683 0.0 55
1783893796684 0.0 56
1783893796686 0.0 57
1783893796687 0.0 58
1783893796689 0.0 59
1783893796690 0.0 60
1783893796692 0.0 61
1783893796693 0.0 62
1783893796694 0.0 63
1783893796696 0.0 64
