1783893796514 0.0 1
1783893796515 0.0 2
1783893796516 0.0 3
1783893796518 0.0 4
1783893796519 0.0 5
1783893796521 0.0 6
1783893796522 0.0 7
1783893796524 0.0 8
1783893796525 0.0 9
1783893796527 0.0 10
1783893796528 0.0 11
1783893796529 0.0 12
1783893796531 0.0 13
1783893796532 0.0 14
1783893796534 0.0 15
1783893796535 0.0 16
1783893796537 0.0 17
1783893796538 0.0 18
1783893796539 0.0 19
1783893796541 0.0 20
1783893796542 0.0 21
1783893796544 0.0 22
1783893796545 0.0 23
1783893796547 0.0 24
1783893796548 0.0 25
1783893796550 0.0 26
1783893796551 0.0 27
1783893796553 0.0 28
1783893796554 0.0 29
1783893796555 0.0 30
1783893796557 0.0 31
1783893796558 0.0 32
1783893796560 0.0 33
1783893796561 0.0 34
1783893796563 0.0 35
1783893796564 0.0 36
1783893796565 0.0 37
1783893796567 0.0 38
1783893796568 0.0 39
1783893796570 0.0 40
1783893796571 0.0 41
1783893796573 0.0 42
1783893796574 0.0 43
1783893796575 0.0 44
1783893796577 0.0 45
1783893796578 0.0 46
1783893796580 0.0 47
1783893796581 0.0 48
1783893796583 0.0 49
1783893796584 0.0 50
1783893796585 0.0 51
1783893796587 0.0 52
1783893796588 0.0 53
1783893796590 0.0 54
1783893796591 0.0 55
1783893796593 0.0 56
1783893796594 0.0 57
1783893796595 0.0 58
1783893796597 0.0 59
1783893796598 0.0 60
1783893796600 0.0 61
1783893796601 0.0 62
1783893796603 0.0 63
1783893796604 0.0 64
