1783893796329 0.1765293787419796 1
1783893796331 0.073705452401191 2
1783893796332 0.028998985327780245 3
1783893796334 0.014400376048870385 4
1783893796335 0.008833471944089979 5
1783893796337 0.00625279061961919 6
1783893796338 0.004764517811127007 7
1783893796339 0.003760772398672998 8
1783893796341 0.003155557701829821 9
1783893796342 0.002754998683813028 10
1783893796344 0.0024329392530489714 11
1783893796345 0.0022014666214818135 12
1783893796347 0.002041545521351509 13
1783893796348 0.001945857869577594 14
1783893796350 0.0018385553589905612 15
1783893796351 0.0017076055414509028 16
1783893796353 0.0016480232498724944 17
1783893796354 0.0015743377394392155 18
1783893796355 0.0015554627092205918 19
1783893796357 0.001533997060614638 20
1783893796358 0.0014816124548087829 21
1783893796360 0.0014386032908805645 22
1783893796361 0.001420645150647033 23
1783893796363 0.001378628578677308 24
1783893796364 0.001365426322154235 25
1783893796365 0.0013498578529106452 26
1783893796367 0.001330024758062791 27
1783893796368 0.0013086555128393228 28
1783893796370 0.0012668362047406844 29
1783893796371 0.0012813270924380048 30
1783893796373 0.0012537334787339205 31
1783893796374 0.0012635776951356093 32
1783893796376 0.0011978291854029522 33
1783893796377 0.0011643557968636742 34
1783893796379 0.001152079778330517 35
1783893796380 0.0011467741868546 36
1783893796381 0.001139654870639788 37
1783893796383 0.0011316807166440413 38
1783893796384 0.0011240971570805414 39
1783893796386 0.0011166588762716856 40
1783893796387 0.0011007292062276974 41
1783893796389 0.0010889079332264374 42
1783893796390 0.0010882016061077593 43
1783893796391 0.0010840663051203592 44
1783893796393 0.0010816412231361029 45
1783893796394 0.001078697169214138 46
1783893796396 0.0010712082782993093 47
1783893796397 0.001062820199658745 48
1783893796399 0.0010576854208193254 49
1783893796400 0.001057212744417484 50
1783893796402 0.001052966810093494 51
1783893796403 0.0010503181723470333 52
1783893796405 0.0010473070794978412 53
1783893796406 0.0010473735273990314 54
1783893796407 0.0010437662810727489 55
1783893796409 0.0010413167177466675 56
1783893796410 0.0010381406228407285 57
1783893796412 0.0010406099288957193 58
1783893796413 0.0010362405576597666 59
1783893796415 0.0010353027263045077 60
1783893796416 0.0010349191154091387 61
1783893796418 0.0010345364436943783 62
1783893796419 0.0010326258862914982 63
1783893796420 0.0010292412371927639 64
