1780314137299 0.11238285109400749 1
1780314137301 0.041473102159798145 2
1780314137303 0.02203300253022462 3
1780314137306 0.014040697319433092 4
1780314137308 0.009999421029351651 5
1780314137310 0.007494248293805867 6
1780314137312 0.005957740657031536 7
1780314137314 0.00489632849697955 8
1780314137316 0.004168510474264622 9
1780314137318 0.003716707641724497 10
1780314137320 0.003287462998414412 11
1780314137323 0.0029862650914583354 12
1780314137325 0.002748253723839298 13
1780314137327 0.0025241602602181956 14
1780314137329 0.0023622189328307286 15
1780314137332 0.002243495137663558 16
1780314137334 0.002342264797189273 17
1780314137336 0.0021066014794632795 18
1780314137339 0.0019342073565348982 19
1780314137341 0.001801780781825073 20
1780314137344 0.0017130210096365772 21
1780314137346 0.0016941894619958474 22
1780314137348 0.0016453405161155387 23
1780314137350 0.0015889966732356698 24
1780314137353 0.0015617725509218872 25
1780314137355 0.0015483682331978344 26
1780314137357 0.0015094371310260613 27
1780314137359 0.001480017506692093 28
1780314137362 0.0014616773244051728 29
1780314137364 0.0014182055220589972 30
1780314137366 0.0014321664067392702 31
1780314137368 0.0014064080661046318 32
1780314137370 0.0013992706775024998 33
1780314137372 0.0013412797106138897 34
1780314137374 0.0012905491024866934 35
1780314137376 0.001280228532195906 36
1780314137378 0.0012598875738331116 37
1780314137381 0.0012438320684304927 38
1780314137383 0.0012933230346243363 39
1780314137385 0.001266049382611527 40
1780314137387 0.0012314309389330448 41
1780314137389 0.0012040428805630654 42
1780314137391 0.0011593137957970612 43
1780314137393 0.0011756151300505735 44
1780314137395 0.0011720775916910498 45
1780314137397 0.0011719977258326253 46
1780314137399 0.0011543083002470667 47
1780314137402 0.001132491090829717 48
1780314137404 0.0011469460558873835 49
1780314137406 0.00112478251408902 50
1780314137408 0.0011132021415687632 51
1780314137411 0.0010912324726814404 52
1780314137413 0.0010677687157294713 53
1780314137415 0.001055973163456656 54
1780314137417 0.0010378318570292322 55
1780314137419 0.0010424350133689587 56
1780314137421 0.0010374745189619715 57
1780314137423 0.0010303441442374606 58
1780314137426 0.0010441609247936866 59
1780314137428 0.0010377859183790862 60
1780314137430 0.001025124914594926 61
1780314137432 0.0010220526934426744 62
1780314137434 0.001021558063221164 63
1780314137436 0.0010097796134505188 64
1780314137438 0.00101684602239402 65
1780314137440 0.0010216150284395554 66
1780314137442 0.0009617674726905535 67
1780314137444 0.0009482441736327019 68
1780314137447 0.0009479629799170652 69
1780314137449 0.0009662609664519551 70
1780314137451 0.0009382974495383678 71
1780314137453 0.0009564184044575086 72
1780314137455 0.0009793667186750099 73
1780314137457 0.0009697872623655713 74
1780314137459 0.0009899062919430436 75
1780314137461 0.0009067620576752233 76
1780314137463 0.000845787734760961 77
1780314137466 0.0008254871646568063 78
1780314137468 0.0008149147033691406 79
1780314137470 0.0008081405097982497 80
1780314137472 0.0008023036838858389 81
1780314137474 0.0007975317284945049 82
1780314137476 0.0007929350384438294 83
1780314137478 0.0007913612518677838 84
1780314137481 0.0007972082670312375 85
1780314137483 0.00079232593132474 86
1780314137485 0.0007766151048053871 87
1780314137492 0.0007699523356131977 88
1780314137500 0.0007660882076379494 89
1780314137502 0.0007637065750895999 90
1780314137504 0.0007628576713614166 91
1780314137506 0.0007612547391545377 92
1780314137508 0.0007601430052818614 93
1780314137510 0.0007598900479570147 94
1780314137512 0.0007621296680736122 95
1780314137514 0.0007544545706332428 96
1780314137517 0.0007454553760544514 97
1780314137519 0.0007425364565278869 98
1780314137521 0.0007406222616918967 99
1780314137523 0.0007389791140303714 100
1780314137525 0.0007376598349219421 101
1780314137527 0.000736191866635636 102
1780314137529 0.0007349014855208225 103
1780314137531 0.0007337668316540658 104
1780314137533 0.0007326257288877969 105
1780314137535 0.0007299406755555538 106
1780314137538 0.0007280465316580376 107
1780314137540 0.0007270167878232314 108
1780314137542 0.0007261344450671458 109
1780314137544 0.0007253285726983449 110
