1782761171042 0.0 1
1782761171044 0.0 2
1782761171045 0.0 3
1782761171046 0.0 4
1782761171047 0.0 5
1782761171048 0.0 6
1782761171049 0.0 7
1782761171050 0.0 8
1782761171051 0.0 9
1782761171052 0.0 10
1782761171052 0.0 11
1782761171053 0.0 12
1782761171054 0.0 13
1782761171056 0.0 14
1782761171057 0.0 15
1782761171058 0.0 16
1782761171059 0.0 17
1782761171060 0.0 18
1782761171061 0.0 19
1782761171062 0.0 20
1782761171063 0.0 21
1782761171064 0.0 22
1782761171065 0.0 23
1782761171066 0.0 24
1782761171067 0.0 25
1782761171068 0.0 26
1782761171069 0.0 27
1782761171070 0.0 28
1782761171071 0.0 29
1782761171072 0.0 30
1782761171073 0.0 31
1782761171074 0.0 32
1782761171075 0.0 33
1782761171076 0.0 34
1782761171077 0.0 35
1782761171078 0.0 36
1782761171079 0.0 37
1782761171080 0.0 38
1782761171080 0.0 39
1782761171081 0.0 40
1782761171082 0.0 41
1782761171083 0.0 42
1782761171084 0.0 43
1782761171085 0.0 44
1782761171086 0.0 45
1782761171087 0.0 46
1782761171088 0.0 47
1782761171089 0.0 48
1782761171090 0.0 49
1782761171091 0.0 50
1782761171092 0.0 51
1782761171093 0.0 52
1782761171094 0.0 53
1782761171095 0.0 54
1782761171096 0.0 55
1782761171096 0.0 56
1782761171097 0.0 57
1782761171098 0.0 58
1782761171099 0.0 59
1782761171100 0.0 60
1782761171101 0.0 61
1782761171102 0.0 62
1782761171103 0.0 63
1782761171104 0.0 64
1782761171105 0.0 65
1782761171106 0.0 66
1782761171107 0.0 67
