1782761170825 0.12826672922819854 1
1782761170826 0.030947425365448 2
1782761170827 0.011489341631531716 3
1782761170828 0.006580169608350843 4
1782761170829 0.004425753945251926 5
1782761170830 0.003292052554315887 6
1782761170831 0.0026684467750601472 7
1782761170832 0.00229444794356823 8
1782761170834 0.0020299930972396394 9
1782761170835 0.0018969586514867842 10
1782761170836 0.0017277448551612905 11
1782761170837 0.0016736726963426918 12
1782761170838 0.00153839758830145 13
1782761170839 0.0014648037437291351 14
1782761170840 0.0013815450054244138 15
1782761170841 0.001372507692576619 16
1782761170842 0.0013196489481197204 17
1782761170843 0.0012628824322018773 18
1782761170845 0.0012837847835908177 19
1782761170846 0.0012676722869218793 20
1782761170847 0.001137351048673736 21
1782761170848 0.0010911910562572302 22
1782761170849 0.0010787978133157594 23
1782761170850 0.001078353631819482 24
1782761170851 0.0010718153008929222 25
1782761170852 0.0009924462697381386 26
1782761170853 0.0010244352504378185 27
1782761170854 0.0010069754529831699 28
1782761170856 0.000931238592529553 29
1782761170857 0.0008993016168096801 30
1782761170858 0.0008915652207360836 31
1782761170859 0.0008979994490073295 32
1782761170860 0.0009058714181446703 33
1782761170861 0.0008945439450326376 34
1782761170862 0.0009048971416632412 35
1782761170863 0.0008354156285349746 36
1782761170864 0.0007228810450033052 37
1782761170866 0.000689303005929105 38
1782761170867 0.0006702975565713132 39
1782761170868 0.0006574830290628597 40
1782761170869 0.0006466038257349283 41
1782761170870 0.000637345420618658 42
1782761170871 0.0006329548996291123 43
1782761170872 0.0006502277863910422 44
1782761170873 0.0006405934168287786 45
1782761170874 0.0006092507579160155 46
1782761170875 0.0005971998979293858 47
1782761170877 0.0005901080706098582 48
1782761170878 0.0005842248204862699 49
1782761170879 0.0005791160943772411 50
1782761170880 0.0005746864798129536 51
1782761170881 0.0005705304948060074 52
1782761170882 0.0005635404115309939 53
1782761170883 0.0005600369950116146 54
1782761170884 0.0005568710014631506 55
1782761170885 0.000554012551147025 56
1782761170886 0.0005509501542837825 57
1782761170888 0.000548030522877525 58
1782761170889 0.0005438700317972689 59
1782761170890 0.000541331236345286 60
1782761170891 0.0005393479210397345 61
1782761170892 0.0005375747499056161 62
1782761170893 0.0005356811184901744 63
1782761170894 0.0005338326870332821 64
1782761170895 0.0005319740328923217 65
1782761170896 0.0005292976709461072 66
1782761170897 0.0005281385435955599 67
