1782206901308 0.0 1
1782206901309 0.0 2
1782206901310 0.0 3
1782206901311 0.0 4
1782206901312 0.0 5
1782206901314 0.0 6
1782206901315 0.0 7
1782206901316 0.0 8
1782206901317 0.0 9
1782206901318 0.0 10
1782206901319 0.0 11
1782206901320 0.0 12
1782206901321 0.0 13
1782206901322 0.0 14
1782206901323 0.0 15
1782206901324 0.0 16
1782206901326 0.0 17
1782206901327 0.0 18
1782206901328 0.0 19
1782206901329 0.0 20
1782206901330 0.0 21
1782206901331 0.0 22
1782206901332 0.0 23
1782206901333 0.0 24
1782206901334 0.0 25
1782206901336 0.0 26
1782206901337 0.0 27
1782206901338 0.0 28
1782206901339 0.0 29
1782206901340 0.0 30
1782206901341 0.0 31
1782206901342 0.0 32
1782206901343 0.0 33
1782206901344 0.0 34
1782206901345 0.0 35
1782206901346 0.0 36
1782206901347 0.0 37
1782206901348 0.0 38
1782206901349 0.0 39
1782206901350 0.0 40
1782206901351 0.0 41
1782206901352 0.0 42
1782206901353 0.0 43
1782206901354 0.0 44
1782206901355 0.0 45
1782206901357 0.0 46
1782206901358 0.0 47
1782206901359 0.0 48
1782206901360 0.0 49
1782206901361 0.0 50
1782206901363 0.0 51
1782206901364 0.0 52
1782206901365 0.0 53
1782206901366 0.0 54
1782206901367 0.0 55
1782206901368 0.0 56
1782206901369 0.0 57
1782206901370 0.0 58
1782206901371 0.0 59
1782206901372 0.0 60
1782206901373 0.0 61
1782206901374 0.0 62
1782206901376 0.0 63
1782206901377 0.0 64
1782206901378 0.0 65
1782206901379 0.0 66
1782206901380 0.0 67
1782206901381 0.0 68
1782206901382 0.0 69
1782206901383 0.0 70
1782206901384 0.0 71
1782206901385 0.0 72
1782206901386 0.0 73
1782206901387 0.0 74
1782206901388 0.0 75
1782206901390 0.0 76
1782206901391 0.0 77
1782206901392 0.0 78
1782206901393 0.0 79
1782206901394 0.0 80
1782206901395 0.0 81
1782206901396 0.0 82
1782206901397 0.0 83
1782206901398 0.0 84
1782206901399 0.0 85
1782206901400 0.0 86
1782206901402 0.0 87
1782206901403 0.0 88
1782206901404 0.0 89
