1782206901405 0.0 1
1782206901406 0.0 2
1782206901407 0.0 3
1782206901409 0.0 4
1782206901410 0.0 5
1782206901411 0.0 6
1782206901412 0.0 7
1782206901413 0.0 8
1782206901414 0.0 9
1782206901416 0.0 10
1782206901417 0.0 11
1782206901418 0.0 12
1782206901419 0.0 13
1782206901420 0.0 14
1782206901421 0.0 15
1782206901423 0.0 16
1782206901424 0.0 17
1782206901425 0.0 18
1782206901426 0.0 19
1782206901427 0.0 20
1782206901428 0.0 21
1782206901430 0.0 22
1782206901431 0.0 23
1782206901432 0.0 24
1782206901433 0.0 25
1782206901434 0.0 26
1782206901435 0.0 27
1782206901436 0.0 28
1782206901437 0.0 29
1782206901438 0.0 30
1782206901440 0.0 31
1782206901441 0.0 32
1782206901442 0.0 33
1782206901443 0.0 34
1782206901444 0.0 35
1782206901445 0.0 36
1782206901446 0.0 37
1782206901447 0.0 38
1782206901448 0.0 39
1782206901449 0.0 40
1782206901450 0.0 41
1782206901451 0.0 42
1782206901452 0.0 43
1782206901453 0.0 44
1782206901454 0.0 45
1782206901456 0.0 46
1782206901457 0.0 47
1782206901458 0.0 48
1782206901459 0.0 49
1782206901460 0.0 50
1782206901461 0.0 51
1782206901462 0.0 52
1782206901463 0.0 53
1782206901464 0.0 54
1782206901466 0.0 55
1782206901467 0.0 56
1782206901468 0.0 57
1782206901469 0.0 58
1782206901470 0.0 59
1782206901471 0.0 60
1782206901472 0.0 61
1782206901473 0.0 62
1782206901474 0.0 63
1782206901475 0.0 64
1782206901476 0.0 65
1782206901478 0.0 66
1782206901479 0.0 67
1782206901480 0.0 68
1782206901481 0.0 69
1782206901482 0.0 70
1782206901483 0.0 71
1782206901484 0.0 72
1782206901485 0.0 73
1782206901486 0.0 74
1782206901488 0.0 75
1782206901489 0.0 76
1782206901490 0.0 77
1782206901491 0.0 78
1782206901492 0.0 79
1782206901494 0.0 80
1782206901495 0.0 81
1782206901496 0.0 82
1782206901497 0.0 83
1782206901498 0.0 84
1782206901499 0.0 85
1782206901500 0.0 86
1782206901501 0.0 87
1782206901502 0.0 88
1782206901503 0.0 89
