1782206901094 0.11790208891034126 1
1782206901095 0.04146772146224976 2
1782206901096 0.020116564417257905 3
1782206901098 0.012337105488404632 4
1782206901099 0.008490967231336981 5
1782206901100 0.006469022948294878 6
1782206901101 0.005211752947652712 7
1782206901102 0.004312698233406991 8
1782206901104 0.0036607593088410794 9
1782206901105 0.0032291859219549224 10
1782206901106 0.002895956538268365 11
1782206901107 0.0025708166568074375 12
1782206901108 0.002325651388964616 13
1782206901110 0.0021619915968040006 14
1782206901111 0.0020843992760637775 15
1782206901112 0.0020461896058986896 16
1782206901113 0.0018785630739876068 17
1782206901115 0.0017396788430050947 18
1782206901116 0.0016820557793835178 19
1782206901117 0.0016373704359284602 20
1782206901118 0.0015873281515087002 21
1782206901119 0.0014695895949262195 22
1782206901120 0.0014693949909997174 23
1782206901122 0.0014451558512519115 24
1782206901123 0.0014032291634066495 25
1782206901124 0.0013831447984557598 26
1782206901125 0.0014818541944259778 27
1782206901127 0.0013397333970351611 28
1782206901128 0.001255776323232567 29
1782206901129 0.00120741243212251 30
1782206901130 0.0011860621329105926 31
1782206901131 0.0011788809836434666 32
1782206901133 0.0011741766484919935 33
1782206901134 0.0011786825448507443 34
1782206901135 0.0011829705866693984 35
1782206901136 0.0011292298578337067 36
1782206901137 0.0011339084609790007 37
1782206901139 0.0011861831293208524 38
1782206901140 0.001123562033972121 39
1782206901141 0.0010899071864696453 40
1782206901142 0.0010343872924568132 41
1782206901143 0.0010184399015270174 42
1782206901145 0.0009944130062649493 43
1782206901146 0.0009575333697284805 44
1782206901147 0.0009418859748984688 45
1782206901148 0.0010175641169189475 46
1782206901149 0.001047886320448015 47
1782206901151 0.0009604704115190543 48
1782206901152 0.0008784939132601721 49
1782206901153 0.0008531852126907324 50
1782206901154 0.0008389247102604713 51
1782206901155 0.0008279772302194033 52
1782206901157 0.0008199357102421346 53
1782206901158 0.0008133751858258619 54
1782206901159 0.0008143931724771392 55
1782206901160 0.0008257237057841849 56
1782206901162 0.0008274743551373831 57
1782206901163 0.0008454718394204974 58
1782206901164 0.0008549334998679115 59
1782206901165 0.0008224807509395759 60
1782206901167 0.0008020608195511158 61
1782206901168 0.0007877053157790215 62
1782206901169 0.000789655739099544 63
1782206901170 0.0007976358649102622 64
1782206901171 0.0007883189167478122 65
1782206901173 0.0007879791199957253 66
1782206901174 0.0007596615565489629 67
1782206901175 0.0007354194315848873 68
1782206901176 0.0007269280601394712 69
1782206901177 0.000721887958352454 70
1782206901179 0.000717989431504975 71
1782206901180 0.0007142693198329652 72
1782206901181 0.0007108888729999307 73
1782206901182 0.0007058594848422217 74
1782206901183 0.0007032665776932845 75
1782206901185 0.0007012191685498693 76
1782206901186 0.0006992259938488132 77
1782206901187 0.0006971965272532543 78
1782206901188 0.0006950181740467087 79
1782206901189 0.0006928558923391392 80
1782206901191 0.0006898662239473197 81
1782206901192 0.0006884545462889946 82
1782206901193 0.0006872412736993283 83
1782206901194 0.000686027963856759 84
1782206901195 0.0006847499338255148 85
1782206901197 0.0006834925149087212 86
1782206901198 0.000682251922589785 87
1782206901199 0.0006804389010358136 88
1782206901200 0.0006795887929547462 89
