1782753278606 0.17934437282383442 1
1782753278607 0.04757485717535019 2
1782753278608 0.01269379746634513 3
1782753278609 0.006390807451680303 4
1782753278610 0.00477491084835492 5
1782753278612 0.003991048673633486 6
1782753278613 0.0036199700809083878 7
1782753278614 0.0032285057473927735 8
1782753278615 0.0028938851720886304 9
1782753278616 0.0025717109109973536 10
1782753278617 0.0023811823315918446 11
1782753278618 0.002215893378597684 12
1782753278619 0.0020298040087800475 13
1782753278620 0.0019190163392340765 14
1782753278621 0.0018516494309005792 15
1782753278623 0.0017272345095989295 16
1782753278624 0.00166738679719856 17
1782753278625 0.0016123244563641492 18
1782753278626 0.0015797627311258111 19
1782753278627 0.0015462976298294961 20
1782753278628 0.001505335172842024 21
1782753278629 0.0014502661097503733 22
1782753278630 0.0013901130844897124 23
1782753278631 0.0013790972111746669 24
1782753278632 0.0013263428147183732 25
1782753278634 0.0012506316426151897 26
1782753278635 0.0012277733648079448 27
1782753278636 0.001167900605505565 28
1782753278637 0.001068314146323246 29
1782753278638 0.0010366362398781348 30
1782753278639 0.001013831931850291 31
1782753278640 0.0010020717045699712 32
1782753278641 0.0009869072690344182 33
1782753278642 0.0009921244205906988 34
1782753278643 0.0009933941953931935 35
1782753278644 0.0009928496518114116 36
1782753278646 0.0010027379628445487 37
1782753278647 0.0009469328080012929 38
1782753278648 0.0009027463377424283 39
1782753278649 0.000888953210451291 40
1782753278650 0.0008803746136254631 41
1782753278651 0.0008721142557624262 42
1782753278652 0.0008644083592662355 43
1782753278653 0.0008577289240929531 44
1782753278654 0.0008460735830158228 45
1782753278655 0.0008397654110012809 46
1782753278656 0.0008363000847748481 47
1782753278658 0.0008316760123125278 48
1782753278659 0.0008279603117989609 49
1782753278660 0.0008240917190414621 50
1782753278661 0.000820570814612438 51
1782753278662 0.0008130331402207958 52
1782753278663 0.0008099143466097303 53
1782753278664 0.0008074669459892902 54
1782753278665 0.0008053243211179506 55
1782753278666 0.0008030732793122297 56
1782753278667 0.0008009529928676784 57
1782753278669 0.0007984079769084929 58
1782753278670 0.0007947058202262269 59
1782753278671 0.0007933587285515386 60
