1782753278737 0.0 1
1782753278738 0.0 2
1782753278739 0.0 3
1782753278741 0.0 4
1782753278742 0.0 5
1782753278743 0.0 6
1782753278744 0.0 7
1782753278745 0.0 8
1782753278746 0.0 9
1782753278747 0.0 10
1782753278748 0.0 11
1782753278749 0.0 12
1782753278750 0.0 13
1782753278751 0.0 14
1782753278753 0.0 15
1782753278754 0.0 16
1782753278755 0.0 17
1782753278756 0.0 18
1782753278757 0.0 19
1782753278758 0.0 20
1782753278759 0.0 21
1782753278760 0.0 22
1782753278761 0.0 23
1782753278762 0.0 24
1782753278763 0.0 25
1782753278765 0.0 26
1782753278766 0.0 27
1782753278767 0.0 28
1782753278768 0.0 29
1782753278769 0.0 30
1782753278770 0.0 31
1782753278771 0.0 32
1782753278772 0.0 33
1782753278773 0.0 34
1782753278774 0.0 35
1782753278775 0.0 36
1782753278777 0.0 37
1782753278778 0.0 38
1782753278779 0.0 39
1782753278780 0.0 40
1782753278781 0.0 41
1782753278782 0.0 42
1782753278783 0.0 43
1782753278784 0.0 44
1782753278785 0.0 45
1782753278786 0.0 46
1782753278787 0.0 47
1782753278789 0.0 48
1782753278790 0.0 49
1782753278791 0.0 50
1782753278792 0.0 51
1782753278793 0.0 52
1782753278794 0.0 53
1782753278795 0.0 54
1782753278796 0.0 55
1782753278797 0.0 56
1782753278798 0.0 57
1782753278799 0.0 58
1782753278800 0.0 59
1782753278802 0.0 60
