1782753278803 0.0 1
1782753278804 0.0 2
1782753278805 0.0 3
1782753278806 0.0 4
1782753278807 0.0 5
1782753278808 0.0 6
1782753278809 0.0 7
1782753278810 0.0 8
1782753278811 0.0 9
1782753278813 0.0 10
1782753278814 0.0 11
1782753278815 0.0 12
1782753278816 0.0 13
1782753278817 0.0 14
1782753278818 0.0 15
1782753278819 0.0 16
1782753278820 0.0 17
1782753278821 0.0 18
1782753278822 0.0 19
1782753278823 0.0 20
1782753278824 0.0 21
1782753278826 0.0 22
1782753278827 0.0 23
1782753278828 0.0 24
1782753278829 0.0 25
1782753278830 0.0 26
1782753278831 0.0 27
1782753278832 0.0 28
1782753278833 0.0 29
1782753278834 0.0 30
1782753278835 0.0 31
1782753278837 0.0 32
1782753278838 0.0 33
1782753278839 0.0 34
1782753278840 0.0 35
1782753278841 0.0 36
1782753278842 0.0 37
1782753278843 0.0 38
1782753278844 0.0 39
1782753278845 0.0 40
1782753278846 0.0 41
1782753278847 0.0 42
1782753278849 0.0 43
1782753278850 0.0 44
1782753278851 0.0 45
1782753278852 0.0 46
1782753278853 0.0 47
1782753278854 0.0 48
1782753278855 0.0 49
1782753278856 0.0 50
1782753278857 0.0 51
1782753278858 0.0 52
1782753278859 0.0 53
1782753278861 0.0 54
1782753278862 0.0 55
1782753278863 0.0 56
1782753278864 0.0 57
1782753278865 0.0 58
1782753278866 0.0 59
1782753278867 0.0 60
