1780314199857 0.1596065822057426 1
1780314199858 0.06145561970770359 2
1780314199860 0.02614280943914006 3
1780314199861 0.014139517629519104 4
1780314199862 0.009262618626235054 5
1780314199863 0.006885436192775766 6
1780314199864 0.005379095725947991 7
1780314199866 0.004510504785381879 8
1780314199867 0.003999219760104703 9
1780314199868 0.0034768734597795023 10
1780314199869 0.0031020505450821173 11
1780314199870 0.002906195057342605 12
1780314199871 0.00272155287481534 13
1780314199873 0.002573461675395568 14
1780314199874 0.002459561302384827 15
1780314199875 0.002338252338328554 16
1780314199876 0.002170110693987226 17
1780314199877 0.00210059798725221 18
1780314199879 0.002007737489475403 19
1780314199880 0.001927645428077085 20
1780314199881 0.0018477100546685202 21
1780314199882 0.0018236004591017263 22
1780314199883 0.0017720378122855133 23
1780314199885 0.0016972443242896892 24
1780314199886 0.0016745183824241395 25
1780314199887 0.0016487590473843738 26
1780314199888 0.001663059174704055 27
1780314199890 0.0016466880074100724 28
1780314199891 0.0015939245084155118 29
1780314199892 0.0015783505237777717 30
1780314199893 0.0015378397004193781 31
1780314199895 0.0015069478071382037 32
1780314199896 0.0014896264099661493 33
1780314199897 0.0014701311014505337 34
1780314199899 0.0014962320944808501 35
1780314199900 0.001447358593698785 36
1780314199901 0.0014646278999862262 37
1780314199902 0.0014278794719454406 38
1780314199904 0.001399062606348404 39
1780314199905 0.0014016058633690893 40
1780314199906 0.0013556959226965167 41
1780314199908 0.001354467559637366 42
1780314199909 0.0013618181399579043 43
1780314199910 0.0013050426131788603 44
1780314199911 0.001343159550378914 45
1780314199913 0.0013865534386544216 46
1780314199914 0.001343565169008798 47
1780314199915 0.0012961827973413166 48
1780314199917 0.001297644722884191 49
1780314199918 0.0012918762581951644 50
1780314199919 0.0012333555826747518 51
1780314199920 0.0012409329489552572 52
1780314199921 0.0012597164864928344 53
1780314199923 0.0012460541710121711 54
1780314199924 0.0012597809830064458 55
1780314199925 0.0012181768643737692 56
1780314199926 0.0011872982082422822 57
1780314199927 0.0013068439472893564 58
1780314199929 0.0012473676671409825 59
1780314199930 0.0012335984542005463 60
1780314199931 0.00118439585815698 61
1780314199932 0.0011731674284722734 62
1780314199933 0.0011503934977251144 63
1780314199935 0.0011518685096840878 64
1780314199936 0.0011252228605978113 65
1780314199937 0.0011584849967524254 66
1780314199938 0.0011745462585774173 67
1780314199939 0.0011490258698055793 68
1780314199941 0.0011409933688507105 69
1780314199942 0.0011795667031037737 70
1780314199943 0.0011720894442381299 71
1780314199944 0.001119271856987325 72
1780314199945 0.0010940122100995117 73
1780314199946 0.0010774021770581991 74
1780314199948 0.001076561270504802 75
