1782237451167 0.0 1
1782237451168 0.0 2
1782237451169 0.0 3
1782237451170 0.0 4
1782237451171 0.0 5
1782237451173 0.0 6
1782237451174 0.0 7
1782237451175 0.0 8
1782237451176 0.0 9
1782237451178 0.0 10
1782237451179 0.0 11
1782237451180 0.0 12
1782237451181 0.0 13
1782237451183 0.0 14
1782237451184 0.0 15
1782237451185 0.0 16
1782237451186 0.0 17
1782237451187 0.0 18
1782237451189 0.0 19
1782237451190 0.0 20
1782237451191 0.0 21
1782237451192 0.0 22
1782237451193 0.0 23
1782237451194 0.0 24
1782237451195 0.0 25
1782237451196 0.0 26
1782237451197 0.0 27
1782237451198 0.0 28
1782237451199 0.0 29
1782237451200 0.0 30
1782237451202 0.0 31
1782237451203 0.0 32
1782237451204 0.0 33
1782237451205 0.0 34
1782237451206 0.0 35
1782237451207 0.0 36
1782237451208 0.0 37
1782237451209 0.0 38
1782237451210 0.0 39
1782237451211 0.0 40
1782237451213 0.0 41
1782237451214 0.0 42
1782237451215 0.0 43
1782237451216 0.0 44
1782237451217 0.0 45
1782237451218 0.0 46
1782237451219 0.0 47
1782237451220 0.0 48
1782237451222 0.0 49
1782237451223 0.0 50
1782237451224 0.0 51
1782237451225 0.0 52
1782237451226 0.0 53
1782237451227 0.0 54
1782237451228 0.0 55
1782237451229 0.0 56
1782237451230 0.0 57
1782237451231 0.0 58
1782237451232 0.0 59
1782237451233 0.0 60
1782237451234 0.0 61
1782237451235 0.0 62
1782237451237 0.0 63
1782237451238 0.0 64
1782237451239 0.0 65
1782237451240 0.0 66
1782237451241 0.0 67
1782237451243 0.0 68
1782237451244 0.0 69
1782237451245 0.0 70
1782237451246 0.0 71
1782237451247 0.0 72
1782237451248 0.0 73
1782237451249 0.0 74
1782237451250 0.0 75
1782237451251 0.0 76
1782237451252 0.0 77
1782237451253 0.0 78
