1782237450876 0.13078136511147023 1
1782237450877 0.045128853181377056 2
1782237450878 0.021318434849381448 3
1782237450880 0.012615770394913852 4
1782237450881 0.008653014171868563 5
1782237450882 0.006602820642292499 6
1782237450883 0.005300404997542501 7
1782237450885 0.004408790189772844 8
1782237450886 0.003768624383956194 9
1782237450887 0.003334979939972982 10
1782237450888 0.0030803539080079645 11
1782237450890 0.0028521872899727897 12
1782237450891 0.002591531284269877 13
1782237450892 0.002420851749484427 14
1782237450894 0.0022864187811501326 15
1782237450895 0.002191426619538106 16
1782237450896 0.002073267798696179 17
1782237450897 0.0020041537209181115 18
1782237450899 0.0019316246910602785 19
1782237450900 0.0019047198025509715 20
1782237450901 0.0018091451440704987 21
1782237450902 0.0017578885052353143 22
1782237450904 0.0017620990000432356 23
1782237450905 0.001697464264871087 24
1782237450906 0.0016652849932142998 25
1782237450907 0.0016295178777363617 26
1782237450909 0.001622132040647557 27
1782237450910 0.0015416347139398567 28
1782237450911 0.0015122941437584814 29
1782237450912 0.0015167977525561583 30
1782237450914 0.0014823887978855056 31
1782237450915 0.001495325273281196 32
1782237450916 0.0014730608032550662 33
1782237450917 0.0014936934768047649 34
1782237450919 0.0014957934626727365 35
1782237450920 0.0014380793846794403 36
1782237450921 0.0014391836737922858 37
1782237450922 0.0013986107656091917 38
1782237450923 0.0013745747260691132 39
1782237450925 0.001355127536226064 40
1782237450926 0.0013527139229699968 41
1782237450927 0.0013595775065186899 42
1782237450928 0.0013386951830761972 43
1782237450930 0.0013297869955567875 44
1782237450931 0.0013152771334716817 45
1782237450932 0.0013470349922135938 46
1782237450933 0.0013373637612676247 47
1782237450935 0.001324773801898118 48
1782237450936 0.0013032704875513446 49
1782237450937 0.0012742037502175662 50
1782237450938 0.0012608676809759344 51
1782237450940 0.0012480958300147905 52
1782237450941 0.0012668094192486024 53
1782237450942 0.0013078758071060292 54
1782237450943 0.0013011610764806392 55
1782237450945 0.0012215383214788744 56
1782237450946 0.001152770973931183 57
1782237450947 0.0011250995590671663 58
1782237450948 0.0011107103714311961 59
1782237450950 0.001106256623752415 60
1782237450951 0.001098930844309507 61
1782237450952 0.001092337454902008 62
1782237450953 0.0010754159927455476 63
1782237450955 0.0010615097417030483 64
1782237450956 0.001054492818948347 65
1782237450957 0.0010513996359804878 66
1782237450958 0.0010462177680892637 67
1782237450960 0.001043537786026718 68
1782237450961 0.0010415430209832267 69
1782237450962 0.0010291714326740476 70
1782237450963 0.0010236797155084786 71
1782237450965 0.0010202070140803699 72
1782237450966 0.0010174990119412542 73
1782237450967 0.0010158502582635264 74
1782237450968 0.0010129439977754372 75
1782237450970 0.0010107123990019317 76
1782237450971 0.0010037548660329777 77
1782237450972 0.0010017600417631912 78
