1780314170940 0.2807983370125294 1
1780314170952 0.23896685168147086 2
1780314170954 0.22072399273514748 3
1780314170956 0.20517254918813704 4
1780314170959 0.1913932579755783 5
1780314170961 0.17661054462194442 6
1780314170964 0.1589662753045559 7
1780314170966 0.14328302934765816 8
1780314170968 0.13019808001816272 9
1780314170971 0.11867954552173615 10
1780314170973 0.10844931535422803 11
1780314170975 0.09930458046495914 12
1780314170977 0.09083139479160308 13
1780314170980 0.08256761647760869 14
1780314170982 0.07430911254137755 15
1780314170984 0.06638943184167147 16
1780314170986 0.05938266664743423 17
1780314170989 0.05323425091803074 18
1780314170991 0.04793944425880909 19
1780314170993 0.04342339403927326 20
1780314170996 0.03953733759000897 21
1780314170998 0.03612054068595171 22
1780314171000 0.033172108009457586 23
1780314171002 0.030537864696234464 24
1780314171005 0.02822685407474637 25
1780314171007 0.026142843496054412 26
1780314171009 0.024274026788771153 27
1780314171012 0.02258965916931629 28
1780314171014 0.021102445498108864 29
1780314171016 0.019665801236405968 30
1780314171019 0.01836059016175568 31
1780314171021 0.017180333491414786 32
1780314171023 0.016106573594734074 33
1780314171026 0.015178349716588855 34
1780314171028 0.014268507938832045 35
1780314171030 0.013354932432994246 36
1780314171032 0.012547253184020519 37
1780314171035 0.011797410072758793 38
1780314171037 0.01113350703381002 39
1780314171040 0.010504349134862423 40
1780314171042 0.009895340078510345 41
1780314171045 0.009350387575104833 42
1780314171047 0.008881898340769112 43
1780314171049 0.00848604264203459 44
1780314171051 0.008012996120378375 45
1780314171054 0.007621365697123111 46
1780314171056 0.007232726439833641 47
1780314171058 0.006852444182150066 48
1780314171061 0.006527785412035882 49
1780314171063 0.006232403283938766 50
1780314171065 0.005945677156560123 51
1780314171067 0.005684223477728665 52
1780314171070 0.005433148336596787 53
1780314171072 0.005198925372678786 54
1780314171074 0.005004259776324033 55
1780314171077 0.004807344218716025 56
1780314171079 0.004618217370007187 57
1780314171081 0.0044674827437847855 58
1780314171084 0.004321127771399915 59
1780314171086 0.004136640427168459 60
1780314171088 0.003962354611139744 61
1780314171090 0.003814002741128206 62
1780314171093 0.003682037617545575 63
1780314171095 0.0035602722084149717 64
1780314171097 0.0034472619625739755 65
1780314171099 0.0033394258096814157 66
1780314171102 0.0032225430198013784 67
1780314171104 0.003137496074195951 68
1780314171106 0.003049592102179304 69
1780314171109 0.0029802798759192227 70
1780314171111 0.002873759187059477 71
1780314171113 0.0027926691342145204 72
1780314171115 0.0027042091707699 73
1780314171118 0.0026249659515451638 74
1780314171120 0.0025644086103420705 75
1780314171122 0.0025053701223805547 76
1780314171125 0.0024443816288840024 77
1780314171127 0.0024050737998913972 78
1780314171129 0.002350212880410254 79
1780314171131 0.0023121567151974886 80
1780314171134 0.00223940473748371 81
1780314171136 0.0021743456018157303 82
1780314171138 0.0021068001503590492 83
1780314171140 0.002075489666312933 84
1780314171143 0.0020482273725792766 85
1780314171145 0.0020436937315389514 86
1780314171147 0.0019916831713635477 87
1780314171150 0.0019333939341595397 88
1780314171152 0.0018564572057221086 89
1780314171154 0.0017965257470496 90
1780314171156 0.0017436743533471599 91
1780314171159 0.001693724042852409 92
1780314171161 0.001666228278190829 93
1780314171163 0.0016315701516577974 94
1780314171166 0.001595969710033387 95
1780314171168 0.0015750954253599047 96
1780314171170 0.0015832314972067253 97
1780314171172 0.001566466927761212 98
1780314171175 0.0015386040677549317 99
1780314171177 0.0015076257206965238 100
1780314171179 0.0014998170599574224 101
1780314171181 0.001489028240321204 102
1780314171184 0.0014180416997987776 103
1780314171186 0.001375118296709843 104
1780314171188 0.0013432019139872865 105
1780314171191 0.001337724641780369 106
1780314171193 0.0013043500389903783 107
1780314171195 0.001280586034990847 108
1780314171198 0.0012607431825017556 109
1780314171200 0.0012416079518152402 110
1780314171202 0.001235479767783545 111
1780314171205 0.0012278564501320944 112
1780314171207 0.001230012196174357 113
1780314171209 0.0012503828798071481 114
1780314171211 0.001200186287460383 115
1780314171214 0.0011760122334817423 116
1780314171217 0.0011646190128521993 117
1780314171219 0.0011323524438194 118
1780314171221 0.001111708742682822 119
1780314171223 0.001091111254354473 120
1780314171226 0.00107911942031933 121
1780314171228 0.0010600160364992916 122
1780314171230 0.0010189764003735037 123
1780314171233 0.0010042138406424783 124
1780314171235 0.0009943737590219826 125
1780314171237 0.000989236441673711 126
1780314171240 0.000980921749433037 127
1780314171242 0.0009775717777665705 128
1780314171244 0.0009686326744849793 129
1780314171246 0.0009621146821882576 130
1780314171249 0.0009545882709790021 131
1780314171251 0.0009483301901491359 132
