1785171043525 0.018001363229122946 1
1785171043527 0.004400611188611947 2
1785171043528 0.004359712050354574 3
1785171043529 0.004326780681440141 4
1785171043530 0.00425819085969124 5
1785171043532 0.004290372164105065 6
1785171043533 0.004311245022399816 7
1785171043534 0.004269839328189846 8
1785171043536 0.004176371810026467 9
1785171043537 0.004179085344367195 10
1785171043538 0.0042703042589710095 11
1785171043539 0.0039645611922605895 12
1785171043541 0.00340917626832379 13
1785171043542 0.0031495046077179723 14
1785171043543 0.0030868131073657425 15
1785171043545 0.003100190234836191 16
1785171043546 0.0029119235640973785 17
1785171043547 0.002859466909430921 18
1785171043548 0.0028948964652954602 19
1785171043550 0.002680159316805657 20
1785171043551 0.0027139945386443287 21
1785171043552 0.002663517798064277 22
1785171043553 0.0029393375615472906 23
1785171043555 0.0025951874718884937 24
1785171043556 0.0025334574168664405 25
1785171043557 0.0027088165923487397 26
1785171043559 0.0025591478127171287 27
1785171043560 0.002819400712905917 28
1785171043561 0.0026571465854067357 29
1785171043562 0.002432648914254969 30
1785171043564 0.0023141855210997166 31
1785171043565 0.0022888650125241837 32
1785171043566 0.0022569052421022207 33
1785171043567 0.0022568973795569036 34
1785171043569 0.0022552832985820712 35
1785171043570 0.0022166846535401417 36
1785171043571 0.0022145210675080305 37
1785171043573 0.0022022185422247275 38
1785171043574 0.0021890953854017425 39
1785171043575 0.0021859307668637483 40
1785171043576 0.002263558335835114 41
1785171043578 0.002173212827765383 42
1785171043579 0.002415740347933024 43
1785171043580 0.002170087794074789 44
1785171043581 0.002182867462543072 45
1785171043583 0.0021781110230949708 46
1785171043584 0.0020990026730578395 47
1785171043585 0.00214986276027048 48
1785171043587 0.002099633314064704 49
1785171043588 0.002148726572195301 50
1785171043589 0.00216797893634066 51
1785171043590 0.002073023121047299 52
1785171043592 0.002146897981292568 53
1785171043593 0.0021037855159374884 54
1785171043594 0.0020665619906503705 55
1785171043595 0.0020992935287358705 56
1785171043597 0.001997747356799664 57
1785171043598 0.0019631991417554673 58
1785171043599 0.001996853106393246 59
1785171043600 0.001973641911463346 60
1785171043602 0.001931044066150207 61
1785171043603 0.0019465453858720139 62
1785171043604 0.0019212543696630745 63
1785171043605 0.0019162180890270975 64
1785171043607 0.001962568691524211 65
1785171043608 0.0018941839142644313 66
1785171043609 0.001860972535359906 67
1785171043610 0.001874377825879492 68
1785171043612 0.0018880618050752674 69
1785171043613 0.0018593493322259748 70
1785171043614 0.001826427411288023 71
1785171043615 0.0018267094573820941 72
1785171043617 0.0018110017945582512 73
1785171043618 0.0018095873628044502 74
1785171043619 0.0018115005359868519 75
1785171043621 0.0017943522884161212 76
1785171043622 0.0017599633839563466 77
1785171043623 0.001827149486489361 78
1785171043624 0.0017240128963021562 79
1785171043626 0.0016779753274749965 80
1785171043627 0.001675065824529156 81
1785171043628 0.0016803259259904734 82
1785171043629 0.0016799820854794235 83
1785171043631 0.0016708876364282333 84
1785171043632 0.0016338739950151648 85
1785171043633 0.0016257429646793753 86
1785171043634 0.0016206311553833075 87
1785171043636 0.0016095390568079892 88
1785171043637 0.0016054093310958707 89
1785171043638 0.0015874899015761912 90
1785171043639 0.0015822263839072549 91
1785171043641 0.0015785024416982195 92
1785171043642 0.0015745050529949367 93
1785171043643 0.001572517125023296 94
1785171043645 0.001564417290792335 95
1785171043646 0.0015652428918110672 96
1785171043647 0.001554130644799443 97
1785171043648 0.0015612642449559643 98
1785171043650 0.0015575100167188793 99
