1785171043897 0.0 1
1785171043898 0.0 2
1785171043899 0.0 3
1785171043900 0.0 4
1785171043902 0.0 5
1785171043903 0.0 6
1785171043904 0.0 7
1785171043905 0.0 8
1785171043906 0.0 9
1785171043907 0.0 10
1785171043909 0.0 11
1785171043910 0.0 12
1785171043911 0.0 13
1785171043912 0.0 14
1785171043914 0.0 15
1785171043915 0.0 16
1785171043916 0.0 17
1785171043917 0.0 18
1785171043918 0.0 19
1785171043919 0.0 20
1785171043921 0.0 21
1785171043922 0.0 22
1785171043923 0.0 23
1785171043925 0.0 24
1785171043926 0.0 25
1785171043927 0.0 26
1785171043928 0.0 27
1785171043929 0.0 28
1785171043930 0.0 29
1785171043931 0.0 30
1785171043933 0.0 31
1785171043934 0.0 32
1785171043935 0.0 33
1785171043936 0.0 34
1785171043937 0.0 35
1785171043938 0.0 36
1785171043940 0.0 37
1785171043941 0.0 38
1785171043942 0.0 39
1785171043943 0.0 40
1785171043945 0.0 41
1785171043946 0.0 42
1785171043947 0.0 43
1785171043948 0.0 44
1785171043949 0.0 45
1785171043951 0.0 46
1785171043952 0.0 47
1785171043953 0.0 48
1785171043954 0.0 49
1785171043955 0.0 50
1785171043956 0.0 51
1785171043957 0.0 52
1785171043958 0.0 53
1785171043960 0.0 54
1785171043961 0.0 55
1785171043962 0.0 56
1785171043963 0.0 57
1785171043964 0.0 58
1785171043966 0.0 59
1785171043967 0.0 60
1785171043968 0.0 61
1785171043969 0.0 62
1785171043971 0.0 63
1785171043972 0.0 64
1785171043973 0.0 65
1785171043974 0.0 66
1785171043976 0.0 67
1785171043977 0.0 68
1785171043978 0.0 69
1785171043980 0.0 70
1785171043981 0.0 71
1785171043982 0.0 72
1785171043983 0.0 73
1785171043985 0.0 74
1785171043986 0.0 75
1785171043987 0.0 76
1785171043988 0.0 77
1785171043989 0.0 78
1785171043991 0.0 79
1785171043992 0.0 80
1785171043993 0.0 81
1785171043994 0.0 82
1785171043996 0.0 83
1785171043997 0.0 84
1785171043998 0.0 85
1785171043999 0.0 86
1785171044001 0.0 87
1785171044002 0.0 88
1785171044003 0.0 89
1785171044004 0.0 90
1785171044006 0.0 91
1785171044007 0.0 92
1785171044008 0.0 93
1785171044009 0.0 94
1785171044011 0.0 95
1785171044012 0.0 96
1785171044013 0.0 97
1785171044014 0.0 98
1785171044015 0.0 99
