1785171043776 0.0 1
1785171043777 0.0 2
1785171043778 0.0 3
1785171043780 0.0 4
1785171043781 0.0 5
1785171043782 0.0 6
1785171043783 0.0 7
1785171043785 0.0 8
1785171043786 0.0 9
1785171043787 0.0 10
1785171043788 0.0 11
1785171043790 0.0 12
1785171043791 0.0 13
1785171043792 0.0 14
1785171043793 0.0 15
1785171043794 0.0 16
1785171043795 0.0 17
1785171043796 0.0 18
1785171043798 0.0 19
1785171043799 0.0 20
1785171043800 0.0 21
1785171043801 0.0 22
1785171043802 0.0 23
1785171043804 0.0 24
1785171043805 0.0 25
1785171043806 0.0 26
1785171043807 0.0 27
1785171043808 0.0 28
1785171043809 0.0 29
1785171043811 0.0 30
1785171043812 0.0 31
1785171043813 0.0 32
1785171043814 0.0 33
1785171043816 0.0 34
1785171043817 0.0 35
1785171043818 0.0 36
1785171043819 0.0 37
1785171043820 0.0 38
1785171043822 0.0 39
1785171043823 0.0 40
1785171043824 0.0 41
1785171043825 0.0 42
1785171043826 0.0 43
1785171043827 0.0 44
1785171043829 0.0 45
1785171043830 0.0 46
1785171043831 0.0 47
1785171043832 0.0 48
1785171043834 0.0 49
1785171043835 0.0 50
1785171043836 0.0 51
1785171043838 0.0 52
1785171043839 0.0 53
1785171043840 0.0 54
1785171043841 0.0 55
1785171043843 0.0 56
1785171043844 0.0 57
1785171043845 0.0 58
1785171043846 0.0 59
1785171043848 0.0 60
1785171043849 0.0 61
1785171043850 0.0 62
1785171043851 0.0 63
1785171043853 0.0 64
1785171043854 0.0 65
1785171043855 0.0 66
1785171043856 0.0 67
1785171043858 0.0 68
1785171043859 0.0 69
1785171043860 0.0 70
1785171043861 0.0 71
1785171043862 0.0 72
1785171043864 0.0 73
1785171043865 0.0 74
1785171043866 0.0 75
1785171043867 0.0 76
1785171043869 0.0 77
1785171043870 0.0 78
1785171043871 0.0 79
1785171043872 0.0 80
1785171043874 0.0 81
1785171043875 0.0 82
1785171043876 0.0 83
1785171043877 0.0 84
1785171043879 0.0 85
1785171043880 0.0 86
1785171043881 0.0 87
1785171043882 0.0 88
1785171043884 0.0 89
1785171043885 0.0 90
1785171043886 0.0 91
1785171043887 0.0 92
1785171043889 0.0 93
1785171043890 0.0 94
1785171043891 0.0 95
1785171043892 0.0 96
1785171043893 0.0 97
1785171043895 0.0 98
1785171043896 0.0 99
