1782216054799 0.1374066536128521 1
1782216054800 0.050533925956115125 2
1782216054802 0.023988164458423854 3
1782216054803 0.014041846878826618 4
1782216054804 0.009611488366499544 5
1782216054805 0.007080434781964868 6
1782216054807 0.005594491796800867 7
1782216054808 0.0046260693110525605 8
1782216054809 0.004041269654408097 9
1782216054810 0.0034906549460720273 10
1782216054811 0.0030780610255897044 11
1782216054813 0.002837044860352762 12
1782216054814 0.0026024404959753156 13
1782216054815 0.0024244191322941333 14
1782216054816 0.002239719150820747 15
1782216054818 0.002099437271244824 16
1782216054819 0.0019544975808821617 17
1782216054820 0.0018918285332620143 18
1782216054821 0.0018663734948495402 19
1782216054822 0.001803843927627895 20
1782216054824 0.0016978539084084331 21
1782216054825 0.0016645296025671996 22
1782216054826 0.0015832535549998284 23
1782216054827 0.0015372795127041171 24
1782216054828 0.0014921446861990261 25
1782216054830 0.0014692004765674937 26
1782216054831 0.0014448599511524662 27
1782216054832 0.0014353707258123905 28
1782216054833 0.0013931608443090227 29
1782216054835 0.0013318489356606733 30
1782216054836 0.0013282692623033654 31
1782216054837 0.0012954939260089303 32
1782216054838 0.001268314240151085 33
1782216054839 0.0012616158068703954 34
1782216054841 0.0012886032335518395 35
1782216054842 0.0012282622262864606 36
1782216054843 0.001217496654135175 37
1782216054844 0.0011992081234348006 38
1782216054845 0.001144983658014098 39
1782216054847 0.0011187456627521897 40
1782216054848 0.0011315483952785144 41
1782216054849 0.0011023082858446288 42
1782216054850 0.001083505446149502 43
1782216054852 0.0010234806113294326 44
1782216054853 0.000977834203877137 45
1782216054854 0.0009566156877554022 46
1782216054855 0.0009434221887931926 47
1782216054856 0.0009327169353491627 48
1782216054858 0.0009250143307144754 49
1782216054859 0.0009254800602502655 50
1782216054860 0.0009444934174098307 51
1782216054861 0.0009461142608051887 52
1782216054862 0.0009590160505467793 53
1782216054864 0.0009359414994105464 54
1782216054865 0.000902955969213508 55
1782216054866 0.0008742845696542645 56
1782216054867 0.0008635759790195152 57
1782216054868 0.0008565123361768201 58
1782216054870 0.0008507624104822753 59
1782216054871 0.0008455263202995411 60
1782216054872 0.0008404082044580718 61
1782216054873 0.0008340641818358563 62
1782216054875 0.0008306068614911056 63
1782216054876 0.0008274752861689194 64
1782216054877 0.000824715184608067 65
1782216054878 0.0008219413341066684 66
1782216054879 0.0008189076325652423 67
1782216054881 0.0008161947086409782 68
1782216054882 0.0008118634212587495 69
1782216054883 0.000809832908998942 70
1782216054884 0.0008082268929138081 71
1782216054885 0.0008064862752871705 72
1782216054887 0.0008047446318960283 73
1782216054888 0.0008029894604624133 74
1782216054889 0.0008013793021746096 75
1782216054890 0.0007987868226337014 76
1782216054891 0.0007977476985251996 77
