1782216054986 0.0 1
1782216054987 0.0 2
1782216054988 0.0 3
1782216054989 0.0 4
1782216054991 0.0 5
1782216054992 0.0 6
1782216054993 0.0 7
1782216054994 0.0 8
1782216054995 0.0 9
1782216054997 0.0 10
1782216054998 0.0 11
1782216054999 0.0 12
1782216055000 0.0 13
1782216055001 0.0 14
1782216055003 0.0 15
1782216055004 0.0 16
1782216055005 0.0 17
1782216055006 0.0 18
1782216055007 0.0 19
1782216055009 0.0 20
1782216055010 0.0 21
1782216055011 0.0 22
1782216055012 0.0 23
1782216055013 0.0 24
1782216055015 0.0 25
1782216055016 0.0 26
1782216055017 0.0 27
1782216055018 0.0 28
1782216055019 0.0 29
1782216055021 0.0 30
1782216055022 0.0 31
1782216055023 0.0 32
1782216055024 0.0 33
1782216055025 0.0 34
1782216055027 0.0 35
1782216055028 0.0 36
1782216055029 0.0 37
1782216055030 0.0 38
1782216055032 0.0 39
1782216055033 0.0 40
1782216055034 0.0 41
1782216055035 0.0 42
1782216055036 0.0 43
1782216055038 0.0 44
1782216055039 0.0 45
1782216055040 0.0 46
1782216055041 0.0 47
1782216055042 0.0 48
1782216055044 0.0 49
1782216055045 0.0 50
1782216055046 0.0 51
1782216055047 0.0 52
1782216055048 0.0 53
1782216055050 0.0 54
1782216055051 0.0 55
1782216055052 0.0 56
1782216055053 0.0 57
1782216055054 0.0 58
1782216055056 0.0 59
1782216055057 0.0 60
1782216055058 0.0 61
1782216055059 0.0 62
1782216055061 0.0 63
1782216055062 0.0 64
1782216055063 0.0 65
1782216055064 0.0 66
1782216055065 0.0 67
1782216055067 0.0 68
1782216055068 0.0 69
1782216055069 0.0 70
1782216055070 0.0 71
1782216055071 0.0 72
1782216055072 0.0 73
1782216055074 0.0 74
1782216055075 0.0 75
1782216055076 0.0 76
1782216055077 0.0 77
