1782760481626 0.0 1
1782760481627 0.0 2
1782760481628 0.0 3
1782760481629 0.0 4
1782760481630 0.0 5
1782760481631 0.0 6
1782760481632 0.0 7
1782760481632 0.0 8
1782760481634 0.0 9
1782760481635 0.0 10
1782760481636 0.0 11
1782760481637 0.0 12
1782760481637 0.0 13
1782760481638 0.0 14
1782760481639 0.0 15
1782760481640 0.0 16
1782760481641 0.0 17
1782760481642 0.0 18
1782760481643 0.0 19
1782760481644 0.0 20
1782760481645 0.0 21
1782760481646 0.0 22
1782760481647 0.0 23
1782760481648 0.0 24
1782760481648 0.0 25
1782760481650 0.0 26
1782760481651 0.0 27
1782760481652 0.0 28
1782760481653 0.0 29
1782760481653 0.0 30
1782760481654 0.0 31
1782760481655 0.0 32
1782760481656 0.0 33
1782760481657 0.0 34
1782760481658 0.0 35
1782760481659 0.0 36
1782760481660 0.0 37
1782760481661 0.0 38
1782760481662 0.0 39
1782760481663 0.0 40
1782760481664 0.0 41
1782760481665 0.0 42
1782760481666 0.0 43
1782760481667 0.0 44
1782760481668 0.0 45
1782760481669 0.0 46
1782760481669 0.0 47
1782760481670 0.0 48
1782760481671 0.0 49
1782760481672 0.0 50
1782760481673 0.0 51
1782760481674 0.0 52
1782760481675 0.0 53
1782760481676 0.0 54
1782760481677 0.0 55
1782760481678 0.0 56
1782760481679 0.0 57
1782760481679 0.0 58
1782760481681 0.0 59
1782760481682 0.0 60
1782760481683 0.0 61
1782760481684 0.0 62
1782760481685 0.0 63
1782760481685 0.0 64
1782760481686 0.0 65
1782760481687 0.0 66
1782760481688 0.0 67
1782760481689 0.0 68
1782760481690 0.0 69
1782760481691 0.0 70
1782760481692 0.0 71
1782760481693 0.0 72
1782760481694 0.0 73
1782760481695 0.0 74
1782760481696 0.0 75
1782760481697 0.0 76
1782760481698 0.0 77
1782760481699 0.0 78
1782760481700 0.0 79
1782760481701 0.0 80
1782760481702 0.0 81
1782760481703 0.0 82
1782760481704 0.0 83
1782760481706 0.0 84
1782760481707 0.0 85
1782760481708 0.0 86
1782760481709 0.0 87
1782760481710 0.0 88
1782760481711 0.0 89
1782760481712 0.0 90
1782760481713 0.0 91
1782760481714 0.0 92
1782760481715 0.0 93
1782760481717 0.0 94
1782760481718 0.0 95
1782760481719 0.0 96
1782760481720 0.0 97
1782760481721 0.0 98
