1782760481322 0.09343008259311318 1
1782760481323 0.019689913005568088 2
1782760481324 0.008672117365058511 3
1782760481326 0.005719184995396063 4
1782760481327 0.004227200391469523 5
1782760481328 0.003136227714130655 6
1782760481329 0.0026542727148626 7
1782760481330 0.0022551903160638177 8
1782760481331 0.0020079053557128645 9
1782760481332 0.001800193128583487 10
1782760481333 0.001655392745451536 11
1782760481334 0.0015572519626584835 12
1782760481335 0.0015180816610518377 13
1782760481337 0.0015085169687517918 14
1782760481338 0.0014536460288218222 15
1782760481339 0.0013807693967828527 16
1782760481340 0.0013184326639748179 17
1782760481341 0.0012523851718287916 18
1782760481342 0.0011829813547956291 19
1782760481343 0.0011162292980588973 20
1782760481344 0.0011261771945282816 21
1782760481346 0.0011025437580246943 22
1782760481347 0.0010465181573817972 23
1782760481348 0.0010934223130607279 24
1782760481349 0.0010425338328059297 25
1782760481350 0.0010159877150726971 26
1782760481351 0.0010100873269402654 27
1782760481352 0.0009789980563073186 28
1782760481353 0.0009819528062507744 29
1782760481354 0.0009486158897925634 30
1782760481355 0.0009075283997663064 31
1782760481357 0.0009185693856124999 32
1782760481358 0.000875826742121717 33
1782760481359 0.0008934225073608104 34
1782760481360 0.0008355849311192287 35
1782760481361 0.0008035539068077924 36
1782760481362 0.0008033861662988784 37
1782760481363 0.0008153000943275402 38
1782760481364 0.0008139107792521827 39
1782760481365 0.0008149380631948588 40
1782760481366 0.0007859936029853998 41
1782760481368 0.0007856003371853148 42
1782760481369 0.0008586397377803223 43
1782760481370 0.000799614352727076 44
1782760481371 0.0007296341344044776 45
1782760481372 0.0007617874928109814 46
1782760481373 0.0007446514320326969 47
1782760481374 0.0007412720538559369 48
1782760481375 0.0006898712452675682 49
1782760481376 0.0007002381596248597 50
1782760481377 0.0006793689852202078 51
1782760481379 0.0006880899664975004 52
1782760481380 0.0007862116728938418 53
1782760481381 0.0006922201964334818 54
1782760481382 0.0006934262457798468 55
1782760481383 0.0006641557343391468 56
1782760481384 0.0006210777041997062 57
1782760481385 0.0006011773378122598 58
1782760481386 0.0006236488718423061 59
1782760481387 0.0006300280933646718 60
1782760481388 0.0006292795851186384 61
1782760481390 0.0005913777273963205 62
1782760481391 0.0005327993085302296 63
1782760481392 0.0005120186233034474 64
1782760481393 0.0005002962676735478 65
1782760481394 0.0004945524061986361 66
1782760481395 0.0004876729931493173 67
1782760481396 0.00048401696683868066 68
1782760481397 0.00048020141930464887 69
1782760481398 0.00048187982371018735 70
1782760481400 0.0004870903247501701 71
1782760481401 0.0005064088619838003 72
1782760481402 0.0005385566287077381 73
1782760481403 0.0005277427961118519 74
1782760481404 0.0005220953949174145 75
1782760481405 0.00048708714541135123 76
1782760481406 0.00045340855078393363 77
1782760481407 0.0004462732932006475 78
1782760481408 0.0004412188059359323 79
1782760481409 0.00043800440682389307 80
1782760481411 0.0004351165036132443 81
1782760481412 0.00043244929089269134 82
1782760481413 0.0004286784798387089 83
1782760481414 0.0004269636361277662 84
1782760481415 0.0004254756350928801 85
1782760481416 0.0004240163623035187 86
1782760481417 0.00042246913144481366 87
1782760481418 0.00042088388916454276 88
1782760481419 0.00041923973363736875 89
1782760481420 0.0004167481452896027 90
1782760481422 0.00041571398502128433 91
1782760481423 0.00041475796773738694 92
1782760481424 0.000413775299784902 93
1782760481425 0.00041275912830315067 94
1782760481426 0.0004117161294561811 95
1782760481427 0.0004106517794934916 96
1782760481428 0.00040910584062658017 97
1782760481429 0.00040849256045476066 98
