1782760481531 0.0 1
1782760481532 0.0 2
1782760481533 0.0 3
1782760481534 0.0 4
1782760481535 0.0 5
1782760481536 0.0 6
1782760481537 0.0 7
1782760481538 0.0 8
1782760481539 0.0 9
1782760481540 0.0 10
1782760481541 0.0 11
1782760481542 0.0 12
1782760481543 0.0 13
1782760481544 0.0 14
1782760481545 0.0 15
1782760481546 0.0 16
1782760481547 0.0 17
1782760481547 0.0 18
1782760481548 0.0 19
1782760481549 0.0 20
1782760481550 0.0 21
1782760481551 0.0 22
1782760481552 0.0 23
1782760481553 0.0 24
1782760481554 0.0 25
1782760481555 0.0 26
1782760481556 0.0 27
1782760481557 0.0 28
1782760481558 0.0 29
1782760481559 0.0 30
1782760481560 0.0 31
1782760481561 0.0 32
1782760481562 0.0 33
1782760481563 0.0 34
1782760481564 0.0 35
1782760481565 0.0 36
1782760481566 0.0 37
1782760481566 0.0 38
1782760481567 0.0 39
1782760481568 0.0 40
1782760481569 0.0 41
1782760481570 0.0 42
1782760481571 0.0 43
1782760481572 0.0 44
1782760481573 0.0 45
1782760481574 0.0 46
1782760481575 0.0 47
1782760481576 0.0 48
1782760481577 0.0 49
1782760481578 0.0 50
1782760481579 0.0 51
1782760481580 0.0 52
1782760481581 0.0 53
1782760481581 0.0 54
1782760481582 0.0 55
1782760481583 0.0 56
1782760481584 0.0 57
1782760481585 0.0 58
1782760481587 0.0 59
1782760481588 0.0 60
1782760481589 0.0 61
1782760481590 0.0 62
1782760481591 0.0 63
1782760481592 0.0 64
1782760481593 0.0 65
1782760481594 0.0 66
1782760481595 0.0 67
1782760481596 0.0 68
1782760481597 0.0 69
1782760481598 0.0 70
1782760481599 0.0 71
1782760481600 0.0 72
1782760481601 0.0 73
1782760481602 0.0 74
1782760481603 0.0 75
1782760481604 0.0 76
1782760481605 0.0 77
1782760481605 0.0 78
1782760481606 0.0 79
1782760481607 0.0 80
1782760481608 0.0 81
1782760481609 0.0 82
1782760481610 0.0 83
1782760481611 0.0 84
1782760481612 0.0 85
1782760481613 0.0 86
1782760481614 0.0 87
1782760481615 0.0 88
1782760481616 0.0 89
1782760481617 0.0 90
1782760481618 0.0 91
1782760481619 0.0 92
1782760481620 0.0 93
1782760481621 0.0 94
1782760481622 0.0 95
1782760481623 0.0 96
1782760481624 0.0 97
1782760481625 0.0 98
