1782750465231 0.10761704687029124 1
1782750465232 0.019883752493187787 2
1782750465233 0.008786407369188964 3
1782750465234 0.006076132516609505 4
1782750465235 0.0047975483408663425 5
1782750465236 0.004071149822557345 6
1782750465237 0.003460054084425792 7
1782750465238 0.0031105773139279338 8
1782750465239 0.0028914012119639664 9
1782750465241 0.002707773644651752 10
1782750465242 0.002597541589348111 11
1782750465243 0.0025158193457173184 12
1782750465244 0.0024367563112173227 13
1782750465245 0.002354499206703622 14
1782750465246 0.0023166145739378407 15
1782750465247 0.0022913921349390874 16
1782750465248 0.002214126027392922 17
1782750465249 0.002192146698216675 18
1782750465250 0.0021599553020496386 19
1782750465252 0.0021482339569774923 20
1782750465253 0.0021690873471379747 21
1782750465254 0.0021647778248006944 22
1782750465255 0.0020910320470284207 23
1782750465256 0.0020570932982082015 24
1782750465257 0.0020802198005549144 25
1782750465258 0.0021214674772636498 26
1782750465259 0.002021871631150134 27
1782750465260 0.0020209435012657193 28
1782750465261 0.0020401309966109693 29
1782750465262 0.002038782268355135 30
1782750465264 0.002015348198619904 31
1782750465265 0.001982892689993605 32
1782750465266 0.0020116679547936655 33
1782750465267 0.0020152590794896242 34
1782750465268 0.0019238014407164882 35
1782750465269 0.0018967379844980314 36
1782750465270 0.0018841423260892044 37
1782750465271 0.001879749373620143 38
1782750465272 0.0018743484818696742 39
1782750465273 0.0018716635544842575 40
1782750465275 0.0018908940954861465 41
1782750465276 0.0018553681326011428 42
1782750465277 0.0018357816970092245 43
1782750465278 0.0018296177741285646 44
1782750465279 0.0018274105575255817 45
1782750465280 0.001827010040069581 46
1782750465281 0.0018241484744794434 47
1782750465282 0.0018231747386744247 48
1782750465283 0.0018143900528957602 49
1782750465284 0.0018044176528201207 50
1782750465285 0.0018008863872091751 51
1782750465287 0.0018017560584121385 52
1782750465288 0.0017980422649270622 53
1782750465289 0.0017982569680316373 54
1782750465290 0.0017981853152014083 55
1782750465291 0.001791698036104208 56
1782750465292 0.0017867134705738864 57
