1782750465417 0.0 1
1782750465418 0.0 2
1782750465420 0.0 3
1782750465421 0.0 4
1782750465422 0.0 5
1782750465423 0.0 6
1782750465424 0.0 7
1782750465425 0.0 8
1782750465426 0.0 9
1782750465427 0.0 10
1782750465428 0.0 11
1782750465429 0.0 12
1782750465430 0.0 13
1782750465431 0.0 14
1782750465433 0.0 15
1782750465433 0.0 16
1782750465434 0.0 17
1782750465435 0.0 18
1782750465436 0.0 19
1782750465437 0.0 20
1782750465438 0.0 21
1782750465439 0.0 22
1782750465440 0.0 23
1782750465441 0.0 24
1782750465442 0.0 25
1782750465443 0.0 26
1782750465444 0.0 27
1782750465445 0.0 28
1782750465446 0.0 29
1782750465447 0.0 30
1782750465448 0.0 31
1782750465449 0.0 32
1782750465450 0.0 33
1782750465451 0.0 34
1782750465452 0.0 35
1782750465453 0.0 36
1782750465454 0.0 37
1782750465455 0.0 38
1782750465456 0.0 39
1782750465457 0.0 40
1782750465458 0.0 41
1782750465460 0.0 42
1782750465460 0.0 43
1782750465462 0.0 44
1782750465463 0.0 45
1782750465464 0.0 46
1782750465465 0.0 47
1782750465465 0.0 48
1782750465466 0.0 49
1782750465467 0.0 50
1782750465468 0.0 51
1782750465469 0.0 52
1782750465470 0.0 53
1782750465471 0.0 54
1782750465472 0.0 55
1782750465473 0.0 56
1782750465474 0.0 57
