1783933589602 0.0 1
1783933589603 0.0 2
1783933589605 0.0 3
1783933589606 0.0 4
1783933589608 0.0 5
1783933589609 0.0 6
1783933589611 0.0 7
1783933589612 0.0 8
1783933589614 0.0 9
1783933589615 0.0 10
1783933589617 0.0 11
1783933589618 0.0 12
1783933589620 0.0 13
1783933589622 0.0 14
1783933589623 0.0 15
1783933589625 0.0 16
1783933589626 0.0 17
1783933589628 0.0 18
1783933589629 0.0 19
1783933589631 0.0 20
1783933589632 0.0 21
1783933589634 0.0 22
1783933589635 0.0 23
1783933589637 0.0 24
1783933589638 0.0 25
1783933589640 0.0 26
1783933589641 0.0 27
1783933589643 0.0 28
1783933589644 0.0 29
1783933589646 0.0 30
1783933589647 0.0 31
1783933589649 0.0 32
1783933589650 0.0 33
1783933589652 0.0 34
1783933589653 0.0 35
1783933589655 0.0 36
1783933589656 0.0 37
1783933589658 0.0 38
1783933589659 0.0 39
1783933589661 0.0 40
1783933589662 0.0 41
1783933589664 0.0 42
1783933589665 0.0 43
1783933589667 0.0 44
1783933589668 0.0 45
1783933589670 0.0 46
1783933589672 0.0 47
1783933589673 0.0 48
1783933589675 0.0 49
1783933589676 0.0 50
1783933589678 0.0 51
1783933589679 0.0 52
1783933589681 0.0 53
1783933589682 0.0 54
1783933589684 0.0 55
1783933589685 0.0 56
1783933589687 0.0 57
1783933589688 0.0 58
1783933589690 0.0 59
1783933589691 0.0 60
1783933589693 0.0 61
1783933589694 0.0 62
1783933589696 0.0 63
1783933589697 0.0 64
1783933589699 0.0 65
1783933589700 0.0 66
1783933589702 0.0 67
1783933589703 0.0 68
1783933589705 0.0 69
1783933589706 0.0 70
1783933589708 0.0 71
1783933589709 0.0 72
1783933589711 0.0 73
1783933589713 0.0 74
