1783933589256 0.14957619477063416 1
1783933589258 0.05827837632969022 2
1783933589260 0.026213903529569507 3
1783933589262 0.014502279199659825 4
1783933589263 0.009409010047093033 5
1783933589265 0.006715866904705763 6
1783933589267 0.005133506389101967 7
1783933589268 0.0040987910726107656 8
1783933589270 0.0034455223788972945 9
1783933589271 0.0030224446748616175 10
1783933589273 0.0026657768624136226 11
1783933589275 0.002425812929868698 12
1783933589276 0.0022572662140009927 13
1783933589278 0.002129636669124011 14
1783933589279 0.002008981790859252 15
1783933589281 0.0018981544260168448 16
1783933589282 0.001785681848123204 17
1783933589284 0.0017244366506929509 18
1783933589285 0.0016711884293181356 19
1783933589287 0.0016129945116699672 20
1783933589289 0.0015270313387736678 21
1783933589290 0.001500351581198629 22
1783933589292 0.0014784039542428218 23
1783933589293 0.0014496826930553651 24
1783933589295 0.0014275016413012054 25
1783933589297 0.0013955353229539468 26
1783933589298 0.001373654580238508 27
1783933589300 0.0013367441567243077 28
1783933589301 0.001308055739136762 29
1783933589303 0.0012844162654073444 30
1783933589305 0.001277014204315492 31
1783933589306 0.0012514364639355335 32
1783933589308 0.0012236014910740778 33
1783933589310 0.0012474072805343894 34
1783933589311 0.001222697177581722 35
1783933589313 0.0011958281572151464 36
1783933589314 0.0011694567696395098 37
1783933589316 0.0011532891430397285 38
1783933589318 0.0011515646384941648 39
1783933589319 0.0011467017931136069 40
1783933589321 0.0011504660606442485 41
1783933589322 0.0011039991104917135 42
1783933589324 0.0010496302891260711 43
1783933589325 0.0010069270223175407 44
1783933589327 0.000982300374598708 45
1783933589329 0.0009760341529909056 46
1783933589330 0.0009836978222301695 47
1783933589332 0.0009429224135237746 48
1783933589333 0.0009344646198587725 49
1783933589335 0.0009272312048415188 50
1783933589336 0.0008549554744968191 51
1783933589338 0.0008002665251115104 52
1783933589339 0.0007927699217543704 53
1783933589341 0.0007935796492529334 54
1783933589342 0.0007705881069705356 55
1783933589344 0.0007598722703551175 56
1783933589345 0.0007621640760771697 57
1783933589347 0.0007585067637410248 58
1783933589348 0.0007383615431172074 59
1783933589350 0.0007277469061227748 60
1783933589351 0.0007272917854425032 61
1783933589353 0.0007218986903899349 62
1783933589354 0.0007182633635238744 63
1783933589356 0.0007143749119859422 64
1783933589357 0.0007098075515386881 65
1783933589359 0.0007051560577383498 66
1783933589360 0.0007036001148662763 67
1783933589362 0.0006976828120241408 68
1783933589364 0.0006961444219632539 69
1783933589365 0.0006936438749107765 70
1783933589367 0.0006926873810152756 71
1783933589368 0.0006871519691776484 72
1783933589370 0.0006898862560774432 73
1783933589371 0.000687194567071856 74
