1783933589489 0.0 1
1783933589491 0.0 2
1783933589492 0.0 3
1783933589494 0.0 4
1783933589495 0.0 5
1783933589497 0.0 6
1783933589498 0.0 7
1783933589500 0.0 8
1783933589501 0.0 9
1783933589503 0.0 10
1783933589504 0.0 11
1783933589506 0.0 12
1783933589507 0.0 13
1783933589509 0.0 14
1783933589510 0.0 15
1783933589512 0.0 16
1783933589513 0.0 17
1783933589515 0.0 18
1783933589516 0.0 19
1783933589518 0.0 20
1783933589519 0.0 21
1783933589521 0.0 22
1783933589522 0.0 23
1783933589524 0.0 24
1783933589526 0.0 25
1783933589527 0.0 26
1783933589529 0.0 27
1783933589530 0.0 28
1783933589532 0.0 29
1783933589533 0.0 30
1783933589535 0.0 31
1783933589536 0.0 32
1783933589538 0.0 33
1783933589539 0.0 34
1783933589541 0.0 35
1783933589542 0.0 36
1783933589544 0.0 37
1783933589545 0.0 38
1783933589547 0.0 39
1783933589548 0.0 40
1783933589550 0.0 41
1783933589551 0.0 42
1783933589553 0.0 43
1783933589554 0.0 44
1783933589556 0.0 45
1783933589558 0.0 46
1783933589559 0.0 47
1783933589561 0.0 48
1783933589562 0.0 49
1783933589564 0.0 50
1783933589565 0.0 51
1783933589567 0.0 52
1783933589568 0.0 53
1783933589570 0.0 54
1783933589571 0.0 55
1783933589573 0.0 56
1783933589574 0.0 57
1783933589576 0.0 58
1783933589577 0.0 59
1783933589579 0.0 60
1783933589580 0.0 61
1783933589582 0.0 62
1783933589583 0.0 63
1783933589585 0.0 64
1783933589586 0.0 65
1783933589588 0.0 66
1783933589590 0.0 67
1783933589591 0.0 68
1783933589593 0.0 69
1783933589594 0.0 70
1783933589596 0.0 71
1783933589597 0.0 72
1783933589599 0.0 73
1783933589600 0.0 74
