1782243277641 0.0 1
1782243277642 0.0 2
1782243277643 0.0 3
1782243277644 0.0 4
1782243277645 0.0 5
1782243277646 0.0 6
1782243277647 0.0 7
1782243277648 0.0 8
1782243277649 0.0 9
1782243277651 0.0 10
1782243277652 0.0 11
1782243277653 0.0 12
1782243277654 0.0 13
1782243277655 0.0 14
1782243277656 0.0 15
1782243277657 0.0 16
1782243277658 0.0 17
1782243277659 0.0 18
1782243277660 0.0 19
1782243277662 0.0 20
1782243277663 0.0 21
1782243277664 0.0 22
1782243277665 0.0 23
1782243277666 0.0 24
1782243277667 0.0 25
1782243277668 0.0 26
1782243277669 0.0 27
1782243277670 0.0 28
1782243277671 0.0 29
1782243277672 0.0 30
1782243277673 0.0 31
1782243277675 0.0 32
1782243277676 0.0 33
1782243277677 0.0 34
1782243277678 0.0 35
1782243277679 0.0 36
1782243277680 0.0 37
1782243277682 0.0 38
1782243277683 0.0 39
1782243277684 0.0 40
1782243277685 0.0 41
1782243277686 0.0 42
1782243277688 0.0 43
1782243277689 0.0 44
1782243277690 0.0 45
1782243277691 0.0 46
1782243277693 0.0 47
1782243277694 0.0 48
1782243277695 0.0 49
1782243277696 0.0 50
1782243277698 0.0 51
1782243277699 0.0 52
1782243277700 0.0 53
1782243277701 0.0 54
1782243277703 0.0 55
1782243277704 0.0 56
1782243277705 0.0 57
1782243277706 0.0 58
1782243277708 0.0 59
1782243277709 0.0 60
1782243277710 0.0 61
1782243277711 0.0 62
1782243277713 0.0 63
1782243277714 0.0 64
1782243277715 0.0 65
1782243277716 0.0 66
1782243277718 0.0 67
1782243277719 0.0 68
1782243277720 0.0 69
1782243277721 0.0 70
1782243277723 0.0 71
1782243277724 0.0 72
1782243277725 0.0 73
1782243277726 0.0 74
1782243277728 0.0 75
1782243277729 0.0 76
1782243277730 0.0 77
1782243277731 0.0 78
1782243277733 0.0 79
1782243277734 0.0 80
1782243277735 0.0 81
1782243277737 0.0 82
1782243277738 0.0 83
1782243277739 0.0 84
1782243277740 0.0 85
1782243277742 0.0 86
1782243277743 0.0 87
1782243277744 0.0 88
1782243277745 0.0 89
1782243277747 0.0 90
1782243277748 0.0 91
1782243277749 0.0 92
1782243277751 0.0 93
1782243277752 0.0 94
1782243277753 0.0 95
1782243277754 0.0 96
