1782243277403 0.18602846283465624 1
1782243277405 0.07750918501988054 2
1782243277406 0.03921088251285255 3
1782243277407 0.022577826897613704 4
1782243277409 0.01292655489873141 5
1782243277410 0.008378723573405295 6
1782243277411 0.006218060663668439 7
1782243277412 0.004905516722938046 8
1782243277414 0.004188044827897102 9
1782243277415 0.0035364306427072734 10
1782243277416 0.003136742454371415 11
1782243277418 0.0028447935270378365 12
1782243277419 0.0026300179411191493 13
1782243277420 0.0024020213191397488 14
1782243277421 0.002198836159077473 15
1782243277423 0.002049559723236598 16
1782243277424 0.0019487710704561322 17
1782243277425 0.0018489128196961246 18
1782243277426 0.0017768021192750894 19
1782243277428 0.001745353214791976 20
1782243277429 0.0016318496980238706 21
1782243277430 0.001580833464395255 22
1782243277431 0.0015639050013851374 23
1782243277433 0.0014737538172630593 24
1782243277434 0.001428856798011111 25
1782243277435 0.0013836366722534876 26
1782243277437 0.0013674256033846177 27
1782243277438 0.0013641550025204196 28
1782243277439 0.0013852100126678123 29
1782243277440 0.0012925074920349289 30
1782243277442 0.0012513740608119405 31
1782243277443 0.0012026117293862627 32
1782243277444 0.0011815531441243365 33
1782243277445 0.0011623751225124579 34
1782243277447 0.0011383573613420594 35
1782243277448 0.00112797197252803 36
1782243277449 0.0011405305796506583 37
1782243277450 0.0011838550231914268 38
1782243277452 0.0011564320803881855 39
1782243277453 0.0011303427286475198 40
1782243277454 0.0010981527576223015 41
1782243277455 0.0010660920487862314 42
1782243277457 0.001070756652043201 43
1782243277458 0.0010309802899428177 44
1782243277459 0.0010138706754514715 45
1782243277461 0.000994535932331928 46
1782243277462 0.0009958146043209126 47
1782243277463 0.0010030868680769344 48
1782243277464 0.0010010337905987398 49
1782243277466 0.0009752842976740794 50
1782243277467 0.0009829994918254669 51
1782243277468 0.000985525332580437 52
1782243277469 0.0009667979054211173 53
1782243277471 0.0009346954105421901 54
1782243277472 0.0009204282055725343 55
1782243277473 0.0009130649910366628 56
1782243277474 0.0009252607046073536 57
1782243277476 0.0009564447964658029 58
1782243277477 0.0009232453859294765 59
1782243277478 0.0009121768992918078 60
1782243277479 0.0009132298207987332 61
1782243277481 0.0009392798198314267 62
1782243277482 0.0009908307377190795 63
1782243277483 0.0009695849043055204 64
1782243277484 0.0008709686256042914 65
1782243277486 0.0008388842679414666 66
1782243277487 0.0008164831268368289 67
1782243277488 0.0008040897000319092 68
1782243277489 0.0008133088746035355 69
1782243277491 0.0008119832606462296 70
1782243277492 0.0008061711372283753 71
1782243277493 0.0008457424520383938 72
1782243277494 0.0008869314379990101 73
1782243277496 0.0008446766830456909 74
1782243277497 0.0007646406301500974 75
1782243277498 0.0007433206525456626 76
1782243277500 0.0007318881466926541 77
1782243277501 0.0007245120373409008 78
1782243277502 0.0007177031116953003 79
1782243277503 0.0007119066815721453 80
1782243277505 0.0007043149993478437 81
1782243277506 0.0006992609888402513 82
1782243277507 0.0006958084772122674 83
1782243277508 0.0006927325988363009 84
1782243277510 0.0006898851129881222 85
1782243277511 0.0006872106665105093 86
1782243277512 0.0006847838897374458 87
1782243277513 0.0006808149569405941 88
1782243277515 0.0006780886951310095 89
1782243277516 0.0006763050829977146 90
1782243277517 0.0006748053671981325 91
1782243277518 0.0006732226196618285 92
1782243277520 0.0006716480211616726 93
1782243277521 0.0006702108743775171 94
1782243277522 0.0006676154906017473 95
1782243277523 0.0006664140092834714 96
