1782243277756 0.0 1
1782243277757 0.0 2
1782243277758 0.0 3
1782243277759 0.0 4
1782243277761 0.0 5
1782243277762 0.0 6
1782243277763 0.0 7
1782243277764 0.0 8
1782243277766 0.0 9
1782243277767 0.0 10
1782243277768 0.0 11
1782243277770 0.0 12
1782243277771 0.0 13
1782243277772 0.0 14
1782243277773 0.0 15
1782243277775 0.0 16
1782243277776 0.0 17
1782243277777 0.0 18
1782243277779 0.0 19
1782243277780 0.0 20
1782243277781 0.0 21
1782243277782 0.0 22
1782243277784 0.0 23
1782243277785 0.0 24
1782243277786 0.0 25
1782243277787 0.0 26
1782243277789 0.0 27
1782243277790 0.0 28
1782243277791 0.0 29
1782243277792 0.0 30
1782243277794 0.0 31
1782243277795 0.0 32
1782243277796 0.0 33
1782243277797 0.0 34
1782243277799 0.0 35
1782243277800 0.0 36
1782243277801 0.0 37
1782243277802 0.0 38
1782243277804 0.0 39
1782243277805 0.0 40
1782243277806 0.0 41
1782243277808 0.0 42
1782243277809 0.0 43
1782243277810 0.0 44
1782243277811 0.0 45
1782243277813 0.0 46
1782243277814 0.0 47
1782243277815 0.0 48
1782243277816 0.0 49
1782243277818 0.0 50
1782243277819 0.0 51
1782243277820 0.0 52
1782243277821 0.0 53
1782243277823 0.0 54
1782243277824 0.0 55
1782243277825 0.0 56
1782243277826 0.0 57
1782243277828 0.0 58
1782243277829 0.0 59
1782243277830 0.0 60
1782243277831 0.0 61
1782243277833 0.0 62
1782243277834 0.0 63
1782243277835 0.0 64
1782243277836 0.0 65
1782243277838 0.0 66
1782243277839 0.0 67
1782243277840 0.0 68
1782243277842 0.0 69
1782243277843 0.0 70
1782243277844 0.0 71
1782243277845 0.0 72
1782243277846 0.0 73
1782243277848 0.0 74
1782243277849 0.0 75
1782243277850 0.0 76
1782243277851 0.0 77
1782243277853 0.0 78
1782243277854 0.0 79
1782243277855 0.0 80
1782243277856 0.0 81
1782243277858 0.0 82
1782243277859 0.0 83
1782243277860 0.0 84
1782243277861 0.0 85
1782243277863 0.0 86
1782243277864 0.0 87
1782243277865 0.0 88
1782243277866 0.0 89
1782243277868 0.0 90
1782243277869 0.0 91
1782243277870 0.0 92
1782243277871 0.0 93
1782243277873 0.0 94
1782243277874 0.0 95
1782243277875 0.0 96
