1781985322719 0.0 1
1781985322720 0.0 2
1781985322721 0.0 3
1781985322722 0.0 4
1781985322723 0.0 5
1781985322724 0.0 6
1781985322725 0.0 7
1781985322726 0.0 8
1781985322727 0.0 9
1781985322728 0.0 10
1781985322729 0.0 11
1781985322730 0.0 12
1781985322731 0.0 13
1781985322732 0.0 14
1781985322733 0.0 15
1781985322734 0.0 16
1781985322734 0.0 17
1781985322735 0.0 18
1781985322736 0.0 19
1781985322737 0.0 20
1781985322738 0.0 21
1781985322739 0.0 22
1781985322740 0.0 23
1781985322741 0.0 24
1781985322742 0.0 25
1781985322743 0.0 26
1781985322744 0.0 27
1781985322745 0.0 28
1781985322746 0.0 29
1781985322747 0.0 30
1781985322748 0.0 31
1781985322749 0.0 32
1781985322750 0.0 33
1781985322750 0.0 34
1781985322751 0.0 35
1781985322752 0.0 36
1781985322753 0.0 37
1781985322754 0.0 38
1781985322755 0.0 39
1781985322756 0.0 40
1781985322757 0.0 41
1781985322758 0.0 42
1781985322759 0.0 43
1781985322760 0.0 44
1781985322761 0.0 45
1781985322762 0.0 46
1781985322763 0.0 47
1781985322764 0.0 48
1781985322765 0.0 49
1781985322765 0.0 50
1781985322766 0.0 51
1781985322767 0.0 52
1781985322768 0.0 53
1781985322769 0.0 54
1781985322770 0.0 55
1781985322771 0.0 56
1781985322772 0.0 57
1781985322773 0.0 58
1781985322774 0.0 59
1781985322775 0.0 60
1781985322775 0.0 61
1781985322776 0.0 62
1781985322777 0.0 63
1781985322778 0.0 64
