1781985322659 0.0 1
1781985322660 0.0 2
1781985322661 0.0 3
1781985322662 0.0 4
1781985322663 0.0 5
1781985322664 0.0 6
1781985322665 0.0 7
1781985322666 0.0 8
1781985322667 0.0 9
1781985322668 0.0 10
1781985322669 0.0 11
1781985322670 0.0 12
1781985322671 0.0 13
1781985322672 0.0 14
1781985322673 0.0 15
1781985322674 0.0 16
1781985322675 0.0 17
1781985322675 0.0 18
1781985322676 0.0 19
1781985322677 0.0 20
1781985322678 0.0 21
1781985322679 0.0 22
1781985322680 0.0 23
1781985322681 0.0 24
1781985322682 0.0 25
1781985322683 0.0 26
1781985322684 0.0 27
1781985322685 0.0 28
1781985322686 0.0 29
1781985322687 0.0 30
1781985322688 0.0 31
1781985322689 0.0 32
1781985322689 0.0 33
1781985322690 0.0 34
1781985322691 0.0 35
1781985322692 0.0 36
1781985322693 0.0 37
1781985322694 0.0 38
1781985322695 0.0 39
1781985322696 0.0 40
1781985322697 0.0 41
1781985322698 0.0 42
1781985322699 0.0 43
1781985322700 0.0 44
1781985322701 0.0 45
1781985322702 0.0 46
1781985322703 0.0 47
1781985322704 0.0 48
1781985322704 0.0 49
1781985322705 0.0 50
1781985322706 0.0 51
1781985322707 0.0 52
1781985322708 0.0 53
1781985322709 0.0 54
1781985322710 0.0 55
1781985322711 0.0 56
1781985322712 0.0 57
1781985322713 0.0 58
1781985322714 0.0 59
1781985322715 0.0 60
1781985322716 0.0 61
1781985322717 0.0 62
1781985322718 0.0 63
1781985322718 0.0 64
