1781985322539 0.08421762354671955 1
1781985322540 0.029014509562402965 2
1781985322541 0.014263477101922035 3
1781985322542 0.008778662118129433 4
1781985322543 0.006154147433117032 5
1781985322544 0.004827481495449319 6
1781985322545 0.003937505008652806 7
1781985322546 0.0032875937450444325 8
1781985322547 0.0028650063200620934 9
1781985322548 0.002567688779090531 10
1781985322549 0.0023125681054079906 11
1781985322550 0.0021638027834706007 12
1781985322551 0.002001940396730788 13
1781985322552 0.0018616800016025082 14
1781985322553 0.0017721832974348217 15
1781985322554 0.0017087785148760305 16
1781985322555 0.0016135348525131122 17
1781985322555 0.0015434253981220535 18
1781985322556 0.0015129529044497758 19
1781985322557 0.0014588439145882149 20
1781985322558 0.0014005165515118278 21
1781985322559 0.0013529362445115112 22
1781985322560 0.0013070681104727555 23
1781985322561 0.0012833832357136998 24
1781985322562 0.0012729591094830539 25
1781985322563 0.0012403237046964932 26
1781985322564 0.0012343824550043792 27
1781985322565 0.0011885495542082935 28
1781985322566 0.001162041467759991 29
1781985322567 0.0011402773109148257 30
1781985322568 0.0011381508479098557 31
1781985322569 0.001125150228763232 32
1781985322570 0.0011117920843389585 33
1781985322570 0.0011079798062564805 34
1781985322571 0.0011183016811264679 35
1781985322572 0.001071386498733773 36
1781985322573 0.001057442302480922 37
1781985322574 0.0010448932370491094 38
1781985322575 0.001012869504338596 39
1781985322576 0.000982653051687521 40
1781985322577 0.000994412682048278 41
1781985322578 0.0009946817432501121 42
1781985322579 0.0010357944271527232 43
1781985322580 0.0009580135501164477 44
1781985322581 0.0009014653935446404 45
1781985322582 0.0008774790923780529 46
1781985322583 0.0008644640044076368 47
1781985322584 0.0008546400885097682 48
1781985322585 0.0008466008586765384 49
1781985322585 0.0008365357994262012 50
1781985322586 0.000831156450913113 51
1781985322587 0.000826908155286219 52
1781985322588 0.0008229054370895028 53
1781985322589 0.0008188011937454576 54
1781985322590 0.0008147461716725957 55
1781985322591 0.0008090137294493615 56
1781985322592 0.000806346959907387 57
1781985322593 0.0008040069327398669 58
1781985322594 0.0008014733857271495 59
1781985322595 0.0007989161291334313 60
1781985322596 0.0007963120030763094 61
1781985322597 0.0007928128147614189 62
1781985322598 0.0007912405930983368 63
1781985322599 0.0007897114580919151 64
