1784037305076 0.028700599085714203 1
1784037305078 0.0037990317012008747 2
1784037305079 0.0037141758769575974 3
1784037305081 0.0035842864401638506 4
1784037305082 0.0032191202402464115 5
1784037305084 0.003314334442402469 6
1784037305085 0.0031936740237870254 7
1784037305087 0.0029642621339007746 8
1784037305088 0.002983852036995813 9
1784037305090 0.0028614322681096383 10
1784037305092 0.002773514041036833 11
1784037305093 0.002780229032068746 12
1784037305095 0.0027324953640345483 13
1784037305096 0.0029490128917677794 14
1784037305098 0.0031860664306441323 15
1784037305099 0.002727372945228126 16
1784037305101 0.0024758856926928273 17
1784037305102 0.002266011968313251 18
1784037305104 0.002185405730706407 19
1784037305105 0.002106743740878301 20
1784037305107 0.0020178177769412287 21
1784037305109 0.0019079245330067352 22
1784037305110 0.0017826855150633492 23
1784037305112 0.001979083607875509 24
1784037305113 0.0017135092413809617 25
1784037305115 0.001604895193304401 26
1784037305116 0.0014707159387762658 27
1784037305118 0.0013984335387067404 28
1784037305119 0.0013907200394896791 29
1784037305121 0.001337740779708838 30
1784037305122 0.0012951182510732907 31
1784037305124 0.0013232714460173155 32
1784037305125 0.0012859379332803656 33
1784037305127 0.0012967895416659302 34
1784037305129 0.0012516271109780065 35
1784037305130 0.0012050056758744177 36
1784037305132 0.0012645077824709006 37
1784037305133 0.001216969669330865 38
1784037305135 0.0011694939203152899 39
1784037305136 0.0011512220425356646 40
1784037305138 0.0011790637394733495 41
1784037305139 0.0011272059162001824 42
1784037305141 0.001138821462081978 43
1784037305142 0.001073171954267309 44
1784037305144 0.0010037687116710003 45
1784037305145 0.000990714663930703 46
1784037305147 0.000979580463390448 47
1784037305148 0.0009784584325097966 48
1784037305150 0.0009596309508197009 49
1784037305152 0.0009568121551274089 50
1784037305153 0.0009505887806153623 51
1784037305155 0.0009314903071208392 52
1784037305156 0.0009079182765708537 53
1784037305158 0.0009031166380736976 54
1784037305159 0.0009026694751082686 55
1784037305161 0.0008960388282139319 56
1784037305162 0.0008897585023078137 57
1784037305164 0.0008870964773814194 58
1784037305165 0.0008760476952011231 59
1784037305167 0.0008758493047207594 60
1784037305168 0.0008703730672277743 61
1784037305170 0.0008713631705177249 62
1784037305171 0.0008603256846254225 63
1784037305173 0.0008600584141822765 64
1784037305175 0.0008582933348952792 65
1784037305176 0.0008456245462730294 66
1784037305178 0.0008560366536403308 67
1784037305179 0.0008501756456098519 68
1784037305181 0.000825886040693149 69
1784037305182 0.0008201822551200166 70
1784037305184 0.0008160880539799109 71
1784037305185 0.0008120188715110999 72
1784037305187 0.0008111710597586353 73
1784037305188 0.0008091515362320934 74
1784037305190 0.0008077173994388431 75
1784037305191 0.0007966697381198173 76
1784037305193 0.0007938429748901399 77
1784037305195 0.0007951644562126603 78
1784037305196 0.0007934731055865995 79
1784037305198 0.0007908085596136516 80
1784037305199 0.0007921474760951241 81
1784037305201 0.0007897823041275842 82
1784037305202 0.0007876156849670224 83
1784037305204 0.0007842166221234948 84
1784037305205 0.0007843114290881204 85
1784037305207 0.000783905886564753 86
1784037305208 0.0007860120552504668 87
1784037305210 0.0007817413482553093 88
1784037305211 0.000783538054820383 89
1784037305213 0.0007809143570921151 90
1784037305214 0.000779095718098688 91
1784037305216 0.0007795798735605786 92
1784037305217 0.0007790783800010104 93
