1784037305502 0.0 1
1784037305503 0.0 2
1784037305505 0.0 3
1784037305506 0.0 4
1784037305508 0.0 5
1784037305509 0.0 6
1784037305511 0.0 7
1784037305512 0.0 8
1784037305514 0.0 9
1784037305515 0.0 10
1784037305517 0.0 11
1784037305518 0.0 12
1784037305520 0.0 13
1784037305521 0.0 14
1784037305523 0.0 15
1784037305524 0.0 16
1784037305526 0.0 17
1784037305527 0.0 18
1784037305529 0.0 19
1784037305531 0.0 20
1784037305532 0.0 21
1784037305534 0.0 22
1784037305535 0.0 23
1784037305537 0.0 24
1784037305538 0.0 25
1784037305540 0.0 26
1784037305541 0.0 27
1784037305543 0.0 28
1784037305544 0.0 29
1784037305546 0.0 30
1784037305547 0.0 31
1784037305549 0.0 32
1784037305551 0.0 33
1784037305552 0.0 34
1784037305554 0.0 35
1784037305555 0.0 36
1784037305557 0.0 37
1784037305558 0.0 38
1784037305560 0.0 39
1784037305561 0.0 40
1784037305563 0.0 41
1784037305564 0.0 42
1784037305566 0.0 43
1784037305567 0.0 44
1784037305569 0.0 45
1784037305570 0.0 46
1784037305572 0.0 47
1784037305573 0.0 48
1784037305575 0.0 49
1784037305577 0.0 50
1784037305578 0.0 51
1784037305580 0.0 52
1784037305581 0.0 53
1784037305583 0.0 54
1784037305584 0.0 55
1784037305586 0.0 56
1784037305587 0.0 57
1784037305589 0.0 58
1784037305590 0.0 59
1784037305592 0.0 60
1784037305593 0.0 61
1784037305595 0.0 62
1784037305596 0.0 63
1784037305598 0.0 64
1784037305599 0.0 65
1784037305601 0.0 66
1784037305602 0.0 67
1784037305604 0.0 68
1784037305606 0.0 69
1784037305607 0.0 70
1784037305609 0.0 71
1784037305610 0.0 72
1784037305612 0.0 73
1784037305613 0.0 74
1784037305615 0.0 75
1784037305616 0.0 76
1784037305618 0.0 77
1784037305619 0.0 78
1784037305621 0.0 79
1784037305622 0.0 80
1784037305624 0.0 81
1784037305625 0.0 82
1784037305627 0.0 83
1784037305628 0.0 84
1784037305630 0.0 85
1784037305631 0.0 86
1784037305633 0.0 87
1784037305634 0.0 88
1784037305636 0.0 89
1784037305638 0.0 90
1784037305639 0.0 91
1784037305641 0.0 92
1784037305642 0.0 93
