1784037305361 0.0 1
1784037305362 0.0 2
1784037305364 0.0 3
1784037305365 0.0 4
1784037305367 0.0 5
1784037305368 0.0 6
1784037305370 0.0 7
1784037305371 0.0 8
1784037305373 0.0 9
1784037305374 0.0 10
1784037305376 0.0 11
1784037305377 0.0 12
1784037305379 0.0 13
1784037305380 0.0 14
1784037305382 0.0 15
1784037305383 0.0 16
1784037305385 0.0 17
1784037305386 0.0 18
1784037305388 0.0 19
1784037305389 0.0 20
1784037305391 0.0 21
1784037305392 0.0 22
1784037305394 0.0 23
1784037305396 0.0 24
1784037305397 0.0 25
1784037305399 0.0 26
1784037305400 0.0 27
1784037305402 0.0 28
1784037305403 0.0 29
1784037305405 0.0 30
1784037305406 0.0 31
1784037305408 0.0 32
1784037305409 0.0 33
1784037305411 0.0 34
1784037305412 0.0 35
1784037305414 0.0 36
1784037305415 0.0 37
1784037305417 0.0 38
1784037305418 0.0 39
1784037305420 0.0 40
1784037305421 0.0 41
1784037305423 0.0 42
1784037305424 0.0 43
1784037305426 0.0 44
1784037305427 0.0 45
1784037305429 0.0 46
1784037305430 0.0 47
1784037305432 0.0 48
1784037305433 0.0 49
1784037305435 0.0 50
1784037305436 0.0 51
1784037305438 0.0 52
1784037305439 0.0 53
1784037305441 0.0 54
1784037305442 0.0 55
1784037305444 0.0 56
1784037305446 0.0 57
1784037305447 0.0 58
1784037305449 0.0 59
1784037305450 0.0 60
1784037305452 0.0 61
1784037305453 0.0 62
1784037305455 0.0 63
1784037305456 0.0 64
1784037305458 0.0 65
1784037305459 0.0 66
1784037305461 0.0 67
1784037305462 0.0 68
1784037305464 0.0 69
1784037305465 0.0 70
1784037305467 0.0 71
1784037305468 0.0 72
1784037305470 0.0 73
1784037305471 0.0 74
1784037305473 0.0 75
1784037305474 0.0 76
1784037305476 0.0 77
1784037305477 0.0 78
1784037305479 0.0 79
1784037305480 0.0 80
1784037305482 0.0 81
1784037305483 0.0 82
1784037305485 0.0 83
1784037305487 0.0 84
1784037305488 0.0 85
1784037305490 0.0 86
1784037305491 0.0 87
1784037305493 0.0 88
1784037305494 0.0 89
1784037305496 0.0 90
1784037305497 0.0 91
1784037305499 0.0 92
1784037305500 0.0 93
