1783891051503 0.0 1
1783891051505 0.0 2
1783891051506 0.0 3
1783891051507 0.0 4
1783891051509 0.0 5
1783891051510 0.0 6
1783891051512 0.0 7
1783891051513 0.0 8
1783891051515 0.0 9
1783891051516 0.0 10
1783891051517 0.0 11
1783891051519 0.0 12
1783891051520 0.0 13
1783891051522 0.0 14
1783891051523 0.0 15
1783891051525 0.0 16
1783891051526 0.0 17
1783891051528 0.0 18
1783891051529 0.0 19
1783891051531 0.0 20
1783891051532 0.0 21
1783891051533 0.0 22
1783891051535 0.0 23
1783891051536 0.0 24
1783891051538 0.0 25
1783891051539 0.0 26
1783891051541 0.0 27
1783891051542 0.0 28
1783891051543 0.0 29
1783891051545 0.0 30
1783891051546 0.0 31
1783891051548 0.0 32
1783891051549 0.0 33
1783891051551 0.0 34
1783891051552 0.0 35
1783891051553 0.0 36
1783891051555 0.0 37
1783891051556 0.0 38
1783891051558 0.0 39
1783891051559 0.0 40
1783891051561 0.0 41
1783891051562 0.0 42
1783891051563 0.0 43
1783891051565 0.0 44
1783891051566 0.0 45
1783891051568 0.0 46
1783891051569 0.0 47
1783891051571 0.0 48
1783891051572 0.0 49
1783891051574 0.0 50
1783891051575 0.0 51
1783891051576 0.0 52
1783891051578 0.0 53
1783891051579 0.0 54
1783891051581 0.0 55
1783891051582 0.0 56
1783891051584 0.0 57
1783891051585 0.0 58
1783891051586 0.0 59
1783891051588 0.0 60
1783891051589 0.0 61
1783891051591 0.0 62
1783891051592 0.0 63
1783891051594 0.0 64
1783891051595 0.0 65
1783891051597 0.0 66
1783891051598 0.0 67
1783891051599 0.0 68
1783891051601 0.0 69
1783891051602 0.0 70
1783891051604 0.0 71
1783891051605 0.0 72
1783891051607 0.0 73
1783891051608 0.0 74
1783891051609 0.0 75
1783891051611 0.0 76
1783891051612 0.0 77
1783891051614 0.0 78
1783891051615 0.0 79
1783891051617 0.0 80
1783891051618 0.0 81
1783891051619 0.0 82
1783891051621 0.0 83
1783891051622 0.0 84
1783891051624 0.0 85
1783891051625 0.0 86
1783891051626 0.0 87
1783891051628 0.0 88
1783891051629 0.0 89
1783891051631 0.0 90
1783891051632 0.0 91
