1783891051634 0.0 1
1783891051635 0.0 2
1783891051637 0.0 3
1783891051638 0.0 4
1783891051639 0.0 5
1783891051641 0.0 6
1783891051642 0.0 7
1783891051644 0.0 8
1783891051645 0.0 9
1783891051647 0.0 10
1783891051648 0.0 11
1783891051650 0.0 12
1783891051651 0.0 13
1783891051652 0.0 14
1783891051654 0.0 15
1783891051655 0.0 16
1783891051657 0.0 17
1783891051658 0.0 18
1783891051659 0.0 19
1783891051661 0.0 20
1783891051662 0.0 21
1783891051664 0.0 22
1783891051665 0.0 23
1783891051667 0.0 24
1783891051668 0.0 25
1783891051670 0.0 26
1783891051671 0.0 27
1783891051673 0.0 28
1783891051674 0.0 29
1783891051676 0.0 30
1783891051677 0.0 31
1783891051678 0.0 32
1783891051680 0.0 33
1783891051681 0.0 34
1783891051683 0.0 35
1783891051684 0.0 36
1783891051686 0.0 37
1783891051687 0.0 38
1783891051688 0.0 39
1783891051690 0.0 40
1783891051691 0.0 41
1783891051693 0.0 42
1783891051694 0.0 43
1783891051696 0.0 44
1783891051697 0.0 45
1783891051698 0.0 46
1783891051700 0.0 47
1783891051701 0.0 48
1783891051703 0.0 49
1783891051704 0.0 50
1783891051706 0.0 51
1783891051707 0.0 52
1783891051709 0.0 53
1783891051710 0.0 54
1783891051712 0.0 55
1783891051713 0.0 56
1783891051714 0.0 57
1783891051716 0.0 58
1783891051717 0.0 59
1783891051719 0.0 60
1783891051720 0.0 61
1783891051722 0.0 62
1783891051723 0.0 63
1783891051724 0.0 64
1783891051726 0.0 65
1783891051727 0.0 66
1783891051729 0.0 67
1783891051730 0.0 68
1783891051732 0.0 69
1783891051733 0.0 70
1783891051735 0.0 71
1783891051736 0.0 72
1783891051737 0.0 73
1783891051739 0.0 74
1783891051740 0.0 75
1783891051742 0.0 76
1783891051743 0.0 77
1783891051745 0.0 78
1783891051746 0.0 79
1783891051747 0.0 80
1783891051749 0.0 81
1783891051750 0.0 82
1783891051752 0.0 83
1783891051753 0.0 84
1783891051755 0.0 85
1783891051756 0.0 86
1783891051757 0.0 87
1783891051759 0.0 88
1783891051760 0.0 89
1783891051762 0.0 90
1783891051763 0.0 91
