1783891051241 0.17967904523015021 1
1783891051242 0.1096533939987421 2
1783891051244 0.05811518950387835 3
1783891051245 0.03115290679037571 4
1783891051247 0.018966367011889817 5
1783891051248 0.012849097065627575 6
1783891051250 0.00941013433272019 7
1783891051251 0.00720290683908388 8
1783891051253 0.0058098831784445795 9
1783891051254 0.004836176986573264 10
1783891051256 0.004196765222586691 11
1783891051257 0.0036623640288598837 12
1783891051258 0.0032471939455717804 13
1783891051260 0.00296968485112302 14
1783891051261 0.002733997571049258 15
1783891051263 0.002524739485234022 16
1783891051264 0.002355549315107055 17
1783891051266 0.0022453162030433307 18
1783891051267 0.0021566065557999535 19
1783891051269 0.0020250173725071363 20
1783891051270 0.0019322401756653562 21
1783891051272 0.0018544652330456301 22
1783891051273 0.0017725710608647205 23
1783891051274 0.0017316284717526287 24
1783891051276 0.0016777377191465347 25
1783891051277 0.0016534529966884292 26
1783891051279 0.0016087299049831927 27
1783891051280 0.0015627821856469381 28
1783891051282 0.001521898998908 29
1783891051283 0.001500752602587454 30
1783891051284 0.0014734047539241145 31
1783891051286 0.0014586119723389857 32
1783891051287 0.0014314292368362658 33
1783891051289 0.0014139968184463214 34
1783891051290 0.0013954930589534342 35
1783891051292 0.001397247114655329 36
1783891051293 0.0013818451772385743 37
1783891051294 0.001371117923190468 38
1783891051296 0.0013596118543500778 39
1783891051297 0.001335630355097237 40
1783891051299 0.0013104176643537358 41
1783891051300 0.0013027095521829324 42
1783891051302 0.0012811945079010912 43
1783891051303 0.0012760929295473034 44
1783891051305 0.0012768956745276227 45
1783891051306 0.001269131473309244 46
1783891051307 0.0012569199080462567 47
1783891051309 0.0012483355038420995 48
1783891051310 0.0012432696728501469 49
1783891051312 0.0012238090748724062 50
1783891051313 0.0012205990643997212 51
1783891051315 0.001208792409961461 52
1783891051316 0.0011923261128686136 53
1783891051317 0.0012038726727769244 54
1783891051319 0.0012160739002138143 55
1783891051320 0.001191654408321483 56
1783891051322 0.0011839989344298375 57
1783891051323 0.0011751920329697895 58
1783891051325 0.001156548054786981 59
1783891051326 0.001131233910418814 60
1783891051327 0.0011248541546956404 61
1783891051329 0.0011227501403482166 62
1783891051330 0.0011196226129686693 63
1783891051332 0.0011157880913378903 64
1783891051333 0.0011134877987933579 65
1783891051335 0.0011113029850821476 66
1783891051336 0.0011069406037131557 67
1783891051338 0.001106419201460085 68
1783891051339 0.0010948065867705736 69
1783891051341 0.0010984403012116672 70
1783891051342 0.0010873134760913672 71
1783891051343 0.0010893735339777776 72
1783891051345 0.0010831413879350293 73
1783891051346 0.0010846203819528456 74
1783891051348 0.0010846634418703615 75
1783891051349 0.0010828894139558543 76
1783891051351 0.00107673824277299 77
1783891051352 0.0010748723935103044 78
1783891051353 0.0010749724115885328 79
1783891051355 0.0010691627056075958 80
1783891051356 0.0010680495762062491 81
1783891051358 0.0010708263751439517 82
1783891051359 0.0010718318634462777 83
1783891051361 0.0010654927097493783 84
1783891051362 0.0010681702738656895 85
1783891051363 0.0010617158034438034 86
1783891051365 0.001063102007174166 87
1783891051366 0.0010621925997838844 88
1783891051368 0.0010645530901820166 89
1783891051369 0.001067111972006387 90
1783891051371 0.0010617790272226557 91
