1782727635968 0.0 1
1782727635969 0.0 2
1782727635970 0.0 3
1782727635971 0.0 4
1782727635972 0.0 5
1782727635973 0.0 6
1782727635974 0.0 7
1782727635975 0.0 8
1782727635976 0.0 9
1782727635977 0.0 10
1782727635978 0.0 11
1782727635979 0.0 12
1782727635980 0.0 13
1782727635982 0.0 14
1782727635983 0.0 15
1782727635984 0.0 16
1782727635985 0.0 17
1782727635986 0.0 18
1782727635987 0.0 19
1782727635988 0.0 20
1782727635989 0.0 21
1782727635990 0.0 22
1782727635991 0.0 23
1782727635992 0.0 24
1782727635993 0.0 25
1782727635994 0.0 26
1782727635995 0.0 27
1782727635997 0.0 28
1782727635998 0.0 29
1782727635999 0.0 30
1782727636000 0.0 31
1782727636001 0.0 32
1782727636002 0.0 33
1782727636003 0.0 34
1782727636004 0.0 35
1782727636005 0.0 36
1782727636006 0.0 37
1782727636007 0.0 38
1782727636008 0.0 39
1782727636009 0.0 40
1782727636010 0.0 41
1782727636012 0.0 42
1782727636013 0.0 43
1782727636014 0.0 44
1782727636015 0.0 45
1782727636016 0.0 46
1782727636017 0.0 47
1782727636018 0.0 48
1782727636019 0.0 49
1782727636020 0.0 50
1782727636021 0.0 51
1782727636022 0.0 52
1782727636023 0.0 53
1782727636024 0.0 54
1782727636025 0.0 55
1782727636026 0.0 56
1782727636027 0.0 57
1782727636028 0.0 58
1782727636030 0.0 59
1782727636031 0.0 60
1782727636032 0.0 61
1782727636033 0.0 62
1782727636034 0.0 63
