1782727636035 0.0 1
1782727636036 0.0 2
1782727636037 0.0 3
1782727636038 0.0 4
1782727636039 0.0 5
1782727636040 0.0 6
1782727636041 0.0 7
1782727636042 0.0 8
1782727636043 0.0 9
1782727636044 0.0 10
1782727636045 0.0 11
1782727636046 0.0 12
1782727636047 0.0 13
1782727636048 0.0 14
1782727636049 0.0 15
1782727636050 0.0 16
1782727636051 0.0 17
1782727636052 0.0 18
1782727636053 0.0 19
1782727636053 0.0 20
1782727636054 0.0 21
1782727636056 0.0 22
1782727636057 0.0 23
1782727636058 0.0 24
1782727636059 0.0 25
1782727636060 0.0 26
1782727636061 0.0 27
1782727636062 0.0 28
1782727636063 0.0 29
1782727636064 0.0 30
1782727636065 0.0 31
1782727636066 0.0 32
1782727636067 0.0 33
1782727636068 0.0 34
1782727636069 0.0 35
1782727636070 0.0 36
1782727636071 0.0 37
1782727636072 0.0 38
1782727636073 0.0 39
1782727636075 0.0 40
1782727636076 0.0 41
1782727636076 0.0 42
1782727636077 0.0 43
1782727636078 0.0 44
1782727636079 0.0 45
1782727636080 0.0 46
1782727636081 0.0 47
1782727636082 0.0 48
1782727636083 0.0 49
1782727636084 0.0 50
1782727636085 0.0 51
1782727636086 0.0 52
1782727636087 0.0 53
1782727636088 0.0 54
1782727636089 0.0 55
1782727636090 0.0 56
1782727636091 0.0 57
1782727636092 0.0 58
1782727636092 0.0 59
1782727636093 0.0 60
1782727636094 0.0 61
1782727636095 0.0 62
1782727636096 0.0 63
