1782727635831 0.06990706953220069 1
1782727635833 0.014036529557779431 2
1782727635834 0.00687837454257533 3
1782727635835 0.004830931782489643 4
1782727635836 0.00352028758788947 5
1782727635837 0.0029340666043572126 6
1782727635838 0.002513735494867433 7
1782727635839 0.0022397599375108255 8
1782727635840 0.001979928305372596 9
1782727635841 0.0018867402200703509 10
1782727635842 0.0018068189253972378 11
1782727635844 0.001730261855700519 12
1782727635845 0.0016627500332833734 13
1782727635846 0.0016177115133905317 14
1782727635847 0.0015758319030283019 15
1782727635848 0.0015104264063120355 16
1782727635849 0.0015141764171130489 17
1782727635850 0.0014930403901962563 18
1782727635851 0.0014641002571443096 19
1782727635852 0.0014667016474413685 20
1782727635853 0.001343334729608614 21
1782727635854 0.0013124536990653723 22
1782727635855 0.0012923536636662903 23
1782727635857 0.001262597487657331 24
1782727635858 0.0012997224683203967 25
1782727635859 0.001206823300672113 26
1782727635860 0.001299372238208889 27
1782727635861 0.0013067550927371484 28
1782727635862 0.0012206231498566923 29
1782727635863 0.0012260604249604511 30
1782727635864 0.001146798359186505 31
1782727635865 0.0010456993805564706 32
1782727635866 0.000987399108998943 33
1782727635867 0.0009531248656276148 34
1782727635868 0.0008978389325056923 35
1782727635869 0.0008458068203617586 36
1782727635871 0.000826007265568478 37
1782727635872 0.0008089333038515178 38
1782727635873 0.000780504253852996 39
1782727635874 0.000805343455140246 40
1782727635875 0.0007450462825363502 41
1782727635876 0.000685399973881431 42
1782727635877 0.0006539897376933368 43
1782727635878 0.0006350741808273597 44
1782727635879 0.0006225197053572628 45
1782727635880 0.0006131472260312875 46
1782727635881 0.0006067194981005742 47
1782727635882 0.0005938724830775754 48
1782727635883 0.0005811211491527501 49
1782727635885 0.000575082384457346 50
1782727635886 0.0005711820691067259 51
1782727635887 0.0005686728742148262 52
1782727635888 0.0005607808140484849 53
1782727635889 0.0005560343004617607 54
1782727635890 0.0005494891776470467 55
1782727635891 0.0005444620394700905 56
1782727635892 0.0005416136144049232 57
1782727635893 0.0005385038704116596 58
1782727635894 0.0005361969815203338 59
1782727635895 0.0005336103971785633 60
1782727635896 0.0005307783221724094 61
1782727635898 0.0005268859494390199 62
1782727635899 0.0005249286970865797 63
