1784118913592 0.023980381806031802 1
1784118913594 0.003875051543582231 2
1784118913596 0.0036800420342478902 3
1784118913597 0.0032989941313280725 4
1784118913599 0.003032541506399866 5
1784118913601 0.002841322331223637 6
1784118913602 0.0027202597782888917 7
1784118913604 0.0023355160222854466 8
1784118913606 0.002681870314700063 9
1784118913607 0.0025567100597254466 10
1784118913609 0.002082280708127655 11
1784118913611 0.0021053209983801936 12
1784118913612 0.0020345859594817738 13
1784118913614 0.0018872849785839209 14
1784118913615 0.0017999501888698432 15
1784118913617 0.0017597421976097395 16
1784118913619 0.0017025672864110675 17
1784118913620 0.0016505157145729754 18
1784118913622 0.0016092731019307393 19
1784118913623 0.001597997042699717 20
1784118913625 0.001633855944237439 21
1784118913627 0.0016782232791592833 22
1784118913628 0.0015718736063718096 23
1784118913630 0.0015024394050851698 24
1784118913632 0.0014942403060558718 25
1784118913633 0.001474562031653477 26
1784118913635 0.0015740733600978275 27
1784118913636 0.001548999886508682 28
1784118913638 0.0015002385432308074 29
1784118913640 0.001649381652532611 30
1784118913641 0.0015152780910284492 31
1784118913643 0.0014299244151334278 32
1784118913645 0.0013071606507583057 33
1784118913646 0.0013034607659210451 34
1784118913648 0.001348844301828649 35
1784118913649 0.0012879253021674231 36
1784118913651 0.001234352797473548 37
1784118913653 0.001225273144955281 38
1784118913654 0.0014358057279605417 39
1784118913656 0.002102080799813848 40
1784118913657 0.001404543065582402 41
1784118913659 0.001324239529494662 42
1784118913661 0.0012206414696993306 43
1784118913662 0.001196634948501014 44
1784118913664 0.001174817646460724 45
1784118913665 0.0011187582644197392 46
1784118913667 0.0011133434502698946 47
1784118913669 0.0011153311950329225 48
1784118913670 0.0011817200513905845 49
1784118913672 0.001191607880537049 50
1784118913673 0.0012085340835619718 51
1784118913675 0.00107014635388623 52
1784118913677 0.0009716529796423856 53
1784118913678 0.0009218201136536663 54
1784118913680 0.0009006920790852746 55
1784118913681 0.0008851620602945331 56
1784118913683 0.0008800983261608053 57
1784118913685 0.0008380346198100597 58
1784118913686 0.0008098348272324074 59
1784118913688 0.0008015240991517203 60
1784118913689 0.0007906963712594006 61
1784118913691 0.0007824303097731899 62
1784118913693 0.0007735999570286367 63
1784118913694 0.0007579428995086346 64
1784118913696 0.0007496021073893644 65
1784118913698 0.0007434756171278423 66
1784118913699 0.0007384029961394845 67
1784118913701 0.0007334388990420848 68
1784118913702 0.0007237323686422315 69
1784118913704 0.0007202322019293206 70
1784118913706 0.0007171366515103727 71
1784118913707 0.000714871916861739 72
1784118913709 0.0007119314942247002 73
1784118913710 0.0007093602648819797 74
1784118913712 0.0007066149624006357 75
1784118913714 0.0007036592480289983 76
1784118913715 0.0006982563167548506 77
1784118913717 0.0006963623985211598 78
1784118913718 0.0006951582113833865 79
1784118913720 0.0006936226497055031 80
1784118913722 0.0006919820761686424 81
1784118913723 0.0006890903886960587 82
1784118913725 0.0006883571551588829 83
1784118913726 0.0006875590502022533 84
1784118913728 0.0006868266859237338 85
1784118913730 0.0006861005719110835 86
1784118913731 0.0006845493616128806 87
1784118913733 0.0006841185309895082 88
1784118913734 0.0006837415920745116 89
1784118913736 0.0006833549557632068 90
1784118913737 0.0006829563286737539 91
