1784118913875 0.0 1
1784118913876 0.0 2
1784118913877 0.0 3
1784118913879 0.0 4
1784118913880 0.0 5
1784118913882 0.0 6
1784118913883 0.0 7
1784118913885 0.0 8
1784118913887 0.0 9
1784118913888 0.0 10
1784118913890 0.0 11
1784118913891 0.0 12
1784118913893 0.0 13
1784118913894 0.0 14
1784118913896 0.0 15
1784118913897 0.0 16
1784118913899 0.0 17
1784118913901 0.0 18
1784118913902 0.0 19
1784118913904 0.0 20
1784118913905 0.0 21
1784118913906 0.0 22
1784118913908 0.0 23
1784118913909 0.0 24
1784118913911 0.0 25
1784118913912 0.0 26
1784118913914 0.0 27
1784118913916 0.0 28
1784118913917 0.0 29
1784118913919 0.0 30
1784118913920 0.0 31
1784118913921 0.0 32
1784118913923 0.0 33
1784118913925 0.0 34
1784118913926 0.0 35
1784118913927 0.0 36
1784118913929 0.0 37
1784118913930 0.0 38
1784118913932 0.0 39
1784118913934 0.0 40
1784118913935 0.0 41
1784118913937 0.0 42
1784118913939 0.0 43
1784118913940 0.0 44
1784118913942 0.0 45
1784118913943 0.0 46
1784118913945 0.0 47
1784118913947 0.0 48
1784118913948 0.0 49
1784118913950 0.0 50
1784118913951 0.0 51
1784118913952 0.0 52
1784118913954 0.0 53
1784118913956 0.0 54
1784118913957 0.0 55
1784118913959 0.0 56
1784118913960 0.0 57
1784118913962 0.0 58
1784118913964 0.0 59
1784118913965 0.0 60
1784118913967 0.0 61
1784118913968 0.0 62
1784118913970 0.0 63
1784118913971 0.0 64
1784118913973 0.0 65
1784118913975 0.0 66
1784118913976 0.0 67
1784118913978 0.0 68
1784118913979 0.0 69
1784118913981 0.0 70
1784118913983 0.0 71
1784118913984 0.0 72
1784118913986 0.0 73
1784118913987 0.0 74
1784118913989 0.0 75
1784118913990 0.0 76
1784118913992 0.0 77
1784118913994 0.0 78
1784118913995 0.0 79
1784118913997 0.0 80
1784118913998 0.0 81
1784118913999 0.0 82
1784118914001 0.0 83
1784118914002 0.0 84
1784118914004 0.0 85
1784118914005 0.0 86
1784118914007 0.0 87
1784118914008 0.0 88
1784118914010 0.0 89
1784118914011 0.0 90
1784118914013 0.0 91
