1782555000290 0.12311621230095625 1
1782555000292 0.04145787901245058 2
1782555000293 0.02013255556114018 3
1782555000294 0.01229685617145151 4
1782555000295 0.008611036273650825 5
1782555000296 0.00666996676241979 6
1782555000297 0.005020456922939048 7
1782555000298 0.004179551134584471 8
1782555000299 0.003597415500553325 9
1782555000300 0.003112351463059895 10
1782555000301 0.0029716150206513703 11
1782555000302 0.002623023246997036 12
1782555000303 0.0023650681442813947 13
1782555000304 0.0021951512608211488 14
1782555000305 0.002052343006071169 15
1782555000306 0.0019950052519561723 16
1782555000307 0.0018809564199182205 17
1782555000308 0.0017498845816589891 18
1782555000310 0.0016795882998849264 19
1782555000311 0.001632936721725855 20
1782555000312 0.001561919812229462 21
1782555000313 0.0015388747901306488 22
1782555000314 0.0015036380018864292 23
1782555000315 0.0015240959737275262 24
1782555000316 0.0014686241156596225 25
1782555000317 0.0013949090444657485 26
1782555000318 0.0013138823470217175 27
1782555000319 0.0012656965031055734 28
1782555000320 0.0012318611527734901 29
1782555000321 0.0012006011151243002 30
1782555000322 0.0012372040816990193 31
1782555000323 0.001210246957198251 32
1782555000324 0.0011753100085479674 33
1782555000325 0.001172097576491069 34
1782555000326 0.0011419571919395822 35
1782555000327 0.001089311253890628 36
1782555000328 0.0011052392490819329 37
1782555000329 0.0012612682012695586 38
1782555000330 0.001169437743810704 39
1782555000331 0.001103296275032335 40
1782555000333 0.0010463672346668318 41
1782555000334 0.0010112674908305053 42
1782555000335 0.0010053808191878488 43
1782555000336 0.0010148320029838942 44
1782555000337 0.0010481174811138771 45
1782555000338 0.0010432703343394678 46
1782555000339 0.0009778521794214612 47
1782555000340 0.0009483784026087961 48
1782555000341 0.0008988776912156027 49
1782555000342 0.0008688143824110739 50
1782555000343 0.0008547266125242458 51
1782555000344 0.0008442251189990202 52
1782555000345 0.0008353063707181718 53
1782555000346 0.0008287410329648992 54
1782555000347 0.000824506231219857 55
1782555000348 0.0008130746627284679 56
1782555000349 0.0008036833921505604 57
1782555000350 0.0007984210692666238 58
1782555000351 0.0007939539547442109 59
1782555000352 0.0007899334668400116 60
1782555000353 0.0007868602661983459 61
1782555000354 0.0007845995488241897 62
1782555000355 0.0007779717027005973 63
1782555000357 0.0007728266955746221 64
1782555000358 0.0007697369152811006 65
1782555000359 0.0007671193381247576 66
1782555000360 0.0007645648363541113 67
1782555000361 0.000762072802426701 68
1782555000362 0.0007596622930213926 69
1782555000363 0.0007559252139981254 70
1782555000364 0.0007542741243014462 71
