1782555000439 0.0 1
1782555000440 0.0 2
1782555000441 0.0 3
1782555000442 0.0 4
1782555000443 0.0 5
1782555000444 0.0 6
1782555000445 0.0 7
1782555000446 0.0 8
1782555000447 0.0 9
1782555000449 0.0 10
1782555000450 0.0 11
1782555000451 0.0 12
1782555000452 0.0 13
1782555000453 0.0 14
1782555000454 0.0 15
1782555000455 0.0 16
1782555000456 0.0 17
1782555000457 0.0 18
1782555000458 0.0 19
1782555000459 0.0 20
1782555000460 0.0 21
1782555000461 0.0 22
1782555000462 0.0 23
1782555000463 0.0 24
1782555000464 0.0 25
1782555000465 0.0 26
1782555000466 0.0 27
1782555000467 0.0 28
1782555000468 0.0 29
1782555000469 0.0 30
1782555000470 0.0 31
1782555000471 0.0 32
1782555000472 0.0 33
1782555000473 0.0 34
1782555000475 0.0 35
1782555000476 0.0 36
1782555000477 0.0 37
1782555000478 0.0 38
1782555000479 0.0 39
1782555000480 0.0 40
1782555000481 0.0 41
1782555000482 0.0 42
1782555000483 0.0 43
1782555000484 0.0 44
1782555000485 0.0 45
1782555000486 0.0 46
1782555000487 0.0 47
1782555000488 0.0 48
1782555000489 0.0 49
1782555000490 0.0 50
1782555000491 0.0 51
1782555000492 0.0 52
1782555000493 0.0 53
1782555000494 0.0 54
1782555000495 0.0 55
1782555000496 0.0 56
1782555000497 0.0 57
1782555000498 0.0 58
1782555000499 0.0 59
1782555000500 0.0 60
1782555000502 0.0 61
1782555000503 0.0 62
1782555000504 0.0 63
1782555000505 0.0 64
1782555000506 0.0 65
1782555000507 0.0 66
1782555000508 0.0 67
1782555000509 0.0 68
1782555000510 0.0 69
1782555000511 0.0 70
1782555000512 0.0 71
