1782555000513 0.0 1
1782555000514 0.0 2
1782555000515 0.0 3
1782555000516 0.0 4
1782555000517 0.0 5
1782555000518 0.0 6
1782555000519 0.0 7
1782555000520 0.0 8
1782555000521 0.0 9
1782555000522 0.0 10
1782555000523 0.0 11
1782555000525 0.0 12
1782555000526 0.0 13
1782555000527 0.0 14
1782555000528 0.0 15
1782555000529 0.0 16
1782555000530 0.0 17
1782555000531 0.0 18
1782555000532 0.0 19
1782555000533 0.0 20
1782555000534 0.0 21
1782555000535 0.0 22
1782555000536 0.0 23
1782555000537 0.0 24
1782555000538 0.0 25
1782555000539 0.0 26
1782555000540 0.0 27
1782555000541 0.0 28
1782555000542 0.0 29
1782555000543 0.0 30
1782555000544 0.0 31
1782555000545 0.0 32
1782555000546 0.0 33
1782555000547 0.0 34
1782555000549 0.0 35
1782555000550 0.0 36
1782555000551 0.0 37
1782555000552 0.0 38
1782555000553 0.0 39
1782555000554 0.0 40
1782555000555 0.0 41
1782555000556 0.0 42
1782555000557 0.0 43
1782555000558 0.0 44
1782555000559 0.0 45
1782555000560 0.0 46
1782555000561 0.0 47
1782555000562 0.0 48
1782555000563 0.0 49
1782555000564 0.0 50
1782555000565 0.0 51
1782555000566 0.0 52
1782555000567 0.0 53
1782555000568 0.0 54
1782555000570 0.0 55
1782555000571 0.0 56
1782555000572 0.0 57
1782555000573 0.0 58
1782555000574 0.0 59
1782555000575 0.0 60
1782555000576 0.0 61
1782555000577 0.0 62
1782555000578 0.0 63
1782555000579 0.0 64
1782555000580 0.0 65
1782555000581 0.0 66
1782555000582 0.0 67
1782555000583 0.0 68
1782555000584 0.0 69
1782555000585 0.0 70
1782555000586 0.0 71
