1781168722515 3.17484178557992 1
1781168722516 5.349038638472557 2
1781168722517 3.8183087265491484 3
1781168722519 3.6416987490653994 4
1781168722520 2.6374839997291564 5
1781168722521 2.4228237181901933 6
1781168722522 2.1756529238820077 7
1781168722523 2.122970002889633 8
1781168722524 1.8757176333665848 9
1781168722525 1.5232655569911002 10
1781168722525 1.6276955482363702 11
1781168722526 1.522764212489128 12
1781168722527 1.6492960414290427 13
1781168722528 1.6439384990930557 14
1781168722530 1.5778630766272546 15
1781168722531 1.5575201892852784 16
1781168722532 1.5207549190521241 17
1781168722533 1.5598193183541298 18
1781168722534 1.4587118440866471 19
1781168722535 1.5334649887681007 20
1781168722536 1.4396009266376495 21
1781168722537 1.4678801995515824 22
1781168722538 1.494604453742504 23
1781168722539 1.4794226998090745 24
1781168722540 1.2538729792833327 25
1781168722541 1.4848240432143212 26
1781168722542 1.3841104787588119 27
1781168722543 1.378732992708683 28
1781168722544 1.244444153159857 29
1781168722545 1.2944567492604255 30
1781168722546 1.2615551045536995 31
1781168722547 1.1788477563858033 32
1781168722548 1.1212737718224526 33
1781168722549 1.3111729153990745 34
1781168722550 1.261505631506443 35
1781168722551 1.1977000641822815 36
1781168722552 1.0711344483494758 37
1781168722553 1.1849438348412513 38
1781168722554 1.1554148453474045 39
1781168722555 1.1794229465723038 40
1781168722556 1.1725717574357986 41
1781168722557 1.1341494315862655 42
1781168722558 1.1879512384533881 43
1781168722559 1.2344546097517013 44
1781168722560 1.1791918084025383 45
1781168722561 1.1919625109434129 46
1781168722562 1.1753327056765557 47
1781168722563 1.1285774821043015 48
1781168722564 1.1668318930268287 49
1781168722565 1.1448383820056915 50
1781168722566 1.121872656941414 51
1781168722567 1.1533236467838288 52
1781168722568 1.1690382066369056 53
1781168722569 1.2012283077836037 54
1781168722570 1.1566319826245308 55
1781168722571 1.1640288761258126 56
1781168722572 1.131793422996998 57
1781168722573 1.1055938604474067 58
