1781168722315 0.16035537969321012 1
1781168722317 0.054940251260995866 2
1781168722318 0.02481153334490955 3
1781168722319 0.014956919709220529 4
1781168722320 0.010465454251971096 5
1781168722321 0.007961762892082334 6
1781168722323 0.006464244679082185 7
1781168722324 0.0054445079423021524 8
1781168722325 0.004763909910107032 9
1781168722326 0.004176554584410042 10
1781168722327 0.003984844418009743 11
1781168722328 0.003718689406523481 12
1781168722330 0.003436407637782395 13
1781168722331 0.0031896147626684977 14
1781168722332 0.0030566800315864383 15
1781168722333 0.0029785027215257285 16
1781168722334 0.0029484299529576674 17
1781168722335 0.0028305927937617523 18
1781168722337 0.0028413599770283327 19
1781168722338 0.0027597938949475067 20
1781168722339 0.0027703329268842936 21
1781168722340 0.00269450295571005 22
1781168722341 0.0026487285731127486 23
1781168722342 0.0026266848779050635 24
1781168722343 0.0025378000282216817 25
1781168722345 0.0026746669301064684 26
1781168722346 0.0025554030726198107 27
1781168722347 0.0025668312603374945 28
1781168722348 0.002537144797097426 29
1781168722349 0.002483637916157022 30
1781168722350 0.0023992090715910307 31
1781168722351 0.0023806808394147084 32
1781168722353 0.002434739876189269 33
1781168722354 0.0024476266396231947 34
1781168722355 0.0024106591078452764 35
1781168722356 0.002389298947819043 36
1781168722357 0.0023953166519640945 37
1781168722358 0.002385165259765927 38
1781168722359 0.0023362889481359163 39
1781168722361 0.002356897981662769 40
1781168722362 0.002360860622138716 41
1781168722363 0.0023528292795526795 42
1781168722364 0.00240393815736752 43
1781168722365 0.002333114647481125 44
1781168722366 0.002332839757727925 45
1781168722367 0.0023272439348511397 46
1781168722369 0.0023081596227712 47
1781168722370 0.0023129530259757302 48
1781168722371 0.0022968567922362127 49
1781168722372 0.00231486443139147 50
1781168722373 0.002279107125068549 51
1781168722374 0.002315205284685362 52
1781168722375 0.0023242861821199767 53
1781168722377 0.002280855824064929 54
1781168722378 0.002291366434365045 55
1781168722379 0.0022744272186537274 56
1781168722380 0.002260541291325353 57
1781168722381 0.002273444559832569 58
