1781168722449 0.16033834420144558 1
1781168722450 0.05488284688442945 2
1781168722451 0.0247500678896904 3
1781168722452 0.014878756455145777 4
1781168722453 0.010394692476838828 5
1781168722454 0.007883759764954448 6
1781168722455 0.006382525032386184 7
1781168722457 0.005353375565027818 8
1781168722458 0.004673326469492168 9
1781168722459 0.004094818382291123 10
1781168722460 0.003888770684134215 11
1781168722461 0.0036206382454838605 12
1781168722462 0.003321359176770784 13
1781168722463 0.0030661188892554493 14
1781168722465 0.0029296813003020362 15
1781168722466 0.00284478391520679 16
1781168722467 0.0028097074385732414 17
1781168722468 0.0026799370677326804 18
1781168722469 0.0026926425332203506 19
1781168722470 0.0025952269110712223 20
1781168722471 0.0026081144736963325 21
1781168722473 0.0025212214892962946 22
1781168722474 0.0024642725102603435 23
1781168722475 0.0024361640942515807 24
1781168722476 0.0023695975600276143 25
1781168722477 0.0024675158702302724 26
1781168722478 0.0023548758352990263 27
1781168722480 0.0023596850398462264 28
1781168722481 0.002343497148831375 29
1781168722482 0.0022752619461971334 30
1781168722483 0.00218936016142834 31
1781168722484 0.0021782640481251294 32
1781168722485 0.0022361923748394474 33
1781168722486 0.0022084175355848857 34
1781168722488 0.0021737421878788156 35
1781168722489 0.002157938331220066 36
1781168722490 0.0021826572783174925 37
1781168722491 0.0021435523190302774 38
1781168722492 0.0020944972480356227 39
1781168722493 0.0021037535430514253 40
1781168722494 0.0021028948281309567 41
1781168722496 0.002103316412103595 42
1781168722497 0.002142588887072634 43
1781168722498 0.0020615346319391393 44
1781168722499 0.002073417561914539 45
1781168722500 0.002065012182283681 46
1781168722501 0.0020495864238182547 47
1781168722503 0.0020646659773774444 48
1781168722504 0.0020401537697762252 49
1781168722505 0.0020629999914672224 50
1781168722506 0.0020322951368871144 51
1781168722507 0.002061474086076487 52
1781168722508 0.0020670977771806067 53
1781168722509 0.0020165855920640753 54
1781168722511 0.002036907389265252 55
1781168722512 0.002018340864306083 56
1781168722513 0.002011546732246643 57
1781168722514 0.0020302139071282 58
