1784033393756 0.0 1
1784033393758 0.0 2
1784033393759 0.0 3
1784033393761 0.0 4
1784033393762 0.0 5
1784033393764 0.0 6
1784033393765 0.0 7
1784033393767 0.0 8
1784033393768 0.0 9
1784033393770 0.0 10
1784033393772 0.0 11
1784033393773 0.0 12
1784033393775 0.0 13
1784033393776 0.0 14
1784033393778 0.0 15
1784033393779 0.0 16
1784033393781 0.0 17
1784033393782 0.0 18
1784033393784 0.0 19
1784033393786 0.0 20
1784033393787 0.0 21
1784033393789 0.0 22
1784033393790 0.0 23
1784033393792 0.0 24
1784033393793 0.0 25
1784033393795 0.0 26
1784033393796 0.0 27
1784033393798 0.0 28
1784033393799 0.0 29
1784033393801 0.0 30
1784033393803 0.0 31
1784033393804 0.0 32
1784033393806 0.0 33
1784033393807 0.0 34
1784033393809 0.0 35
1784033393811 0.0 36
1784033393812 0.0 37
1784033393814 0.0 38
1784033393815 0.0 39
1784033393817 0.0 40
1784033393818 0.0 41
1784033393820 0.0 42
1784033393821 0.0 43
1784033393823 0.0 44
1784033393825 0.0 45
1784033393826 0.0 46
1784033393828 0.0 47
1784033393829 0.0 48
1784033393831 0.0 49
1784033393832 0.0 50
1784033393834 0.0 51
1784033393835 0.0 52
1784033393837 0.0 53
1784033393839 0.0 54
1784033393840 0.0 55
1784033393842 0.0 56
1784033393843 0.0 57
1784033393845 0.0 58
1784033393846 0.0 59
1784033393848 0.0 60
1784033393849 0.0 61
1784033393851 0.0 62
1784033393853 0.0 63
1784033393854 0.0 64
1784033393856 0.0 65
1784033393857 0.0 66
1784033393859 0.0 67
1784033393860 0.0 68
1784033393862 0.0 69
1784033393863 0.0 70
1784033393865 0.0 71
1784033393867 0.0 72
1784033393868 0.0 73
1784033393870 0.0 74
1784033393871 0.0 75
1784033393873 0.0 76
1784033393874 0.0 77
1784033393876 0.0 78
1784033393877 0.0 79
1784033393879 0.0 80
1784033393880 0.0 81
1784033393882 0.0 82
1784033393883 0.0 83
1784033393885 0.0 84
1784033393887 0.0 85
1784033393888 0.0 86
1784033393890 0.0 87
1784033393891 0.0 88
1784033393893 0.0 89
1784033393894 0.0 90
1784033393896 0.0 91
1784033393897 0.0 92
1784033393899 0.0 93
1784033393901 0.0 94
1784033393902 0.0 95
1784033393904 0.0 96
1784033393905 0.0 97
1784033393907 0.0 98
1784033393908 0.0 99
1784033393910 0.0 100
1784033393911 0.0 101
1784033393913 0.0 102
1784033393915 0.0 103
1784033393916 0.0 104
1784033393918 0.0 105
1784033393919 0.0 106
1784033393921 0.0 107
1784033393922 0.0 108
1784033393924 0.0 109
1784033393925 0.0 110
1784033393927 0.0 111
1784033393928 0.0 112
1784033393930 0.0 113
1784033393932 0.0 114
1784033393933 0.0 115
1784033393935 0.0 116
1784033393936 0.0 117
1784033393938 0.0 118
1784033393939 0.0 119
1784033393941 0.0 120
