1784033393378 0.014418877521529793 1
1784033393379 0.003823143221670762 2
1784033393381 0.0034073100090608933 3
1784033393383 0.0034771675351657903 4
1784033393384 0.0033033529478416314 5
1784033393386 0.0029736735123151448 6
1784033393387 0.0027373362188518515 7
1784033393389 0.0026635426086431837 8
1784033393391 0.0023631239164387807 9
1784033393392 0.0025108727703627666 10
1784033393394 0.002021170798689127 11
1784033393395 0.002226977222599089 12
1784033393397 0.0021521676219708754 13
1784033393399 0.0021206811490992548 14
1784033393400 0.001935450121818576 15
1784033393402 0.0018897030944935978 16
1784033393403 0.0017831350966298488 17
1784033393405 0.001999850259599043 18
1784033393406 0.001772172118362505 19
1784033393408 0.001752356466749916 20
1784033393410 0.00169904646325449 21
1784033393411 0.001801499293796951 22
1784033393413 0.0017180194803222547 23
1784033393414 0.0016326580866007135 24
1784033393416 0.0016641800377692562 25
1784033393417 0.0016694746346911414 26
1784033393419 0.0015607281101983972 27
1784033393421 0.0016253667067212519 28
1784033393422 0.0016107981573441066 29
1784033393424 0.001605407798633678 30
1784033393425 0.0018143715521728155 31
1784033393427 0.002338752553623635 32
1784033393428 0.0015494965252582915 33
1784033393430 0.0014654826116748153 34
1784033393431 0.001384153561666608 35
1784033393433 0.0014097072422737257 36
1784033393435 0.0014067402527143712 37
1784033393436 0.0015427187220484484 38
1784033393438 0.0013551801090943628 39
1784033393439 0.0013339470724167768 40
1784033393441 0.001295557630219264 41
1784033393442 0.0012887403187050949 42
1784033393444 0.0013005410104960902 43
1784033393445 0.0012719500552339014 44
1784033393447 0.0012642685911123407 45
1784033393448 0.0012218553780257934 46
1784033393450 0.0012893192750925665 47
1784033393452 0.0011929628458165098 48
1784033393453 0.0012023337223945418 49
1784033393455 0.0012601792842906435 50
1784033393456 0.0011923244829813483 51
1784033393458 0.0011870281910523772 52
1784033393459 0.001147519466248923 53
1784033393461 0.0010251188532129163 54
1784033393462 0.0010418981588009046 55
1784033393464 0.0009525368939648615 56
1784033393466 0.0008822382389917038 57
1784033393467 0.0008458105589670595 58
1784033393469 0.0008319687857874669 59
1784033393471 0.0008224798462470062 60
1784033393472 0.0008245087733666878 61
1784033393474 0.0008266901263414184 62
1784033393475 0.0008088055118423654 63
1784033393477 0.0008203366971429205 64
1784033393478 0.0007968129120126832 65
1784033393480 0.0007914973591687158 66
1784033393482 0.0008052577752823708 67
1784033393483 0.0008098706211603713 68
1784033393485 0.000798038871071185 69
1784033393486 0.0007273582439665915 70
1784033393488 0.0006857944518560544 71
1784033393489 0.0006698298249102663 72
1784033393491 0.0006581616051698802 73
1784033393492 0.0006492361414711923 74
1784033393494 0.0006439479019900318 75
1784033393496 0.0006362112583883573 76
1784033393497 0.0006347516266396269 77
1784033393499 0.0006308649526181398 78
1784033393500 0.0006350557137920987 79
1784033393502 0.0006268920518050436 80
1784033393503 0.0006241491938999388 81
1784033393505 0.0006004928575566737 82
1784033393507 0.0005828113048482919 83
1784033393508 0.0005751155676989583 84
1784033393510 0.0005711210258596111 85
1784033393511 0.0005669415380543796 86
1784033393513 0.0005632247910398291 87
1784033393514 0.0005598485439259094 88
1784033393516 0.0005563108110800386 89
1784033393517 0.0005525256973487558 90
1784033393519 0.0005500138195930049 91
1784033393521 0.0005477799380605575 92
1784033393522 0.0005389270196610596 93
1784033393524 0.0005334659985237522 94
1784033393525 0.0005306633321742993 95
1784033393527 0.0005286366266955155 96
1784033393529 0.0005268537662050222 97
1784033393530 0.0005246907470427686 98
1784033393532 0.0005227632225432899 99
1784033393533 0.0005210246830392862 100
1784033393535 0.0005190800820855657 101
1784033393537 0.0005171226715174271 102
1784033393538 0.0005156135595461819 103
1784033393540 0.000510595937303151 104
1784033393541 0.0005089092179696308 105
1784033393543 0.0005077318297844613 106
1784033393544 0.0005067290717852301 107
1784033393546 0.000505742034438299 108
1784033393548 0.0005048939019616228 109
1784033393549 0.000503791832816205 110
1784033393551 0.0005026159262342845 111
1784033393552 0.0005019357382843736 112
1784033393554 0.0005009389643964823 113
1784033393555 0.000499917140477919 114
1784033393557 0.0004973603846156039 115
1784033393559 0.0004967126760311658 116
1784033393560 0.0004962063736456912 117
1784033393562 0.0004956931930792053 118
1784033393563 0.0004951811631326564 119
1784033393565 0.0004947136629198212 120
