1781446644396 496.325927734375 1
1781446647547 386.5374755859375 2
1781446650663 344.35992431640625 3
1781446653943 307.8191833496094 4
1781446657179 283.1834716796875 5
1781446660211 264.0650939941406 6
1781446663395 247.72308349609375 7
1781446666787 233.91729736328125 8
1781446670159 221.99945068359375 9
1781446673507 211.11459350585938 10
1781446676823 201.34725952148438 11
1781446680195 192.31565856933594 12
1781446683463 184.93011474609375 13
1781446686675 177.78765869140625 14
1781446689719 171.3661651611328 15
1781446692983 165.2006072998047 16
1781446696283 159.9075469970703 17
1781446699699 154.94784545898438 18
1781446702983 150.35850524902344 19
1781446706071 145.97267150878906 20
1781446709291 141.66058349609375 21
1781446712883 137.39598083496094 22
1781446716671 133.36386108398438 23
1781446720071 129.60638427734375 24
1781446723095 125.98814392089844 25
1781446726403 122.70291900634766 26
1781446729679 119.48981475830078 27
1781446732935 116.4931411743164 28
1781446736131 113.70281219482422 29
1781446739275 110.97738647460938 30
1781446742559 108.25621032714844 31
1781446745943 105.6465072631836 32
1781446749487 103.14935302734375 33
1781446752678 100.75232696533203 34
1781446755864 98.44203186035156 35
1781446758991 96.2257308959961 36
1781446762187 94.13011932373047 37
1781446765263 92.054443359375 38
1781446768327 90.14309692382812 39
1781446771675 88.29116821289062 40
1781446775411 86.4537124633789 41
1781446778339 84.65943145751953 42
1781446781499 82.90713500976562 43
1781446784539 81.24065399169922 44
1781446787755 79.58985137939453 45
1781446791111 77.98625183105469 46
1781446794303 76.4005355834961 47
1781446797516 74.86662292480469 48
1781446800967 73.36939239501953 49
1781446804320 71.9270248413086 50
1781446807720 70.50812530517578 51
1781446810671 69.15043640136719 52
1781446813903 67.79718780517578 53
1781446817075 66.4765625 54
1781446820611 65.19259643554688 55
1781446824056 63.92998123168945 56
1781446827349 62.728363037109375 57
1781446830795 61.54413604736328 58
1781446834519 60.3940544128418 59
1781446837435 59.284976959228516 60
1781446841051 58.20950698852539 61
1781446844211 57.147911071777344 62
1781446847411 56.110572814941406 63
1781446850519 55.090553283691406 64
1781446853829 54.07931137084961 65
1781446857235 53.09629821777344 66
1781446860728 52.13566970825195 67
1781446864388 51.180118560791016 68
1781446867827 50.27326965332031 69
1781446871200 49.37776184082031 70
1781446874680 48.49502944946289 71
1781446877796 47.6397705078125 72
1781446881048 46.8016471862793 73
1781446884324 45.9797248840332 74
1781446887799 45.184696197509766 75
1781446891196 44.41279220581055 76
1781446894747 43.644805908203125 77
1781446898108 42.888214111328125 78
1781446901296 42.14576721191406 79
1781446904955 41.411033630371094 80
1781446908120 40.688968658447266 81
1781446911344 39.983985900878906 82
1781446914640 39.2944221496582 83
1781446918152 38.61458206176758 84
1781446921776 37.942710876464844 85
1781446925503 37.275020599365234 86
1781446929196 36.61860656738281 87
1781446932572 35.970401763916016 88
1781446935840 35.34010696411133 89
1781446939044 34.718502044677734 90
1781446942340 34.108036041259766 91
1781446945619 33.50773620605469 92
1781446948820 32.9220085144043 93
1781446952012 32.341182708740234 94
1781446955316 31.763076782226562 95
1781446958640 31.193052291870117 96
1781446962140 30.631610870361328 97
1781446965704 30.075685501098633 98
1781446969008 29.525781631469727 99
1781446972668 28.985185623168945 100
1781446976363 28.45703125 101
1781446979629 27.940214157104492 102
1781446982916 27.430648803710938 103
1781446985983 26.923904418945312 104
1781446989444 26.420166015625 105
1781446992688 25.922035217285156 106
1781446996124 25.440004348754883 107
1781446999407 24.965564727783203 108
1781447002900 24.49687957763672 109
1781447006128 24.03658676147461 110
1781447009751 23.58352279663086 111
1781447013212 23.13521957397461 112
1781447016364 22.693828582763672 113
1781447020132 22.255474090576172 114
1781447023784 21.82119369506836 115
1781447026988 21.394268035888672 116
1781447030320 20.971254348754883 117
1781447033535 20.55402183532715 118
1781447036908 20.147022247314453 119
1781447040419 19.740943908691406 120
1781447043632 19.3375244140625 121
1781447047076 18.94098472595215 122
1781447050528 18.547605514526367 123
1781447054056 18.160606384277344 124
1781447057432 17.779504776000977 125
1781447060656 17.403560638427734 126
1781447063972 17.02975845336914 127
1781447067536 16.661237716674805 128
1781447070912 16.298095703125 129
1781447074344 15.938398361206055 130
1781447077731 15.581067085266113 131
1781447081228 15.22650146484375 132
1781447084575 14.878104209899902 133
1781447087836 14.531603813171387 134
1781447091192 14.189767837524414 135
1781447094728 13.852029800415039 136
1781447097964 13.523944854736328 137
1781447101280 13.199763298034668 138
1781447104804 12.877790451049805 139
1781447108204 12.557060241699219 140
1781447111376 12.242644309997559 141
1781447114632 11.932459831237793 142
1781447117912 11.626291275024414 143
1781447121272 11.323603630065918 144
1781447124464 11.022439002990723 145
1781447127728 10.724018096923828 146
1781447130880 10.433350563049316 147
1781447134180 10.143575668334961 148
1781447137512 9.858686447143555 149
1781447140676 9.575043678283691 150
1781447144020 9.30020809173584 151
1781447147311 9.025883674621582 152
1781447150464 8.754194259643555 153
1781447153716 8.483707427978516 154
1781447157296 8.221644401550293 155
1781447160800 7.960430145263672 156
1781447164000 7.7004923820495605 157
1781447167260 7.445285797119141 158
1781447170528 7.190841197967529 159
1781447173934 6.939366340637207 160
1781447177152 6.694484710693359 161
1781447181039 6.451308727264404 162
1781447184775 6.211635589599609 163
1781447188752 5.977653980255127 164
1781447192263 5.747246265411377 165
1781447195709 5.519211292266846 166
1781447199615 5.295792102813721 167
1781447202920 5.0737624168396 168
1781447206368 4.859586238861084 169
1781447209675 4.646786689758301 170
1781447213124 4.43691873550415 171
1781447216564 4.2298994064331055 172
1781447219928 4.0241827964782715 173
1781447223296 3.8212969303131104 174
1781447226740 3.6202392578125 175
1781447230032 3.4235734939575195 176
1781447233291 3.2296142578125 177
1781447236480 3.0404062271118164 178
1781447240424 2.855086326599121 179
1781447244012 2.6718153953552246 180
1781447247260 2.4913058280944824 181
1781447250440 2.312805652618408 182
1781447254004 2.1387112140655518 183
1781447257348 1.9665865898132324 184
1781447260827 1.7993355989456177 185
1781447264320 1.6341993808746338 186
1781447267488 1.472359299659729 187
1781447270552 1.3149889707565308 188
1781447273852 1.1642696857452393 189
1781447277240 1.0173324346542358 190
1781447280844 0.8763841390609741 191
1781447284252 0.7367172241210938 192
1781447287604 0.6056801676750183 193
1781447291004 0.4827670156955719 194
1781447294252 0.363357275724411 195
1781447297424 0.25035980343818665 196
1781447300692 0.14948725700378418 197
1781447304008 0.06967470049858093 198
1781447307333 2.35900051848148e-06 199
1781447310584 2.3629697807336925e-06 200
