1781446644405 94.56771087646484 1
1781446647557 56.42869186401367 2
1781446650673 47.66145324707031 3
1781446653953 46.622615814208984 4
1781446657189 43.691585540771484 5
1781446660220 37.051300048828125 6
1781446663405 35.50339126586914 7
1781446666798 32.099273681640625 8
1781446670169 31.09432601928711 9
1781446673518 28.921798706054688 10
1781446676834 27.650415420532227 11
1781446680205 26.74380874633789 12
1781446683473 24.979307174682617 13
1781446686685 23.257884979248047 14
1781446689730 23.11235809326172 15
1781446692994 23.1122989654541 16
1781446696294 22.726215362548828 17
1781446699710 21.995716094970703 18
1781446702994 19.391372680664062 19
1781446706083 19.304895401000977 20
1781446709300 19.038583755493164 21
1781446712892 18.581832885742188 22
1781446716697 18.462059020996094 23
1781446720082 17.80805015563965 24
1781446723107 17.784725189208984 25
1781446726414 17.465906143188477 26
1781446729690 16.626291275024414 27
1781446732946 16.469825744628906 28
1781446736142 16.46167755126953 29
1781446739285 16.010513305664062 30
1781446742569 15.800202369689941 31
1781446745954 15.685883522033691 32
1781446749500 15.586893081665039 33
1781446752690 14.69295883178711 34
1781446755874 14.428868293762207 35
1781446759001 14.306663513183594 36
1781446762197 14.288802146911621 37
1781446765274 13.317413330078125 38
1781446768338 13.315285682678223 39
1781446771686 13.215669631958008 40
1781446775421 13.215485572814941 41
1781446778350 13.155094146728516 42
1781446781510 13.130265235900879 43
1781446784550 13.111931800842285 44
1781446787766 12.515008926391602 45
1781446791122 12.376093864440918 46
1781446794314 12.349479675292969 47
1781446797526 12.341728210449219 48
1781446800978 12.272454261779785 49
1781446804330 11.981318473815918 50
1781446807729 11.22156047821045 51
1781446810680 10.979642868041992 52
1781446813914 10.972671508789062 53
1781446817086 10.889641761779785 54
1781446820622 10.855673789978027 55
1781446824067 10.775716781616211 56
1781446827376 10.567463874816895 57
1781446830804 10.418204307556152 58
1781446834529 10.417285919189453 59
1781446837446 10.397356986999512 60
1781446841060 10.393000602722168 61
1781446844222 9.879026412963867 62
1781446847422 9.783620834350586 63
1781446850530 9.754899978637695 64
1781446853840 9.735052108764648 65
1781446857244 9.64539623260498 66
1781446860739 9.601520538330078 67
1781446864398 9.588603973388672 68
1781446867837 9.587732315063477 69
1781446871212 9.574507713317871 70
1781446874690 9.571032524108887 71
1781446877806 9.281527519226074 72
1781446881058 9.258858680725098 73
1781446884334 9.211527824401855 74
1781446887808 9.166814804077148 75
1781446891206 8.75186824798584 76
1781446894757 8.662388801574707 77
1781446898118 8.656049728393555 78
1781446901306 8.654680252075195 79
1781446904965 8.585110664367676 80
1781446908129 8.547967910766602 81
1781446911354 8.308538436889648 82
1781446914650 8.230295181274414 83
1781446918162 8.190208435058594 84
1781446921786 8.17749309539795 85
1781446925514 8.066014289855957 86
1781446929206 7.959324836730957 87
1781446932582 7.948987007141113 88
1781446935850 7.941196441650391 89
1781446939054 7.738457202911377 90
1781446942350 7.737973213195801 91
1781446945630 7.716949462890625 92
1781446948831 7.701144695281982 93
1781446952024 7.634995460510254 94
1781446955326 7.631132125854492 95
1781446958649 7.625082492828369 96
1781446962150 7.620577812194824 97
1781446965714 7.493490219116211 98
1781446969018 7.285789966583252 99
1781446972678 7.237460613250732 100
1781446976374 7.2002482414245605 101
1781446979639 7.198931694030762 102
1781446982926 7.197527885437012 103
1781446985994 7.191330909729004 104
1781446989454 7.146611213684082 105
1781446992699 7.146191120147705 106
1781446996134 7.133819580078125 107
1781446999418 7.116828918457031 108
1781447002910 7.016182899475098 109
1781447006137 6.98441219329834 110
1781447009760 6.984374046325684 111
1781447013223 6.970892906188965 112
1781447016375 6.898174285888672 113
1781447020142 6.888734340667725 114
1781447023795 6.638276100158691 115
1781447026998 6.589013576507568 116
1781447030329 6.481408596038818 117
1781447033546 6.472619533538818 118
1781447036919 6.441497325897217 119
1781447040429 6.439385414123535 120
1781447043642 6.416704177856445 121
1781447047085 6.414839744567871 122
1781447050538 6.409624099731445 123
1781447054066 6.4065728187561035 124
1781447057442 6.394491195678711 125
1781447060666 6.37603235244751 126
1781447063982 6.369339942932129 127
1781447067547 6.333899021148682 128
1781447070923 6.331678867340088 129
1781447074355 6.319079875946045 130
1781447077740 6.31802225112915 131
1781447081239 6.189180374145508 132
1781447084586 6.171535015106201 133
1781447087847 6.171534061431885 134
1781447091202 6.15925407409668 135
1781447094738 6.15848445892334 136
1781447097974 6.10262393951416 137
1781447101291 6.017432689666748 138
1781447104814 6.0144500732421875 139
1781447108213 6.0143723487854 140
1781447111385 5.965998649597168 141
1781447114642 5.932666301727295 142
1781447117922 5.932197093963623 143
1781447121283 5.917267799377441 144
1781447124474 5.876676082611084 145
1781447127738 5.876228332519531 146
1781447130891 5.682127952575684 147
1781447134189 5.629639148712158 148
1781447137523 5.604179382324219 149
1781447140687 5.593861103057861 150
1781447144031 5.494081020355225 151
1781447147322 5.478208065032959 152
1781447150474 5.4775214195251465 153
1781447153726 5.423488140106201 154
1781447157306 5.381410598754883 155
1781447160811 5.352292060852051 156
1781447164010 5.296955108642578 157
1781447167270 5.292555809020996 158
1781447170538 5.292311191558838 159
1781447173945 5.292200088500977 160
1781447177163 5.142584323883057 161
1781447181048 5.134545803070068 162
1781447184785 5.1148905754089355 163
1781447188762 5.106235027313232 164
1781447192272 5.080676078796387 165
1781447195719 5.07955265045166 166
1781447199624 5.050229072570801 167
1781447202929 5.049037456512451 168
1781447206379 5.039114952087402 169
1781447209686 4.952147960662842 170
1781447213135 4.941535472869873 171
1781447216575 4.9408183097839355 172
1781447219939 4.927160263061523 173
1781447223306 4.9256486892700195 174
1781447226750 4.923726558685303 175
1781447230042 4.8915934562683105 176
1781447233303 4.8321099281311035 177
1781447236491 4.823643684387207 178
1781447240434 4.822454452514648 179
1781447244023 4.719663619995117 180
1781447247270 4.653405666351318 181
1781447250450 4.589354515075684 182
1781447254015 4.571217060089111 183
1781447257359 4.262320041656494 184
1781447260836 4.2413835525512695 185
1781447264330 4.219412326812744 186
1781447267504 4.215624809265137 187
1781447270563 4.169394493103027 188
1781447273863 4.157508373260498 189
1781447277265 4.129277229309082 190
1781447280855 4.128147125244141 191
1781447284262 4.086976528167725 192
1781447287615 3.821936845779419 193
1781447291015 3.474092721939087 194
1781447294262 3.1961121559143066 195
1781447297434 2.891618013381958 196
1781447300702 2.838480234146118 197
1781447304019 2.61391544342041 198
1781447307349 0.007265047170221806 199
1781447310595 0.007283633109182119 200
