1781446644403 11.739733695983887 1
1781446647554 9.107734680175781 2
1781446650671 8.178361892700195 3
1781446653951 7.306107044219971 4
1781446657186 6.627366065979004 5
1781446660218 6.065707683563232 6
1781446663403 5.631314754486084 7
1781446666795 5.206699371337891 8
1781446670167 4.87891149520874 9
1781446673516 4.6373820304870605 10
1781446676831 4.346494197845459 11
1781446680203 4.178671360015869 12
1781446683470 3.926400899887085 13
1781446686682 3.76051926612854 14
1781446689728 3.6100118160247803 15
1781446692991 3.4714224338531494 16
1781446696291 3.4135801792144775 17
1781446699707 3.2740120887756348 18
1781446702991 3.154508590698242 19
1781446706081 3.0168309211730957 20
1781446709298 2.949406147003174 21
1781446712890 2.854828357696533 22
1781446716678 2.749912738800049 23
1781446720080 2.66743540763855 24
1781446723104 2.605006456375122 25
1781446726411 2.56034517288208 26
1781446729687 2.514890670776367 27
1781446732943 2.487569808959961 28
1781446736139 2.4433364868164062 29
1781446739282 2.375316619873047 30
1781446742567 2.339571237564087 31
1781446745952 2.3491036891937256 32
1781446749498 2.307793140411377 33
1781446752686 2.291444778442383 34
1781446755872 2.289757013320923 35
1781446758999 2.259355068206787 36
1781446762195 2.217848539352417 37
1781446765272 2.2003395557403564 38
1781446768335 2.174394130706787 39
1781446771683 2.1494579315185547 40
1781446775419 2.123244524002075 41
1781446778348 2.125213146209717 42
1781446781507 2.1399753093719482 43
1781446784547 2.1234352588653564 44
1781446787764 2.116283893585205 45
1781446791120 2.097372055053711 46
1781446794312 2.1121320724487305 47
1781446797524 2.08866024017334 48
1781446800975 2.0748674869537354 49
1781446804328 2.0573477745056152 50
1781446807727 2.0466597080230713 51
1781446810678 2.0462565422058105 52
1781446813912 2.0570480823516846 53
1781446817084 2.0395195484161377 54
1781446820619 2.032475233078003 55
1781446824064 2.023855686187744 56
1781446827374 2.0266127586364746 57
1781446830802 2.028798818588257 58
1781446834526 2.0278892517089844 59
1781446837443 2.0363783836364746 60
1781446841058 2.0294902324676514 61
1781446844219 2.0154614448547363 62
1781446847420 2.019956588745117 63
1781446850527 2.021064043045044 64
1781446853838 2.0247552394866943 65
1781446857242 2.009777784347534 66
1781446860736 2.007316827774048 67
1781446864396 2.0071656703948975 68
1781446867834 2.0246481895446777 69
1781446871210 2.020664691925049 70
1781446874688 2.0181427001953125 71
1781446877804 2.0128135681152344 72
1781446881056 2.0203447341918945 73
1781446884332 2.0300662517547607 74
1781446887806 2.0310816764831543 75
1781446891204 2.030115842819214 76
1781446894755 2.027958869934082 77
1781446898116 2.0328621864318848 78
1781446901304 2.0285797119140625 79
1781446904962 2.028120279312134 80
1781446908127 2.0215723514556885 81
1781446911351 2.0174977779388428 82
1781446914648 2.004490852355957 83
1781446918160 1.9965572357177734 84
1781446921784 1.9971216917037964 85
1781446925511 1.9863505363464355 86
1781446929204 1.9854426383972168 87
1781446932580 1.985333800315857 88
1781446935848 1.9950909614562988 89
1781446939052 1.988410472869873 90
1781446942347 1.9826449155807495 91
1781446945627 1.9776537418365479 92
1781446948828 1.976979374885559 93
1781446952021 1.972825527191162 94
1781446955324 1.9720757007598877 95
1781446958647 1.962395191192627 96
1781446962148 1.9589805603027344 97
1781446965712 1.9569827318191528 98
1781446969015 1.954020380973816 99
1781446972675 1.9529749155044556 100
1781446976371 1.9481194019317627 101
1781446979636 1.951033115386963 102
1781446982924 1.945760726928711 103
1781446985991 1.9415075778961182 104
1781446989452 1.937372088432312 105
1781446992696 1.9359896183013916 106
1781446996132 1.9297559261322021 107
1781446999415 1.932560920715332 108
1781447002907 1.9321794509887695 109
1781447006135 1.9346649646759033 110
1781447009758 1.9284956455230713 111
1781447013220 1.930975317955017 112
1781447016372 1.927943468093872 113
1781447020139 1.9224811792373657 114
1781447023792 1.9155125617980957 115
1781447026996 1.9091131687164307 116
1781447030327 1.9093375205993652 117
1781447033544 1.9016791582107544 118
1781447036916 1.8934595584869385 119
1781447040427 1.8863649368286133 120
1781447043640 1.885006308555603 121
1781447047083 1.8832385540008545 122
1781447050536 1.8793072700500488 123
1781447054064 1.8749711513519287 124
1781447057439 1.867599606513977 125
1781447060663 1.866210699081421 126
1781447063980 1.8658641576766968 127
1781447067545 1.8556087017059326 128
1781447070921 1.8502222299575806 129
1781447074352 1.8488211631774902 130
1781447077738 1.839171051979065 131
1781447081236 1.8319727182388306 132
1781447084583 1.8239860534667969 133
1781447087844 1.8143543004989624 134
1781447091199 1.805991530418396 135
1781447094735 1.7993274927139282 136
1781447097971 1.792315125465393 137
1781447101288 1.7830986976623535 138
1781447104812 1.7766613960266113 139
1781447108211 1.7669692039489746 140
1781447111383 1.7582703828811646 141
1781447114640 1.747951626777649 142
1781447117920 1.7444896697998047 143
1781447121280 1.730613350868225 144
1781447124472 1.7274081707000732 145
1781447127735 1.7192118167877197 146
1781447130888 1.7105542421340942 147
1781447134187 1.6981736421585083 148
1781447137520 1.6893473863601685 149
1781447140684 1.6847364902496338 150
1781447144028 1.669472336769104 151
1781447147319 1.658926010131836 152
1781447150472 1.6535769701004028 153
1781447153724 1.6464977264404297 154
1781447157304 1.633449912071228 155
1781447160808 1.6154180765151978 156
1781447164008 1.5966306924819946 157
1781447167267 1.5855417251586914 158
1781447170536 1.5708767175674438 159
1781447173942 1.557530403137207 160
1781447177160 1.5451043844223022 161
1781447181046 1.5293468236923218 162
1781447184783 1.5162458419799805 163
1781447188760 1.497329592704773 164
1781447192270 1.4800113439559937 165
1781447195716 1.4649138450622559 166
1781447199622 1.4511348009109497 167
1781447202927 1.4353712797164917 168
1781447206376 1.4160228967666626 169
1781447209684 1.3966376781463623 170
1781447213133 1.3799386024475098 171
1781447216572 1.3603750467300415 172
1781447219937 1.3381134271621704 173
1781447223304 1.3182454109191895 174
1781447226748 1.2920310497283936 175
1781447230040 1.2672903537750244 176
1781447233300 1.2400857210159302 177
1781447236488 1.2147037982940674 178
1781447240432 1.1863675117492676 179
1781447244020 1.1618831157684326 180
1781447247268 1.1378345489501953 181
1781447250447 1.108614206314087 182
1781447254012 1.0797873735427856 183
1781447257356 1.0479503870010376 184
1781447260834 1.0140804052352905 185
1781447264328 0.983214795589447 186
1781447267502 0.9447795152664185 187
1781447270560 0.9090343117713928 188
1781447273860 0.8626999855041504 189
1781447277248 0.8252640962600708 190
1781447280852 0.7797486782073975 191
1781447284260 0.7261786460876465 192
1781447287612 0.6666490435600281 193
1781447291013 0.6091831922531128 194
1781447294260 0.542596161365509 195
1781447297432 0.46643832325935364 196
1781447300700 0.37594321370124817 197
1781447304016 0.2589472532272339 198
1781447307346 0.0011195908300578594 199
1781447310593 0.0011252820258960128 200
