1781446644404 7.353646278381348 1
1781446647555 7.336999416351318 2
1781446650672 7.181942462921143 3
1781446653952 7.014880657196045 4
1781446657187 7.002910137176514 5
1781446660219 6.988753795623779 6
1781446663404 6.9017229080200195 7
1781446666796 6.871678829193115 8
1781446670168 6.861713886260986 9
1781446673517 6.820564270019531 10
1781446676832 6.787877559661865 11
1781446680204 6.719040870666504 12
1781446683471 6.717073440551758 13
1781446686684 6.716945171356201 14
1781446689729 6.612462043762207 15
1781446692992 6.456536769866943 16
1781446696293 5.8952226638793945 17
1781446699708 5.865092754364014 18
1781446702992 5.821706295013428 19
1781446706082 5.454509735107422 20
1781446709299 5.429031848907471 21
1781446712891 5.270843982696533 22
1781446716679 4.847420692443848 23
1781446720081 3.900355100631714 24
1781446723106 3.6099767684936523 25
1781446726413 3.345862627029419 26
1781446729688 3.3443448543548584 27
1781446732945 2.9976966381073 28
1781446736141 2.892876148223877 29
1781446739284 2.7527246475219727 30
1781446742568 2.7500414848327637 31
1781446745953 2.7490158081054688 32
1781446749499 2.5195531845092773 33
1781446752687 2.318342924118042 34
1781446755873 2.2943005561828613 35
1781446759000 2.287044048309326 36
1781446762196 2.0921571254730225 37
1781446765273 2.050673723220825 38
1781446768336 2.0293567180633545 39
1781446771684 1.9809849262237549 40
1781446775420 1.7167994976043701 41
1781446778349 1.6658000946044922 42
1781446781509 1.5049856901168823 43
1781446784548 1.4168137311935425 44
1781446787765 1.3254939317703247 45
1781446791121 1.2886710166931152 46
1781446794313 1.281343936920166 47
1781446797525 1.2729647159576416 48
1781446800977 1.266675353050232 49
1781446804329 1.254955530166626 50
1781446807728 1.2525163888931274 51
1781446810679 1.155685544013977 52
1781446813913 1.1432839632034302 53
1781446817085 1.1414762735366821 54
1781446820620 1.1412365436553955 55
1781446824065 1.070243239402771 56
1781446827375 1.0677565336227417 57
1781446830803 1.0620673894882202 58
1781446834527 1.0126445293426514 59
1781446837444 1.010715126991272 60
1781446841059 0.9842529296875 61
1781446844220 0.9392610192298889 62
1781446847421 0.9369786381721497 63
1781446850529 0.9049556851387024 64
1781446853839 0.9049147367477417 65
1781446857243 0.8505421280860901 66
1781446860738 0.8433882594108582 67
1781446864397 0.8234364986419678 68
1781446867835 0.8132372498512268 69
1781446871211 0.637579083442688 70
1781446874689 0.6205291152000427 71
1781446877805 0.6045822501182556 72
1781446881057 0.5980088710784912 73
1781446884333 0.5978140830993652 74
1781446887807 0.5898628234863281 75
1781446891205 0.5831667184829712 76
1781446894756 0.5580120086669922 77
1781446898117 0.5575938820838928 78
1781446901305 0.5514217019081116 79
1781446904964 0.45672014355659485 80
1781446908128 0.456020712852478 81
1781446911353 0.45570340752601624 82
1781446914649 0.4547455906867981 83
1781446918161 0.45473945140838623 84
1781446921785 0.4527924358844757 85
1781446925512 0.45009011030197144 86
1781446929205 0.45006105303764343 87
1781446932581 0.44394567608833313 88
1781446935849 0.44315439462661743 89
1781446939053 0.44127726554870605 90
1781446942348 0.4349958002567291 91
1781446945628 0.4059828519821167 92
1781446948829 0.3819754123687744 93
1781446952022 0.38093966245651245 94
1781446955325 0.38077619671821594 95
1781446958648 0.38077545166015625 96
1781446962149 0.37558630108833313 97
1781446965713 0.3695080876350403 98
1781446969016 0.3433646261692047 99
1781446972677 0.34038010239601135 100
1781446976372 0.3399706780910492 101
1781446979638 0.3275171220302582 102
1781446982925 0.3270750343799591 103
1781446985993 0.32680103182792664 104
1781446989453 0.3266357481479645 105
1781446992697 0.32108306884765625 106
1781446996133 0.30511876940727234 107
1781446999417 0.2967192232608795 108
1781447002908 0.2966572046279907 109
1781447006136 0.29665255546569824 110
1781447009759 0.29661113023757935 111
1781447013222 0.29610076546669006 112
1781447016373 0.29417702555656433 113
1781447020141 0.2930241525173187 114
1781447023793 0.2717646062374115 115
1781447026997 0.25699490308761597 116
1781447030328 0.23044663667678833 117
1781447033545 0.22960244119167328 118
1781447036917 0.22205153107643127 119
1781447040428 0.22202689945697784 120
1781447043641 0.21696338057518005 121
1781447047084 0.21542274951934814 122
1781447050537 0.21524471044540405 123
1781447054065 0.2151002287864685 124
1781447057440 0.20850014686584473 125
1781447060664 0.20582032203674316 126
1781447063981 0.197175994515419 127
1781447067546 0.19673223793506622 128
1781447070922 0.1962531954050064 129
1781447074354 0.1957748830318451 130
1781447077739 0.19575707614421844 131
1781447081238 0.19492077827453613 132
1781447084585 0.1949010193347931 133
1781447087845 0.19474190473556519 134
1781447091200 0.19220653176307678 135
1781447094736 0.19212111830711365 136
1781447097972 0.1897178292274475 137
1781447101289 0.1893443614244461 138
1781447104813 0.1892170011997223 139
1781447108212 0.18042026460170746 140
1781447111384 0.16542093455791473 141
1781447114641 0.1627180129289627 142
1781447117921 0.1585330367088318 143
1781447121281 0.14257580041885376 144
1781447124473 0.13785101473331451 145
1781447127737 0.13781942427158356 146
1781447130889 0.13572785258293152 147
1781447134188 0.13564372062683105 148
1781447137521 0.13259069621562958 149
1781447140685 0.1314319670200348 150
1781447144030 0.1313484013080597 151
1781447147320 0.13126297295093536 152
1781447150473 0.126451313495636 153
1781447153725 0.12187846750020981 154
1781447157305 0.12183180451393127 155
1781447160810 0.11946280300617218 156
1781447164009 0.11783843487501144 157
1781447167269 0.11757597327232361 158
1781447170537 0.11744553595781326 159
1781447173944 0.11679495126008987 160
1781447177161 0.11667676270008087 161
1781447181047 0.11205858737230301 162
1781447184784 0.09635626524686813 163
1781447188761 0.09276001155376434 164
1781447192271 0.08987227082252502 165
1781447195718 0.08082511276006699 166
1781447199623 0.07166263461112976 167
1781447202928 0.052930399775505066 168
1781447206377 0.05168134719133377 169
1781447209685 0.05011846125125885 170
1781447213134 0.04986299201846123 171
1781447216573 0.04986279457807541 172
1781447219938 0.0498504601418972 173
1781447223305 0.04856123775243759 174
1781447226749 0.04838063195347786 175
1781447230041 0.043386202305555344 176
1781447233301 0.04323672130703926 177
1781447236489 0.04166597127914429 178
1781447240433 0.03995924070477486 179
1781447244021 0.039793960750103 180
1781447247269 0.03388077765703201 181
1781447250448 0.03156041353940964 182
1781447254013 0.03004983812570572 183
1781447257357 0.024238521233201027 184
1781447260835 0.02113337814807892 185
1781447264329 0.020152712240815163 186
1781447267503 0.01967795193195343 187
1781447270561 0.019621167331933975 188
1781447273861 0.015914881601929665 189
1781447277249 0.01566174440085888 190
1781447280854 0.014855624176561832 191
1781447284261 0.013132132589817047 192
1781447287613 0.013009462505578995 193
1781447291014 0.01216084323823452 194
1781447294261 0.009563691914081573 195
1781447297433 0.006343254819512367 196
1781447300701 0.002991348970681429 197
1781447304017 0.00020082587434444577 198
1781447307347 8.29636919661425e-05 199
1781447310594 5.223466723691672e-05 200
