1781446644413 0.10279178619384766 1
1781446647566 0.09370855242013931 2
1781446650683 0.0842665508389473 3
1781446653963 0.08340927958488464 4
1781446657197 0.07816421985626221 5
1781446660229 0.0766628310084343 6
1781446663415 0.07722614705562592 7
1781446666807 0.075560063123703 8
1781446670180 0.07568953186273575 9
1781446673528 0.07385960966348648 10
1781446676843 0.07231750339269638 11
1781446680215 0.07076219469308853 12
1781446683482 0.07060045003890991 13
1781446686695 0.06758471578359604 14
1781446689740 0.0674678310751915 15
1781446693003 0.06708703935146332 16
1781446696304 0.06654904037714005 17
1781446699719 0.0656466856598854 18
1781446703003 0.0647861585021019 19
1781446706093 0.06457164883613586 20
1781446709309 0.06299538165330887 21
1781446712917 0.06226972118020058 22
1781446716705 0.061240606009960175 23
1781446720092 0.06132747605443001 24
1781446723116 0.06131919100880623 25
1781446726423 0.06117074936628342 26
1781446729699 0.06084227189421654 27
1781446732955 0.060029663145542145 28
1781446736151 0.060060907155275345 29
1781446739294 0.05971023440361023 30
1781446742578 0.05922374501824379 31
1781446745964 0.058914314955472946 32
1781446749510 0.058496978133916855 33
1781446752700 0.05826093256473541 34
1781446755884 0.057961639016866684 35
1781446759011 0.05775703117251396 36
1781446762207 0.05758845806121826 37
1781446765283 0.0569552443921566 38
1781446768347 0.056504327803850174 39
1781446771695 0.0559525340795517 40
1781446775445 0.05578970909118652 41
1781446778359 0.05549318715929985 42
1781446781519 0.05521673336625099 43
1781446784559 0.0548972450196743 44
1781446787776 0.054295703768730164 45
1781446791133 0.05410604551434517 46
1781446794324 0.05375806987285614 47
1781446797536 0.05352523550391197 48
1781446800987 0.05341830477118492 49
1781446804340 0.053031131625175476 50
1781446807738 0.052922241389751434 51
1781446810689 0.05264470353722572 52
1781446813924 0.052561938762664795 53
1781446817096 0.05227641016244888 54
1781446820631 0.05185547471046448 55
1781446824076 0.05183625966310501 56
1781446827385 0.05154019221663475 57
1781446830829 0.05124957114458084 58
1781446834538 0.050878264009952545 59
1781446837455 0.05080505833029747 60
1781446841069 0.05059870332479477 61
1781446844231 0.05038449913263321 62
1781446847431 0.050165869295597076 63
1781446850539 0.05007152631878853 64
1781446853849 0.04993544518947601 65
1781446857269 0.049814119935035706 66
1781446860749 0.04938236251473427 67
1781446864408 0.04916192218661308 68
1781446867845 0.049093957990407944 69
1781446871222 0.04903249070048332 70
1781446874699 0.04888530448079109 71
1781446877816 0.048264577984809875 72
1781446881068 0.048289500176906586 73
1781446884344 0.048145975917577744 74
1781446887833 0.047564003616571426 75
1781446891217 0.047159191220998764 76
1781446894765 0.046497948467731476 77
1781446898128 0.04622035473585129 78
1781446901316 0.04600101709365845 79
1781446904974 0.04579094797372818 80
1781446908138 0.04536261036992073 81
1781446911363 0.0451885387301445 82
1781446914659 0.044677313417196274 83
1781446918172 0.04439600184559822 84
1781446921796 0.044100478291511536 85
1781446925523 0.04392142966389656 86
1781446929216 0.04384395852684975 87
1781446932592 0.043679021298885345 88
1781446935860 0.043537553399801254 89
1781446939064 0.043385934084653854 90
1781446942359 0.04321235045790672 91
1781446945639 0.042984843254089355 92
1781446948840 0.042704518884420395 93
1781446952033 0.042457882314920425 94
1781446955336 0.04204845428466797 95
1781446958657 0.04155600070953369 96
1781446962160 0.04123012721538544 97
1781446965724 0.04090750962495804 98
1781446969028 0.04065902531147003 99
1781446972687 0.04049937427043915 100
1781446976383 0.04019400477409363 101
1781446979648 0.040071915835142136 102
1781446982936 0.03964512050151825 103
1781446986003 0.03931944817304611 104
1781446989464 0.03918914124369621 105
1781446992708 0.03896988555788994 106
1781446996144 0.038817569613456726 107
1781446999427 0.03860662132501602 108
1781447002919 0.038519393652677536 109
1781447006147 0.03827650099992752 110
1781447009774 0.03803709149360657 111
1781447013232 0.03795002028346062 112
1781447016384 0.03774575889110565 113
1781447020151 0.037610940635204315 114
1781447023804 0.0373920202255249 115
1781447027008 0.03716467693448067 116
1781447030339 0.036950960755348206 117
1781447033556 0.036688875406980515 118
1781447036928 0.036382999271154404 119
1781447040439 0.03605581447482109 120
1781447043652 0.0358535535633564 121
1781447047094 0.035741083323955536 122
1781447050548 0.035654764622449875 123
1781447054076 0.035450853407382965 124
1781447057451 0.03521828353404999 125
1781447060675 0.035005755722522736 126
1781447063992 0.03479453921318054 127
1781447067557 0.03433941677212715 128
1781447070933 0.03413086012005806 129
1781447074364 0.03396889194846153 130
1781447077761 0.03376852720975876 131
1781447081249 0.033548180013895035 132
1781447084596 0.033362776041030884 133
1781447087856 0.03319993615150452 134
1781447091211 0.03296356648206711 135
1781447094746 0.032760974019765854 136
1781447097983 0.032486218959093094 137
1781447101300 0.03218049556016922 138
1781447104826 0.03202156722545624 139
1781447108222 0.031851913779973984 140
1781447111395 0.03170640766620636 141
1781447114652 0.03149598091840744 142
1781447117932 0.03144228085875511 143
1781447121292 0.03114691935479641 144
1781447124484 0.030887966975569725 145
1781447127747 0.030755361542105675 146
1781447130900 0.030424337834119797 147
1781447134197 0.030079662799835205 148
1781447137532 0.02993917278945446 149
1781447140742 0.029676875099539757 150
1781447144040 0.029364900663495064 151
1781447147331 0.029159195721149445 152
1781447150483 0.0290538277477026 153
1781447153736 0.02864709682762623 154
1781447157316 0.0284282136708498 155
1781447160821 0.027879679575562477 156
1781447164020 0.02728564850986004 157
1781447167279 0.027015455067157745 158
1781447170548 0.02668273076415062 159
1781447173954 0.026340575888752937 160
1781447177172 0.026014456525444984 161
1781447181065 0.025713447481393814 162
1781447184795 0.025579452514648438 163
1781447188772 0.025286128744482994 164
1781447192293 0.024842996150255203 165
1781447195736 0.024470947682857513 166
1781447199649 0.024230126291513443 167
1781447202938 0.02385767176747322 168
1781447206406 0.023426758125424385 169
1781447209696 0.02309192717075348 170
1781447213145 0.02280361019074917 171
1781447216585 0.022418532520532608 172
1781447219949 0.022126467898488045 173
1781447223316 0.021845214068889618 174
1781447226759 0.021228812634944916 175
1781447230051 0.020866943523287773 176
1781447233312 0.020304737612605095 177
1781447236500 0.019924530759453773 178
1781447240443 0.019641371443867683 179
1781447244032 0.019305676221847534 180
1781447247280 0.01892932504415512 181
1781447250459 0.018443413078784943 182
1781447254024 0.018085960298776627 183
1781447257368 0.01728178560733795 184
1781447260857 0.01681591011583805 185
1781447264340 0.016508083790540695 186
1781447267514 0.015877768397331238 187
1781447270572 0.015530665405094624 188
1781447273872 0.01449564378708601 189
1781447277276 0.013936307281255722 190
1781447280864 0.01348758302628994 191
1781447284271 0.012291455641388893 192
1781447287624 0.010036244057118893 193
1781447291025 0.008645915426313877 194
1781447294272 0.00647101690992713 195
1781447297444 0.003927619196474552 196
1781447300711 0.0018048578640446067 197
1781447304028 0.0016320879803970456 198
1781447307366 0.0 199
1781447310605 0.0 200
