1781446644397 922.032958984375 1
1781446647548 519.8072509765625 2
1781446650664 412.9643859863281 3
1781446653944 343.1024475097656 4
1781446657180 288.53936767578125 5
1781446660212 244.17446899414062 6
1781446663396 214.38658142089844 7
1781446666789 187.48239135742188 8
1781446670161 168.58262634277344 9
1781446673509 154.35528564453125 10
1781446676825 138.39093017578125 11
1781446680197 129.88992309570312 12
1781446683464 117.4490966796875 13
1781446686676 109.8673324584961 14
1781446689721 103.04136657714844 15
1781446692985 96.54644012451172 16
1781446696285 92.98580932617188 17
1781446699701 86.56753540039062 18
1781446702985 81.29938507080078 19
1781446706073 75.94224548339844 20
1781446709292 72.37916564941406 21
1781446712884 68.5056381225586 22
1781446716672 64.51026153564453 23
1781446720073 61.13583755493164 24
1781446723097 58.8306999206543 25
1781446726405 56.527183532714844 26
1781446729681 53.94157028198242 27
1781446732937 52.408668518066406 28
1781446736133 50.49205780029297 29
1781446739276 48.152103424072266 30
1781446742561 46.474239349365234 31
1781446745945 45.74210739135742 32
1781446749489 44.03453826904297 33
1781446752679 42.86918258666992 34
1781446755865 41.8703498840332 35
1781446758993 40.419189453125 36
1781446762189 38.970054626464844 37
1781446765265 37.867591857910156 38
1781446768329 36.90106964111328 39
1781446771677 35.82040023803711 40
1781446775413 34.65185546875 41
1781446778341 34.092464447021484 42
1781446781501 33.6961669921875 43
1781446784541 32.83393096923828 44
1781446787757 32.10063171386719 45
1781446791113 31.331043243408203 46
1781446794305 31.03413963317871 47
1781446797517 30.215442657470703 48
1781446800969 29.5699405670166 49
1781446804321 28.641244888305664 50
1781446807721 27.988574981689453 51
1781446810673 27.450754165649414 52
1781446813905 27.18452262878418 53
1781446817077 26.538644790649414 54
1781446820613 26.124431610107422 55
1781446824057 25.536056518554688 56
1781446827350 25.172828674316406 57
1781446830796 24.852428436279297 58
1781446834521 24.56297492980957 59
1781446837437 24.444765090942383 60
1781446841053 24.113910675048828 61
1781446844213 23.53581428527832 62
1781446847413 23.298608779907227 63
1781446850521 23.047847747802734 64
1781446853831 22.90273666381836 65
1781446857236 22.510160446166992 66
1781446860729 22.224151611328125 67
1781446864389 21.94631004333496 68
1781446867829 21.949106216430664 69
1781446871203 21.621408462524414 70
1781446874681 21.368227005004883 71
1781446877797 21.048524856567383 72
1781446881049 20.913616180419922 73
1781446884326 20.819351196289062 74
1781446887800 20.648279190063477 75
1781446891197 20.411258697509766 76
1781446894749 20.230405807495117 77
1781446898109 20.100889205932617 78
1781446901297 19.86042594909668 79
1781446904956 19.661569595336914 80
1781446908121 19.379819869995117 81
1781446911345 19.12887191772461 82
1781446914641 18.808866500854492 83
1781446918153 18.5893611907959 84
1781446921777 18.389652252197266 85
1781446925505 18.08022689819336 86
1781446929197 17.922378540039062 87
1781446932573 17.841567993164062 88
1781446935841 17.823881149291992 89
1781446939045 17.637784957885742 90
1781446942341 17.424758911132812 91
1781446945621 17.29241180419922 92
1781446948821 17.135717391967773 93
1781446952015 16.996234893798828 94
1781446955317 16.82721519470215 95
1781446958641 16.597623825073242 96
1781446962141 16.450834274291992 97
1781446965705 16.287830352783203 98
1781446969009 16.121965408325195 99
1781446972669 15.989013671875 100
1781446976365 15.827816009521484 101
1781446979630 15.78589153289795 102
1781446982917 15.612339973449707 103
1781446985985 15.470312118530273 104
1781446989445 15.357403755187988 105
1781446992690 15.237959861755371 106
1781446996125 15.105822563171387 107
1781446999409 15.004639625549316 108
1781447002901 14.857137680053711 109
1781447006129 14.792503356933594 110
1781447009752 14.627419471740723 111
1781447013214 14.546793937683105 112
1781447016366 14.374005317687988 113
1781447020133 14.243268013000488 114
1781447023786 14.082077980041504 115
1781447026989 13.948148727416992 116
1781447030321 13.85498332977295 117
1781447033537 13.701727867126465 118
1781447036910 13.52562427520752 119
1781447040421 13.346170425415039 120
1781447043634 13.278304100036621 121
1781447047077 13.162922859191895 122
1781447050529 13.041438102722168 123
1781447054057 12.911182403564453 124
1781447057433 12.77003288269043 125
1781447060657 12.65787410736084 126
1781447063973 12.563520431518555 127
1781447067538 12.404525756835938 128
1781447070914 12.23630428314209 129
1781447074346 12.167779922485352 130
1781447077732 12.008121490478516 131
1781447081229 11.859208106994629 132
1781447084577 11.734560012817383 133
1781447087838 11.601804733276367 134
1781447091193 11.48104190826416 135
1781447094729 11.39510726928711 136
1781447097965 11.27208137512207 137
1781447101282 11.139580726623535 138
1781447104805 11.01872730255127 139
1781447108205 10.878320693969727 140
1781447111377 10.75021743774414 141
1781447114633 10.608678817749023 142
1781447117913 10.505925178527832 143
1781447121274 10.35004711151123 144
1781447124466 10.271927833557129 145
1781447127729 10.179886817932129 146
1781447130882 10.030535697937012 147
1781447134181 9.885921478271484 148
1781447137514 9.778398513793945 149
1781447140677 9.652303695678711 150
1781447144022 9.467512130737305 151
1781447147313 9.343573570251465 152
1781447150465 9.229881286621094 153
1781447153718 9.093308448791504 154
1781447157297 8.930243492126465 155
1781447160802 8.728206634521484 156
1781447164001 8.488965034484863 157
1781447167261 8.37176513671875 158
1781447170529 8.219935417175293 159
1781447173936 8.086724281311035 160
1781447177154 7.934042453765869 161
1781447181040 7.763044834136963 162
1781447184777 7.6552605628967285 163
1781447188754 7.486769199371338 164
1781447192264 7.333717346191406 165
1781447195710 7.187892913818359 166
1781447199616 7.060366153717041 167
1781447202921 6.902030944824219 168
1781447206370 6.721941947937012 169
1781447209677 6.568594455718994 170
1781447213126 6.4319891929626465 171
1781447216566 6.299894332885742 172
1781447219930 6.120852947235107 173
1781447223298 5.9696831703186035 174
1781447226742 5.758213043212891 175
1781447230034 5.593746185302734 176
1781447233293 5.411485195159912 177
1781447236481 5.246228218078613 178
1781447240425 5.091424942016602 179
1781447244013 4.9232940673828125 180
1781447247261 4.768397808074951 181
1781447250441 4.577581882476807 182
1781447254006 4.4442901611328125 183
1781447257350 4.1797261238098145 184
1781447260828 3.981722116470337 185
1781447264321 3.781050443649292 186
1781447267492 3.5260093212127686 187
1781447270554 3.371279239654541 188
1781447273854 3.1096270084381104 189
1781447277241 2.9492063522338867 190
1781447280846 2.7359390258789062 191
1781447284253 2.4848718643188477 192
1781447287606 2.147475481033325 193
1781447291006 1.879947543144226 194
1781447294254 1.5469679832458496 195
1781447297425 1.2712594270706177 196
1781447300693 1.0328994989395142 197
1781447304010 0.6742724776268005 198
1781447307335 5.571127985604107e-06 199
1781447310586 5.602848432317842e-06 200
