1781446644399 8943.0517578125 1
1781446647551 3184.197265625 2
1781446650667 2271.614013671875 3
1781446653947 2173.66845703125 4
1781446657183 1908.95458984375 5
1781446660214 1372.798828125 6
1781446663399 1260.4908447265625 7
1781446666791 1030.36328125 8
1781446670163 966.8570556640625 9
1781446673512 836.470458984375 10
1781446676827 764.5454711914062 11
1781446680199 715.2312622070312 12
1781446683467 623.9658203125 13
1781446686679 540.92919921875 14
1781446689723 534.1810913085938 15
1781446692987 534.1783447265625 16
1781446696287 516.4808349609375 17
1781446699703 483.8115234375 18
1781446702987 376.0252990722656 19
1781446706075 372.6789855957031 20
1781446709294 362.4676513671875 21
1781446712886 345.2845458984375 22
1781446716675 340.84759521484375 23
1781446720075 317.1266174316406 24
1781446723099 316.2964782714844 25
1781446726407 305.057861328125 26
1781446729683 276.43353271484375 27
1781446732939 271.25518798828125 28
1781446736135 270.9868469238281 29
1781446739279 256.3365173339844 30
1781446742563 249.64639282226562 31
1781446745948 246.04693603515625 32
1781446749492 242.95123291015625 33
1781446752682 215.88304138183594 34
1781446755868 208.19223022460938 35
1781446758995 204.68063354492188 36
1781446762191 204.16986083984375 37
1781446765267 177.35348510742188 38
1781446768331 177.29684448242188 39
1781446771679 174.6539306640625 40
1781446775415 174.6490478515625 41
1781446778343 173.05650329589844 42
1781446781503 172.40386962890625 43
1781446784543 171.92274475097656 44
1781446787760 156.62545776367188 45
1781446791116 153.16769409179688 46
1781446794307 152.5096435546875 47
1781446797520 152.31825256347656 48
1781446800972 150.61312866210938 49
1781446804324 143.552001953125 50
1781446807723 125.92341613769531 51
1781446810675 120.55255889892578 52
1781446813907 120.39952087402344 53
1781446817079 118.58430480957031 54
1781446820616 117.84565734863281 55
1781446824060 116.1160659790039 56
1781446827352 111.6712875366211 57
1781446830799 108.53898620605469 58
1781446834523 108.51983642578125 59
1781446837439 108.10504150390625 60
1781446841055 108.01446533203125 61
1781446844215 97.59515380859375 62
1781446847415 95.71923828125 63
1781446850523 95.15806579589844 64
1781446853833 94.77123260498047 65
1781446857239 93.03366088867188 66
1781446860732 92.18919372558594 67
1781446864392 91.94132995605469 68
1781446867831 91.92461395263672 69
1781446871206 91.67120361328125 70
1781446874684 91.60466003417969 71
1781446877800 86.14675903320312 72
1781446881052 85.72645568847656 73
1781446884328 84.85224151611328 74
1781446887803 84.03048706054688 75
1781446891200 76.59519958496094 76
1781446894751 75.0369873046875 77
1781446898112 74.92720031738281 78
1781446901300 74.90349578857422 79
1781446904959 73.70413208007812 80
1781446908123 73.06775665283203 81
1781446911348 69.03181457519531 82
1781446914644 67.73775482177734 83
1781446918156 67.07951354980469 84
1781446921780 66.87139892578125 85
1781446925508 65.06059265136719 86
1781446929200 63.350852966308594 87
1781446932576 63.18639373779297 88
1781446935844 63.062599182128906 89
1781446939048 59.88371658325195 90
1781446942344 59.87622833251953 91
1781446945624 59.551307678222656 92
1781446948824 59.30763244628906 93
1781446952017 58.293155670166016 94
1781446955320 58.23418045043945 95
1781446958643 58.141883850097656 96
1781446962144 58.073204040527344 97
1781446965708 56.15239715576172 98
1781446969012 53.082733154296875 99
1781446972672 52.380836486816406 100
1781446976367 51.84357452392578 101
1781446979633 51.824615478515625 102
1781446982920 51.80440902709961 103
1781446985988 51.715240478515625 104
1781446989448 51.07405471801758 105
1781446992692 51.06804656982422 106
1781446996128 50.891380310058594 107
1781446999412 50.649253845214844 108
1781447002904 49.22682189941406 109
1781447006131 48.78201675415039 110
1781447009754 48.78147888183594 111
1781447013217 48.593345642089844 112
1781447016368 47.584808349609375 113
1781447020136 47.45466232299805 114
1781447023788 44.066707611083984 115
1781447026991 43.41510009765625 116
1781447030323 42.00865936279297 117
1781447033540 41.894805908203125 118
1781447036912 41.492889404296875 119
1781447040423 41.4656867980957 120
1781447043636 41.17409133911133 121
1781447047079 41.150169372558594 122
1781447050532 41.083282470703125 123
1781447054060 41.0441780090332 124
1781447057436 40.88951873779297 125
1781447060660 40.653785705566406 126
1781447063976 40.56848907470703 127
1781447067541 40.11827850341797 128
1781447070917 40.09015655517578 129
1781447074349 39.93077087402344 130
1781447077735 39.91740798950195 131
1781447081232 38.30595397949219 132
1781447084579 38.08784484863281 133
1781447087840 38.087833404541016 134
1781447091196 37.93640899658203 135
1781447094732 37.92693328857422 136
1781447097968 37.24201965332031 137
1781447101284 36.209495544433594 138
1781447104808 36.173606872558594 139
1781447108207 36.17267608642578 140
1781447111379 35.5931396484375 141
1781447114636 35.196529388427734 142
1781447117916 35.19096374511719 143
1781447121276 35.01405715942383 144
1781447124468 34.53532409667969 145
1781447127732 34.530059814453125 146
1781447130884 32.28657913208008 147
1781447134183 31.69283676147461 148
1781447137516 31.40682601928711 149
1781447140680 31.291282653808594 150
1781447144024 30.184926986694336 151
1781447147315 30.010765075683594 152
1781447150468 30.00324249267578 153
1781447153720 29.414222717285156 154
1781447157300 28.959577560424805 155
1781447160804 28.647029876708984 156
1781447164004 28.057735443115234 157
1781447167264 28.011146545410156 158
1781447170532 28.008556365966797 159
1781447173938 28.007381439208984 160
1781447177156 26.44617462158203 161
1781447181042 26.36355972290039 162
1781447184779 26.162105560302734 163
1781447188756 26.073637008666992 164
1781447192267 25.813268661499023 165
1781447195712 25.801856994628906 166
1781447199619 25.50481414794922 167
1781447202923 25.492778778076172 168
1781447206372 25.392677307128906 169
1781447209680 24.52376937866211 170
1781447213129 24.418773651123047 171
1781447216568 24.411685943603516 172
1781447219932 24.27690887451172 173
1781447223300 24.26201629638672 174
1781447226744 24.24308204650879 175
1781447230036 23.927688598632812 176
1781447233296 23.349285125732422 177
1781447236484 23.267536163330078 178
1781447240428 23.256065368652344 179
1781447244016 22.275224685668945 180
1781447247264 21.654186248779297 181
1781447250444 21.062175750732422 182
1781447254008 20.896026611328125 183
1781447257352 18.167373657226562 184
1781447260830 17.989336013793945 185
1781447264324 17.80344009399414 186
1781447267494 17.77149200439453 187
1781447270556 17.38385009765625 188
1781447273856 17.284875869750977 189
1781447277244 17.05093002319336 190
1781447280848 17.04159927368164 191
1781447284256 16.703378677368164 192
1781447287608 14.607200622558594 193
1781447291008 12.069320678710938 194
1781447294256 10.215133666992188 195
1781447297428 8.361454963684082 196
1781447300696 8.05696964263916 197
1781447304012 6.832553386688232 198
1781447307339 5.278091339278035e-05 199
1781447310589 5.3051313443575054e-05 200
