1781446644415 0.9140276908874512 1
1781446647568 0.9142919182777405 2
1781446650686 0.9158772230148315 3
1781446653965 0.953508734703064 4
1781446657199 0.9540702104568481 5
1781446660231 0.9900329113006592 6
1781446663417 0.990484893321991 7
1781446666809 0.9927842020988464 8
1781446670182 0.9934062361717224 9
1781446673530 0.994072675704956 10
1781446676845 0.994106650352478 11
1781446680217 0.996884822845459 12
1781446683485 0.9971114993095398 13
1781446686697 0.9971227049827576 14
1781446689742 0.9976458549499512 15
1781446693006 0.9981696009635925 16
1781446696306 0.9981817007064819 17
1781446699722 0.9983950257301331 18
1781446703005 0.9984890818595886 19
1781446706095 0.9986936450004578 20
1781446709311 0.9987046122550964 21
1781446712919 0.9987573027610779 22
1781446716707 0.998968243598938 23
1781446720094 0.9993320107460022 24
1781446723119 0.9994277954101562 25
1781446726426 0.9995084404945374 26
1781446729702 0.9995089173316956 27
1781446732958 0.9995222091674805 28
1781446736154 0.9996325373649597 29
1781446739297 0.9996365904808044 30
1781446742581 0.9996373057365417 31
1781446745966 0.9996472597122192 32
1781446749512 0.9996480345726013 33
1781446752702 0.9996597766876221 34
1781446755886 0.9996733665466309 35
1781446759013 0.9996877908706665 36
1781446762209 0.9996885657310486 37
1781446765286 0.9997464418411255 38
1781446768350 0.9997590184211731 39
1781446771698 0.9997884035110474 40
1781446775451 0.9998055100440979 41
1781446778362 0.9998075366020203 42
1781446781522 0.999813437461853 43
1781446784562 0.9998216032981873 44
1781446787778 0.9998438358306885 45
1781446791135 0.9998524188995361 46
1781446794326 0.999869167804718 47
1781446797538 0.9998698830604553 48
1781446800990 0.9998744130134583 49
1781446804342 0.999874472618103 50
1781446807740 0.9998829960823059 51
1781446810691 0.9998844861984253 52
1781446813926 0.9999164938926697 53
1781446817098 0.9999173879623413 54
1781446820633 0.9999180436134338 55
1781446824079 0.9999181032180786 56
1781446827399 0.9999309778213501 57
1781446830831 0.999936580657959 58
1781446834540 0.9999366402626038 59
1781446837458 0.9999366402626038 60
1781446841071 0.9999401569366455 61
1781446844233 0.9999434947967529 62
1781446847434 0.9999436736106873 63
1781446850542 0.9999439120292664 64
1781446853852 0.9999464154243469 65
1781446857271 0.9999465346336365 66
1781446860751 0.9999469518661499 67
1781446864410 0.9999476671218872 68
1781446867851 0.999950110912323 69
1781446871224 0.9999638795852661 70
1781446874702 0.9999657869338989 71
1781446877818 0.9999675154685974 72
1781446881070 0.9999682307243347 73
1781446884347 0.9999682307243347 74
1781446887836 0.9999690651893616 75
1781446891219 0.9999697804450989 76
1781446894768 0.9999723434448242 77
1781446898130 0.9999723434448242 78
1781446901318 0.9999729990959167 79
1781446904977 0.9999814629554749 80
1781446908140 0.9999815225601196 81
1781446911366 0.9999815225601196 82
1781446914662 0.9999816417694092 83
1781446918174 0.9999816417694092 84
1781446921798 0.9999817609786987 85
1781446925525 0.9999819993972778 86
1781446929218 0.9999819993972778 87
1781446932594 0.999982476234436 88
1781446935862 0.9999825358390808 89
1781446939066 0.9999827146530151 90
1781446942362 0.9999831914901733 91
1781446945641 0.9999853372573853 92
1781446948843 0.999987006187439 93
1781446952035 0.9999871253967285 94
1781446955338 0.9999871253967285 95
1781446958660 0.9999871253967285 96
1781446962162 0.9999874830245972 97
1781446965727 0.9999878406524658 98
1781446969031 0.9999895095825195 99
1781446972690 0.9999896883964539 100
1781446976385 0.9999897480010986 101
1781446979651 0.9999904632568359 102
1781446982938 0.9999904632568359 103
1781446986006 0.9999905228614807 104
1781446989466 0.9999905228614807 105
1781446992711 0.9999908208847046 106
1781446996146 0.9999917149543762 107
1781446999430 0.9999921917915344 108
1781447002921 0.9999921917915344 109
1781447006149 0.9999921917915344 110
1781447009776 0.9999921917915344 111
1781447013235 0.9999921917915344 112
1781447016386 0.999992311000824 113
1781447020154 0.9999923706054688 114
1781447023806 0.9999934434890747 115
1781447027011 0.999994158744812 116
1781447030341 0.9999952912330627 117
1781447033558 0.9999952912330627 118
1781447036931 0.9999955892562866 119
1781447040441 0.9999955892562866 120
1781447043654 0.9999958276748657 121
1781447047096 0.9999958872795105 122
1781447050550 0.9999958872795105 123
1781447054078 0.9999958872795105 124
1781447057454 0.9999961256980896 125
1781447060678 0.9999962449073792 126
1781447063994 0.999996542930603 127
1781447067559 0.999996542930603 128
1781447070935 0.9999966025352478 129
1781447074367 0.9999966025352478 130
1781447077764 0.9999966025352478 131
1781447081251 0.9999966025352478 132
1781447084598 0.9999966025352478 133
1781447087858 0.9999966025352478 134
1781447091214 0.9999967217445374 135
1781447094748 0.9999967217445374 136
1781447097986 0.9999967813491821 137
1781447101303 0.9999968409538269 138
1781447104828 0.9999968409538269 139
1781447108224 0.999997079372406 140
1781447111397 0.9999975562095642 141
1781447114655 0.9999976754188538 142
1781447117934 0.9999977946281433 143
1781447121294 0.9999982118606567 144
1781447124486 0.9999983310699463 145
1781447127750 0.9999983310699463 146
1781447130902 0.9999983906745911 147
1781447134199 0.9999983906745911 148
1781447137535 0.9999984502792358 149
1781447140744 0.9999984502792358 150
1781447144043 0.9999984502792358 151
1781447147334 0.9999984502792358 152
1781447150486 0.9999985694885254 153
1781447153738 0.9999986886978149 154
1781447157319 0.9999986886978149 155
1781447160823 0.9999987483024597 156
1781447164022 0.9999987483024597 157
1781447167282 0.9999987483024597 158
1781447170550 0.9999987483024597 159
1781447173956 0.9999988079071045 160
1781447177174 0.9999988079071045 161
1781447181067 0.9999988675117493 162
1781447184797 0.9999991655349731 163
1781447188774 0.9999992251396179 164
1781447192295 0.9999992847442627 165
1781447195744 0.9999994039535522 166
1781447199651 0.9999995231628418 167
1781447202940 0.9999997615814209 168
1781447206409 0.9999997615814209 169
1781447209698 0.9999997615814209 170
1781447213147 0.9999997615814209 171
1781447216587 0.9999997615814209 172
1781447219951 0.9999997615814209 173
1781447223318 0.9999997615814209 174
1781447226762 0.9999998211860657 175
1781447230054 0.9999998211860657 176
1781447233315 0.9999998211860657 177
1781447236503 0.9999998211860657 178
1781447240446 0.9999998807907104 179
1781447244035 0.9999998807907104 180
1781447247282 0.9999998807907104 181
1781447250461 0.9999999403953552 182
1781447254027 0.9999999403953552 183
1781447257370 0.9999999403953552 184
1781447260859 0.9999999403953552 185
1781447264342 0.9999999403953552 186
1781447267516 0.9999999403953552 187
1781447270575 0.9999999403953552 188
1781447273875 1.0 189
1781447277279 1.0 190
1781447280867 1.0 191
1781447284274 1.0 192
1781447287627 1.0 193
1781447291027 1.0 194
1781447294274 1.0 195
1781447297446 1.0 196
1781447300713 1.0 197
1781447304031 1.0 198
1781447307373 1.0 199
1781447310607 1.0 200
