1781446644408 5.1880269050598145 1
1781446647560 3.549527645111084 2
1781446650677 3.2368576526641846 3
1781446653957 2.6466846466064453 4
1781446657192 2.4008498191833496 5
1781446660223 2.2672438621520996 6
1781446663409 2.0814671516418457 7
1781446666801 1.997465968132019 8
1781446670173 1.8286046981811523 9
1781446673522 1.726019024848938 10
1781446676837 1.6215065717697144 11
1781446680209 1.5369815826416016 12
1781446683476 1.441417932510376 13
1781446686689 1.4046030044555664 14
1781446689734 1.3150157928466797 15
1781446692997 1.2793469429016113 16
1781446696298 1.2472800016403198 17
1781446699713 1.2165874242782593 18
1781446702997 1.1619030237197876 19
1781446706087 1.1149678230285645 20
1781446709303 1.0983952283859253 21
1781446712895 1.064162015914917 22
1781446716700 1.0413424968719482 23
1781446720086 1.0070743560791016 24
1781446723110 0.9713342785835266 25
1781446726417 0.9414121508598328 26
1781446729693 0.9278753399848938 27
1781446732949 0.9110124111175537 28
1781446736145 0.8951258063316345 29
1781446739288 0.8775714039802551 30
1781446742573 0.8699254393577576 31
1781446745958 0.8672205805778503 32
1781446749504 0.8547161221504211 33
1781446752694 0.8473602533340454 34
1781446755878 0.8405917882919312 35
1781446759005 0.8286665678024292 36
1781446762201 0.8166642189025879 37
1781446765278 0.8098359704017639 38
1781446768341 0.7988762259483337 39
1781446771689 0.7938256859779358 40
1781446775425 0.7844733595848083 41
1781446778354 0.7843356728553772 42
1781446781513 0.7871274352073669 43
1781446784553 0.7765440344810486 44
1781446787770 0.774135410785675 45
1781446791127 0.7657601237297058 46
1781446794318 0.7688106894493103 47
1781446797530 0.7607634663581848 48
1781446800981 0.750033438205719 49
1781446804334 0.7423732876777649 50
1781446807732 0.7343732118606567 51
1781446810684 0.7335785627365112 52
1781446813918 0.7309358716011047 53
1781446817090 0.7249397039413452 54
1781446820625 0.7192226052284241 55
1781446824070 0.7088665962219238 56
1781446827379 0.7058258652687073 57
1781446830823 0.7050607204437256 58
1781446834532 0.702029287815094 59
1781446837449 0.7015821933746338 60
1781446841064 0.6983393430709839 61
1781446844225 0.6905321478843689 62
1781446847426 0.6886594295501709 63
1781446850533 0.6883098483085632 64
1781446853843 0.6874176263809204 65
1781446857247 0.6811471581459045 66
1781446860743 0.6810154914855957 67
1781446864402 0.6788538694381714 68
1781446867840 0.6835029721260071 69
1781446871216 0.6790193319320679 70
1781446874694 0.6742889285087585 71
1781446877810 0.6719541549682617 72
1781446881062 0.6730538010597229 73
1781446884338 0.6744381785392761 74
1781446887811 0.6736512780189514 75
1781446891211 0.6751192212104797 76
1781446894760 0.6736952066421509 77
1781446898122 0.6745300889015198 78
1781446901310 0.6724247932434082 79
1781446904968 0.6703611612319946 80
1781446908132 0.6686291694641113 81
1781446911357 0.667708694934845 82
1781446914653 0.6640098690986633 83
1781446918166 0.6610978841781616 84
1781446921790 0.6612184047698975 85
1781446925517 0.6573657989501953 86
1781446929210 0.6564652323722839 87
1781446932586 0.6558944582939148 88
1781446935854 0.6593117713928223 89
1781446939058 0.6560600996017456 90
1781446942353 0.6536478400230408 91
1781446945633 0.6515445113182068 92
1781446948834 0.6508942246437073 93
1781446952027 0.6485196948051453 94
1781446955330 0.6485707759857178 95
1781446958652 0.6463279724121094 96
1781446962154 0.6453453898429871 97
1781446965718 0.6446068286895752 98
1781446969022 0.6421768665313721 99
1781446972681 0.6413819193840027 100
1781446976377 0.6395876407623291 101
1781446979642 0.6396456360816956 102
1781446982930 0.6376974582672119 103
1781446985997 0.6362015008926392 104
1781446989458 0.6343525648117065 105
1781446992702 0.6335578560829163 106
1781446996138 0.6308639049530029 107
1781446999421 0.6314994096755981 108
1781447002913 0.632319450378418 109
1781447006141 0.6326214075088501 110
1781447009763 0.6304205060005188 111
1781447013226 0.6311770081520081 112
1781447016378 0.6299803853034973 113
1781447020145 0.6276100277900696 114
1781447023798 0.6251111626625061 115
1781447027001 0.6231820583343506 116
1781447030333 0.6226080656051636 117
1781447033550 0.6201242804527283 118
1781447036922 0.6177102327346802 119
1781447040433 0.6156536340713501 120
1781447043646 0.6142333149909973 121
1781447047088 0.6132065057754517 122
1781447050542 0.6117725372314453 123
1781447054070 0.6104960441589355 124
1781447057445 0.608157753944397 125
1781447060669 0.6079766750335693 126
1781447063986 0.6086710691452026 127
1781447067551 0.6057780981063843 128
1781447070927 0.604584813117981 129
1781447074358 0.6036028265953064 130
1781447077744 0.6010490655899048 131
1781447081243 0.5991655588150024 132
1781447084589 0.5959460735321045 133
1781447087850 0.5927360653877258 134
1781447091205 0.5898444652557373 135
1781447094741 0.5876405239105225 136
1781447097977 0.5849775075912476 137
1781447101294 0.5825826525688171 138
1781447104819 0.5800803303718567 139
1781447108216 0.5762419700622559 140
1781447111389 0.5730172991752625 141
1781447114646 0.5691814422607422 142
1781447117926 0.5684130787849426 143
1781447121286 0.562264621257782 144
1781447124478 0.5603582859039307 145
1781447127741 0.5564836263656616 146
1781447130894 0.5538431406021118 147
1781447134192 0.549587070941925 148
1781447137526 0.5462247729301453 149
1781447140702 0.5439886450767517 150
1781447144034 0.5392201542854309 151
1781447147325 0.5356036424636841 152
1781447150478 0.5338358879089355 153
1781447153730 0.5310776829719543 154
1781447157310 0.5266246795654297 155
1781447160814 0.5208718776702881 156
1781447164014 0.5148136615753174 157
1781447167274 0.5108332633972168 158
1781447170542 0.5057398676872253 159
1781447173948 0.5003807544708252 160
1781447177166 0.4961790144443512 161
1781447181059 0.4916907548904419 162
1781447184789 0.48701557517051697 163
1781447188766 0.480304092168808 164
1781447192275 0.47454729676246643 165
1781447195722 0.46843016147613525 166
1781447199627 0.46097028255462646 167
1781447202932 0.4536069631576538 168
1781447206398 0.4469392001628876 169
1781447209690 0.44084715843200684 170
1781447213139 0.43485507369041443 171
1781447216579 0.42839595675468445 172
1781447219943 0.4214613735675812 173
1781447223310 0.41440826654434204 174
1781447226754 0.40667393803596497 175
1781447230046 0.3986174166202545 176
1781447233306 0.39025115966796875 177
1781447236494 0.3821098208427429 178
1781447240438 0.37335070967674255 179
1781447244026 0.3635406494140625 180
1781447247274 0.3531700074672699 181
1781447250453 0.34268152713775635 182
1781447254018 0.3322923481464386 183
1781447257362 0.32186946272850037 184
1781447260839 0.31003981828689575 185
1781447264334 0.298252671957016 186
1781447267509 0.2841551601886749 187
1781447270566 0.27082860469818115 188
1781447273866 0.254862517118454 189
1781447277269 0.240163192152977 190
1781447280858 0.22296014428138733 191
1781447284266 0.20276229083538055 192
1781447287618 0.1827419251203537 193
1781447291019 0.16160054504871368 194
1781447294266 0.1363903284072876 195
1781447297438 0.10620063543319702 196
1781447300706 0.06332332640886307 197
1781447304022 0.04424566775560379 198
1781447307352 0.00032023407402448356 199
1781447310599 0.00032037339406087995 200
