1781446644412 0.7286819219589233 1
1781446647565 0.7591339349746704 2
1781446650682 0.7771925926208496 3
1781446653962 0.7894605398178101 4
1781446657196 0.7993913292884827 5
1781446660227 0.8058012127876282 6
1781446663414 0.8122310042381287 7
1781446666806 0.8176350593566895 8
1781446670178 0.8226365447044373 9
1781446673527 0.8286846876144409 10
1781446676842 0.8332993984222412 11
1781446680214 0.837950587272644 12
1781446683481 0.8408525586128235 13
1781446686693 0.8456690907478333 14
1781446689739 0.848713219165802 15
1781446693002 0.8520527482032776 16
1781446696302 0.8552302718162537 17
1781446699718 0.8582038879394531 18
1781446703002 0.8610449433326721 19
1781446706092 0.8629308938980103 20
1781446709307 0.865784227848053 21
1781446712916 0.8684957027435303 22
1781446716704 0.8713415265083313 23
1781446720090 0.8730085492134094 24
1781446723115 0.8747146725654602 25
1781446726422 0.8764688968658447 26
1781446729698 0.8784992694854736 27
1781446732954 0.8805335760116577 28
1781446736150 0.882078230381012 29
1781446739293 0.883952796459198 30
1781446742577 0.8859102129936218 31
1781446745962 0.8877334594726562 32
1781446749508 0.8895419239997864 33
1781446752698 0.891402006149292 34
1781446755883 0.8929818868637085 35
1781446759010 0.8944463133811951 36
1781446762206 0.8960356712341309 37
1781446765282 0.897661566734314 38
1781446768346 0.8993082642555237 39
1781446771694 0.9008317589759827 40
1781446775444 0.9020361304283142 41
1781446778358 0.9034106731414795 42
1781446781518 0.9047721028327942 43
1781446784558 0.906078577041626 44
1781446787775 0.9076646566390991 45
1781446791132 0.9088869690895081 46
1781446794322 0.9101711511611938 47
1781446797535 0.9114285111427307 48
1781446800986 0.9125712513923645 49
1781446804339 0.9137922525405884 50
1781446807737 0.9148589372634888 51
1781446810688 0.9160177707672119 52
1781446813923 0.9169740080833435 53
1781446817094 0.9181128740310669 54
1781446820630 0.9193183779716492 55
1781446824075 0.9202986359596252 56
1781446827384 0.9212713837623596 57
1781446830828 0.9222601056098938 58
1781446834537 0.9233024716377258 59
1781446837454 0.9241439700126648 60
1781446841068 0.9250528812408447 61
1781446844230 0.9260048866271973 62
1781446847430 0.926913321018219 63
1781446850538 0.9278100728988647 64
1781446853848 0.9287068247795105 65
1781446857268 0.9295881390571594 66
1781446860747 0.9306089878082275 67
1781446864407 0.9314817786216736 68
1781446867844 0.9322789907455444 69
1781446871220 0.9330868721008301 70
1781446874698 0.9339125752449036 71
1781446877814 0.9349430799484253 72
1781446881066 0.9356926679611206 73
1781446884343 0.9364677667617798 74
1781446887832 0.93741774559021 75
1781446891216 0.9382277131080627 76
1781446894764 0.9392350912094116 77
1781446898127 0.9400567412376404 78
1781446901314 0.9408403038978577 79
1781446904973 0.9416002631187439 80
1781446908137 0.9424111843109131 81
1781446911362 0.9431251287460327 82
1781446914658 0.9439446926116943 83
1781446918171 0.944730281829834 84
1781446921795 0.9454653859138489 85
1781446925522 0.9461624622344971 86
1781446929215 0.946837306022644 87
1781446932590 0.9475038051605225 88
1781446935859 0.9481809735298157 89
1781446939063 0.9488378763198853 90
1781446942358 0.9494575262069702 91
1781446945638 0.9501432776451111 92
1781446948839 0.9507742524147034 93
1781446952032 0.9514712691307068 94
1781446955335 0.9521931409835815 95
1781446958656 0.9529459476470947 96
1781446962158 0.9536318778991699 97
1781446965723 0.9543091058731079 98
1781446969027 0.9549205899238586 99
1781446972686 0.9555038213729858 100
1781446976382 0.9561649560928345 101
1781446979647 0.9567446708679199 102
1781446982935 0.9574037194252014 103
1781446986002 0.9580291509628296 104
1781446989463 0.9585740566253662 105
1781446992707 0.9591665863990784 106
1781446996143 0.9597386121749878 107
1781446999426 0.9603273272514343 108
1781447002918 0.9608555436134338 109
1781447006145 0.9614366888999939 110
1781447009773 0.9619854688644409 111
1781447013231 0.9624778628349304 112
1781447016383 0.9630288481712341 113
1781447020150 0.9635450839996338 114
1781447023803 0.9640873074531555 115
1781447027007 0.9646357893943787 116
1781447030338 0.9652053713798523 117
1781447033554 0.9657292366027832 118
1781447036927 0.9662535190582275 119
1781447040438 0.9668031334877014 120
1781447043651 0.9673206210136414 121
1781447047093 0.967812716960907 122
1781447050547 0.9682611227035522 123
1781447054075 0.9687578082084656 124
1781447057450 0.9692336320877075 125
1781447060674 0.969697892665863 126
1781447063991 0.9702001810073853 127
1781447067555 0.9707902669906616 128
1781447070932 0.9712538123130798 129
1781447074363 0.9717319011688232 130
1781447077760 0.9722303152084351 131
1781447081247 0.972669780254364 132
1781447084594 0.9731197357177734 133
1781447087855 0.9735998511314392 134
1781447091210 0.9740806818008423 135
1781447094745 0.9745708703994751 136
1781447097982 0.9750238060951233 137
1781447101299 0.9754862785339355 138
1781447104825 0.9759008288383484 139
1781447108220 0.9763246178627014 140
1781447111393 0.9767303466796875 141
1781447114651 0.9771934747695923 142
1781447117931 0.9775845408439636 143
1781447121291 0.9780185222625732 144
1781447124482 0.9784570932388306 145
1781447127746 0.9788395762443542 146
1781447130899 0.9792705774307251 147
1781447134196 0.9797168970108032 148
1781447137531 0.9801191687583923 149
1781447140720 0.9805264472961426 150
1781447144039 0.9809544086456299 151
1781447147330 0.9813376665115356 152
1781447150482 0.9817185997962952 153
1781447153735 0.982164740562439 154
1781447157314 0.9825553894042969 155
1781447160819 0.983014702796936 156
1781447164019 0.9835050106048584 157
1781447167278 0.9838924407958984 158
1781447170546 0.9842965602874756 159
1781447173953 0.9847403168678284 160
1781447177171 0.9851389527320862 161
1781447181064 0.985534131526947 162
1781447184793 0.9858601093292236 163
1781447188771 0.9862463474273682 164
1781447192292 0.9866783618927002 165
1781447195735 0.9870826601982117 166
1781447199648 0.9874448180198669 167
1781447202937 0.9878404140472412 168
1781447206405 0.9882571697235107 169
1781447209695 0.9886605143547058 170
1781447213143 0.9890367984771729 171
1781447216583 0.9894601702690125 172
1781447219947 0.9898171424865723 173
1781447223315 0.9901851415634155 174
1781447226758 0.9906172752380371 175
1781447230050 0.9910107254981995 176
1781447233311 0.9914592504501343 177
1781447236499 0.991838276386261 178
1781447240442 0.9921733736991882 179
1781447244031 0.9925166368484497 180
1781447247279 0.9928747415542603 181
1781447250458 0.9932927489280701 182
1781447254023 0.9936535358428955 183
1781447257367 0.9940575361251831 184
1781447260856 0.9944701194763184 185
1781447264339 0.994799017906189 186
1781447267513 0.9951908588409424 187
1781447270571 0.9955694675445557 188
1781447273871 0.9960144758224487 189
1781447277275 0.9963815212249756 190
1781447280863 0.9967447519302368 191
1781447284270 0.9972484111785889 192
1781447287623 0.9977823495864868 193
1781447291024 0.9982436895370483 194
1781447294271 0.9987621307373047 195
1781447297442 0.999319314956665 196
1781447300710 0.9997537136077881 197
1781447304027 0.9998324513435364 198
1781447307365 1.0 199
1781447310603 1.0 200
