1781446644406 15.469903945922852 1
1781446647558 14.575675964355469 2
1781446650675 13.92774772644043 3
1781446653955 13.50263500213623 4
1781446657190 13.226739883422852 5
1781446660221 13.191347122192383 6
1781446663407 12.93011474609375 7
1781446666799 12.737342834472656 8
1781446670171 12.573444366455078 9
1781446673520 12.382253646850586 10
1781446676835 12.300107955932617 11
1781446680207 12.146267890930176 12
1781446683474 12.046091079711914 13
1781446686686 11.963942527770996 14
1781446689732 11.846437454223633 15
1781446692995 11.759013175964355 16
1781446696295 11.61017894744873 17
1781446699711 11.51503849029541 18
1781446702995 11.346604347229004 19
1781446706085 11.265331268310547 20
1781446709301 11.163159370422363 21
1781446712893 11.138335227966309 22
1781446716698 10.953407287597656 23
1781446720083 10.903465270996094 24
1781446723108 10.653166770935059 25
1781446726415 10.585485458374023 26
1781446729691 10.58098316192627 27
1781446732947 10.507354736328125 28
1781446736143 10.37131118774414 29
1781446739286 10.2379789352417 30
1781446742570 10.114436149597168 31
1781446745955 10.052543640136719 32
1781446749501 9.944433212280273 33
1781446752691 9.772676467895508 34
1781446755875 9.674491882324219 35
1781446759002 9.660285949707031 36
1781446762198 9.620153427124023 37
1781446765275 9.527677536010742 38
1781446768339 9.46042251586914 39
1781446771687 9.392193794250488 40
1781446775422 9.311962127685547 41
1781446778351 9.283830642700195 42
1781446781511 9.199828147888184 43
1781446784551 9.117680549621582 44
1781446787767 9.052743911743164 45
1781446791123 8.979263305664062 46
1781446794315 8.793895721435547 47
1781446797527 8.765809059143066 48
1781446800979 8.720243453979492 49
1781446804332 8.64234733581543 50
1781446807730 8.5912504196167 51
1781446810681 8.48675537109375 52
1781446813915 8.481555938720703 53
1781446817087 8.402767181396484 54
1781446820623 8.330196380615234 55
1781446824068 8.287280082702637 56
1781446827377 8.238122940063477 57
1781446830821 8.129034042358398 58
1781446834530 8.070952415466309 59
1781446837447 7.957475662231445 60
1781446841061 7.935914039611816 61
1781446844223 7.884469032287598 62
1781446847423 7.838008403778076 63
1781446850531 7.775249481201172 64
1781446853841 7.747526168823242 65
1781446857245 7.691919326782227 66
1781446860740 7.641751289367676 67
1781446864399 7.563773155212402 68
1781446867838 7.540876388549805 69
1781446871213 7.504697799682617 70
1781446874691 7.414373397827148 71
1781446877807 7.368146896362305 72
1781446881059 7.303257465362549 73
1781446884336 7.21505880355835 74
1781446887809 7.148585796356201 75
1781446891207 7.104348182678223 76
1781446894758 7.021854400634766 77
1781446898119 7.004236698150635 78
1781446901307 6.926435947418213 79
1781446904966 6.918002128601074 80
1781446908130 6.853758811950684 81
1781446911355 6.830466270446777 82
1781446914651 6.763791084289551 83
1781446918163 6.692066192626953 84
1781446921787 6.622486114501953 85
1781446925515 6.565267086029053 86
1781446929207 6.474814414978027 87
1781446932583 6.430622100830078 88
1781446935851 6.390954494476318 89
1781446939056 6.3408308029174805 90
1781446942351 6.287879943847656 91
1781446945631 6.221007347106934 92
1781446948832 6.134629249572754 93
1781446952025 6.028908729553223 94
1781446955328 5.986698150634766 95
1781446958650 5.959927558898926 96
1781446962151 5.9389448165893555 97
1781446965716 5.929933547973633 98
1781446969020 5.858546257019043 99
1781446972679 5.8258957862854 100
1781446976375 5.7874555587768555 101
1781446979640 5.765072822570801 102
1781446982928 5.722171783447266 103
1781446985995 5.648241996765137 104
1781446989455 5.593294143676758 105
1781446992700 5.58580207824707 106
1781446996136 5.492938995361328 107
1781446999419 5.472331523895264 108
1781447002911 5.4639410972595215 109
1781447006138 5.4289231300354 110
1781447009761 5.350669860839844 111
1781447013224 5.337563514709473 112
1781447016376 5.301495552062988 113
1781447020143 5.248083114624023 114
1781447023796 5.129106044769287 115
1781447026999 5.0786261558532715 116
1781447030330 4.994076728820801 117
1781447033547 4.977699279785156 118
1781447036920 4.906058311462402 119
1781447040431 4.831787109375 120
1781447043644 4.723163604736328 121
1781447047086 4.662961959838867 122
1781447050540 4.55839729309082 123
1781447054068 4.463545799255371 124
1781447057443 4.379227638244629 125
1781447060667 4.354030132293701 126
1781447063984 4.22804594039917 127
1781447067548 4.209466934204102 128
1781447070924 4.1249799728393555 129
1781447074356 4.048598289489746 130
1781447077741 3.9578845500946045 131
1781447081240 3.8342626094818115 132
1781447084587 3.7482962608337402 133
1781447087848 3.605114698410034 134
1781447091203 3.4324352741241455 135
1781447094739 3.3233351707458496 136
1781447097975 3.2540395259857178 137
1781447101292 3.204899787902832 138
1781447104816 3.1821255683898926 139
1781447108214 3.1622650623321533 140
1781447111386 3.006192684173584 141
1781447114643 3.003472089767456 142
1781447117924 2.9557838439941406 143
1781447121284 2.9225611686706543 144
1781447124475 2.8964295387268066 145
1781447127739 2.775224447250366 146
1781447130892 2.7303943634033203 147
1781447134190 2.656135082244873 148
1781447137524 2.5245654582977295 149
1781447140688 2.4483535289764404 150
1781447144032 2.4441380500793457 151
1781447147323 2.2569074630737305 152
1781447150475 2.1818745136260986 153
1781447153728 2.0856974124908447 154
1781447157307 2.0280776023864746 155
1781447160812 1.9820142984390259 156
1781447164012 1.8734123706817627 157
1781447167271 1.7862752676010132 158
1781447170539 1.6958591938018799 159
1781447173946 1.6391123533248901 160
1781447177164 1.5321557521820068 161
1781447181057 1.4974730014801025 162
1781447184786 1.42951238155365 163
1781447188764 1.3650115728378296 164
1781447192273 1.2911100387573242 165
1781447195720 1.2719157934188843 166
1781447199625 1.229070782661438 167
1781447202930 1.178798794746399 168
1781447206380 1.1290345191955566 169
1781447209687 1.0716087818145752 170
1781447213136 1.0192984342575073 171
1781447216576 1.013575792312622 172
1781447219940 0.9760591983795166 173
1781447223308 0.9231743812561035 174
1781447226751 0.8561628460884094 175
1781447230043 0.7951672077178955 176
1781447233304 0.7749495506286621 177
1781447236492 0.7399388551712036 178
1781447240435 0.7224706411361694 179
1781447244024 0.6629297733306885 180
1781447247272 0.6260485649108887 181
1781447250451 0.5580439567565918 182
1781447254016 0.5225316286087036 183
1781447257360 0.48684608936309814 184
1781447260837 0.4623894691467285 185
1781447264331 0.40891438722610474 186
1781447267506 0.376792311668396 187
1781447270564 0.3374037742614746 188
1781447273864 0.3053893744945526 189
1781447277267 0.277987003326416 190
1781447280856 0.25725555419921875 191
1781447284263 0.21207939088344574 192
1781447287616 0.18576717376708984 193
1781447291017 0.1422346532344818 194
1781447294264 0.11262832581996918 195
1781447297435 0.06940972805023193 196
1781447300703 0.027537841349840164 197
1781447304020 0.015141688287258148 198
1781447307350 0.0006695255869999528 199
1781447310596 0.0006646437104791403 200
