1781446644407 7.226185321807861 1
1781446647559 6.272862434387207 2
1781446650676 5.939061164855957 3
1781446653956 5.508588790893555 4
1781446657191 5.305042266845703 5
1781446660222 5.173581123352051 6
1781446663408 5.013877868652344 7
1781446666800 4.912591934204102 8
1781446670172 4.751862049102783 9
1781446673521 4.628986358642578 10
1781446676836 4.542886734008789 11
1781446680208 4.462860584259033 12
1781446683475 4.39683723449707 13
1781446686687 4.338498592376709 14
1781446689733 4.221829414367676 15
1781446692996 4.150400638580322 16
1781446696296 4.0607476234436035 17
1781446699712 4.009779453277588 18
1781446702996 3.9551565647125244 19
1781446706086 3.9077587127685547 20
1781446709302 3.8465828895568848 21
1781446712894 3.795722246170044 22
1781446716699 3.752624750137329 23
1781446720084 3.695173978805542 24
1781446723109 3.633629083633423 25
1781446726416 3.581446647644043 26
1781446729692 3.5373358726501465 27
1781446732948 3.491401433944702 28
1781446736144 3.4516124725341797 29
1781446739287 3.4190022945404053 30
1781446742571 3.38484263420105 31
1781446745956 3.341456651687622 32
1781446749503 3.3016326427459717 33
1781446752692 3.2600257396698 34
1781446755877 3.223795175552368 35
1781446759003 3.1908769607543945 36
1781446762200 3.1603691577911377 37
1781446765276 3.1266181468963623 38
1781446768340 3.0975844860076904 39
1781446771688 3.0692930221557617 40
1781446775424 3.035120964050293 41
1781446778352 3.0047316551208496 42
1781446781512 2.974949836730957 43
1781446784552 2.9418065547943115 44
1781446787769 2.9099862575531006 45
1781446791125 2.8832638263702393 46
1781446794316 2.8512754440307617 47
1781446797529 2.8265388011932373 48
1781446800980 2.79682993888855 49
1781446804333 2.7697649002075195 50
1781446807731 2.7438573837280273 51
1781446810683 2.716616153717041 52
1781446813916 2.686877489089966 53
1781446817088 2.6631155014038086 54
1781446820624 2.6368415355682373 55
1781446824069 2.604670524597168 56
1781446827378 2.5752859115600586 57
1781446830822 2.5514109134674072 58
1781446834531 2.5269997119903564 59
1781446837448 2.502699136734009 60
1781446841063 2.4799399375915527 61
1781446844224 2.4546501636505127 62
1781446847424 2.4286630153656006 63
1781446850532 2.4029018878936768 64
1781446853842 2.3783347606658936 65
1781446857246 2.359231472015381 66
1781446860742 2.338158369064331 67
1781446864401 2.310025691986084 68
1781446867839 2.2862181663513184 69
1781446871214 2.2623581886291504 70
1781446874692 2.240185499191284 71
1781446877808 2.222177028656006 72
1781446881061 2.198674440383911 73
1781446884337 2.1751930713653564 74
1781446887810 2.1544151306152344 75
1781446891208 2.1361753940582275 76
1781446894759 2.1184298992156982 77
1781446898121 2.098914623260498 78
1781446901309 2.078556537628174 79
1781446904967 2.056112051010132 80
1781446908131 2.0392184257507324 81
1781446911356 2.0213210582733154 82
1781446914652 2.005547523498535 83
1781446918165 1.9867804050445557 84
1781446921789 1.9664969444274902 85
1781446925516 1.950624704360962 86
1781446929209 1.9325228929519653 87
1781446932585 1.9135204553604126 88
1781446935853 1.8944238424301147 89
1781446939057 1.8773046731948853 90
1781446942352 1.8583117723464966 91
1781446945632 1.8412539958953857 92
1781446948833 1.8237452507019043 93
1781446952026 1.8051691055297852 94
1781446955329 1.7872318029403687 95
1781446958651 1.7706784009933472 96
1781446962153 1.7537224292755127 97
1781446965717 1.7368313074111938 98
1781446969021 1.7193127870559692 99
1781446972680 1.7009097337722778 100
1781446976376 1.6839165687561035 101
1781446979641 1.6626986265182495 102
1781446982929 1.6443616151809692 103
1781446985996 1.6280758380889893 104
1781446989457 1.610546588897705 105
1781446992701 1.5929460525512695 106
1781446996137 1.5759958028793335 107
1781446999420 1.5583257675170898 108
1781447002912 1.5408481359481812 109
1781447006140 1.521398901939392 110
1781447009762 1.5051007270812988 111
1781447013225 1.4878685474395752 112
1781447016377 1.4705044031143188 113
1781447020144 1.4544955492019653 114
1781447023797 1.4392679929733276 115
1781447027000 1.4242990016937256 116
1781447030332 1.4059295654296875 117
1781447033549 1.3909374475479126 118
1781447036921 1.3758736848831177 119
1781447040432 1.3612288236618042 120
1781447043645 1.3415981531143188 121
1781447047087 1.3251222372055054 122
1781447050541 1.3093321323394775 123
1781447054069 1.29338800907135 124
1781447057444 1.2791038751602173 125
1781447060668 1.2623766660690308 126
1781447063985 1.2459537982940674 127
1781447067549 1.231622338294983 128
1781447070926 1.2147164344787598 129
1781447074357 1.1975897550582886 130
1781447077743 1.182614803314209 131
1781447081241 1.1659533977508545 132
1781447084588 1.1501809358596802 133
1781447087849 1.134819507598877 134
1781447091204 1.119231939315796 135
1781447094740 1.1031032800674438 136
1781447097976 1.087693691253662 137
1781447101293 1.073438286781311 138
1781447104817 1.0562636852264404 139
1781447108215 1.0392528772354126 140
1781447111387 1.023503065109253 141
1781447114645 1.0074903964996338 142
1781447117925 0.9908645749092102 143
1781447121285 0.9756958484649658 144
1781447124476 0.9568642377853394 145
1781447127740 0.9392741322517395 146
1781447130893 0.9211573600769043 147
1781447134191 0.9054262042045593 148
1781447137525 0.8887226581573486 149
1781447140701 0.8688229322433472 150
1781447144033 0.8543000817298889 151
1781447147324 0.8373303413391113 152
1781447150476 0.8185056447982788 153
1781447153729 0.8003122210502625 154
1781447157308 0.784437358379364 155
1781447160813 0.770231306552887 156
1781447164013 0.7555226683616638 157
1781447167272 0.7380251288414001 158
1781447170540 0.7221888899803162 159
1781447173947 0.7056039571762085 160
1781447177165 0.6889451742172241 161
1781447181058 0.673685610294342 162
1781447184787 0.6573793888092041 163
1781447188765 0.6418637633323669 164
1781447192274 0.6268004179000854 165
1781447195721 0.6083369255065918 166
1781447199626 0.586714506149292 167
1781447202931 0.5669153332710266 168
1781447206381 0.5511656999588013 169
1781447209689 0.5357047915458679 170
1781447213138 0.5181882977485657 171
1781447216577 0.5016305446624756 172
1781447219942 0.4860749840736389 173
1781447223309 0.4685204327106476 174
1781447226752 0.45348483324050903 175
1781447230044 0.43770095705986023 176
1781447233305 0.4227742850780487 177
1781447236493 0.406691312789917 178
1781447240436 0.3912079334259033 179
1781447244025 0.3703349828720093 180
1781447247273 0.3481157720088959 181
1781447250452 0.330158531665802 182
1781447254017 0.31200599670410156 183
1781447257361 0.2946091294288635 184
1781447260838 0.2770177125930786 185
1781447264333 0.2551974952220917 186
1781447267508 0.23657628893852234 187
1781447270565 0.2151925265789032 188
1781447273865 0.1984701156616211 189
1781447277268 0.17435626685619354 190
1781447280857 0.15365290641784668 191
1781447284264 0.13350720703601837 192
1781447287617 0.11597249656915665 193
1781447291018 0.09436216205358505 194
1781447294265 0.07171455025672913 195
1781447297436 0.046292487531900406 196
1781447300704 0.01586894690990448 197
1781447304021 0.008838572539389133 198
1781447307351 0.0003153559810016304 199
1781447310597 0.0003152180870529264 200
