1781446644402 18.934215545654297 1
1781446647553 17.423738479614258 2
1781446650670 16.657560348510742 3
1781446653950 15.95117473602295 4
1781446657185 15.468079566955566 5
1781446660217 15.075552940368652 6
1781446663402 14.697325706481934 7
1781446666794 14.380805969238281 8
1781446670166 14.078200340270996 9
1781446673515 13.769867897033691 10
1781446676830 13.507599830627441 11
1781446680202 13.223249435424805 12
1781446683469 13.019733428955078 13
1781446686681 12.792425155639648 14
1781446689727 12.583083152770996 15
1781446692990 12.375370979309082 16
1781446696290 12.176002502441406 17
1781446699706 12.009525299072266 18
1781446702990 11.849370002746582 19
1781446706079 11.699206352233887 20
1781446709297 11.53089714050293 21
1781446712889 11.368638038635254 22
1781446716677 11.216142654418945 23
1781446720078 11.067573547363281 24
1781446723103 10.91797161102295 25
1781446726410 10.777177810668945 26
1781446729686 10.637909889221191 27
1781446732942 10.502625465393066 28
1781446736138 10.379446983337402 29
1781446739281 10.263296127319336 30
1781446742565 10.138175964355469 31
1781446745950 10.00640869140625 32
1781446749496 9.890573501586914 33
1781446752684 9.772492408752441 34
1781446755871 9.65396499633789 35
1781446758997 9.545734405517578 36
1781446762194 9.445171356201172 37
1781446765270 9.338787078857422 38
1781446768334 9.242030143737793 39
1781446771682 9.147185325622559 40
1781446775417 9.052377700805664 41
1781446778346 8.95225715637207 42
1781446781506 8.850290298461914 43
1781446784546 8.759661674499512 44
1781446787763 8.666670799255371 45
1781446791119 8.578303337097168 46
1781446794310 8.481711387634277 47
1781446797523 8.396673202514648 48
1781446800974 8.310493469238281 49
1781446804327 8.227657318115234 50
1781446807726 8.143667221069336 51
1781446810677 8.059979438781738 52
1781446813910 7.972812652587891 53
1781446817082 7.894106388092041 54
1781446820618 7.81419563293457 55
1781446824063 7.73524284362793 56
1781446827372 7.6564483642578125 57
1781446830801 7.578133583068848 58
1781446834525 7.502114295959473 59
1781446837442 7.425506114959717 60
1781446841057 7.354636192321777 61
1781446844218 7.286001682281494 62
1781446847418 7.2132062911987305 63
1781446850526 7.141838550567627 64
1781446853836 7.0696306228637695 65
1781446857241 7.004076957702637 66
1781446860735 6.935873985290527 67
1781446864395 6.866687774658203 68
1781446867833 6.795150279998779 69
1781446871208 6.73013162612915 70
1781446874686 6.664992809295654 71
1781446877802 6.602148056030273 72
1781446881055 6.5360426902771 73
1781446884331 6.46981954574585 74
1781446887805 6.407761096954346 75
1781446891202 6.347552299499512 76
1781446894753 6.28746223449707 77
1781446898115 6.225406646728516 78
1781446901303 6.166898250579834 79
1781446904961 6.107189178466797 80
1781446908126 6.049976825714111 81
1781446911350 5.992802619934082 82
1781446914647 5.939396858215332 83
1781446918159 5.884584903717041 84
1781446921783 5.827024936676025 85
1781446925510 5.773164749145508 86
1781446929203 5.716347694396973 87
1781446932579 5.659404277801514 88
1781446935847 5.599975109100342 89
1781446939051 5.546595573425293 90
1781446942346 5.493373394012451 91
1781446945626 5.440277099609375 92
1781446948827 5.3864240646362305 93
1781446952020 5.333773136138916 94
1781446955323 5.279582500457764 95
1781446958645 5.228963851928711 96
1781446962147 5.176292896270752 97
1781446965711 5.12307596206665 98
1781446969014 5.07026481628418 99
1781446972674 5.017078399658203 100
1781446976370 4.966070652008057 101
1781446979635 4.912604808807373 102
1781446982923 4.86257791519165 103
1781446985990 4.8119072914123535 104
1781446989451 4.760962009429932 105
1781446992695 4.708925247192383 106
1781446996131 4.660048007965088 107
1781446999414 4.6076860427856445 108
1781447002906 4.556704521179199 109
1781447006134 4.504848003387451 110
1781447009757 4.456953048706055 111
1781447013219 4.40528678894043 112
1781447016371 4.356244087219238 113
1781447020138 4.308078765869141 114
1781447023791 4.260517120361328 115
1781447026994 4.213022232055664 116
1781447030326 4.162413120269775 117
1781447033543 4.115535736083984 118
1781447036915 4.0696234703063965 119
1781447040426 4.022756576538086 120
1781447043639 3.97294282913208 121
1781447047082 3.923569440841675 122
1781447050535 3.87502384185791 123
1781447054063 3.826890230178833 124
1781447057438 3.7804205417633057 125
1781447060662 3.7310614585876465 126
1781447063979 3.680802583694458 127
1781447067543 3.635650396347046 128
1781447070920 3.5881435871124268 129
1781447074351 3.5383975505828857 130
1781447077737 3.4926376342773438 131
1781447081235 3.445341110229492 132
1781447084582 3.398702621459961 133
1781447087843 3.352569818496704 134
1781447091198 3.305777072906494 135
1781447094734 3.2579827308654785 136
1781447097970 3.211160659790039 137
1781447101287 3.1654891967773438 138
1781447104810 3.117894172668457 139
1781447108210 3.071624755859375 140
1781447111382 3.025083541870117 141
1781447114639 2.9794504642486572 142
1781447117919 2.9296839237213135 143
1781447121279 2.885928153991699 144
1781447124471 2.8352248668670654 145
1781447127734 2.787172555923462 146
1781447130887 2.739955186843872 147
1781447134185 2.6943984031677246 148
1781447137519 2.6466565132141113 149
1781447140683 2.5955166816711426 150
1781447144027 2.5520718097686768 151
1781447147318 2.504765272140503 152
1781447150470 2.4535436630249023 153
1781447153723 2.4026553630828857 154
1781447157302 2.356583595275879 155
1781447160807 2.3131914138793945 156
1781447164007 2.269639253616333 157
1781447167266 2.220662832260132 158
1781447170534 2.1732895374298096 159
1781447173941 2.1244916915893555 160
1781447177159 2.075364351272583 161
1781447181045 2.027907133102417 162
1781447184782 1.9780378341674805 163
1781447188759 1.932784914970398 164
1781447192269 1.885951280593872 165
1781447195715 1.8366378545761108 166
1781447199621 1.7860571146011353 167
1781447202926 1.7359353303909302 168
1781447206375 1.689516305923462 169
1781447209682 1.6420079469680786 170
1781447213132 1.5914424657821655 171
1781447216571 1.5424911975860596 172
1781447219935 1.4945350885391235 173
1781447223303 1.4434422254562378 174
1781447226747 1.3967443704605103 175
1781447230039 1.3481650352478027 176
1781447233299 1.3006927967071533 177
1781447236487 1.2509599924087524 178
1781447240430 1.2031702995300293 179
1781447244019 1.1497142314910889 180
1781447247267 1.093909740447998 181
1781447250446 1.0410476922988892 182
1781447254011 0.9862911701202393 183
1781447257355 0.931872546672821 184
1781447260833 0.8780526518821716 185
1781447264326 0.8169994950294495 186
1781447267501 0.7614138126373291 187
1781447270559 0.6990318298339844 188
1781447273859 0.648088276386261 189
1781447277246 0.5798892378807068 190
1781447280851 0.5180503726005554 191
1781447284258 0.45758256316185 192
1781447287611 0.4015708863735199 193
1781447291012 0.3341600000858307 194
1781447294259 0.26257702708244324 195
1781447297430 0.18109411001205444 196
1781447300699 0.0902993381023407 197
1781447304015 0.05119580402970314 198
1781447307345 0.0010514355963096023 199
1781447310592 0.0010472394060343504 200
