1781446644400 239.31793212890625 1
1781446647552 212.4503936767578 2
1781446650668 193.98226928710938 3
1781446653948 182.3211669921875 4
1781446657184 174.9471435546875 5
1781446660215 174.0129852294922 6
1781446663401 167.1878662109375 7
1781446666793 162.24664306640625 8
1781446670164 158.09454345703125 9
1781446673514 153.3204345703125 10
1781446676829 151.29312133789062 11
1781446680201 147.53463745117188 12
1781446683468 145.1083221435547 13
1781446686680 143.13638305664062 14
1781446689725 140.338134765625 15
1781446692989 138.27447509765625 16
1781446696289 134.796630859375 17
1781446699705 132.59637451171875 18
1781446702989 128.74624633789062 19
1781446706077 126.90776062011719 20
1781446709296 124.61642456054688 21
1781446712888 124.06253051757812 22
1781446716676 119.9780044555664 23
1781446720077 118.88594055175781 24
1781446723102 113.49348449707031 25
1781446726409 112.05274963378906 26
1781446729685 111.95760345458984 27
1781446732941 110.40455627441406 28
1781446736137 107.564697265625 29
1781446739280 104.81651306152344 30
1781446742564 102.30196380615234 31
1781446745949 101.05386352539062 32
1781446749493 98.89315795898438 33
1781446752683 95.50541687011719 34
1781446755869 93.59613037109375 35
1781446758996 93.3211441040039 36
1781446762192 92.54740142822266 37
1781446765269 90.77729797363281 38
1781446768333 89.49961853027344 39
1781446771681 88.21331787109375 40
1781446775416 86.71266174316406 41
1781446778345 86.18952941894531 42
1781446781505 84.63690185546875 43
1781446784545 83.13225555419922 44
1781446787761 81.9537353515625 45
1781446791117 80.62733459472656 46
1781446794309 77.33275604248047 47
1781446797521 76.83943176269531 48
1781446800973 76.04278564453125 49
1781446804325 74.69029235839844 50
1781446807725 73.81036376953125 51
1781446810676 72.02516174316406 52
1781446813909 71.9370346069336 53
1781446817081 70.60665893554688 54
1781446820617 69.39218139648438 55
1781446824062 68.67902374267578 56
1781446827371 67.86668395996094 57
1781446830800 66.08123779296875 58
1781446834524 65.14047241210938 59
1781446837441 63.321537017822266 60
1781446841056 62.97873306274414 61
1781446844217 62.16493225097656 62
1781446847417 61.43437576293945 63
1781446850525 60.454524993896484 64
1781446853835 60.02442169189453 65
1781446857240 59.16574478149414 66
1781446860734 58.39672088623047 67
1781446864393 57.21067810058594 68
1781446867832 56.86482238769531 69
1781446871207 56.320648193359375 70
1781446874685 54.97294235229492 71
1781446877801 54.28961944580078 72
1781446881053 53.33762741088867 73
1781446884330 52.05722427368164 74
1781446887804 51.102394104003906 75
1781446891201 50.47209930419922 76
1781446894752 49.30644226074219 77
1781446898113 49.059349060058594 78
1781446901301 47.97557067871094 79
1781446904960 47.8587646484375 80
1781446908124 46.97425842285156 81
1781446911349 46.655296325683594 82
1781446914645 45.7489128112793 83
1781446918157 44.784828186035156 84
1781446921781 43.857357025146484 85
1781446925509 43.10273742675781 86
1781446929201 41.9232177734375 87
1781446932577 41.35289764404297 88
1781446935845 40.84429931640625 89
1781446939049 40.206207275390625 90
1781446942345 39.53742980957031 91
1781446945625 38.70317077636719 92
1781446948826 37.63457107543945 93
1781446952019 36.348106384277344 94
1781446955321 35.8409538269043 95
1781446958644 35.520774841308594 96
1781446962145 35.271217346191406 97
1781446965710 35.16413116455078 98
1781446969013 34.3228874206543 99
1781446972673 33.941253662109375 100
1781446976369 33.49464416503906 101
1781446979634 33.23617172241211 102
1781446982921 32.74333953857422 103
1781446985989 31.902652740478516 104
1781446989449 31.285240173339844 105
1781446992694 31.20155143737793 106
1781446996129 30.172388076782227 107
1781446999413 29.94643211364746 108
1781447002905 29.854652404785156 109
1781447006132 29.473207473754883 110
1781447009756 28.629789352416992 111
1781447013218 28.489585876464844 112
1781447016370 28.10623550415039 113
1781447020137 27.54237937927246 114
1781447023789 26.3077392578125 115
1781447026993 25.792444229125977 116
1781447030324 24.940807342529297 117
1781447033541 24.777488708496094 118
1781447036914 24.069416046142578 119
1781447040425 23.346309661865234 120
1781447043638 22.308483123779297 121
1781447047081 21.743318557739258 122
1781447050533 20.781044006347656 123
1781447054061 19.92350196838379 124
1781447057437 19.1777286529541 125
1781447060661 18.95758056640625 126
1781447063977 17.87639617919922 127
1781447067542 17.719621658325195 128
1781447070918 17.0156307220459 129
1781447074350 16.39126205444336 130
1781447077736 15.665144920349121 131
1781447081234 14.701884269714355 132
1781447084581 14.04997730255127 133
1781447087842 12.997142791748047 134
1781447091197 11.78170108795166 135
1781447094733 11.045848846435547 136
1781447097969 10.589523315429688 137
1781447101286 10.271753311157227 138
1781447104809 10.127617835998535 139
1781447108208 10.000658988952637 140
1781447111380 9.037206649780273 141
1781447114637 9.020881652832031 142
1781447117917 8.736893653869629 143
1781447121278 8.541364669799805 144
1781447124469 8.389385223388672 145
1781447127733 7.702022552490234 146
1781447130886 7.455375671386719 147
1781447134184 7.055206775665283 148
1781447137518 6.3734331130981445 149
1781447140682 5.995613098144531 150
1781447144026 5.975017547607422 151
1781447147317 5.093631744384766 152
1781447150469 4.760910987854004 153
1781447153721 4.350786209106445 154
1781447157301 4.115161418914795 155
1781447160806 3.9283809661865234 156
1781447164005 3.509674072265625 157
1781447167265 3.1921546459198 158
1781447170533 2.8769614696502686 159
1781447173940 2.686756134033203 160
1781447177158 2.3475921154022217 161
1781447181044 2.2424566745758057 162
1781447184780 2.0435233116149902 163
1781447188757 1.8633089065551758 164
1781447192268 1.6669666767120361 165
1781447195714 1.6178710460662842 166
1781447199620 1.5111908912658691 167
1781447202925 1.3895692825317383 168
1781447206374 1.2747219800949097 169
1781447209681 1.148458480834961 170
1781447213130 1.039005160331726 171
1781447216570 1.027353286743164 172
1781447219934 0.9527060389518738 173
1781447223301 0.8523337841033936 174
1781447226746 0.7330434322357178 175
1781447230038 0.6322910189628601 176
1781447233297 0.600549578666687 177
1781447236485 0.5475914478302002 178
1781447240429 0.5220112204551697 179
1781447244018 0.439479798078537 180
1781447247265 0.39197155833244324 181
1781447250445 0.31144529581069946 182
1781447254010 0.273043692111969 183
1781447257354 0.2370195984840393 184
1781447260832 0.21380409598350525 185
1781447264325 0.16721656918525696 186
1781447267495 0.14198032021522522 187
1781447270558 0.1138475313782692 188
1781447273858 0.09326903522014618 189
1781447277245 0.07728764414787292 190
1781447280850 0.06618048250675201 191
1781447284257 0.04498233646154404 192
1781447287610 0.034509703516960144 193
1781447291010 0.020232968032360077 194
1781447294258 0.01268514059484005 195
1781447297429 0.0048179542645812035 196
1781447300698 0.0007583468686789274 197
1781447304014 0.0002292886929353699 198
1781447307344 4.4827004330727505e-07 199
1781447310590 4.4175328639539657e-07 200
