1781446644410 38.406028747558594 1
1781446647563 24.798721313476562 2
1781446650680 21.72344207763672 3
1781446653959 16.463760375976562 4
1781446657194 15.593505859375 5
1781446660225 15.591172218322754 6
1781446663411 13.873071670532227 7
1781446666803 13.89702320098877 8
1781446670176 12.85816764831543 9
1781446673524 11.707530975341797 10
1781446676839 10.634998321533203 11
1781446680211 9.960591316223145 12
1781446683479 9.698225021362305 13
1781446686691 9.66176986694336 14
1781446689736 8.382319450378418 15
1781446693000 8.380940437316895 16
1781446696300 8.358053207397461 17
1781446699716 7.813982963562012 18
1781446703000 7.380293369293213 19
1781446706089 6.889386177062988 20
1781446709305 6.898189544677734 21
1781446712913 6.894739151000977 22
1781446716702 6.841753005981445 23
1781446720088 6.378769397735596 24
1781446723113 6.084476947784424 25
1781446726420 5.936662673950195 26
1781446729696 5.907842636108398 27
1781446732952 5.801301002502441 28
1781446736148 5.791501045227051 29
1781446739291 5.766681671142578 30
1781446742575 5.76171875 31
1781446745960 5.755200386047363 32
1781446749506 5.737700462341309 33
1781446752696 5.5377655029296875 34
1781446755880 5.509544372558594 35
1781446759007 5.408271789550781 36
1781446762203 5.314326763153076 37
1781446765280 5.250833034515381 38
1781446768344 5.101009845733643 39
1781446771692 5.10074520111084 40
1781446775442 4.988979339599609 41
1781446778356 4.969753265380859 42
1781446781516 4.958402633666992 43
1781446784556 4.907427787780762 44
1781446787772 4.893388748168945 45
1781446791130 4.866107940673828 46
1781446794320 4.830592155456543 47
1781446797532 4.606738567352295 48
1781446800984 4.573238849639893 49
1781446804336 4.369817733764648 50
1781446807735 4.369946479797363 51
1781446810686 4.176533222198486 52
1781446813920 4.154922962188721 53
1781446817092 4.068275451660156 54
1781446820628 3.8861780166625977 55
1781446824073 3.8732829093933105 56
1781446827382 3.8376541137695312 57
1781446830826 3.837317943572998 58
1781446834534 3.681684732437134 59
1781446837452 3.6676089763641357 60
1781446841066 3.6519627571105957 61
1781446844228 3.668684720993042 62
1781446847428 3.6457996368408203 63
1781446850536 3.649827003479004 64
1781446853846 3.626189708709717 65
1781446857266 3.59621000289917 66
1781446860745 3.599733591079712 67
1781446864404 3.606840133666992 68
1781446867842 3.592108726501465 69
1781446871218 3.6175765991210938 70
1781446874696 3.5413994789123535 71
1781446877812 3.5118355751037598 72
1781446881064 3.382960319519043 73
1781446884341 3.3682303428649902 74
1781446887830 3.3720622062683105 75
1781446891214 3.3750784397125244 76
1781446894762 3.3340725898742676 77
1781446898124 3.331313133239746 78
1781446901312 3.217676877975464 79
1781446904971 3.223424196243286 80
1781446908134 3.221468687057495 81
1781446911360 3.1817421913146973 82
1781446914656 3.1792521476745605 83
1781446918168 3.154402494430542 84
1781446921792 3.1499297618865967 85
1781446925520 3.0223703384399414 86
1781446929212 2.940574884414673 87
1781446932588 2.9300074577331543 88
1781446935856 2.926401138305664 89
1781446939060 2.867403030395508 90
1781446942356 2.8677358627319336 91
1781446945636 2.8626708984375 92
1781446948837 2.852036952972412 93
1781446952029 2.8299429416656494 94
1781446955332 2.828796863555908 95
1781446958654 2.8265504837036133 96
1781446962156 2.8245010375976562 97
1781446965720 2.770442008972168 98
1781446969025 2.5840258598327637 99
1781446972684 2.585289478302002 100
1781446976380 2.5638513565063477 101
1781446979645 2.5601253509521484 102
1781446982932 2.558929920196533 103
1781446986000 2.558370590209961 104
1781446989460 2.543842077255249 105
1781446992705 2.5429463386535645 106
1781446996140 2.541917562484741 107
1781446999424 2.539010524749756 108
1781447002916 2.5124616622924805 109
1781447006143 2.506068468093872 110
1781447009770 2.506239414215088 111
1781447013229 2.4999308586120605 112
1781447016381 2.4647345542907715 113
1781447020148 2.4658584594726562 114
1781447023800 2.365786075592041 115
1781447027003 2.361130952835083 116
1781447030335 2.3311033248901367 117
1781447033552 2.3255927562713623 118
1781447036925 2.324044704437256 119
1781447040435 2.323338031768799 120
1781447043648 2.308708667755127 121
1781447047090 2.3092193603515625 122
1781447050544 2.3078856468200684 123
1781447054072 2.307032585144043 124
1781447057448 2.3042447566986084 125
1781447060672 2.275716781616211 126
1781447063988 2.243208885192871 127
1781447067553 2.242154836654663 128
1781447070929 2.173980474472046 129
1781447074361 2.1699318885803223 130
1781447077758 2.133094072341919 131
1781447081245 2.1321640014648438 132
1781447084592 2.0467710494995117 133
1781447087852 2.0467567443847656 134
1781447091208 2.04791522026062 135
1781447094743 2.048830986022949 136
1781447097980 2.0397064685821533 137
1781447101297 2.0191330909729004 138
1781447104822 2.0169925689697266 139
1781447108218 2.016099452972412 140
1781447111391 2.0180842876434326 141
1781447114649 2.003322124481201 142
1781447117928 2.004560947418213 143
1781447121288 2.0135345458984375 144
1781447124480 2.010824680328369 145
1781447127744 2.0091896057128906 146
1781447130897 1.962467908859253 147
1781447134194 1.9122200012207031 148
1781447137529 1.9086501598358154 149
1781447140718 1.8851165771484375 150
1781447144037 1.8492907285690308 151
1781447147328 1.8357548713684082 152
1781447150480 1.8291015625 153
1781447153732 1.82799232006073 154
1781447157312 1.8211286067962646 155
1781447160817 1.8086268901824951 156
1781447164016 1.7897601127624512 157
1781447167276 1.7882106304168701 158
1781447170544 1.7234470844268799 159
1781447173951 1.7061645984649658 160
1781447177168 1.7059261798858643 161
1781447181062 1.7049368619918823 162
1781447184791 1.7011265754699707 163
1781447188768 1.6599771976470947 164
1781447192290 1.644620418548584 165
1781447195730 1.644207239151001 166
1781447199646 1.6270273923873901 167
1781447202934 1.6265236139297485 168
1781447206400 1.6230090856552124 169
1781447209692 1.6217772960662842 170
1781447213141 1.621338963508606 171
1781447216581 1.6174852848052979 172
1781447219945 1.593578577041626 173
1781447223312 1.5935664176940918 174
1781447226756 1.5929429531097412 175
1781447230048 1.583122968673706 176
1781447233308 1.5350403785705566 177
1781447236497 1.5336732864379883 178
1781447240440 1.5317782163619995 179
1781447244029 1.5239145755767822 180
1781447247276 1.5121803283691406 181
1781447250456 1.4868879318237305 182
1781447254021 1.4748730659484863 183
1781447257364 1.4091651439666748 184
1781447260853 1.3668344020843506 185
1781447264336 1.2996726036071777 186
1781447267511 1.2707029581069946 187
1781447270569 1.2688663005828857 188
1781447273869 1.267378330230713 189
1781447277273 1.2565823793411255 190
1781447280861 1.2564576864242554 191
1781447284268 1.2468609809875488 192
1781447287621 1.172383427619934 193
1781447291021 1.0665452480316162 194
1781447294268 0.9795212149620056 195
1781447297440 0.86746746301651 196
1781447300708 0.4882521629333496 197
1781447304025 0.4467242360115051 198
1781447307354 0.0019841184839606285 199
1781447310601 0.001983551075682044 200
