1781446644398 54.07611083984375 1
1781446647549 53.83155822753906 2
1781446650666 51.580299377441406 3
1781446653946 49.20854949951172 4
1781446657182 49.040748596191406 5
1781446660213 48.842681884765625 6
1781446663398 47.6337776184082 7
1781446666790 47.219970703125 8
1781446670162 47.08311462402344 9
1781446673511 46.52009582519531 10
1781446676826 46.07528305053711 11
1781446680198 45.1455078125 12
1781446683465 45.119075775146484 13
1781446686678 45.11735534667969 14
1781446689722 43.72465133666992 15
1781446692986 41.686866760253906 16
1781446696286 34.7536506652832 17
1781446699702 34.399314880371094 18
1781446702986 33.89226150512695 19
1781446706074 29.751676559448242 20
1781446709293 29.474384307861328 21
1781446712885 27.781795501708984 22
1781446716674 23.497488021850586 23
1781446720074 15.212770462036133 24
1781446723098 13.03193187713623 25
1781446726406 11.194796562194824 26
1781446729682 11.184642791748047 27
1781446732938 8.986185073852539 28
1781446736134 8.368732452392578 29
1781446739278 7.577492713928223 30
1781446742562 7.562727928161621 31
1781446745946 7.5570878982543945 32
1781446749490 6.348147869110107 33
1781446752681 5.374713897705078 34
1781446755866 5.263814926147461 35
1781446758994 5.2305707931518555 36
1781446762190 4.3771209716796875 37
1781446765266 4.205263137817383 38
1781446768330 4.118288993835449 39
1781446771678 3.9243011474609375 40
1781446775414 2.9474003314971924 41
1781446778342 2.7748899459838867 42
1781446781502 2.264981985092163 43
1781446784542 2.0073611736297607 44
1781446787758 1.7569342851638794 45
1781446791114 1.660672903060913 46
1781446794306 1.6418423652648926 47
1781446797518 1.620439052581787 48
1781446800970 1.604466438293457 49
1781446804322 1.5749132633209229 50
1781446807722 1.56879723072052 51
1781446810674 1.3356091976165771 52
1781446813906 1.307098150253296 53
1781446817078 1.3029680252075195 54
1781446820614 1.302420735359192 55
1781446824058 1.1454205513000488 56
1781446827351 1.1401039361953735 57
1781446830797 1.1279871463775635 58
1781446834522 1.0254490375518799 59
1781446837438 1.0215450525283813 60
1781446841054 0.9687538146972656 61
1781446844214 0.8822112083435059 62
1781446847414 0.8779289722442627 63
1781446850522 0.8189448118209839 64
1781446853832 0.8188706636428833 65
1781446857238 0.7234219312667847 66
1781446860731 0.7113037109375 67
1781446864391 0.6780476570129395 68
1781446867830 0.6613547801971436 69
1781446871204 0.40650707483291626 70
1781446874682 0.38505634665489197 71
1781446877798 0.3655196726322174 72
1781446881051 0.3576146364212036 73
1781446884327 0.3573817014694214 74
1781446887801 0.3479381501674652 75
1781446891198 0.34008339047431946 76
1781446894750 0.3113773763179779 77
1781446898111 0.3109109103679657 78
1781446901299 0.30406588315963745 79
1781446904957 0.20859327912330627 80
1781446908122 0.20795488357543945 81
1781446911347 0.2076655924320221 82
1781446914642 0.20679354667663574 83
1781446918155 0.20678797364234924 84
1781446921779 0.2050209939479828 85
1781446925506 0.20258110761642456 86
1781446929199 0.20255494117736816 87
1781446932575 0.19708776473999023 88
1781446935843 0.19638583064079285 89
1781446939047 0.1947256326675415 90
1781446942342 0.1892213523387909 91
1781446945622 0.1648220717906952 92
1781446948823 0.14590522646903992 93
1781446952016 0.14511501789093018 94
1781446955319 0.14499050378799438 95
1781446958642 0.1449899524450302 96
1781446962142 0.1410650759935379 97
1781446965707 0.13653622567653656 98
1781446969010 0.11789926886558533 99
1781446972670 0.11585860699415207 100
1781446976366 0.11558005213737488 101
1781446979631 0.10726746916770935 102
1781446982918 0.10697808116674423 103
1781446985986 0.10679890960454941 104
1781446989447 0.1066909059882164 105
1781446992691 0.10309433192014694 106
1781446996127 0.09309746325016022 107
1781446999410 0.08804228901863098 108
1781447002902 0.08800549060106277 109
1781447006130 0.08800273388624191 110
1781447009753 0.08797816932201385 111
1781447013215 0.08767566084861755 112
1781447016367 0.0865401178598404 113
1781447020134 0.0858631506562233 114
1781447023787 0.07385599613189697 115
1781447026990 0.06604638695716858 116
1781447030322 0.05310565233230591 117
1781447033538 0.05271727964282036 118
1781447036911 0.04930688068270683 119
1781447040422 0.04929594695568085 120
1781447043635 0.047073107212781906 121
1781447047078 0.04640696197748184 122
1781447050531 0.0463302880525589 123
1781447054059 0.04626810550689697 124
1781447057434 0.04347230866551399 125
1781447060658 0.04236200451850891 126
1781447063975 0.03887837380170822 127
1781447067539 0.03870357573032379 128
1781447070915 0.03851531445980072 129
1781447074347 0.03832780569791794 130
1781447077734 0.03832083195447922 131
1781447081231 0.037994109094142914 132
1781447084578 0.037986405193805695 133
1781447087839 0.03792440891265869 134
1781447091194 0.036943353712558746 135
1781447094730 0.0369105264544487 136
1781447097966 0.035992857068777084 137
1781447101283 0.035851284861564636 138
1781447104807 0.03580307215452194 139
1781447108206 0.03255147114396095 140
1781447111378 0.027364086359739304 141
1781447114635 0.02647715061903 142
1781447117915 0.02513272315263748 143
1781447121275 0.02032785676419735 144
1781447124467 0.019002903252840042 145
1781447127731 0.01899419166147709 146
1781447130883 0.018422048538923264 147
1781447134182 0.01839921995997429 148
1781447137515 0.017580293118953705 149
1781447140679 0.017274361103773117 150
1781447144023 0.017252402380108833 151
1781447147314 0.017229968681931496 152
1781447150467 0.015989933162927628 153
1781447153719 0.01485436037182808 154
1781447157299 0.014842988923192024 155
1781447160803 0.014271361753344536 156
1781447164003 0.013885896652936935 157
1781447167263 0.01382410991936922 158
1781447170531 0.013793453574180603 159
1781447173937 0.013641060329973698 160
1781447177155 0.01361346710473299 161
1781447181041 0.012557126581668854 162
1781447184778 0.009284529834985733 163
1781447188755 0.00860441941767931 164
1781447192265 0.008077024482190609 165
1781447195711 0.0065326988697052 166
1781447199617 0.005135533399879932 167
1781447202922 0.0028016273863613605 168
1781447206371 0.0026709616649895906 169
1781447209678 0.0025118603371083736 170
1781447213127 0.0024863178841769695 171
1781447216567 0.0024862983264029026 172
1781447219931 0.002485068514943123 173
1781447223299 0.002358193974941969 174
1781447226743 0.0023406855762004852 175
1781447230035 0.001882362412288785 176
1781447233294 0.0018694141181185842 177
1781447236483 0.0017360532656311989 178
1781447240427 0.0015967409126460552 179
1781447244015 0.001583559438586235 180
1781447247263 0.001147906994447112 181
1781447250442 0.0009960596216842532 182
1781447254007 0.0009029927896335721 183
1781447257351 0.0005875058704987168 184
1781447260829 0.0004466196405701339 185
1781447264323 0.00040613184683024883 186
1781447267493 0.00038722180761396885 187
1781447270555 0.0003849901841022074 188
1781447273855 0.00025328347692266107 189
1781447277243 0.000245290226303041 190
1781447280847 0.00022068957332521677 191
1781447284255 0.0001724529138300568 192
1781447287607 0.00016924610827118158 193
1781447291007 0.00014788610860705376 194
1781447294255 9.146420052275062e-05 195
1781447297427 4.0236882341559976e-05 196
1781447300695 8.948168215283658e-06 197
1781447304011 4.0331030959350755e-08 198
1781447307336 6.882973746513699e-09 199
1781447310587 2.7284605685906627e-09 200
