1782210881504 0.0 1
1782210881506 0.0 2
1782210881507 0.0 3
1782210881508 0.0 4
1782210881509 0.0 5
1782210881510 0.0 6
1782210881511 0.0 7
1782210881512 0.0 8
1782210881513 0.0 9
1782210881514 0.0 10
1782210881515 0.0 11
1782210881516 0.0 12
1782210881518 0.0 13
1782210881519 0.0 14
1782210881520 0.0 15
1782210881521 0.0 16
1782210881522 0.0 17
1782210881523 0.0 18
1782210881524 0.0 19
1782210881525 0.0 20
1782210881526 0.0 21
1782210881527 0.0 22
1782210881528 0.0 23
1782210881529 0.0 24
1782210881530 0.0 25
1782210881531 0.0 26
1782210881532 0.0 27
1782210881533 0.0 28
1782210881534 0.0 29
1782210881536 0.0 30
1782210881537 0.0 31
1782210881538 0.0 32
1782210881539 0.0 33
1782210881540 0.0 34
1782210881541 0.0 35
1782210881542 0.0 36
1782210881543 0.0 37
1782210881544 0.0 38
1782210881545 0.0 39
1782210881546 0.0 40
1782210881547 0.0 41
1782210881548 0.0 42
1782210881549 0.0 43
1782210881550 0.0 44
1782210881551 0.0 45
1782210881552 0.0 46
1782210881553 0.0 47
1782210881554 0.0 48
1782210881555 0.0 49
1782210881557 0.0 50
1782210881558 0.0 51
1782210881559 0.0 52
1782210881560 0.0 53
1782210881561 0.0 54
1782210881562 0.0 55
1782210881563 0.0 56
1782210881564 0.0 57
1782210881565 0.0 58
1782210881566 0.0 59
1782210881567 0.0 60
1782210881568 0.0 61
1782210881569 0.0 62
1782210881571 0.0 63
1782210881572 0.0 64
1782210881573 0.0 65
1782210881574 0.0 66
