1782210881423 0.0 1
1782210881424 0.0 2
1782210881425 0.0 3
1782210881427 0.0 4
1782210881428 0.0 5
1782210881431 0.0 6
1782210881432 0.0 7
1782210881433 0.0 8
1782210881434 0.0 9
1782210881436 0.0 10
1782210881437 0.0 11
1782210881438 0.0 12
1782210881439 0.0 13
1782210881440 0.0 14
1782210881442 0.0 15
1782210881443 0.0 16
1782210881444 0.0 17
1782210881445 0.0 18
1782210881446 0.0 19
1782210881448 0.0 20
1782210881449 0.0 21
1782210881450 0.0 22
1782210881451 0.0 23
1782210881452 0.0 24
1782210881454 0.0 25
1782210881455 0.0 26
1782210881456 0.0 27
1782210881457 0.0 28
1782210881459 0.0 29
1782210881460 0.0 30
1782210881461 0.0 31
1782210881462 0.0 32
1782210881463 0.0 33
1782210881465 0.0 34
1782210881466 0.0 35
1782210881467 0.0 36
1782210881468 0.0 37
1782210881469 0.0 38
1782210881471 0.0 39
1782210881472 0.0 40
1782210881473 0.0 41
1782210881474 0.0 42
1782210881475 0.0 43
1782210881477 0.0 44
1782210881478 0.0 45
1782210881479 0.0 46
1782210881480 0.0 47
1782210881481 0.0 48
1782210881483 0.0 49
1782210881484 0.0 50
1782210881485 0.0 51
1782210881486 0.0 52
1782210881487 0.0 53
1782210881489 0.0 54
1782210881490 0.0 55
1782210881491 0.0 56
1782210881492 0.0 57
1782210881493 0.0 58
1782210881495 0.0 59
1782210881496 0.0 60
1782210881497 0.0 61
1782210881498 0.0 62
1782210881499 0.0 63
1782210881501 0.0 64
1782210881502 0.0 65
1782210881503 0.0 66
