1782210881264 0.15702639561146498 1
1782210881265 0.05639734225347638 2
1782210881266 0.026944923531264067 3
1782210881267 0.016034693773835897 4
1782210881269 0.01071823293576017 5
1782210881270 0.008119413659442217 6
1782210881271 0.0062480252212844785 7
1782210881272 0.005124667971394956 8
1782210881273 0.004406850173836574 9
1782210881275 0.0038757548935245724 10
1782210881276 0.0034241581638343632 11
1782210881277 0.0030643866979517044 12
1782210881278 0.002967937418143265 13
1782210881279 0.002751265958067961 14
1782210881281 0.0025252158293733373 15
1782210881282 0.002375770146609284 16
1782210881283 0.0023811526427743954 17
1782210881284 0.0022572393110021948 18
1782210881286 0.002166359681286849 19
1782210881287 0.0020749955129576846 20
1782210881288 0.002005862460064236 21
1782210881289 0.0019704879316850567 22
1782210881290 0.001983830723038409 23
1782210881292 0.0018399808625690639 24
1782210881293 0.0017775073493248783 25
1782210881294 0.0017862581445660909 26
1782210881295 0.0017442542887874878 27
1782210881296 0.0017646853913902306 28
1782210881298 0.0017300168187648524 29
1782210881299 0.0016730874629865865 30
1782210881300 0.0016942592433770187 31
1782210881301 0.0016987438622163608 32
1782210881302 0.0016438043788366485 33
1782210881304 0.0015753519086865709 34
1782210881305 0.001548545132682193 35
1782210881306 0.0015169497785973362 36
1782210881307 0.0016323752912285271 37
1782210881309 0.0016185428272001445 38
1782210881310 0.0015144895495905076 39
1782210881311 0.0015478134693694301 40
1782210881312 0.0014929889195627766 41
1782210881313 0.001496035323216347 42
1782210881315 0.0014643218702985906 43
1782210881316 0.0014087706989084835 44
1782210881317 0.0013379412088397658 45
1782210881318 0.0013115949156781426 46
1782210881319 0.0012903843840467743 47
1782210881321 0.0012805807778204325 48
1782210881322 0.0012739695279742592 49
1782210881323 0.001290641471350682 50
1782210881324 0.0012804122047964483 51
1782210881326 0.0012401207202492515 52
1782210881327 0.0012257705660158535 53
1782210881328 0.0012137647394411034 54
1782210881329 0.001205978081561625 55
1782210881330 0.0012026617892843205 56
1782210881332 0.0011994568241061642 57
1782210881333 0.0011846076497022296 58
1782210881334 0.0011765659620141377 59
1782210881335 0.0011713108438561903 60
1782210881336 0.001166186492628185 61
1782210881338 0.0011648721303936327 62
1782210881339 0.0011608315868943465 63
1782210881340 0.0011576428931584814 64
1782210881341 0.0011505197950464209 65
1782210881342 0.001147167396338773 66
