1780318599436 0.17958362646400927 1
1780318599438 0.0809549244493246 2
1780318599441 0.042597317080944774 3
1780318599443 0.02440697744488716 4
1780318599445 0.015957326274365188 5
1780318599448 0.011925913572777063 6
1780318599450 0.009463513388764113 7
1780318599452 0.0077338423649780455 8
1780318599454 0.0068783038458786906 9
1780318599457 0.006112815313972533 10
1780318599459 0.005846741979476064 11
1780318599461 0.005273383025778458 12
1780318599464 0.005133702035527677 13
1780318599466 0.004824379595229402 14
1780318599469 0.0046469343412900346 15
1780318599471 0.004574471359374002 16
1780318599474 0.004220032420707866 17
1780318599476 0.004113608438638039 18
1780318599479 0.004213426074129529 19
1780318599481 0.004218717024778016 20
1780318599483 0.003983552659628913 21
1780318599486 0.004021402165526524 22
1780318599488 0.00394344225525856 23
1780318599491 0.003745616578380577 24
1780318599493 0.0037420815229415893 25
1780318599496 0.003819240150623955 26
1780318599498 0.003691775282204617 27
1780318599501 0.0036907632392831147 28
1780318599503 0.003759524944180157 29
1780318599505 0.0034960021389997564 30
1780318599508 0.0035897856677183882 31
1780318599510 0.0035462310412549413 32
1780318599513 0.003511066660284996 33
1780318599515 0.0034945450699888168 34
1780318599518 0.0033893348320270886 35
1780318599520 0.0034850166420801543 36
1780318599522 0.0035858696908690037 37
1780318599525 0.0034122268549981525 38
1780318599527 0.003526979257003404 39
1780318599530 0.003462141666386742 40
1780318599532 0.0034455338929546995 41
1780318599535 0.003475351601955481 42
1780318599537 0.0034480298092239535 43
1780318599540 0.0035293039720272644 44
1780318599542 0.003473451268801 45
1780318599544 0.0035461322401533833 46
1780318599547 0.00342883390490897 47
1780318599549 0.0035043395913089627 48
1780318599552 0.003448965751158539 49
1780318599554 0.0036157651894609443 50
1780318599557 0.0034372320637339727 51
1780318599559 0.0034418275364441796 52
1780318599562 0.0034582976723322644 53
1780318599564 0.003520836600800976 54
1780318599567 0.0033067059848690405 55
1780318599569 0.003438315336534288 56
1780318599571 0.003461899936373811 57
1780318599574 0.0034264804839040154 58
1780318599576 0.003537296467111446 59
1780318599579 0.0034485424958984367 60
1780318599581 0.00347754610265838 61
1780318599583 0.0034127329327748156 62
1780318599586 0.0032890599727397785 63
1780318599588 0.003143025914032478 64
1780318599591 0.0032014076062478127 65
1780318599593 0.0032520476315403357 66
1780318599596 0.0033985886519076304 67
1780318599598 0.0032978665770497175 68
1780318599601 0.003188153148803394 69
1780318599603 0.003199184721161146 70
1780318599605 0.0031714917300269007 71
1780318599607 0.003305942601582501 72
1780318599610 0.003201475517707877 73
1780318599612 0.0033325645455624907 74
1780318599614 0.00329220688843634 75
1780318599617 0.003090196550183464 76
1780318599619 0.003147048735700082 77
1780318599621 0.003124863315897528 78
1780318599624 0.003132763160392642 79
1780318599626 0.0031946308552869597 80
1780318599628 0.003125495865242556 81
1780318599630 0.0031855385421658867 82
1780318599633 0.003210375641356222 83
1780318599635 0.003148615318641532 84
1780318599643 0.003147308599727694 85
1780318599653 0.003191171148500871 86
1780318599655 0.0031948397221276538 87
1780318599658 0.0029770242728409356 88
1780318599661 0.0030823031548061408 89
1780318599663 0.0030045565040200018 90
1780318599665 0.0031648957394645547 91
1780318599668 0.0031469416309846563 92
1780318599670 0.0032081709921476433 93
1780318599672 0.0030656790992361492 94
1780318599675 0.0030125137214781716 95
1780318599677 0.0030594090254453476 96
1780318599679 0.0031427509509376252 97
1780318599682 0.0030337129149120303 98
1780318599684 0.0030302842386299746 99
1780318599687 0.002980708434188273 100
1780318599689 0.0030750975711271167 101
1780318599691 0.003031972169992514 102
1780318599693 0.00312245069333585 103
1780318599696 0.003082093986449763 104
1780318599698 0.003091468461207114 105
1780318599701 0.0031305508760851807 106
1780318599703 0.0031120178845594638 107
1780318599705 0.003202862841717433 108
1780318599708 0.0030957839218899606 109
1780318599710 0.0031843484431738033 110
