1782222360989 0.0 1
1782222360991 0.0 2
1782222360992 0.0 3
1782222360993 0.0 4
1782222360994 0.0 5
1782222360996 0.0 6
1782222360997 0.0 7
1782222360998 0.0 8
1782222360999 0.0 9
1782222361001 0.0 10
1782222361002 0.0 11
1782222361003 0.0 12
1782222361004 0.0 13
1782222361006 0.0 14
1782222361007 0.0 15
1782222361008 0.0 16
1782222361009 0.0 17
1782222361011 0.0 18
1782222361012 0.0 19
1782222361013 0.0 20
1782222361014 0.0 21
1782222361016 0.0 22
1782222361017 0.0 23
1782222361018 0.0 24
1782222361019 0.0 25
1782222361021 0.0 26
1782222361022 0.0 27
1782222361023 0.0 28
1782222361024 0.0 29
1782222361026 0.0 30
1782222361027 0.0 31
1782222361028 0.0 32
1782222361029 0.0 33
1782222361031 0.0 34
1782222361032 0.0 35
1782222361033 0.0 36
1782222361034 0.0 37
1782222361035 0.0 38
1782222361036 0.0 39
1782222361037 0.0 40
1782222361038 0.0 41
1782222361039 0.0 42
1782222361041 0.0 43
1782222361042 0.0 44
1782222361043 0.0 45
1782222361044 0.0 46
1782222361045 0.0 47
1782222361046 0.0 48
1782222361047 0.0 49
1782222361049 0.0 50
1782222361050 0.0 51
1782222361051 0.0 52
1782222361052 0.0 53
1782222361054 0.0 54
1782222361055 0.0 55
1782222361056 0.0 56
1782222361057 0.0 57
1782222361059 0.0 58
1782222361060 0.0 59
1782222361061 0.0 60
1782222361062 0.0 61
1782222361064 0.0 62
1782222361065 0.0 63
1782222361066 0.0 64
1782222361067 0.0 65
1782222361069 0.0 66
1782222361070 0.0 67
1782222361071 0.0 68
1782222361072 0.0 69
1782222361074 0.0 70
1782222361075 0.0 71
1782222361076 0.0 72
1782222361077 0.0 73
1782222361079 0.0 74
1782222361080 0.0 75
