1782222360802 0.11185322429984808 1
1782222360803 0.03848990530706942 2
1782222360805 0.019032420581206678 3
1782222360806 0.011904174792580307 4
1782222360807 0.008398073504213243 5
1782222360808 0.006851499152835458 6
1782222360810 0.0052424392534885554 7
1782222360811 0.004661352374823764 8
1782222360812 0.004006887170253322 9
1782222360813 0.0036123135592788457 10
1782222360815 0.0032896910927956925 11
1782222360816 0.0031443072087131443 12
1782222360817 0.00291795484314207 13
1782222360818 0.0027686178561998533 14
1782222360820 0.002652626027702354 15
1782222360821 0.0024928666788036936 16
1782222360822 0.002429560877790209 17
1782222360823 0.0023713041859446094 18
1782222360825 0.002377399535907898 19
1782222360826 0.0022682993835769594 20
1782222360827 0.0022215429184143432 21
1782222360828 0.002264602644718252 22
1782222360830 0.002170588891603984 23
1782222360831 0.0020725706522352993 24
1782222360832 0.0021626261071651244 25
1782222360833 0.0021709448969340884 26
1782222360835 0.0021214171580504625 27
1782222360836 0.0020923602858965752 28
1782222360837 0.0020549460024631115 29
1782222360838 0.0019814233788929413 30
1782222360840 0.0019278830690018366 31
1782222360841 0.00197064625332132 32
1782222360842 0.0019077939692942892 33
1782222360843 0.0018737512225925456 34
1782222360845 0.0018867540960491168 35
1782222360846 0.0018335564159497153 36
1782222360847 0.0018128701431851368 37
1782222360848 0.0017934952869836708 38
1782222360850 0.0017682997147494461 39
1782222360851 0.0017676981615659315 40
1782222360852 0.0017713398033811245 41
1782222360853 0.0017461157705110962 42
1782222360855 0.0017372013548447285 43
1782222360856 0.0017058348918362754 44
1782222360857 0.001684105972672114 45
1782222360858 0.0017060423777002143 46
1782222360860 0.001722577559412457 47
1782222360861 0.0017368189491389786 48
1782222360862 0.001670623787213117 49
1782222360863 0.0016886856705968967 50
1782222360865 0.0016752133468253304 51
1782222360866 0.0016807949480426032 52
1782222360867 0.0015998341369413537 53
1782222360868 0.0015442007280944382 54
1782222360870 0.001522093013554695 55
1782222360871 0.0015137310636782785 56
1782222360872 0.0015242138848407193 57
1782222360873 0.0015155766520183534 58
1782222360875 0.0015208849695773096 59
1782222360876 0.0014806725258677033 60
1782222360877 0.0014630586718703852 61
1782222360878 0.0014536653598042903 62
1782222360880 0.0014463785193220247 63
1782222360881 0.0014444616867695004 64
1782222360882 0.0014399951136874734 65
1782222360883 0.0014358783639909234 66
1782222360885 0.0014226460247300566 67
1782222360886 0.0014156938989617629 68
1782222360887 0.0014121956494636833 69
1782222360888 0.001407572343450738 70
1782222360890 0.0014057282660360215 71
1782222360891 0.001404680213672691 72
1782222360892 0.0014027433298906544 73
1782222360893 0.0013967296548798914 74
1782222360895 0.0013911809799901675 75
