1782222361081 0.0 1
1782222361082 0.0 2
1782222361084 0.0 3
1782222361085 0.0 4
1782222361086 0.0 5
1782222361087 0.0 6
1782222361089 0.0 7
1782222361090 0.0 8
1782222361091 0.0 9
1782222361092 0.0 10
1782222361094 0.0 11
1782222361095 0.0 12
1782222361096 0.0 13
1782222361097 0.0 14
1782222361099 0.0 15
1782222361100 0.0 16
1782222361101 0.0 17
1782222361102 0.0 18
1782222361104 0.0 19
1782222361105 0.0 20
1782222361106 0.0 21
1782222361107 0.0 22
1782222361109 0.0 23
1782222361110 0.0 24
1782222361111 0.0 25
1782222361112 0.0 26
1782222361114 0.0 27
1782222361115 0.0 28
1782222361116 0.0 29
1782222361117 0.0 30
1782222361119 0.0 31
1782222361120 0.0 32
1782222361121 0.0 33
1782222361122 0.0 34
1782222361124 0.0 35
1782222361125 0.0 36
1782222361126 0.0 37
1782222361127 0.0 38
1782222361129 0.0 39
1782222361130 0.0 40
1782222361131 0.0 41
1782222361132 0.0 42
1782222361134 0.0 43
1782222361135 0.0 44
1782222361136 0.0 45
1782222361137 0.0 46
1782222361139 0.0 47
1782222361140 0.0 48
1782222361141 0.0 49
1782222361142 0.0 50
1782222361144 0.0 51
1782222361145 0.0 52
1782222361146 0.0 53
1782222361147 0.0 54
1782222361148 0.0 55
1782222361150 0.0 56
1782222361151 0.0 57
1782222361152 0.0 58
1782222361153 0.0 59
1782222361155 0.0 60
1782222361156 0.0 61
1782222361157 0.0 62
1782222361158 0.0 63
1782222361159 0.0 64
1782222361160 0.0 65
1782222361162 0.0 66
1782222361163 0.0 67
1782222361164 0.0 68
1782222361165 0.0 69
1782222361166 0.0 70
1782222361168 0.0 71
1782222361169 0.0 72
1782222361170 0.0 73
1782222361171 0.0 74
1782222361173 0.0 75
