1780314169445 0.19868503998965026 1
1780314169448 0.08484078684821725 2
1780314169450 0.042804474355652926 3
1780314169453 0.024743397599086166 4
1780314169455 0.01611218310892582 5
1780314169457 0.011540987500920892 6
1780314169460 0.008903018787968904 7
1780314169462 0.007161693312227726 8
1780314169465 0.005950302947312593 9
1780314169467 0.005123071068665013 10
1780314169470 0.0045164306566584855 11
1780314169472 0.004114095787517726 12
1780314169475 0.0037267522606998682 13
1780314169477 0.0034256980975624174 14
1780314169480 0.0031955942668719216 15
1780314169482 0.0030350800283486024 16
1780314169484 0.0028744998620823027 17
1780314169487 0.0027466826752061023 18
1780314169489 0.0026009622844867407 19
1780314169491 0.002489335674326867 20
1780314169494 0.002389492900110781 21
1780314169496 0.002324992009380367 22
1780314169498 0.0022347048175288364 23
1780314169500 0.0021821774571435526 24
1780314169503 0.0021389911079313607 25
1780314169505 0.0021080013853497803 26
1780314169507 0.0020213817068724894 27
1780314169509 0.0019888210025965237 28
1780314169512 0.001943613316398114 29
1780314169514 0.001914409472956322 30
1780314169516 0.0018704359655384905 31
1780314169519 0.001846679176815087 32
1780314169521 0.0018348166579380632 33
1780314169523 0.0018198675804887898 34
1780314169526 0.001791610295767896 35
1780314169528 0.0017522265865409282 36
1780314169530 0.0017024837208737154 37
1780314169533 0.001702077978552552 38
1780314169535 0.0016903657678631135 39
1780314169537 0.0016724588059878443 40
1780314169540 0.0016692779467848595 41
1780314169543 0.0017032799881417304 42
1780314169545 0.0016210183888324535 43
1780314169547 0.0016540843123220839 44
1780314169549 0.001632078726979671 45
1780314169552 0.001605618450412294 46
1780314169554 0.0016072428511688486 47
1780314169556 0.0015767270907235797 48
1780314169559 0.0015433499346545433 49
1780314169561 0.0015371640074590687 50
1780314169563 0.0015561652384349146 51
1780314169565 0.0015290682064369322 52
1780314169568 0.0015156020045833428 53
1780314169570 0.001515797881729668 54
1780314169572 0.001514521362114465 55
1780314169575 0.0014714679792814421 56
1780314169577 0.0014393401097913738 57
1780314169579 0.0014313799508090597 58
1780314169582 0.0014157694109599105 59
1780314169584 0.0014184585487964797 60
1780314169586 0.0014149070102575934 61
1780314169588 0.0014067804364458424 62
1780314169591 0.0014013646663806867 63
1780314169593 0.0014046065506408923 64
1780314169595 0.0013946198092889973 65
1780314169598 0.001380963891861029 66
1780314169600 0.0013717018633178668 67
1780314169602 0.0013753523780178512 68
1780314169605 0.0013689780209824676 69
1780314169607 0.001361246958404081 70
1780314169609 0.0013620322058704914 71
1780314169612 0.0013623084469145397 72
1780314169614 0.0013610405844519846 73
1780314169616 0.0013545502437773394 74
1780314169619 0.0013557324060820975 75
1780314169621 0.0013464765284152236 76
1780314169623 0.0013468317373190074 77
1780314169626 0.001337007749825716 78
1780314169628 0.0013367789291805821 79
1780314169631 0.0013405660758871818 80
1780314169633 0.0013304266801424092 81
1780314169635 0.0013396034607285401 82
1780314169637 0.0013383721215359402 83
1780314169640 0.0013284058657154674 84
1780314169642 0.0013270193934295093 85
1780314169644 0.0013311519633134594 86
1780314169647 0.001324404785700608 87
1780314169649 0.001324673345661722 88
1780314169651 0.0013230480158381397 89
1780314169653 0.0013295354363071965 90
