1783986047340 0.0 1
1783986047342 0.0 2
1783986047343 0.0 3
1783986047344 0.0 4
1783986047345 0.0 5
1783986047346 0.0 6
1783986047347 0.0 7
1783986047349 0.0 8
1783986047350 0.0 9
1783986047351 0.0 10
1783986047352 0.0 11
1783986047353 0.0 12
1783986047355 0.0 13
1783986047356 0.0 14
1783986047357 0.0 15
1783986047358 0.0 16
1783986047359 0.0 17
1783986047361 0.0 18
1783986047362 0.0 19
1783986047363 0.0 20
1783986047364 0.0 21
1783986047365 0.0 22
1783986047367 0.0 23
1783986047368 0.0 24
1783986047369 0.0 25
1783986047370 0.0 26
1783986047372 0.0 27
1783986047373 0.0 28
1783986047374 0.0 29
1783986047375 0.0 30
1783986047376 0.0 31
1783986047378 0.0 32
1783986047379 0.0 33
1783986047380 0.0 34
1783986047381 0.0 35
1783986047382 0.0 36
1783986047384 0.0 37
1783986047385 0.0 38
1783986047386 0.0 39
1783986047387 0.0 40
1783986047388 0.0 41
1783986047390 0.0 42
1783986047391 0.0 43
1783986047392 0.0 44
1783986047393 0.0 45
1783986047394 0.0 46
1783986047395 0.0 47
1783986047397 0.0 48
1783986047398 0.0 49
1783986047399 0.0 50
1783986047400 0.0 51
1783986047401 0.0 52
1783986047403 0.0 53
1783986047404 0.0 54
1783986047405 0.0 55
1783986047406 0.0 56
1783986047407 0.0 57
1783986047409 0.0 58
1783986047410 0.0 59
1783986047411 0.0 60
1783986047412 0.0 61
1783986047413 0.0 62
1783986047415 0.0 63
1783986047416 0.0 64
1783986047417 0.0 65
1783986047418 0.0 66
1783986047419 0.0 67
1783986047421 0.0 68
1783986047422 0.0 69
1783986047423 0.0 70
1783986047424 0.0 71
1783986047425 0.0 72
1783986047427 0.0 73
1783986047428 0.0 74
1783986047429 0.0 75
1783986047430 0.0 76
1783986047431 0.0 77
1783986047433 0.0 78
1783986047434 0.0 79
1783986047435 0.0 80
1783986047436 0.0 81
1783986047437 0.0 82
1783986047439 0.0 83
1783986047440 0.0 84
1783986047441 0.0 85
1783986047442 0.0 86
1783986047443 0.0 87
1783986047445 0.0 88
1783986047446 0.0 89
1783986047447 0.0 90
1783986047448 0.0 91
1783986047449 0.0 92
1783986047451 0.0 93
1783986047452 0.0 94
1783986047453 0.0 95
1783986047454 0.0 96
1783986047455 0.0 97
1783986047457 0.0 98
1783986047458 0.0 99
1783986047459 0.0 100
1783986047460 0.0 101
1783986047461 0.0 102
1783986047462 0.0 103
1783986047464 0.0 104
1783986047465 0.0 105
1783986047466 0.0 106
