1783986046968 0.01859754780511139 1
1783986046969 0.0038135158125078305 2
1783986046971 0.00373212639184203 3
1783986046972 0.003293811867479235 4
1783986046973 0.0029633908507821615 5
1783986046974 0.0025727268200716937 6
1783986046975 0.0027164169373281766 7
1783986046977 0.0023323466940200887 8
1783986046978 0.002133173982729204 9
1783986046979 0.0020865178827079943 10
1783986046980 0.002126150215044618 11
1783986046981 0.001975270607508719 12
1783986046983 0.001874613170803059 13
1783986046984 0.0018501176415156805 14
1783986046985 0.0018150110698479693 15
1783986046986 0.0019865603031939826 16
1783986046987 0.0017519439144234638 17
1783986046989 0.001763008622219786 18
1783986046990 0.0017872059041110333 19
1783986046991 0.0019360511879494878 20
1783986046992 0.0018366505191079342 21
1783986046994 0.0018773959721147548 22
1783986046995 0.0016825641210743924 23
1783986046996 0.0015993130889546592 24
1783986046997 0.0015676953637012048 25
1783986046998 0.0017055180307943374 26
1783986047000 0.0016341809010918952 27
1783986047001 0.0015434234183339867 28
1783986047002 0.0015001797833974705 29
1783986047003 0.0016053399938391521 30
1783986047004 0.0015368185179977444 31
1783986047006 0.001519193799176719 32
1783986047007 0.0015017663172329776 33
1783986047008 0.0015339427324943245 34
1783986047009 0.0014873432163585677 35
1783986047010 0.0015544077759113862 36
1783986047012 0.001409365456274827 37
1783986047013 0.001361455012083752 38
1783986047014 0.0013595438303309493 39
1783986047015 0.0014469339307106566 40
1783986047016 0.0015108011809206801 41
1783986047018 0.0012198418089246843 42
1783986047019 0.0011374494222400244 43
1783986047020 0.001110690639980021 44
1783986047021 0.001080782745484612 45
1783986047022 0.0010705398511345265 46
1783986047024 0.0010654529044404626 47
1783986047025 0.0010466100884514162 48
1783986047026 0.0010281275105080568 49
1783986047027 0.0010109778887272113 50
1783986047028 0.001014775107105379 51
1783986047030 0.0009973441895999712 52
1783986047031 0.000997906762859202 53
1783986047032 0.001034098840173101 54
1783986047033 0.0009818535981321475 55
1783986047034 0.0009229625530133489 56
1783986047036 0.0008670873480878072 57
1783986047037 0.0008459538128226995 58
1783986047038 0.000831954445966403 59
1783986047039 0.0008260433749092044 60
1783986047040 0.0008136845124681713 61
1783986047042 0.0008057189839018974 62
1783986047043 0.0008081115798995597 63
1783986047044 0.0008281800092663616 64
1783986047045 0.0008027438458520919 65
1783986047046 0.0007913282939261989 66
1783986047048 0.0007811088575545 67
1783986047049 0.0007503807780449279 68
1783986047050 0.000734191962183104 69
1783986047051 0.0007257656560250325 70
1783986047052 0.0007203030532400589 71
1783986047054 0.0007143316492147278 72
1783986047055 0.0007094541656260844 73
1783986047056 0.000703864801034797 74
1783986047057 0.0007017440038180211 75
1783986047058 0.0006953101804538165 76
1783986047060 0.0006916731928504305 77
1783986047061 0.0006912794608069817 78
1783986047062 0.0006762617639469681 79
1783986047063 0.000668695830318029 80
1783986047064 0.0006652322207082762 81
1783986047066 0.0006624473990814295 82
1783986047067 0.0006596751920005772 83
1783986047068 0.0006574065380118555 84
1783986047069 0.0006542396111763083 85
1783986047070 0.0006519956794363679 86
1783986047072 0.0006495207948319148 87
1783986047073 0.0006466704363992903 88
1783986047074 0.0006448536487005186 89
1783986047075 0.0006375134398695081 90
1783986047076 0.0006356476250221021 91
1783986047078 0.0006338454026263207 92
1783986047079 0.0006324369019421283 93
1783986047080 0.000630966055468889 94
1783986047081 0.0006296113182906993 95
1783986047082 0.0006280746899574297 96
1783986047084 0.0006270418140047696 97
1783986047085 0.0006257669255137443 98
1783986047086 0.0006242949139414122 99
1783986047087 0.0006228428852773504 100
1783986047088 0.0006194002994743641 101
1783986047090 0.0006186981564678717 102
1783986047091 0.0006179171478288481 103
1783986047092 0.0006171263274154625 104
1783986047093 0.0006165752500237431 105
1783986047094 0.0006159320736333029 106
