1783986047222 0.0 1
1783986047224 0.0 2
1783986047225 0.0 3
1783986047226 0.0 4
1783986047227 0.0 5
1783986047228 0.0 6
1783986047229 0.0 7
1783986047230 0.0 8
1783986047232 0.0 9
1783986047233 0.0 10
1783986047234 0.0 11
1783986047235 0.0 12
1783986047236 0.0 13
1783986047237 0.0 14
1783986047238 0.0 15
1783986047239 0.0 16
1783986047240 0.0 17
1783986047241 0.0 18
1783986047242 0.0 19
1783986047243 0.0 20
1783986047244 0.0 21
1783986047245 0.0 22
1783986047247 0.0 23
1783986047248 0.0 24
1783986047249 0.0 25
1783986047250 0.0 26
1783986047251 0.0 27
1783986047252 0.0 28
1783986047253 0.0 29
1783986047254 0.0 30
1783986047255 0.0 31
1783986047256 0.0 32
1783986047257 0.0 33
1783986047259 0.0 34
1783986047259 0.0 35
1783986047261 0.0 36
1783986047262 0.0 37
1783986047263 0.0 38
1783986047264 0.0 39
1783986047265 0.0 40
1783986047266 0.0 41
1783986047268 0.0 42
1783986047269 0.0 43
1783986047270 0.0 44
1783986047271 0.0 45
1783986047272 0.0 46
1783986047273 0.0 47
1783986047274 0.0 48
1783986047275 0.0 49
1783986047276 0.0 50
1783986047278 0.0 51
1783986047279 0.0 52
1783986047280 0.0 53
1783986047281 0.0 54
1783986047282 0.0 55
1783986047283 0.0 56
1783986047284 0.0 57
1783986047285 0.0 58
1783986047286 0.0 59
1783986047287 0.0 60
1783986047288 0.0 61
1783986047290 0.0 62
1783986047291 0.0 63
1783986047292 0.0 64
1783986047293 0.0 65
1783986047294 0.0 66
1783986047296 0.0 67
1783986047297 0.0 68
1783986047298 0.0 69
1783986047299 0.0 70
1783986047300 0.0 71
1783986047301 0.0 72
1783986047302 0.0 73
1783986047303 0.0 74
1783986047304 0.0 75
1783986047306 0.0 76
1783986047307 0.0 77
1783986047308 0.0 78
1783986047309 0.0 79
1783986047310 0.0 80
1783986047312 0.0 81
1783986047313 0.0 82
1783986047314 0.0 83
1783986047315 0.0 84
1783986047316 0.0 85
1783986047317 0.0 86
1783986047318 0.0 87
1783986047319 0.0 88
1783986047321 0.0 89
1783986047322 0.0 90
1783986047323 0.0 91
1783986047324 0.0 92
1783986047325 0.0 93
1783986047326 0.0 94
1783986047327 0.0 95
1783986047328 0.0 96
1783986047330 0.0 97
1783986047331 0.0 98
1783986047332 0.0 99
1783986047333 0.0 100
1783986047334 0.0 101
1783986047335 0.0 102
1783986047336 0.0 103
1783986047337 0.0 104
1783986047338 0.0 105
1783986047339 0.0 106
