1782203633925 0.0 1
1782203633926 0.0 2
1782203633927 0.0 3
1782203633928 0.0 4
1782203633929 0.0 5
1782203633930 0.0 6
1782203633931 0.0 7
1782203633932 0.0 8
1782203633933 0.0 9
1782203633934 0.0 10
1782203633935 0.0 11
1782203633936 0.0 12
1782203633937 0.0 13
1782203633938 0.0 14
1782203633939 0.0 15
1782203633940 0.0 16
1782203633941 0.0 17
1782203633942 0.0 18
1782203633943 0.0 19
1782203633945 0.0 20
1782203633946 0.0 21
1782203633947 0.0 22
1782203633948 0.0 23
1782203633949 0.0 24
1782203633950 0.0 25
1782203633952 0.0 26
1782203633953 0.0 27
1782203633954 0.0 28
1782203633955 0.0 29
1782203633956 0.0 30
1782203633957 0.0 31
1782203633958 0.0 32
1782203633959 0.0 33
1782203633960 0.0 34
1782203633962 0.0 35
1782203633962 0.0 36
1782203633963 0.0 37
1782203633964 0.0 38
1782203633966 0.0 39
1782203633967 0.0 40
1782203633968 0.0 41
1782203633968 0.0 42
1782203633969 0.0 43
1782203633971 0.0 44
1782203633972 0.0 45
1782203633973 0.0 46
1782203633974 0.0 47
1782203633975 0.0 48
1782203633977 0.0 49
1782203633978 0.0 50
1782203633979 0.0 51
1782203633980 0.0 52
1782203633981 0.0 53
1782203633982 0.0 54
1782203633983 0.0 55
1782203633984 0.0 56
1782203633986 0.0 57
1782203633987 0.0 58
1782203633988 0.0 59
1782203633989 0.0 60
1782203633990 0.0 61
1782203633991 0.0 62
1782203633992 0.0 63
1782203633993 0.0 64
1782203633994 0.0 65
1782203633995 0.0 66
1782203633996 0.0 67
1782203633997 0.0 68
1782203633998 0.0 69
1782203633999 0.0 70
1782203634000 0.0 71
1782203634001 0.0 72
1782203634002 0.0 73
1782203634003 0.0 74
1782203634004 0.0 75
1782203634006 0.0 76
1782203634007 0.0 77
1782203634008 0.0 78
1782203634009 0.0 79
1782203634010 0.0 80
1782203634011 0.0 81
1782203634012 0.0 82
1782203634013 0.0 83
1782203634014 0.0 84
1782203634015 0.0 85
1782203634016 0.0 86
1782203634017 0.0 87
1782203634019 0.0 88
