1782203633717 0.25608640775084496 1
1782203633718 0.1259953237324953 2
1782203633719 0.0403733847104013 3
1782203633720 0.01998884676024318 4
1782203633722 0.011971840779297053 5
1782203633723 0.008539972419384867 6
1782203633724 0.006455566193908453 7
1782203633725 0.005444496561540291 8
1782203633726 0.004554423163644969 9
1782203633728 0.0038891027215868235 10
1782203633729 0.003496727414894849 11
1782203633730 0.003084827334387228 12
1782203633731 0.0027202344173565506 13
1782203633732 0.0024782766157295556 14
1782203633734 0.0023463319044094533 15
1782203633735 0.0022074590041302146 16
1782203633736 0.00219431546429405 17
1782203633737 0.0019986417292966506 18
1782203633738 0.0019090357789536938 19
1782203633740 0.001932660314196255 20
1782203633741 0.0017945025663357228 21
1782203633742 0.0017326563224196435 22
1782203633743 0.0015730017944588326 23
1782203633744 0.0015408140466024634 24
1782203633746 0.0014763483284332324 25
1782203633747 0.0014444772266142536 26
1782203633748 0.0014647008890460711 27
1782203633749 0.0014612668225890957 28
1782203633750 0.0014307648746762424 29
1782203633752 0.0014424142469943036 30
1782203633753 0.0014331502112327143 31
1782203633754 0.001348586245730985 32
1782203633755 0.001342090768739581 33
1782203633756 0.0013274068813188932 34
1782203633758 0.0013035764324013143 35
1782203633759 0.001274280381767312 36
1782203633760 0.0012122935124352808 37
1782203633761 0.0012284122289565858 38
1782203633762 0.0011804359710367862 39
1782203633763 0.0011656399023195264 40
1782203633765 0.0011291532631730662 41
1782203633766 0.0011418555747513893 42
1782203633767 0.0012259912765148328 43
1782203633768 0.0011523916768783238 44
1782203633769 0.0011003319352312247 45
1782203633771 0.0010915941807616036 46
1782203633772 0.001100861667728168 47
1782203633773 0.0010511444927396951 48
1782203633774 0.001037167702888837 49
1782203633775 0.0010799326023698086 50
1782203633777 0.001085908936947817 51
1782203633778 0.0010292196142108877 52
1782203633779 0.0010404660557833268 53
1782203633780 0.000985039805964334 54
1782203633781 0.000995113266762928 55
1782203633782 0.0009946665594907245 56
1782203633784 0.001003571706605726 57
1782203633785 0.0010268622404691996 58
1782203633786 0.0009935563072212973 59
1782203633787 0.0009552626446384238 60
1782203633788 0.0009629543964547338 61
1782203633790 0.000931255349132698 62
1782203633791 0.0009424630166176939 63
1782203633792 0.0009022267825639574 64
1782203633793 0.0009155276312230854 65
1782203633794 0.0008893786912085489 66
1782203633796 0.0008142561726708664 67
1782203633797 0.0007881981131140492 68
1782203633798 0.0007769628232199466 69
1782203633799 0.0007674863683860167 70
1782203633800 0.0007606093085269094 71
1782203633802 0.0007575762997294078 72
1782203633803 0.0007464096347030136 73
1782203633804 0.000737555215600878 74
1782203633805 0.00073351046328753 75
1782203633806 0.0007296819711336866 76
1782203633808 0.000726376980310306 77
1782203633809 0.0007236724671383854 78
1782203633810 0.0007221315184870036 79
1782203633811 0.0007156568346545101 80
1782203633812 0.0007110792847379344 81
1782203633814 0.0007085614539391827 82
1782203633815 0.0007063097829814069 83
1782203633816 0.0007047838801372563 84
1782203633817 0.0007025701771635795 85
1782203633818 0.0007007069989413139 86
1782203633820 0.0006971276688636863 87
1782203633821 0.0006955526485398877 88
