1782203634020 0.0 1
1782203634021 0.0 2
1782203634022 0.0 3
1782203634023 0.0 4
1782203634024 0.0 5
1782203634025 0.0 6
1782203634026 0.0 7
1782203634027 0.0 8
1782203634028 0.0 9
1782203634029 0.0 10
1782203634030 0.0 11
1782203634031 0.0 12
1782203634032 0.0 13
1782203634033 0.0 14
1782203634035 0.0 15
1782203634036 0.0 16
1782203634037 0.0 17
1782203634038 0.0 18
1782203634039 0.0 19
1782203634040 0.0 20
1782203634041 0.0 21
1782203634042 0.0 22
1782203634043 0.0 23
1782203634044 0.0 24
1782203634045 0.0 25
1782203634046 0.0 26
1782203634047 0.0 27
1782203634048 0.0 28
1782203634049 0.0 29
1782203634051 0.0 30
1782203634052 0.0 31
1782203634053 0.0 32
1782203634054 0.0 33
1782203634055 0.0 34
1782203634057 0.0 35
1782203634058 0.0 36
1782203634059 0.0 37
1782203634060 0.0 38
1782203634061 0.0 39
1782203634063 0.0 40
1782203634064 0.0 41
1782203634065 0.0 42
1782203634066 0.0 43
1782203634067 0.0 44
1782203634068 0.0 45
1782203634070 0.0 46
1782203634071 0.0 47
1782203634072 0.0 48
1782203634073 0.0 49
1782203634074 0.0 50
1782203634076 0.0 51
1782203634077 0.0 52
1782203634078 0.0 53
1782203634079 0.0 54
1782203634080 0.0 55
1782203634081 0.0 56
1782203634083 0.0 57
1782203634084 0.0 58
1782203634085 0.0 59
1782203634086 0.0 60
1782203634087 0.0 61
1782203634089 0.0 62
1782203634090 0.0 63
1782203634091 0.0 64
1782203634092 0.0 65
1782203634093 0.0 66
1782203634095 0.0 67
1782203634096 0.0 68
1782203634097 0.0 69
1782203634098 0.0 70
1782203634099 0.0 71
1782203634100 0.0 72
1782203634102 0.0 73
1782203634103 0.0 74
1782203634104 0.0 75
1782203634105 0.0 76
1782203634106 0.0 77
1782203634107 0.0 78
1782203634108 0.0 79
1782203634110 0.0 80
1782203634111 0.0 81
1782203634111 0.0 82
1782203634113 0.0 83
1782203634114 0.0 84
1782203634115 0.0 85
1782203634116 0.0 86
1782203634117 0.0 87
1782203634118 0.0 88
