1782675580726 0.0 1
1782675580727 0.0 2
1782675580728 0.0 3
1782675580729 0.0 4
1782675580730 0.0 5
1782675580731 0.0 6
1782675580732 0.0 7
1782675580733 0.0 8
1782675580734 0.0 9
1782675580735 0.0 10
1782675580736 0.0 11
1782675580737 0.0 12
1782675580739 0.0 13
1782675580740 0.0 14
1782675580741 0.0 15
1782675580742 0.0 16
1782675580743 0.0 17
1782675580744 0.0 18
1782675580745 0.0 19
1782675580746 0.0 20
1782675580747 0.0 21
1782675580748 0.0 22
1782675580749 0.0 23
1782675580750 0.0 24
1782675580751 0.0 25
1782675580753 0.0 26
1782675580754 0.0 27
1782675580755 0.0 28
1782675580756 0.0 29
1782675580757 0.0 30
1782675580758 0.0 31
1782675580759 0.0 32
1782675580760 0.0 33
1782675580761 0.0 34
1782675580763 0.0 35
1782675580764 0.0 36
1782675580765 0.0 37
1782675580766 0.0 38
1782675580767 0.0 39
1782675580768 0.0 40
1782675580769 0.0 41
1782675580770 0.0 42
1782675580771 0.0 43
1782675580772 0.0 44
1782675580772 0.0 45
1782675580773 0.0 46
1782675580774 0.0 47
1782675580776 0.0 48
1782675580777 0.0 49
1782675580777 0.0 50
1782675580778 0.0 51
1782675580779 0.0 52
1782675580780 0.0 53
