1782675580669 0.0 1
1782675580670 0.0 2
1782675580671 0.0 3
1782675580672 0.0 4
1782675580673 0.0 5
1782675580674 0.0 6
1782675580675 0.0 7
1782675580676 0.0 8
1782675580677 0.0 9
1782675580678 0.0 10
1782675580679 0.0 11
1782675580680 0.0 12
1782675580682 0.0 13
1782675580683 0.0 14
1782675580684 0.0 15
1782675580685 0.0 16
1782675580686 0.0 17
1782675580687 0.0 18
1782675580688 0.0 19
1782675580689 0.0 20
1782675580690 0.0 21
1782675580691 0.0 22
1782675580692 0.0 23
1782675580693 0.0 24
1782675580694 0.0 25
1782675580695 0.0 26
1782675580697 0.0 27
1782675580698 0.0 28
1782675580699 0.0 29
1782675580700 0.0 30
1782675580701 0.0 31
1782675580702 0.0 32
1782675580703 0.0 33
1782675580704 0.0 34
1782675580705 0.0 35
1782675580706 0.0 36
1782675580707 0.0 37
1782675580708 0.0 38
1782675580709 0.0 39
1782675580711 0.0 40
1782675580712 0.0 41
1782675580713 0.0 42
1782675580714 0.0 43
1782675580715 0.0 44
1782675580716 0.0 45
1782675580717 0.0 46
1782675580718 0.0 47
1782675580719 0.0 48
1782675580720 0.0 49
1782675580721 0.0 50
1782675580722 0.0 51
1782675580723 0.0 52
1782675580725 0.0 53
