1782675580554 0.12538723470643162 1
1782675580555 0.02474349773488939 2
1782675580556 0.010516664257738739 3
1782675580557 0.006276180668501183 4
1782675580558 0.0045726732397452 5
1782675580559 0.003540740989847109 6
1782675580560 0.0028640095703303813 7
1782675580562 0.0025858188356505706 8
1782675580563 0.0023922905290964993 9
1782675580564 0.0021398876706371084 10
1782675580565 0.0019259010802488775 11
1782675580566 0.0018925871083047242 12
1782675580567 0.0019165647123008966 13
1782675580568 0.0016855407801631373 14
1782675580569 0.001606198299850803 15
1782675580570 0.0016497730175615288 16
1782675580571 0.0015851626424409915 17
1782675580573 0.0014840113667014521 18
1782675580574 0.0013398613409663085 19
1782675580575 0.001253909151419066 20
1782675580576 0.0012634884059662 21
1782675580577 0.0012416159015265294 22
1782675580578 0.00132316581075429 23
1782675580579 0.0012263022473052842 24
1782675580580 0.0011525308458658402 25
1782675580581 0.0011888623076083604 26
1782675580582 0.0011700529714289587 27
1782675580583 0.0010672402835916728 28
1782675580584 0.0010885994826821844 29
1782675580586 0.0010367136944114464 30
1782675580587 0.0009425796759751393 31
1782675580588 0.0008445512967591639 32
1782675580589 0.0008051712660380872 33
1782675580590 0.0007763303184037796 34
1782675580591 0.0007609532077185577 35
1782675580592 0.00074746291655174 36
1782675580593 0.0007544360413885442 37
1782675580594 0.0007267654527822742 38
1782675580595 0.0006971279753634008 39
1782675580596 0.000685188642819412 40
1782675580598 0.0006779495082446374 41
1782675580599 0.000667969356145477 42
1782675580600 0.0006591464387747692 43
1782675580601 0.0006534805346745997 44
1782675580602 0.0006410520905046724 45
1782675580603 0.0006321811398811405 46
1782675580604 0.0006266854120622156 47
1782675580605 0.0006220530786231393 48
1782675580606 0.0006179801778489491 49
1782675580607 0.0006137868313089712 50
1782675580608 0.0006102680020558183 51
1782675580609 0.0006020726365386508 52
1782675580610 0.0005984801876184065 53
