1780314178970 0.08783167731016875 1
1780314178972 0.026258478285744787 2
1780314178975 0.013413485828787089 3
1780314178977 0.008784641022793948 4
1780314178980 0.006564300549216568 5
1780314178982 0.00531643824186176 6
1780314178985 0.004380118952831254 7
1780314178987 0.0038126286934129896 8
1780314178989 0.0032831030152738095 9
1780314178992 0.003071378398453817 10
1780314178994 0.0027387171919690447 11
1780314178996 0.0026154556847177448 12
1780314178999 0.002413978829572443 13
1780314179001 0.0022767706573358737 14
1780314179003 0.0022769855224760247 15
1780314179006 0.002192240887961816 16
1780314179008 0.0021288920505321586 17
1780314179010 0.0020250911259790884 18
1780314179013 0.001968275979743339 19
1780314179015 0.0019085463153896854 20
1780314179017 0.001919636231905315 21
1780314179019 0.0018289135025406722 22
1780314179022 0.0017499481912818737 23
1780314179024 0.0017540441056189593 24
1780314179026 0.0017075979369110428 25
1780314179029 0.0016829310274624732 26
1780314179031 0.0016967227531131358 27
1780314179033 0.001662422033114126 28
1780314179036 0.0016069931141100824 29
1780314179038 0.0015596695929707494 30
1780314179041 0.0015298459504265339 31
1780314179043 0.001558498494559899 32
1780314179046 0.001583861071994761 33
1780314179048 0.0015274887291889172 34
1780314179051 0.0014550473148847232 35
1780314179054 0.0015281229313404766 36
1780314179056 0.001633274744526716 37
1780314179058 0.0014842716179555282 38
1780314179061 0.0014531044561590534 39
1780314179063 0.00145113905047765 40
1780314179065 0.0014220042496162933 41
1780314179067 0.001385823289892869 42
1780314179070 0.0013948021076066652 43
1780314179072 0.0013496335658419413 44
1780314179074 0.0013603252483153482 45
1780314179077 0.0013363853201735765 46
1780314179079 0.001354008379203151 47
1780314179081 0.0013770319129253038 48
1780314179084 0.0012862310720811365 49
1780314179086 0.0013118967469199561 50
1780314179088 0.0013144597913924373 51
1780314179091 0.0013869052445807028 52
1780314179093 0.001312564886175096 53
1780314179095 0.0012884898803167744 54
1780314179098 0.0012556410380057058 55
1780314179100 0.0012469304561091121 56
1780314179102 0.0012376192244846606 57
1780314179105 0.0012977250713447574 58
1780314179107 0.0011945136373105924 59
1780314179110 0.0011359251743124333 60
1780314179112 0.0011102035397925647 61
1780314179114 0.0011038542610913283 62
1780314179117 0.0010912290751730325 63
1780314179119 0.0010825285895407432 64
1780314179121 0.0010885191693523666 65
1780314179123 0.0010790771216124995 66
1780314179126 0.0010845831383630867 67
1780314179128 0.0010659795074752765 68
1780314179130 0.0010446444003900978 69
1780314179133 0.001039818530334742 70
1780314179135 0.0010330360518855742 71
1780314179137 0.0010336018585803686 72
1780314179139 0.0010296225018100813 73
1780314179142 0.0010293086008459796 74
1780314179144 0.0010251784805586795 75
1780314179146 0.0010258489929401548 76
1780314179149 0.001016648466247716 77
1780314179151 0.0010078705084015382 78
1780314179153 0.0010016426713264082 79
1780314179155 0.0009998842871573289 80
1780314179158 0.0009995273376262048 81
1780314179160 0.0009941929521301062 82
1780314179162 0.000997561640178901 83
1780314179165 0.0009976665430440335 84
1780314179172 0.0009930560336215422 85
1780314179175 0.0009874489812500542 86
1780314179177 0.000984567198829609 87
1780314179180 0.000982306105288444 88
1780314179182 0.000980733586475253 89
1780314179184 0.0009813526028301567 90
1780314179186 0.000982045505734277 91
1780314179189 0.0009778633113455726 92
1780314179191 0.0009765567615249893 93
