1782732100451 0.0 1
1782732100452 0.0 2
1782732100454 0.0 3
1782732100455 0.0 4
1782732100456 0.0 5
1782732100457 0.0 6
1782732100458 0.0 7
1782732100459 0.0 8
1782732100460 0.0 9
1782732100461 0.0 10
1782732100462 0.0 11
1782732100463 0.0 12
1782732100464 0.0 13
1782732100465 0.0 14
1782732100467 0.0 15
1782732100468 0.0 16
1782732100469 0.0 17
1782732100470 0.0 18
1782732100471 0.0 19
1782732100472 0.0 20
1782732100473 0.0 21
1782732100474 0.0 22
1782732100475 0.0 23
1782732100476 0.0 24
1782732100477 0.0 25
1782732100478 0.0 26
1782732100480 0.0 27
1782732100481 0.0 28
1782732100482 0.0 29
1782732100483 0.0 30
1782732100484 0.0 31
1782732100485 0.0 32
1782732100486 0.0 33
1782732100487 0.0 34
1782732100488 0.0 35
1782732100489 0.0 36
1782732100490 0.0 37
1782732100491 0.0 38
1782732100493 0.0 39
1782732100494 0.0 40
1782732100495 0.0 41
1782732100496 0.0 42
1782732100497 0.0 43
1782732100498 0.0 44
1782732100499 0.0 45
1782732100500 0.0 46
1782732100501 0.0 47
1782732100502 0.0 48
1782732100503 0.0 49
1782732100504 0.0 50
1782732100505 0.0 51
1782732100506 0.0 52
1782732100507 0.0 53
1782732100508 0.0 54
1782732100509 0.0 55
1782732100510 0.0 56
1782732100511 0.0 57
1782732100512 0.0 58
1782732100513 0.0 59
1782732100514 0.0 60
1782732100515 0.0 61
1782732100516 0.0 62
1782732100517 0.0 63
1782732100518 0.0 64
1782732100519 0.0 65
1782732100519 0.0 66
1782732100520 0.0 67
1782732100522 0.0 68
