1782732100523 0.0 1
1782732100524 0.0 2
1782732100525 0.0 3
1782732100525 0.0 4
1782732100526 0.0 5
1782732100527 0.0 6
1782732100528 0.0 7
1782732100529 0.0 8
1782732100530 0.0 9
1782732100531 0.0 10
1782732100532 0.0 11
1782732100533 0.0 12
1782732100534 0.0 13
1782732100535 0.0 14
1782732100536 0.0 15
1782732100537 0.0 16
1782732100538 0.0 17
1782732100539 0.0 18
1782732100540 0.0 19
1782732100541 0.0 20
1782732100542 0.0 21
1782732100542 0.0 22
1782732100543 0.0 23
1782732100544 0.0 24
1782732100545 0.0 25
1782732100546 0.0 26
1782732100547 0.0 27
1782732100548 0.0 28
1782732100549 0.0 29
1782732100550 0.0 30
1782732100551 0.0 31
1782732100551 0.0 32
1782732100552 0.0 33
1782732100554 0.0 34
1782732100555 0.0 35
1782732100555 0.0 36
1782732100556 0.0 37
1782732100557 0.0 38
1782732100558 0.0 39
1782732100559 0.0 40
1782732100560 0.0 41
1782732100561 0.0 42
1782732100562 0.0 43
1782732100563 0.0 44
1782732100563 0.0 45
1782732100564 0.0 46
1782732100565 0.0 47
1782732100566 0.0 48
1782732100567 0.0 49
1782732100568 0.0 50
1782732100569 0.0 51
1782732100570 0.0 52
1782732100571 0.0 53
1782732100572 0.0 54
1782732100573 0.0 55
1782732100574 0.0 56
1782732100575 0.0 57
1782732100576 0.0 58
1782732100577 0.0 59
1782732100577 0.0 60
1782732100578 0.0 61
1782732100579 0.0 62
1782732100580 0.0 63
1782732100581 0.0 64
1782732100582 0.0 65
1782732100583 0.0 66
1782732100584 0.0 67
1782732100585 0.0 68
