1780314136417 0.23106784239411354 1
1780314136419 0.20442339703440665 2
1780314136421 0.1783752354979515 3
1780314136423 0.15575892046093942 4
1780314136425 0.1388666567951441 5
1780314136428 0.1250130409002304 6
1780314136430 0.1129385195672512 7
1780314136432 0.1024453566968441 8
1780314136434 0.09323799803853035 9
1780314136436 0.08462831392884254 10
1780314136438 0.07617181763052941 11
1780314136440 0.06836644787341356 12
1780314136442 0.06157613895833492 13
1780314136444 0.05577454391866923 14
1780314136446 0.050777729004621505 15
1780314136449 0.04645855769515037 16
1780314136451 0.042686338499188424 17
1780314136453 0.039378441497683526 18
1780314136455 0.03640218835324049 19
1780314136457 0.03375374794006348 20
1780314136459 0.03135948583483696 21
1780314136461 0.029186477530747653 22
1780314136463 0.027225568890571594 23
1780314136465 0.025427427142858505 24
1780314136467 0.023820708356797695 25
1780314136470 0.022292318418622017 26
1780314136472 0.020827204640954732 27
1780314136474 0.019520973302423954 28
1780314136476 0.01824441570788622 29
1780314136478 0.01703233042731881 30
1780314136480 0.015887587806209923 31
1780314136482 0.014856037152931094 32
1780314136484 0.013910362543538213 33
1780314136486 0.01302847214974463 34
1780314136489 0.012241682894527912 35
1780314136491 0.011517327390611171 36
1780314136493 0.010939390985295177 37
1780314136495 0.0103545839805156 38
1780314136497 0.009757156949490309 39
1780314136499 0.009243767000734806 40
1780314136501 0.008776021040976047 41
1780314136503 0.008425187338143587 42
1780314136505 0.008005786165595054 43
1780314136507 0.007633696212433278 44
1780314136510 0.007247786866500973 45
1780314136512 0.006925002057105303 46
1780314136514 0.006610551779158413 47
1780314136516 0.006306113488972187 48
1780314136518 0.006061751255765557 49
1780314136520 0.00581314985640347 50
1780314136522 0.005564394327811897 51
1780314136524 0.005347154047340155 52
1780314136526 0.005143898208625614 53
1780314136528 0.004952639082912356 54
1780314136531 0.004774339343421161 55
1780314136533 0.004612549552693963 56
1780314136535 0.0044783903285861015 57
1780314136537 0.004339132101740688 58
1780314136539 0.004194495051633567 59
1780314136541 0.004055973051581532 60
1780314136543 0.003895123314578086 61
1780314136553 0.0037554604769684374 62
1780314136555 0.0036208724929019808 63
1780314136557 0.003541538512799889 64
1780314136559 0.0034611712605692444 65
1780314136562 0.0033755697030574084 66
1780314136564 0.0033008175832219423 67
1780314136566 0.00321927536977455 68
1780314136568 0.003128767190501094 69
1780314136570 0.002991693716030568 70
1780314136572 0.002879919024417177 71
1780314136574 0.0027989308210089802 72
1780314136576 0.0027461954893078654 73
1780314136579 0.002673714739503339 74
1780314136581 0.002628783667460084 75
1780314136583 0.0026021938968915494 76
1780314136585 0.00260084270616062 77
1780314136587 0.002546183525118977 78
1780314136589 0.002460215459577739 79
1780314136591 0.0023700812342576684 80
1780314136593 0.002301473600091413 81
1780314136595 0.0022422475588973613 82
1780314136597 0.002233575254213065 83
1780314136600 0.0021921865444164725 84
1780314136602 0.002148287604795769 85
1780314136604 0.0020970218273578213 86
1780314136606 0.0020594291371526198 87
1780314136608 0.002068263262626715 88
1780314136610 0.002048138631507754 89
1780314136612 0.002011288870126009 90
1780314136614 0.0019943442568182944 91
1780314136616 0.00194119191612117 92
1780314136619 0.001919225925230421 93
1780314136621 0.0018873421236639842 94
1780314136623 0.0018493717425735667 95
1780314136625 0.0018098674685461448 96
1780314136627 0.0017772897152462973 97
1780314136629 0.0017632660345407202 98
1780314136632 0.001743865433963947 99
1780314136634 0.0017291714466409758 100
1780314136636 0.0017109817679738625 101
1780314136638 0.001664629685692489 102
1780314136640 0.001639679258223623 103
1780314136643 0.0016083769500255586 104
1780314136645 0.0015948835905874148 105
1780314136647 0.0016238975134911016 106
1780314136649 0.001628477298654616 107
1780314136651 0.0015810489805880934 108
1780314136653 0.0015605705085908995 109
1780314136655 0.0015713273530127481 110
1780314136657 0.001598461001412943 111
1780314136659 0.0015584492281777785 112
1780314136662 0.0015046690084272996 113
1780314136664 0.0014860507077537478 114
1780314136666 0.0014671319906483405 115
1780314136668 0.0014635280205402524 116
1780314136670 0.0014500247544492594 117
1780314136672 0.001416051012929529 118
1780314136674 0.0014181174949044362 119
1780314136676 0.0014116248791106046 120
1780314136678 0.0014030830730916931 121
1780314136681 0.0014079416033928283 122
1780314136683 0.0014589620637707411 123
1780314136685 0.0014189540938241408 124
1780314136687 0.0013588869859813713 125
1780314136689 0.0013624773570336402 126
1780314136691 0.0013468667762936092 127
1780314136693 0.001317452928633429 128
1780314136695 0.0012973306648200377 129
1780314136697 0.0012812784957350232 130
1780314136700 0.0012874781829304994 131
1780314136702 0.0012826813728315757 132
1780314136704 0.0012862829020014032 133
1780314136706 0.001292618389998097 134
1780314136708 0.0012910609701066277 135
1780314136711 0.0012782765383599327 136
1780314136713 0.0012632910907268524 137
1780314136716 0.001249714494042564 138
1780314136718 0.0012456716387532652 139
1780314136724 0.0012352841449319385 140
1780314136727 0.001252406423445791 141
