1781909867683 0.10285457154735923 1
1781909867684 0.03678509774617851 2
1781909867685 0.018774478435516356 3
1781909867686 0.011346595124341547 4
1781909867687 0.007838887982070447 5
1781909867688 0.005802493520313874 6
1781909867689 0.004611872049281374 7
1781909867690 0.003887479034019634 8
1781909867691 0.0033187926386017354 9
1781909867692 0.0029142988554667682 10
1781909867693 0.002671454159426503 11
1781909867694 0.0024521281570196152 12
1781909867695 0.0022820753423729912 13
1781909867696 0.0021491406665882094 14
1781909867696 0.0020184410928050056 15
1781909867697 0.0019292937457794325 16
1781909867698 0.0018291504922672175 17
1781909867699 0.0017185844646883197 18
1781909867700 0.001662984508438967 19
1781909867701 0.0016596842964645476 20
1781909867702 0.0015621434923377819 21
1781909867703 0.0015049065243510995 22
1781909867704 0.0014548067103896756 23
1781909867705 0.0013893263971840497 24
1781909867706 0.0014391283823351842 25
1781909867707 0.001386152899794979 26
1781909867708 0.0013669504717108794 27
1781909867709 0.0013444317143876106 28
1781909867710 0.001305798170651542 29
1781909867711 0.0012367595074465499 30
1781909867711 0.0011837413640751037 31
1781909867712 0.0011553510719386395 32
1781909867713 0.0011609782314917537 33
1781909867714 0.0011527855499298312 34
1781909867715 0.00117496920764097 35
1781909867716 0.001161455136607401 36
1781909867717 0.001132995342486538 37
1781909867718 0.0011234529803186887 38
1781909867719 0.0011121230630669742 39
1781909867720 0.001124203155413852 40
1781909867721 0.0010518160404171795 41
1781909867722 0.0009741508345905459 42
1781909867723 0.0009472369425930083 43
1781909867724 0.0009298948678770103 44
1781909867725 0.0009155828561051749 45
1781909867726 0.0009036278117855545 46
1781909867726 0.0008969967185839778 47
1781909867727 0.000892751309365849 48
1781909867728 0.0008911890579474857 49
1781909867729 0.0008840080100344494 50
1781909867730 0.0008614228847363848 51
1781909867731 0.0008522015645576176 52
1781909867732 0.0008461078234904562 53
1781909867733 0.0008409078424665494 54
1781909867734 0.0008361245570267784 55
1781909867735 0.000829355217210832 56
1781909867736 0.0008242418460940826 57
1781909867737 0.0008206606129169813 58
1781909867738 0.0008176605711923912 59
1781909867739 0.0008146176259833738 60
1781909867740 0.0008113953761494485 61
1781909867741 0.0008073718896412174 62
1781909867741 0.0008053212761296891 63
1781909867742 0.0008034443254291546 64
1781909867743 0.0008017073523296859 65
1781909867744 0.0007998137339018285 66
1781909867745 0.0007980007134392508 67
1781909867746 0.0007954485049776849 68
1781909867747 0.000794359708452248 69
1781909867748 0.0007933061172298039 70
