1781909867879 0.0 1
1781909867880 0.0 2
1781909867881 0.0 3
1781909867882 0.0 4
1781909867883 0.0 5
1781909867884 0.0 6
1781909867885 0.0 7
1781909867886 0.0 8
1781909867887 0.0 9
1781909867888 0.0 10
1781909867889 0.0 11
1781909867890 0.0 12
1781909867891 0.0 13
1781909867892 0.0 14
1781909867893 0.0 15
1781909867894 0.0 16
1781909867894 0.0 17
1781909867895 0.0 18
1781909867896 0.0 19
1781909867897 0.0 20
1781909867898 0.0 21
1781909867899 0.0 22
1781909867900 0.0 23
1781909867901 0.0 24
1781909867902 0.0 25
1781909867903 0.0 26
1781909867904 0.0 27
1781909867905 0.0 28
1781909867906 0.0 29
1781909867907 0.0 30
1781909867908 0.0 31
1781909867909 0.0 32
1781909867910 0.0 33
1781909867911 0.0 34
1781909867912 0.0 35
1781909867913 0.0 36
1781909867914 0.0 37
1781909867914 0.0 38
1781909867915 0.0 39
1781909867916 0.0 40
1781909867917 0.0 41
1781909867918 0.0 42
1781909867919 0.0 43
1781909867920 0.0 44
1781909867921 0.0 45
1781909867922 0.0 46
1781909867923 0.0 47
1781909867924 0.0 48
1781909867925 0.0 49
1781909867926 0.0 50
1781909867927 0.0 51
1781909867928 0.0 52
1781909867928 0.0 53
1781909867929 0.0 54
1781909867930 0.0 55
1781909867931 0.0 56
1781909867932 0.0 57
1781909867933 0.0 58
1781909867934 0.0 59
1781909867935 0.0 60
1781909867936 0.0 61
1781909867937 0.0 62
1781909867938 0.0 63
1781909867939 0.0 64
1781909867940 0.0 65
1781909867941 0.0 66
1781909867942 0.0 67
1781909867943 0.0 68
1781909867943 0.0 69
1781909867944 0.0 70
