1780314174597 0.2273088127374649 1
1780314174600 0.20454798832535745 2
1780314174602 0.18481018364429475 3
1780314174605 0.16241700500249862 4
1780314174607 0.14589131623506546 5
1780314174610 0.1324010181427002 6
1780314174612 0.12049211792647839 7
1780314174615 0.10973422572016717 8
1780314174617 0.09990432351827622 9
1780314174620 0.09080239467322826 10
1780314174622 0.08223292335867882 11
1780314174625 0.07408310659229755 12
1780314174627 0.06651649702340365 13
1780314174630 0.0596085362508893 14
1780314174632 0.05331985294818878 15
1780314174635 0.047880620881915095 16
1780314174637 0.04313246551901102 17
1780314174640 0.03901408828794956 18
1780314174642 0.03545089464634657 19
1780314174645 0.03232831589877606 20
1780314174647 0.029553608596324922 21
1780314174650 0.02714253814890981 22
1780314174652 0.02489359423518181 23
1780314174655 0.02288454947993159 24
1780314174657 0.021037759725004435 25
1780314174660 0.019403111413121222 26
1780314174662 0.017954170564189555 27
1780314174665 0.016607722193002702 28
1780314174667 0.015419279607012868 29
1780314174670 0.014350627921521664 30
1780314174673 0.013359148018062116 31
1780314174675 0.012447038255631924 32
1780314174678 0.011632698345929384 33
1780314174680 0.010887312721461057 34
1780314174683 0.01022368363570422 35
1780314174685 0.009618488838896155 36
1780314174688 0.009078482636250556 37
1780314174690 0.008575948299840092 38
1780314174693 0.008099587061442435 39
1780314174695 0.007654300862923264 40
1780314174698 0.007248348956927657 41
1780314174700 0.006877119084820151 42
1780314174703 0.006541043645702302 43
1780314174705 0.006239502262324095 44
1780314174708 0.005952562931925059 45
1780314174710 0.005689746723510325 46
1780314174713 0.005469577661715448 47
1780314174715 0.005262171209324151 48
1780314174718 0.004999467465095222 49
1780314174720 0.004792325135786086 50
1780314174723 0.004599339521955698 51
1780314174725 0.004419946554116904 52
1780314174728 0.004242628091014921 53
1780314174730 0.004080949444323778 54
1780314174733 0.003942689264658838 55
1780314174736 0.0038252035435289143 56
1780314174738 0.0037009154935367405 57
1780314174741 0.003580851312726736 58
1780314174743 0.003462494076229632 59
1780314174746 0.003353060036897659 60
1780314174748 0.003252344320062548 61
1780314174751 0.003159186316188425 62
1780314174753 0.0030801092192996294 63
1780314174756 0.003007351615233347 64
1780314174759 0.002924977503716946 65
1780314174761 0.002853450149996206 66
1780314174764 0.002783595271175727 67
1780314174766 0.002717626059893519 68
1780314174769 0.002659584772773087 69
1780314174771 0.0026147097966168075 70
1780314174774 0.0025516351393889635 71
1780314174776 0.0024872827297076584 72
1780314174779 0.0024375304963905366 73
1780314174781 0.0023995783634018155 74
1780314174784 0.0023527375515550375 75
1780314174786 0.002298901746980846 76
1780314174789 0.002250845190137625 77
1780314174791 0.0022138082154560834 78
1780314174794 0.002166282917605713 79
1780314174796 0.0021349338750587775 80
1780314174799 0.002102011344395578 81
1780314174801 0.002085240948945284 82
1780314174804 0.0020636777492472904 83
1780314174806 0.0020177810842869803 84
1780314174809 0.001987112762290053 85
1780314174811 0.001962070816080086 86
1780314174814 0.0019401389436097816 87
1780314174816 0.0019142037414712832 88
1780314174819 0.0018960807233816012 89
1780314174821 0.0018880900333169848 90
1780314174824 0.0018608275783481077 91
1780314174826 0.0018337756604887546 92
1780314174829 0.0018088479078141972 93
1780314174831 0.0017814077180810272 94
1780314174834 0.001756795754772611 95
1780314174836 0.0017320829490199685 96
1780314174839 0.0017246194760082289 97
1780314174841 0.0017131055379286408 98
1780314174844 0.001696552885696292 99
1780314174846 0.0016866424097679556 100
1780314174849 0.0016848334911628627 101
1780314174851 0.0016952143676462583 102
1780314174854 0.0016818369593238458 103
1780314174856 0.0016821194897056557 104
1780314174859 0.0016398630966432393 105
1780314174861 0.0016052120170206763 106
1780314174864 0.0015815947033115663 107
1780314174866 0.001571134626865387 108
1780314174869 0.0015684172333567403 109
1780314174871 0.001562145261268597 110
1780314174874 0.0015525603175046854 111
1780314174877 0.0015394573056255467 112
1780314174879 0.0015233311100746505 113
1780314174882 0.0015204626333434135 114
1780314174884 0.001504370950278826 115
1780314174887 0.0015025935915764421 116
1780314174889 0.0014892975604743697 117
1780314174892 0.0014734946511453018 118
1780314174894 0.0014485014873207548 119
1780314174897 0.0014385481656063348 120
1780314174899 0.0014326471590902657 121
1780314174902 0.0014271763543365523 122
1780314174904 0.001422524981899187 123
1780314174906 0.0014175206911750137 124
1780314174909 0.0014130692285834812 125
1780314174912 0.0014082307054195553 126
1780314174914 0.00140305791341234 127
1780314174917 0.001399629546504002 128
