1780314176295 0.2045905314385891 1
1780314176298 0.17862510681152344 2
1780314176300 0.15409791827201844 3
1780314176302 0.13240564815700054 4
1780314176305 0.11542173527181149 5
1780314176307 0.10213475249707699 6
1780314176309 0.09130438826978207 7
1780314176312 0.0820922976732254 8
1780314176314 0.07413190502673388 9
1780314176316 0.0671618903055787 10
1780314176318 0.06093511212617159 11
1780314176321 0.05540124766528606 12
1780314176323 0.05045538939535618 13
1780314176325 0.046044301241636276 14
1780314176328 0.042097556069493294 15
1780314176330 0.038544757515192034 16
1780314176332 0.035350750181823966 17
1780314176334 0.03248193275183439 18
1780314176337 0.029906091969460247 19
1780314176339 0.027568582762032747 20
1780314176341 0.0254653749614954 21
1780314176344 0.02350052133202553 22
1780314176346 0.021737728919833898 23
1780314176349 0.020159309534355997 24
1780314176351 0.018708154568448664 25
1780314176354 0.01741225236095488 26
1780314176356 0.016237826813012363 27
1780314176358 0.01515359708108008 28
1780314176361 0.014180768663063646 29
1780314176363 0.013287203246727585 30
1780314176365 0.012483737645670772 31
1780314176367 0.011739452416077257 32
1780314176370 0.01106865935958922 33
1780314176372 0.010430364427156747 34
1780314176374 0.009852664899080993 35
1780314176377 0.009300785972736775 36
1780314176379 0.008819289337843657 37
1780314176381 0.00836473329924047 38
1780314176383 0.007926899595186115 39
1780314176386 0.007537285559810698 40
1780314176388 0.007197255287319421 41
1780314176390 0.0068729612277820705 42
1780314176393 0.006552895233035087 43
1780314176395 0.00625756866298616 44
1780314176397 0.005985960364341736 45
1780314176399 0.005731159872375428 46
1780314176402 0.005493357225786894 47
1780314176404 0.005307497740723192 48
1780314176406 0.005091782682575286 49
1780314176409 0.004894326922949404 50
1780314176411 0.004685746189206839 51
1780314176413 0.0044952219631522895 52
1780314176416 0.0043355210614390675 53
1780314176418 0.004176176690962165 54
1780314176420 0.004047836717218161 55
1780314176422 0.00389899737900123 56
1780314176425 0.003737146675121039 57
1780314176427 0.003602247352246195 58
1780314176429 0.00347461428726092 59
1780314176432 0.003368546061683446 60
1780314176434 0.003286977808456868 61
1780314176436 0.003203770560212433 62
1780314176438 0.0031232802744489163 63
1780314176441 0.0029992811928968876 64
1780314176443 0.002895385844167322 65
1780314176445 0.0028127556177787484 66
1780314176448 0.002731804869836196 67
1780314176450 0.0026710303546860813 68
1780314176452 0.0026042412803508343 69
1780314176454 0.0025592331716325135 70
1780314176457 0.002512491240631789 71
1780314176459 0.0024466068134643137 72
1780314176461 0.002392580572050065 73
1780314176464 0.002344800770515576 74
1780314176466 0.0022930024517700074 75
1780314176468 0.0022392451972700657 76
1780314176470 0.0022042246139608325 77
1780314176473 0.0021652404766064138 78
1780314176475 0.002129655625903979 79
1780314176477 0.0020769007317721845 80
1780314176480 0.0020318433112697675 81
1780314176482 0.0020146600215230136 82
1780314176484 0.0020039658102905377 83
1780314176486 0.0019654604035895316 84
1780314176489 0.0019327794603304937 85
1780314176491 0.0018868055508937686 86
1780314176494 0.0018559127493062988 87
1780314176496 0.0018257218389771878 88
1780314176499 0.0017965939705027268 89
1780314176501 0.0017750955797964708 90
1780314176504 0.0017606208671350032 91
1780314176506 0.0017619895335519687 92
1780314176516 0.0017613095074193552 93
1780314176519 0.001736733838915825 94
1780314176521 0.0017058845469728112 95
1780314176523 0.0016914816037751734 96
1780314176526 0.0017019780701957644 97
1780314176528 0.0016694923615432344 98
1780314176530 0.0016388952702982352 99
1780314176533 0.0016080330187105574 100
1780314176535 0.001584770271438174 101
1780314176537 0.0015612271611462347 102
1780314176540 0.001542152366891969 103
1780314176542 0.0015361466121976263 104
1780314176544 0.0015324525334290229 105
1780314176547 0.001519537607091479 106
1780314176549 0.0014991274537169376 107
1780314176551 0.0014887563526281157 108
1780314176554 0.0014829501244821585 109
1780314176556 0.0014759997293003835 110
1780314176558 0.0014703660842496902 111
1780314176561 0.0014723614041577094 112
1780314176563 0.0014603786452789791 113
1780314176565 0.0014347742378595285 114
1780314176567 0.0014197909404174425 115
1780314176570 0.00142349403409753 116
1780314176572 0.0014222422998864204 117
1780314176574 0.0014043034365749918 118
1780314176577 0.0014049247055663728 119
1780314176579 0.0013932420674245805 120
1780314176581 0.0013966606074245647 121
1780314176583 0.0013917895313352345 122
1780314176586 0.0013707252289168537 123
1780314176588 0.0013567154030897654 124
1780314176590 0.001353514393849764 125
1780314176593 0.0013390940564568154 126
1780314176595 0.0013331142772221938 127
1780314176597 0.0013324172329157592 128
1780314176600 0.001319230303488439 129
1780314176602 0.0012981108734675217 130
1780314176604 0.001274642021744512 131
1780314176606 0.001266722646978451 132
1780314176609 0.0012608377757715062 133
1780314176611 0.0012561478573479689 134
1780314176613 0.001252369002904743 135
1780314176616 0.0012482220135279932 136
1780314176618 0.0012445580649364273 137
1780314176620 0.0012409220536937938 138
1780314176623 0.0012372368534852285 139
1780314176625 0.001234879276744323 140
