============================================================
Optuna Study : aiarchi_sepv2_dim240
Trials completed : 40
Best val MSE    : 0.000465

Best hyperparameters :
                    lr = 5.8482319517158025e-05
          weight_decay = 3.443487676670848e-06
          dropout_rate = 0.07234677265330755
             noise_std = 0.00017707924362405834
              patience = 20

Hyperparameter importance :
                    lr : 0.504  ███████████████
             noise_std : 0.248  ███████
              patience : 0.118  ███
          dropout_rate : 0.077  ██
          weight_decay : 0.053  █

 Trial     Val loss  Epoch           lr weight_decay dropout_rate    noise_std     patience
-------------------------------------------------------------------------------------------
    16     0.000465     72     5.85e-05     3.44e-06     7.23e-02     1.77e-04           20
     6     0.000491     74     2.75e-05     6.68e-07     2.89e-01     3.84e-03           51
    35     0.000514     94     5.11e-05     1.00e-08     3.83e-01     1.25e-03           35
    10     0.000532     76     8.60e-05     1.43e-07     1.15e-01     1.39e-03           10
    27     0.000549     49     7.27e-05     3.09e-08     1.84e-01     9.40e-07           34
    28     0.000561     40     4.59e-05     5.78e-06     6.59e-02     1.06e-03           10
    31     0.000582     63     7.41e-05     3.96e-08     1.86e-01     6.91e-05           32
    12     0.000594     31     8.48e-05     1.22e-07     1.25e-02     1.41e-03           10
    22     0.000598     37     9.96e-05     3.26e-07     1.91e-01     8.79e-04           16
    26     0.000601     66     4.38e-05     2.41e-07     3.02e-01     8.29e-04           15
    25     0.000610     46     6.43e-05     1.04e-06     2.42e-01     4.84e-04           26
    32     0.000615     54     2.84e-05     2.00e-08     2.22e-01     4.63e-04           35
    33     0.000644     90     1.97e-05     6.85e-07     1.60e-01     2.53e-04           44
    15     0.000644     53     3.44e-05     5.09e-08     1.29e-02     1.32e-03           41
     5     0.000646     61     1.75e-05     1.12e-08     3.37e-01     2.75e-04           57
    21     0.000668     23     5.91e-05     1.41e-06     1.04e-01     1.45e-03           15
    18     0.000672     40     2.73e-05     2.97e-06     4.94e-02     3.44e-03           48
    19     0.000680     42     6.11e-05     1.12e-05     1.69e-01     2.23e-03           36
    23     0.000707     36     6.00e-05     6.81e-08     1.25e-01     1.75e-03           24
    34     0.000711     19     7.26e-05     7.23e-08     8.31e-02     2.35e-03           39
     4     0.000711     73     1.44e-05     2.09e-05     3.84e-01     4.84e-03           44
     9     0.000713     71     1.27e-05     2.38e-08     2.18e-01     3.25e-03           29
     8     0.000715     88     6.93e-06     6.01e-07     2.73e-01     4.25e-03           50
    13     0.000731     49     4.18e-05     1.29e-07     1.39e-01     1.97e-03           20
    24     0.000731     27     3.31e-05     4.51e-06     5.68e-02     2.57e-03           16
     1     0.000739     89     2.37e-05     9.31e-04     3.59e-01     2.09e-03           39
    38     0.000742     49     1.49e-05     2.13e-05     3.64e-01     3.01e-03           29
    20     0.000748     66     2.21e-05     1.15e-04     5.87e-02     6.37e-04           55
    17     0.000766    125     2.75e-06     1.36e-04     3.20e-01     4.31e-05           21
    14     0.000770     32     4.65e-05     4.06e-07     1.55e-01     3.80e-03           60
     0     0.000795     64     1.00e-05     1.00e-05     1.00e-01     3.00e-03           30
    29     0.000809     60     8.87e-06     1.61e-06     9.47e-02     2.85e-03           26
    39     0.000852     19     4.70e-05     2.32e-07     2.85e-01     4.27e-03           13
     3     0.000853     72     5.80e-06     3.43e-05     2.18e-01     2.65e-03           22
    11     0.000910     17     9.44e-05     1.52e-07     9.52e-02     8.62e-04           11
    36     0.000917     75     3.51e-05     7.66e-04     3.94e-01     1.10e-03           53
     2     0.000999    184     1.61e-06     2.67e-06     2.81e-01     3.90e-03           50
    37     0.001025    223     1.04e-06     1.44e-08     3.59e-01     1.78e-03           44
     7     0.001048     57     6.10e-06     1.07e-06     2.58e-01     4.62e-03           31
    30     0.001204     81     3.89e-06     1.03e-05     1.29e-01     1.72e-03           19
============================================================