1780314141194 0.15325880475342274 1
1780314141196 0.06257164342328907 2
1780314141198 0.0314930432010442 3
1780314141200 0.019132546936161815 4
1780314141202 0.013122860956937075 5
1780314141205 0.009641662805806845 6
1780314141207 0.00746965526137501 7
1780314141209 0.006281948295654729 8
1780314141211 0.005198168080532924 9
1780314141213 0.004364901344524696 10
1780314141215 0.003816556689562276 11
1780314141217 0.0033818758430425077 12
1780314141220 0.003109228598768823 13
1780314141222 0.0028331777965649963 14
1780314141224 0.002647366576711647 15
1780314141226 0.002623661165125668 16
1780314141228 0.0023847463534912095 17
1780314141230 0.0022998692229157314 18
1780314141233 0.002234443414781708 19
1780314141235 0.002117464246985037 20
1780314141237 0.0019942144930246287 21
1780314141239 0.0019781342303031124 22
1780314141241 0.0019057032588170842 23
1780314141243 0.0018609806735184974 24
1780314141246 0.0017120647570118307 25
1780314141248 0.0016538122884230688 26
1780314141250 0.0016553595592267811 27
1780314141252 0.001822288057010155 28
1780314141254 0.0016481945231498684 29
1780314141256 0.0016026693912863266 30
1780314141259 0.0015117512305732816 31
1780314141261 0.0014974876851192676 32
1780314141263 0.0014916998898843303 33
1780314141265 0.0014273995743133128 34
1780314141267 0.0013802657816268037 35
1780314141269 0.0013602441620605532 36
1780314141271 0.0013526742625981569 37
1780314141274 0.0013688893074868247 38
1780314141276 0.001417789313418325 39
1780314141278 0.0016458990379760508 40
1780314141280 0.001519764102413319 41
1780314141282 0.0013535500561556546 42
1780314141284 0.001265697548733442 43
1780314141287 0.0012181625555967913 44
1780314141289 0.0011974812745756936 45
1780314141291 0.0012035622520488688 46
1780314141293 0.0012330395406024764 47
1780314141295 0.0012151629915751984 48
1780314141297 0.0011439538629201707 49
1780314141299 0.0010928053669340442 50
1780314141302 0.001065510470434674 51
1780314141304 0.0010518105802475475 52
1780314141306 0.0010406692582910183 53
1780314141308 0.0010339434145134874 54
1780314141310 0.0010309509135549887 55
1780314141312 0.0010319967826944777 56
1780314141315 0.0010431054601212964 57
1780314141317 0.0010483142334851436 58
1780314141319 0.00101069074094994 59
1780314141321 0.000981366175619769 60
1780314141323 0.0009693880493432517 61
1780314141325 0.0009623879269202007 62
1780314141328 0.0009575501646031625 63
1780314141330 0.0009522812413342763 64
1780314141332 0.0009479618817567825 65
1780314141334 0.0009444657765561715 66
1780314141336 0.0009426878661179216 67
1780314141338 0.0009451844378054375 68
1780314141340 0.0009319054845400388 69
1780314141343 0.0009200949841033434 70
1780314141345 0.0009152737282420275 71
1780314141347 0.0009119559397367993 72
1780314141349 0.0009091923059168039 73
1780314141351 0.0009064632007357432 74
1780314141353 0.0009036532008030917 75
1780314141355 0.0009015461108356249 76
1780314141358 0.0008996379286691081 77
1780314141360 0.000897559650184121 78
1780314141362 0.0008914181186264614 79
1780314141364 0.0008879026264912681 80
1780314141366 0.0008859021639000275 81
1780314141368 0.0008844630407838849 82
1780314141371 0.0008827258200835786 83
