1780314169017 0.19243956290185452 1
1780314169020 0.14841362655162813 2
1780314169022 0.1107506002485752 3
1780314169024 0.08682765223085881 4
1780314169027 0.07016757231205702 5
1780314169029 0.05768556432798505 6
1780314169031 0.04808502476662398 7
1780314169034 0.040477064475417136 8
1780314169036 0.034313595434650776 9
1780314169038 0.029284705761820077 10
1780314169041 0.025136585934087633 11
1780314169043 0.021715141544118525 12
1780314169045 0.0188557093590498 13
1780314169047 0.016475049308501185 14
1780314169050 0.014514280366711318 15
1780314169052 0.012851642887108028 16
1780314169054 0.01147005848120898 17
1780314169057 0.010248594409786165 18
1780314169059 0.009199719664175064 19
1780314169061 0.008308935083914549 20
1780314169063 0.007534124050289392 21
1780314169066 0.006889192711096257 22
1780314169068 0.0063002861547283824 23
1780314169070 0.005785361942835152 24
1780314169073 0.005336589582730085 25
1780314169075 0.004949181872652844 26
1780314169077 0.004610821924870834 27
1780314169079 0.004293119673384353 28
1780314169082 0.0040140207752119746 29
1780314169084 0.003780661323107779 30
1780314169086 0.003580419258214533 31
1780314169088 0.0034088348131626842 32
1780314169091 0.0032570364547427743 33
1780314169093 0.003063554723048583 34
1780314169095 0.002898424528539181 35
1780314169110 0.0027659144951030614 36
1780314169113 0.002644865983747877 37
1780314169115 0.0025356377253774555 38
1780314169118 0.0024346671666717157 39
1780314169120 0.002345062813255936 40
1780314169123 0.0022862283955328165 41
1780314169125 0.0022284389787819237 42
1780314169128 0.0021466342886560597 43
1780314169130 0.002057421448698733 44
1780314169132 0.0019813258241629227 45
1780314169134 0.0019511984940618276 46
1780314169137 0.0018847188117797487 47
1780314169139 0.0018416510359384119 48
1780314169141 0.0017823465753463096 49
1780314169143 0.0017237923308857717 50
1780314169146 0.001685879395226948 51
1780314169148 0.0016551006041117943 52
1780314169150 0.001635695235163439 53
1780314169152 0.0016008330273325556 54
1780314169155 0.001574501507129753 55
1780314169157 0.001532055259885965 56
1780314169159 0.0015083155753382016 57
1780314169161 0.0014892835365026258 58
1780314169163 0.0014604654475988354 59
1780314169166 0.0014244506004615688 60
1780314169168 0.0014046660272288135 61
1780314169170 0.0013810832890158054 62
1780314169173 0.00135868041717913 63
1780314169175 0.0013535224710358306 64
1780314169177 0.001358215153304627 65
1780314169179 0.0013415291853016242 66
1780314169182 0.0013278723842813634 67
1780314169184 0.0012978929151722695 68
1780314169186 0.001269678040407598 69
1780314169188 0.0012597129540517927 70
1780314169191 0.0012405311224574689 71
1780314169193 0.0012321673886617646 72
1780314169195 0.0012340306173427961 73
1780314169198 0.0012343325358233415 74
1780314169200 0.0012358880055398913 75
1780314169202 0.0012001804591272958 76
1780314169204 0.001170126128999982 77
1780314169207 0.001159036852332065 78
1780314169209 0.0011525650401017628 79
1780314169211 0.0011462543837114935 80
1780314169213 0.0011413727638137062 81
1780314169216 0.001136018390316167 82
1780314169218 0.0011308376099623274 83
1780314169220 0.0011256851418147563 84
1780314169222 0.0011224121366831242 85
1780314169225 0.0011141160784609383 86
1780314169227 0.0011107741302112117 87
1780314169229 0.0011075953766703605 88
1780314169231 0.0011048821535950993 89
1780314169233 0.0011024600270320662 90
1780314169236 0.0010999682811961974 91
1780314169238 0.0010977723049290945 92
1780314169240 0.0010958847071015044 93
1780314169243 0.0010956771294149802 94
1780314169245 0.001091484696007683 95
1780314169247 0.0010875252688128966 96
