1784034986918 0.0 1
1784034986920 0.0 2
1784034986921 0.0 3
1784034986923 0.0 4
1784034986924 0.0 5
1784034986926 0.0 6
1784034986927 0.0 7
1784034986928 0.0 8
1784034986929 0.0 9
1784034986931 0.0 10
1784034986932 0.0 11
1784034986934 0.0 12
1784034986935 0.0 13
1784034986937 0.0 14
1784034986938 0.0 15
1784034986939 0.0 16
1784034986941 0.0 17
1784034986942 0.0 18
1784034986943 0.0 19
1784034986945 0.0 20
1784034986946 0.0 21
1784034986947 0.0 22
1784034986949 0.0 23
1784034986950 0.0 24
1784034986951 0.0 25
1784034986953 0.0 26
1784034986954 0.0 27
1784034986956 0.0 28
1784034986957 0.0 29
1784034986959 0.0 30
1784034986960 0.0 31
1784034986961 0.0 32
1784034986963 0.0 33
1784034986964 0.0 34
1784034986965 0.0 35
1784034986967 0.0 36
1784034986968 0.0 37
1784034986970 0.0 38
1784034986971 0.0 39
1784034986973 0.0 40
1784034986974 0.0 41
1784034986976 0.0 42
1784034986977 0.0 43
1784034986978 0.0 44
1784034986980 0.0 45
1784034986981 0.0 46
1784034986983 0.0 47
1784034986984 0.0 48
1784034986985 0.0 49
1784034986987 0.0 50
1784034986988 0.0 51
1784034986990 0.0 52
1784034986991 0.0 53
1784034986992 0.0 54
1784034986993 0.0 55
1784034986995 0.0 56
1784034986996 0.0 57
1784034986997 0.0 58
1784034986999 0.0 59
1784034987000 0.0 60
1784034987002 0.0 61
1784034987003 0.0 62
1784034987005 0.0 63
1784034987006 0.0 64
1784034987008 0.0 65
1784034987009 0.0 66
1784034987011 0.0 67
1784034987012 0.0 68
1784034987014 0.0 69
1784034987015 0.0 70
1784034987017 0.0 71
1784034987019 0.0 72
1784034987020 0.0 73
1784034987022 0.0 74
1784034987023 0.0 75
1784034987025 0.0 76
1784034987026 0.0 77
1784034987027 0.0 78
1784034987029 0.0 79
1784034987030 0.0 80
1784034987031 0.0 81
1784034987033 0.0 82
1784034987034 0.0 83
1784034987035 0.0 84
1784034987037 0.0 85
1784034987038 0.0 86
1784034987039 0.0 87
1784034987041 0.0 88
1784034987042 0.0 89
1784034987043 0.0 90
1784034987044 0.0 91
1784034987046 0.0 92
1784034987047 0.0 93
1784034987049 0.0 94
1784034987051 0.0 95
1784034987052 0.0 96
1784034987053 0.0 97
1784034987054 0.0 98
1784034987056 0.0 99
1784034987057 0.0 100
1784034987058 0.0 101
1784034987060 0.0 102
1784034987061 0.0 103
1784034987062 0.0 104
1784034987064 0.0 105
1784034987065 0.0 106
1784034987067 0.0 107
1784034987068 0.0 108
1784034987070 0.0 109
1784034987071 0.0 110
1784034987072 0.0 111
1784034987074 0.0 112
1784034987075 0.0 113
1784034987076 0.0 114
1784034987078 0.0 115
1784034987079 0.0 116
