1784034987081 0.0 1
1784034987082 0.0 2
1784034987084 0.0 3
1784034987085 0.0 4
1784034987086 0.0 5
1784034987087 0.0 6
1784034987089 0.0 7
1784034987090 0.0 8
1784034987091 0.0 9
1784034987093 0.0 10
1784034987094 0.0 11
1784034987095 0.0 12
1784034987097 0.0 13
1784034987099 0.0 14
1784034987100 0.0 15
1784034987102 0.0 16
1784034987103 0.0 17
1784034987105 0.0 18
1784034987106 0.0 19
1784034987108 0.0 20
1784034987109 0.0 21
1784034987111 0.0 22
1784034987112 0.0 23
1784034987114 0.0 24
1784034987116 0.0 25
1784034987117 0.0 26
1784034987119 0.0 27
1784034987120 0.0 28
1784034987122 0.0 29
1784034987123 0.0 30
1784034987125 0.0 31
1784034987126 0.0 32
1784034987128 0.0 33
1784034987129 0.0 34
1784034987131 0.0 35
1784034987133 0.0 36
1784034987134 0.0 37
1784034987136 0.0 38
1784034987137 0.0 39
1784034987139 0.0 40
1784034987140 0.0 41
1784034987142 0.0 42
1784034987143 0.0 43
1784034987145 0.0 44
1784034987147 0.0 45
1784034987148 0.0 46
1784034987150 0.0 47
1784034987151 0.0 48
1784034987153 0.0 49
1784034987154 0.0 50
1784034987156 0.0 51
1784034987157 0.0 52
1784034987159 0.0 53
1784034987160 0.0 54
1784034987162 0.0 55
1784034987164 0.0 56
1784034987165 0.0 57
1784034987167 0.0 58
1784034987168 0.0 59
1784034987170 0.0 60
1784034987171 0.0 61
1784034987173 0.0 62
1784034987174 0.0 63
1784034987176 0.0 64
1784034987177 0.0 65
1784034987179 0.0 66
1784034987180 0.0 67
1784034987182 0.0 68
1784034987183 0.0 69
1784034987184 0.0 70
1784034987186 0.0 71
1784034987187 0.0 72
1784034987189 0.0 73
1784034987190 0.0 74
1784034987192 0.0 75
1784034987193 0.0 76
1784034987195 0.0 77
1784034987196 0.0 78
1784034987197 0.0 79
1784034987198 0.0 80
1784034987200 0.0 81
1784034987201 0.0 82
1784034987203 0.0 83
1784034987204 0.0 84
1784034987205 0.0 85
1784034987207 0.0 86
1784034987208 0.0 87
1784034987210 0.0 88
1784034987211 0.0 89
1784034987212 0.0 90
1784034987214 0.0 91
1784034987215 0.0 92
1784034987217 0.0 93
1784034987218 0.0 94
1784034987219 0.0 95
1784034987221 0.0 96
1784034987222 0.0 97
1784034987224 0.0 98
1784034987225 0.0 99
1784034987227 0.0 100
1784034987228 0.0 101
1784034987230 0.0 102
1784034987231 0.0 103
1784034987232 0.0 104
1784034987234 0.0 105
1784034987235 0.0 106
1784034987236 0.0 107
1784034987238 0.0 108
1784034987239 0.0 109
1784034987241 0.0 110
1784034987242 0.0 111
1784034987243 0.0 112
1784034987244 0.0 113
1784034987246 0.0 114
1784034987248 0.0 115
1784034987249 0.0 116
