1784034986571 0.025646327042486518 1
1784034986573 0.0038000253555946985 2
1784034986574 0.0036583679243631195 3
1784034986576 0.003194065126881469 4
1784034986578 0.002993892100348603 5
1784034986579 0.0029498114448506386 6
1784034986581 0.002970900077052647 7
1784034986582 0.0029936304126749747 8
1784034986584 0.002864432837377535 9
1784034986585 0.0024979834126133936 10
1784034986587 0.002432530638325261 11
1784034986589 0.002295497551385779 12
1784034986590 0.0021565898318658583 13
1784034986592 0.002068253359029768 14
1784034986593 0.001993328841344919 15
1784034986595 0.0019518066874297801 16
1784034986596 0.0018591689558525104 17
1784034986598 0.0019800610883976334 18
1784034986600 0.0017974403443804477 19
1784034986601 0.0016634982601681258 20
1784034986603 0.0016948408386087976 21
1784034986604 0.0016692179118399507 22
1784034986606 0.0016819176025455818 23
1784034986607 0.0015628397891123314 24
1784034986609 0.0016581240149389487 25
1784034986611 0.0015530487580690533 26
1784034986612 0.0015809017742867582 27
1784034986614 0.0016287174714670982 28
1784034986615 0.001603963831148576 29
1784034986617 0.001656660182197811 30
1784034986618 0.0014318874281889294 31
1784034986620 0.0014254810458805877 32
1784034986622 0.001363581214682199 33
1784034986623 0.0013374803522310686 34
1784034986625 0.0013713503227336331 35
1784034986626 0.0012818949607026299 36
1784034986628 0.0013066728967532982 37
1784034986629 0.0014525094006967265 38
1784034986631 0.0017143370654957835 39
1784034986632 0.001539719524444081 40
1784034986634 0.0013910324792959726 41
1784034986635 0.0012834563528303989 42
1784034986637 0.0011926296692399774 43
1784034986639 0.0012450411110330607 44
1784034986640 0.001294483073943411 45
1784034986642 0.0013895097820204683 46
1784034986643 0.0012426329180016183 47
1784034986645 0.0012066028616391123 48
1784034986646 0.0011627217625209596 49
1784034986648 0.0011111626819183583 50
1784034986650 0.0010710674479196313 51
1784034986651 0.0010535899474780309 52
1784034986653 0.001132223775566672 53
1784034986654 0.0012176489737612429 54
1784034986656 0.0014660936930158642 55
1784034986657 0.0013426820985478116 56
1784034986659 0.0013487768181948924 57
1784034986660 0.0011443787104508374 58
1784034986662 0.001042301520355977 59
1784034986664 0.0009872868697857484 60
1784034986665 0.0010219363369833444 61
1784034986667 0.001075575831491733 62
1784034986668 0.0010565348250383977 63
1784034986670 0.0009224727356195217 64
1784034986671 0.0008340657663211459 65
1784034986673 0.0007969692568440223 66
1784034986675 0.0007753827585838735 67
1784034986676 0.0007599537187343231 68
1784034986678 0.0007492486671981168 69
1784034986679 0.0007393192516610725 70
1784034986681 0.0007488747652678284 71
1784034986682 0.0007574888867384288 72
1784034986684 0.0007425327285454841 73
1784034986685 0.0007387956002639839 74
1784034986687 0.0007601749600144103 75
1784034986689 0.0007847446559026139 76
1784034986690 0.0007359039248694899 77
1784034986692 0.0006764017364912434 78
1784034986693 0.0006389394238794921 79
1784034986695 0.0006240659485774814 80
1784034986696 0.0006158795263036154 81
1784034986698 0.0006072213283187011 82
1784034986699 0.0006008703958650585 83
1784034986701 0.0005943952225061366 84
1784034986703 0.0005899980973481433 85
1784034986704 0.0005890700669988291 86
1784034986706 0.0005845682541257702 87
1784034986707 0.0005796004342846573 88
1784034986709 0.0005631453634123318 89
1784034986710 0.0005493272547755624 90
1784034986712 0.0005439144324918743 91
1784034986713 0.0005404393991921097 92
1784034986715 0.0005368561757495626 93
1784034986717 0.0005337766829325119 94
1784034986718 0.0005305641908489633 95
1784034986720 0.0005276659747323719 96
1784034986721 0.0005248745330027304 97
1784034986723 0.0005239792152133305 98
1784034986724 0.0005225220184365753 99
1784034986726 0.0005126055677101249 100
1784034986727 0.0005062604518752778 101
1784034986729 0.0005036699926131405 102
1784034986731 0.0005016168254223885 103
1784034986732 0.0005002770788269117 104
1784034986734 0.0004982299665425671 105
1784034986735 0.0004967166738060768 106
1784034986737 0.0004949552402104019 107
1784034986738 0.0004931763745116769 108
1784034986740 0.0004913986761675915 109
1784034986741 0.0004896426799678011 110
1784034986743 0.0004854770136444131 111
1784034986745 0.000483905379078351 112
1784034986746 0.00048293302388628944 113
1784034986748 0.0004820124710386153 114
1784034986749 0.0004810548140812898 115
1784034986751 0.0004801938642049208 116
