1782757249392 0.0 1
1782757249393 0.0 2
1782757249394 0.0 3
1782757249395 0.0 4
1782757249396 0.0 5
1782757249397 0.0 6
1782757249398 0.0 7
1782757249399 0.0 8
1782757249399 0.0 9
1782757249400 0.0 10
1782757249401 0.0 11
1782757249402 0.0 12
1782757249403 0.0 13
1782757249404 0.0 14
1782757249405 0.0 15
1782757249406 0.0 16
1782757249407 0.0 17
1782757249408 0.0 18
1782757249409 0.0 19
1782757249410 0.0 20
1782757249411 0.0 21
1782757249412 0.0 22
1782757249413 0.0 23
1782757249414 0.0 24
1782757249415 0.0 25
1782757249416 0.0 26
1782757249417 0.0 27
1782757249417 0.0 28
1782757249418 0.0 29
1782757249419 0.0 30
1782757249420 0.0 31
1782757249421 0.0 32
1782757249422 0.0 33
1782757249423 0.0 34
1782757249424 0.0 35
1782757249425 0.0 36
1782757249426 0.0 37
1782757249427 0.0 38
1782757249428 0.0 39
1782757249429 0.0 40
1782757249430 0.0 41
1782757249430 0.0 42
1782757249431 0.0 43
1782757249432 0.0 44
1782757249433 0.0 45
1782757249434 0.0 46
1782757249435 0.0 47
1782757249436 0.0 48
1782757249437 0.0 49
1782757249438 0.0 50
1782757249439 0.0 51
1782757249440 0.0 52
1782757249441 0.0 53
1782757249442 0.0 54
1782757249443 0.0 55
1782757249444 0.0 56
1782757249445 0.0 57
1782757249446 0.0 58
1782757249446 0.0 59
1782757249447 0.0 60
1782757249448 0.0 61
1782757249449 0.0 62
1782757249450 0.0 63
1782757249451 0.0 64
1782757249452 0.0 65
1782757249453 0.0 66
1782757249454 0.0 67
1782757249455 0.0 68
1782757249456 0.0 69
1782757249457 0.0 70
1782757249458 0.0 71
1782757249459 0.0 72
1782757249460 0.0 73
1782757249461 0.0 74
1782757249463 0.0 75
1782757249464 0.0 76
1782757249465 0.0 77
1782757249466 0.0 78
1782757249467 0.0 79
1782757249468 0.0 80
1782757249469 0.0 81
1782757249470 0.0 82
1782757249471 0.0 83
1782757249472 0.0 84
1782757249473 0.0 85
1782757249474 0.0 86
1782757249475 0.0 87
1782757249476 0.0 88
1782757249477 0.0 89
