1782757249111 0.19589740958064794 1
1782757249112 0.04021370941773057 2
1782757249113 0.012387432074174285 3
1782757249114 0.006855071310419589 4
1782757249115 0.004638544428162277 5
1782757249116 0.0034326878417050466 6
1782757249117 0.0028643283480778337 7
1782757249118 0.002481117362040095 8
1782757249120 0.0021886599765275606 9
1782757249121 0.002090122395020444 10
1782757249122 0.0019160452391952275 11
1782757249123 0.001773361506056972 12
1782757249124 0.0016871288609399927 13
1782757249125 0.0016274654373410159 14
1782757249126 0.0015448912455758546 15
1782757249127 0.0015334126474044751 16
1782757249128 0.0014222798829723615 17
1782757249129 0.0013758650375530123 18
1782757249131 0.0013450345557066612 19
1782757249132 0.0013359204604057595 20
1782757249133 0.0012986002858087885 21
1782757249134 0.0013294702551502268 22
1782757249135 0.001300723324093269 23
1782757249136 0.0012733968104294035 24
1782757249137 0.0012322228497941977 25
1782757249138 0.0011925802836049116 26
1782757249139 0.0011792873525700999 27
1782757249140 0.0011648636106110645 28
1782757249141 0.0011340599901450332 29
1782757249143 0.0011349410915136105 30
1782757249144 0.0011407992453314364 31
1782757249145 0.001128452992415987 32
1782757249146 0.0011682008736534045 33
1782757249147 0.001136873389550601 34
1782757249148 0.0011118199748307233 35
1782757249149 0.0010681787280918797 36
1782757249150 0.0010459988157526822 37
1782757249151 0.0010416424431605265 38
1782757249152 0.0010687214859353845 39
1782757249153 0.0010917588142183377 40
1782757249155 0.0010471412555489224 41
1782757249156 0.0010153909731889143 42
1782757249157 0.0009852474031504244 43
1782757249158 0.000997916404303396 44
1782757249159 0.0009969471090880689 45
1782757249160 0.0010103349154815078 46
1782757249161 0.0010061486934137066 47
1782757249162 0.00097886336632655 48
1782757249163 0.0010011185090843355 49
1782757249164 0.0009333373980916804 50
1782757249165 0.0008902898061205633 51
1782757249167 0.000869583238963969 52
1782757249168 0.0008602268353206455 53
1782757249169 0.0008523675481046666 54
1782757249170 0.000845923009510443 55
1782757249171 0.0008408928593053133 56
1782757249172 0.0008391626945740427 57
1782757249173 0.0008439526304209722 58
1782757249174 0.0008491897794374381 59
1782757249175 0.000862832588791207 60
1782757249176 0.0008606102868361632 61
1782757249177 0.0008430075989599573 62
1782757249179 0.0008303148753475398 63
1782757249180 0.0008209927728603362 64
1782757249181 0.0008250731261068722 65
1782757249182 0.0008201266338801361 66
1782757249183 0.0007997600681846961 67
1782757249184 0.0007851334346923977 68
1782757249185 0.0007801330334041268 69
1782757249186 0.0007765794933584403 70
1782757249187 0.0007735418545053108 71
1782757249188 0.0007708277096025995 72
1782757249189 0.0007681451408643625 73
1782757249191 0.000763393197885307 74
1782757249192 0.0007614600119268289 75
1782757249193 0.0007598168838376296 76
1782757249194 0.0007582922907022294 77
1782757249195 0.0007567901214861195 78
1782757249196 0.0007552029477301403 79
1782757249197 0.0007536856437945971 80
1782757249198 0.0007508259819587693 81
1782757249199 0.0007497748860259889 82
1782757249200 0.000748813968457398 83
1782757249201 0.000747991599564557 84
1782757249203 0.0007470668027235661 85
1782757249204 0.0007462174716056324 86
1782757249205 0.000745282944299106 87
1782757249206 0.0007437377773385379 88
1782757249207 0.0007431572389396024 89
