1782757249305 0.0 1
1782757249306 0.0 2
1782757249308 0.0 3
1782757249309 0.0 4
1782757249310 0.0 5
1782757249311 0.0 6
1782757249312 0.0 7
1782757249313 0.0 8
1782757249314 0.0 9
1782757249315 0.0 10
1782757249316 0.0 11
1782757249317 0.0 12
1782757249319 0.0 13
1782757249320 0.0 14
1782757249321 0.0 15
1782757249322 0.0 16
1782757249323 0.0 17
1782757249324 0.0 18
1782757249325 0.0 19
1782757249326 0.0 20
1782757249327 0.0 21
1782757249328 0.0 22
1782757249329 0.0 23
1782757249330 0.0 24
1782757249331 0.0 25
1782757249331 0.0 26
1782757249332 0.0 27
1782757249333 0.0 28
1782757249334 0.0 29
1782757249335 0.0 30
1782757249336 0.0 31
1782757249337 0.0 32
1782757249338 0.0 33
1782757249339 0.0 34
1782757249340 0.0 35
1782757249341 0.0 36
1782757249342 0.0 37
1782757249343 0.0 38
1782757249344 0.0 39
1782757249345 0.0 40
1782757249346 0.0 41
1782757249346 0.0 42
1782757249347 0.0 43
1782757249348 0.0 44
1782757249349 0.0 45
1782757249350 0.0 46
1782757249351 0.0 47
1782757249352 0.0 48
1782757249353 0.0 49
1782757249354 0.0 50
1782757249355 0.0 51
1782757249356 0.0 52
1782757249357 0.0 53
1782757249358 0.0 54
1782757249359 0.0 55
1782757249360 0.0 56
1782757249361 0.0 57
1782757249362 0.0 58
1782757249363 0.0 59
1782757249364 0.0 60
1782757249365 0.0 61
1782757249366 0.0 62
1782757249366 0.0 63
1782757249367 0.0 64
1782757249368 0.0 65
1782757249369 0.0 66
1782757249370 0.0 67
1782757249371 0.0 68
1782757249372 0.0 69
1782757249373 0.0 70
1782757249374 0.0 71
1782757249375 0.0 72
1782757249376 0.0 73
1782757249377 0.0 74
1782757249378 0.0 75
1782757249379 0.0 76
1782757249380 0.0 77
1782757249381 0.0 78
1782757249382 0.0 79
1782757249382 0.0 80
1782757249383 0.0 81
1782757249384 0.0 82
1782757249385 0.0 83
1782757249386 0.0 84
1782757249387 0.0 85
1782757249388 0.0 86
1782757249389 0.0 87
1782757249390 0.0 88
1782757249391 0.0 89
