1783883070830 0.04568308350862935 1
1783883070831 0.0039957936262362635 2
1783883070832 0.0036586225242353975 3
1783883070834 0.0032076638081343844 4
1783883070835 0.002977970693464158 5
1783883070836 0.002824321522057289 6
1783883070838 0.002740841284103226 7
1783883070839 0.0025634726075804792 8
1783883070840 0.002550923491071444 9
1783883070841 0.002223258966114372 10
1783883070843 0.0021593294510967097 11
1783883070844 0.0019506816778448411 12
1783883070845 0.0018858696104143745 13
1783883070847 0.0017868006642675028 14
1783883070848 0.0017249880399322138 15
1783883070849 0.0017286159376089926 16
1783883070850 0.001657799460881506 17
1783883070852 0.0016210208383563441 18
1783883070853 0.0016518825381353964 19
1783883070854 0.0016007921797427116 20
1783883070856 0.001618841461458942 21
1783883070857 0.0016195767643512227 22
1783883070858 0.0014935954881366343 23
1783883070859 0.001426431275467621 24
1783883070861 0.0014541574092436348 25
1783883070862 0.001385871739475988 26
1783883070863 0.001425000263916445 27
1783883070864 0.0016042810800718143 28
1783883070866 0.0014674865898268762 29
1783883070867 0.0014687283971579746 30
1783883070868 0.0014012969683972188 31
1783883070869 0.001270288250016165 32
1783883070871 0.0012554413325415225 33
1783883070872 0.0012726198990276316 34
1783883070873 0.0012788040537998313 35
1783883070875 0.0012464498995541362 36
1783883070876 0.0013063529963983455 37
1783883070877 0.0012177570436324458 38
1783883070878 0.0013092604192206636 39
1783883070879 0.001386454597231932 40
1783883070881 0.0011667551746359095 41
1783883070882 0.001148740637145238 42
1783883070883 0.0011817855999106542 43
1783883070884 0.0012026302490994567 44
1783883070885 0.0010373103066376643 45
1783883070886 0.000977717021596618 46
1783883070887 0.0009521157763083465 47
1783883070889 0.0009359569213120267 48
1783883070890 0.0009221631166292355 49
1783883070891 0.0009047289114823797 50
1783883070892 0.0009145735265337862 51
1783883070893 0.0009201706347084837 52
1783883070894 0.0008862579580454622 53
1783883070896 0.0008477449460042408 54
1783883070897 0.0008353309029189404 55
1783883070898 0.0008251073020801413 56
1783883070899 0.0008169881657522637 57
1783883070900 0.000810194200676051 58
1783883070901 0.0008074556961219059 59
1783883070903 0.000788046277302783 60
1783883070904 0.0007791451519005932 61
1783883070905 0.0007737206151068677 62
1783883070906 0.0007696974590362516 63
1783883070907 0.0007655615175463027 64
1783883070908 0.0007622811437613564 65
1783883070910 0.0007572745290963212 66
1783883070911 0.0007477820551139302 67
1783883070912 0.0007441422141710064 68
1783883070913 0.0007417404402076499 69
1783883070914 0.0007394693036621902 70
1783883070915 0.000736860171527951 71
1783883070917 0.0007350053913978627 72
1783883070918 0.000732479714351939 73
1783883070919 0.0007273477043781895 74
1783883070920 0.0007259401373448782 75
