1783883071095 0.0 1
1783883071097 0.0 2
1783883071098 0.0 3
1783883071099 0.0 4
1783883071100 0.0 5
1783883071101 0.0 6
1783883071103 0.0 7
1783883071104 0.0 8
1783883071105 0.0 9
1783883071106 0.0 10
1783883071107 0.0 11
1783883071108 0.0 12
1783883071109 0.0 13
1783883071111 0.0 14
1783883071112 0.0 15
1783883071113 0.0 16
1783883071114 0.0 17
1783883071115 0.0 18
1783883071116 0.0 19
1783883071118 0.0 20
1783883071119 0.0 21
1783883071120 0.0 22
1783883071121 0.0 23
1783883071122 0.0 24
1783883071123 0.0 25
1783883071125 0.0 26
1783883071126 0.0 27
1783883071127 0.0 28
1783883071128 0.0 29
1783883071129 0.0 30
1783883071130 0.0 31
1783883071132 0.0 32
1783883071133 0.0 33
1783883071134 0.0 34
1783883071135 0.0 35
1783883071136 0.0 36
1783883071137 0.0 37
1783883071139 0.0 38
1783883071140 0.0 39
1783883071141 0.0 40
1783883071142 0.0 41
1783883071143 0.0 42
1783883071144 0.0 43
1783883071145 0.0 44
1783883071147 0.0 45
1783883071148 0.0 46
1783883071149 0.0 47
1783883071150 0.0 48
1783883071151 0.0 49
1783883071152 0.0 50
1783883071154 0.0 51
1783883071155 0.0 52
1783883071156 0.0 53
1783883071157 0.0 54
1783883071158 0.0 55
1783883071159 0.0 56
1783883071160 0.0 57
1783883071162 0.0 58
1783883071163 0.0 59
1783883071164 0.0 60
1783883071165 0.0 61
1783883071166 0.0 62
1783883071167 0.0 63
1783883071169 0.0 64
1783883071170 0.0 65
1783883071171 0.0 66
1783883071172 0.0 67
1783883071173 0.0 68
1783883071174 0.0 69
1783883071175 0.0 70
1783883071177 0.0 71
1783883071178 0.0 72
1783883071179 0.0 73
1783883071180 0.0 74
1783883071181 0.0 75
