1783883071008 0.0 1
1783883071010 0.0 2
1783883071011 0.0 3
1783883071012 0.0 4
1783883071013 0.0 5
1783883071014 0.0 6
1783883071015 0.0 7
1783883071017 0.0 8
1783883071018 0.0 9
1783883071019 0.0 10
1783883071020 0.0 11
1783883071021 0.0 12
1783883071022 0.0 13
1783883071023 0.0 14
1783883071025 0.0 15
1783883071026 0.0 16
1783883071027 0.0 17
1783883071028 0.0 18
1783883071029 0.0 19
1783883071030 0.0 20
1783883071032 0.0 21
1783883071033 0.0 22
1783883071034 0.0 23
1783883071035 0.0 24
1783883071036 0.0 25
1783883071037 0.0 26
1783883071038 0.0 27
1783883071040 0.0 28
1783883071041 0.0 29
1783883071042 0.0 30
1783883071043 0.0 31
1783883071044 0.0 32
1783883071045 0.0 33
1783883071047 0.0 34
1783883071048 0.0 35
1783883071049 0.0 36
1783883071050 0.0 37
1783883071051 0.0 38
1783883071053 0.0 39
1783883071054 0.0 40
1783883071055 0.0 41
1783883071056 0.0 42
1783883071057 0.0 43
1783883071058 0.0 44
1783883071060 0.0 45
1783883071061 0.0 46
1783883071062 0.0 47
1783883071063 0.0 48
1783883071064 0.0 49
1783883071065 0.0 50
1783883071067 0.0 51
1783883071068 0.0 52
1783883071069 0.0 53
1783883071070 0.0 54
1783883071071 0.0 55
1783883071072 0.0 56
1783883071074 0.0 57
1783883071075 0.0 58
1783883071076 0.0 59
1783883071077 0.0 60
1783883071078 0.0 61
1783883071079 0.0 62
1783883071080 0.0 63
1783883071082 0.0 64
1783883071083 0.0 65
1783883071084 0.0 66
1783883071085 0.0 67
1783883071086 0.0 68
1783883071087 0.0 69
1783883071089 0.0 70
1783883071090 0.0 71
1783883071091 0.0 72
1783883071092 0.0 73
1783883071093 0.0 74
1783883071094 0.0 75
