1782728490127 0.0 1
1782728490128 0.0 2
1782728490129 0.0 3
1782728490130 0.0 4
1782728490131 0.0 5
1782728490132 0.0 6
1782728490133 0.0 7
1782728490134 0.0 8
1782728490135 0.0 9
1782728490136 0.0 10
1782728490137 0.0 11
1782728490138 0.0 12
1782728490139 0.0 13
1782728490140 0.0 14
1782728490141 0.0 15
1782728490141 0.0 16
1782728490142 0.0 17
1782728490143 0.0 18
1782728490144 0.0 19
1782728490145 0.0 20
1782728490146 0.0 21
1782728490147 0.0 22
1782728490148 0.0 23
1782728490149 0.0 24
1782728490150 0.0 25
1782728490151 0.0 26
1782728490152 0.0 27
1782728490153 0.0 28
1782728490154 0.0 29
1782728490154 0.0 30
1782728490155 0.0 31
1782728490156 0.0 32
1782728490157 0.0 33
1782728490158 0.0 34
1782728490159 0.0 35
1782728490160 0.0 36
1782728490161 0.0 37
1782728490162 0.0 38
1782728490163 0.0 39
1782728490163 0.0 40
1782728490164 0.0 41
1782728490165 0.0 42
1782728490167 0.0 43
1782728490168 0.0 44
1782728490169 0.0 45
1782728490169 0.0 46
1782728490170 0.0 47
1782728490171 0.0 48
1782728490172 0.0 49
1782728490173 0.0 50
1782728490174 0.0 51
1782728490175 0.0 52
1782728490176 0.0 53
1782728490177 0.0 54
1782728490178 0.0 55
1782728490179 0.0 56
1782728490180 0.0 57
1782728490181 0.0 58
1782728490182 0.0 59
1782728490183 0.0 60
1782728490184 0.0 61
1782728490185 0.0 62
1782728490186 0.0 63
1782728490187 0.0 64
