1782728490058 0.0 1
1782728490059 0.0 2
1782728490060 0.0 3
1782728490061 0.0 4
1782728490062 0.0 5
1782728490064 0.0 6
1782728490065 0.0 7
1782728490066 0.0 8
1782728490067 0.0 9
1782728490068 0.0 10
1782728490069 0.0 11
1782728490070 0.0 12
1782728490071 0.0 13
1782728490072 0.0 14
1782728490073 0.0 15
1782728490074 0.0 16
1782728490075 0.0 17
1782728490077 0.0 18
1782728490078 0.0 19
1782728490079 0.0 20
1782728490080 0.0 21
1782728490081 0.0 22
1782728490082 0.0 23
1782728490083 0.0 24
1782728490084 0.0 25
1782728490085 0.0 26
1782728490086 0.0 27
1782728490087 0.0 28
1782728490088 0.0 29
1782728490089 0.0 30
1782728490091 0.0 31
1782728490092 0.0 32
1782728490093 0.0 33
1782728490094 0.0 34
1782728490095 0.0 35
1782728490096 0.0 36
1782728490097 0.0 37
1782728490098 0.0 38
1782728490099 0.0 39
1782728490100 0.0 40
1782728490101 0.0 41
1782728490103 0.0 42
1782728490104 0.0 43
1782728490105 0.0 44
1782728490106 0.0 45
1782728490107 0.0 46
1782728490108 0.0 47
1782728490109 0.0 48
1782728490110 0.0 49
1782728490111 0.0 50
1782728490112 0.0 51
1782728490113 0.0 52
1782728490114 0.0 53
1782728490116 0.0 54
1782728490117 0.0 55
1782728490118 0.0 56
1782728490119 0.0 57
1782728490120 0.0 58
1782728490121 0.0 59
1782728490122 0.0 60
1782728490123 0.0 61
1782728490124 0.0 62
1782728490125 0.0 63
1782728490126 0.0 64
