1782728489920 0.15889657501131296 1
1782728489921 0.044551087031140926 2
1782728489922 0.017135669458657504 3
1782728489923 0.008763669834006577 4
1782728489924 0.005892861526226625 5
1782728489925 0.004519219759386033 6
1782728489926 0.003631734065711498 7
1782728489927 0.00311234109045472 8
1782728489929 0.0026768468954833226 9
1782728489930 0.0023753683260292744 10
1782728489931 0.0022553866388625465 11
1782728489932 0.0020187526373774745 12
1782728489933 0.0019011904671788215 13
1782728489934 0.0017531974078156055 14
1782728489935 0.0018951514834770933 15
1782728489936 0.0015656706418667454 16
1782728489937 0.001562114646367263 17
1782728489938 0.001461729856673628 18
1782728489939 0.0013147749209019822 19
1782728489941 0.0013782846598769539 20
1782728489942 0.0012967389724508394 21
1782728489943 0.0011752515798434614 22
1782728489944 0.00123078711272683 23
1782728489945 0.0013410166493849828 24
1782728489946 0.0012595846968179102 25
1782728489947 0.0012845078663667664 26
1782728489948 0.0011943922287900933 27
1782728489949 0.0010920524335961091 28
1782728489950 0.0010814523219596596 29
1782728489951 0.0010151361212774644 30
1782728489952 0.0009701715994742698 31
1782728489953 0.0009399010974448174 32
1782728489954 0.0009165369804395595 33
1782728489956 0.0009369572297873674 34
1782728489957 0.0009873340128251583 35
1782728489958 0.0009628432774479734 36
1782728489959 0.0008700632484396919 37
1782728489960 0.0009438793674053158 38
1782728489961 0.000798741913822596 39
1782728489962 0.0007673565192089882 40
1782728489963 0.000735723617108306 41
1782728489964 0.000689924026519293 42
1782728489965 0.0006186167187115643 43
1782728489966 0.0005963769778463756 44
1782728489967 0.0005857894999644486 45
1782728489969 0.0005713836527138483 46
1782728489970 0.0005645728599483846 47
1782728489971 0.0005784760588721838 48
1782728489972 0.0005522571202163818 49
1782728489973 0.0005193336143565829 50
1782728489974 0.0005072694980481174 51
1782728489975 0.0005004089004069101 52
1782728489976 0.0004939762994399644 53
1782728489977 0.00048805346275912595 54
1782728489978 0.0004834323078466696 55
1782728489979 0.0004740909494648804 56
1782728489980 0.00046662650438520357 57
1782728489982 0.00046285450116556603 58
1782728489983 0.00045985201937583044 59
1782728489984 0.0004565015614934964 60
1782728489985 0.0004531996301739127 61
1782728489986 0.00045040402685117445 62
1782728489987 0.0004447840870489017 63
1782728489988 0.0004421057452418609 64
