1783982978207 0.0 1
1783982978208 0.0 2
1783982978209 0.0 3
1783982978210 0.0 4
1783982978211 0.0 5
1783982978212 0.0 6
1783982978214 0.0 7
1783982978215 0.0 8
1783982978216 0.0 9
1783982978217 0.0 10
1783982978218 0.0 11
1783982978219 0.0 12
1783982978220 0.0 13
1783982978221 0.0 14
1783982978222 0.0 15
1783982978223 0.0 16
1783982978224 0.0 17
1783982978225 0.0 18
1783982978226 0.0 19
1783982978227 0.0 20
1783982978228 0.0 21
1783982978230 0.0 22
1783982978231 0.0 23
1783982978232 0.0 24
1783982978233 0.0 25
1783982978235 0.0 26
1783982978236 0.0 27
1783982978237 0.0 28
1783982978238 0.0 29
1783982978239 0.0 30
1783982978241 0.0 31
1783982978242 0.0 32
1783982978243 0.0 33
1783982978244 0.0 34
1783982978245 0.0 35
1783982978247 0.0 36
1783982978248 0.0 37
1783982978249 0.0 38
1783982978251 0.0 39
1783982978252 0.0 40
1783982978253 0.0 41
1783982978254 0.0 42
1783982978256 0.0 43
1783982978257 0.0 44
1783982978258 0.0 45
1783982978259 0.0 46
1783982978261 0.0 47
1783982978262 0.0 48
1783982978263 0.0 49
1783982978264 0.0 50
1783982978266 0.0 51
1783982978267 0.0 52
1783982978268 0.0 53
1783982978269 0.0 54
1783982978270 0.0 55
1783982978272 0.0 56
1783982978273 0.0 57
1783982978274 0.0 58
1783982978275 0.0 59
1783982978276 0.0 60
1783982978278 0.0 61
1783982978279 0.0 62
1783982978280 0.0 63
1783982978281 0.0 64
1783982978283 0.0 65
1783982978284 0.0 66
1783982978285 0.0 67
1783982978286 0.0 68
1783982978287 0.0 69
1783982978289 0.0 70
1783982978290 0.0 71
1783982978291 0.0 72
1783982978292 0.0 73
1783982978293 0.0 74
1783982978295 0.0 75
1783982978296 0.0 76
1783982978297 0.0 77
1783982978298 0.0 78
1783982978300 0.0 79
1783982978301 0.0 80
1783982978302 0.0 81
1783982978303 0.0 82
1783982978304 0.0 83
1783982978306 0.0 84
1783982978307 0.0 85
1783982978308 0.0 86
1783982978309 0.0 87
1783982978310 0.0 88
1783982978312 0.0 89
1783982978313 0.0 90
1783982978314 0.0 91
1783982978315 0.0 92
1783982978317 0.0 93
1783982978318 0.0 94
1783982978319 0.0 95
1783982978320 0.0 96
1783982978321 0.0 97
1783982978322 0.0 98
1783982978324 0.0 99
1783982978325 0.0 100
1783982978326 0.0 101
1783982978327 0.0 102
1783982978328 0.0 103
1783982978330 0.0 104
1783982978331 0.0 105
1783982978332 0.0 106
1783982978333 0.0 107
1783982978334 0.0 108
1783982978336 0.0 109
1783982978337 0.0 110
1783982978338 0.0 111
1783982978339 0.0 112
1783982978341 0.0 113
1783982978342 0.0 114
1783982978343 0.0 115
1783982978344 0.0 116
1783982978345 0.0 117
1783982978346 0.0 118
1783982978348 0.0 119
1783982978349 0.0 120
1783982978350 0.0 121
1783982978351 0.0 122
1783982978352 0.0 123
