1783982978354 0.0 1
1783982978355 0.0 2
1783982978356 0.0 3
1783982978357 0.0 4
1783982978359 0.0 5
1783982978360 0.0 6
1783982978361 0.0 7
1783982978362 0.0 8
1783982978363 0.0 9
1783982978365 0.0 10
1783982978366 0.0 11
1783982978367 0.0 12
1783982978368 0.0 13
1783982978369 0.0 14
1783982978371 0.0 15
1783982978372 0.0 16
1783982978373 0.0 17
1783982978374 0.0 18
1783982978375 0.0 19
1783982978377 0.0 20
1783982978378 0.0 21
1783982978379 0.0 22
1783982978380 0.0 23
1783982978381 0.0 24
1783982978383 0.0 25
1783982978384 0.0 26
1783982978385 0.0 27
1783982978386 0.0 28
1783982978387 0.0 29
1783982978389 0.0 30
1783982978390 0.0 31
1783982978391 0.0 32
1783982978392 0.0 33
1783982978393 0.0 34
1783982978395 0.0 35
1783982978396 0.0 36
1783982978397 0.0 37
1783982978398 0.0 38
1783982978399 0.0 39
1783982978401 0.0 40
1783982978402 0.0 41
1783982978403 0.0 42
1783982978404 0.0 43
1783982978405 0.0 44
1783982978407 0.0 45
1783982978408 0.0 46
1783982978409 0.0 47
1783982978410 0.0 48
1783982978411 0.0 49
1783982978413 0.0 50
1783982978414 0.0 51
1783982978415 0.0 52
1783982978416 0.0 53
1783982978417 0.0 54
1783982978419 0.0 55
1783982978420 0.0 56
1783982978421 0.0 57
1783982978422 0.0 58
1783982978423 0.0 59
1783982978425 0.0 60
1783982978426 0.0 61
1783982978427 0.0 62
1783982978428 0.0 63
1783982978429 0.0 64
1783982978430 0.0 65
1783982978431 0.0 66
1783982978433 0.0 67
1783982978434 0.0 68
1783982978435 0.0 69
1783982978436 0.0 70
1783982978437 0.0 71
1783982978438 0.0 72
1783982978439 0.0 73
1783982978440 0.0 74
1783982978441 0.0 75
1783982978442 0.0 76
1783982978443 0.0 77
1783982978444 0.0 78
1783982978445 0.0 79
1783982978446 0.0 80
1783982978447 0.0 81
1783982978448 0.0 82
1783982978449 0.0 83
1783982978450 0.0 84
1783982978451 0.0 85
1783982978453 0.0 86
1783982978454 0.0 87
1783982978455 0.0 88
1783982978456 0.0 89
1783982978457 0.0 90
1783982978458 0.0 91
1783982978459 0.0 92
1783982978460 0.0 93
1783982978461 0.0 94
1783982978462 0.0 95
1783982978463 0.0 96
1783982978464 0.0 97
1783982978465 0.0 98
1783982978467 0.0 99
1783982978468 0.0 100
1783982978469 0.0 101
1783982978470 0.0 102
1783982978471 0.0 103
1783982978473 0.0 104
1783982978474 0.0 105
1783982978475 0.0 106
1783982978476 0.0 107
1783982978477 0.0 108
1783982978479 0.0 109
1783982978480 0.0 110
1783982978481 0.0 111
1783982978482 0.0 112
1783982978483 0.0 113
1783982978485 0.0 114
1783982978486 0.0 115
1783982978487 0.0 116
1783982978488 0.0 117
1783982978489 0.0 118
1783982978491 0.0 119
1783982978492 0.0 120
1783982978493 0.0 121
1783982978494 0.0 122
1783982978495 0.0 123
