1783982977926 0.018587525334150996 1
1783982977927 0.003758598221465945 2
1783982977928 0.0038741269306046887 3
1783982977930 0.003440636437444482 4
1783982977931 0.003113787676411448 5
1783982977932 0.002958667873754166 6
1783982977933 0.00272163094530697 7
1783982977935 0.0026456034819420894 8
1783982977936 0.002556080675130943 9
1783982977937 0.002124088560522068 10
1783982977938 0.0024062202850473114 11
1783982977939 0.002277413423435064 12
1783982977941 0.001944298531889217 13
1783982977942 0.00189751538229757 14
1783982977943 0.0018784650490852072 15
1783982977944 0.0021299180312780663 16
1783982977946 0.0019346275013231206 17
1783982977947 0.001965491490700515 18
1783982977948 0.00189171380494372 19
1783982977949 0.00183501251245616 20
1783982977950 0.0017139702259737532 21
1783982977952 0.0018245437752921134 22
1783982977953 0.0017263790825381875 23
1783982977954 0.0016698896721936763 24
1783982977955 0.0016334903296956326 25
1783982977956 0.0018005312845343724 26
1783982977958 0.00173057853084174 27
1783982977959 0.001993140765844146 28
1783982977960 0.001565973429242149 29
1783982977961 0.0015394898087834007 30
1783982977962 0.0015283635174273514 31
1783982977964 0.0015346018884156364 32
1783982977965 0.0016251040875795298 33
1783982977966 0.001503382277151104 34
1783982977967 0.001378898805269273 35
1783982977969 0.0015663810633122922 36
1783982977970 0.0016478599794209003 37
1783982977971 0.0017287885243422352 38
1783982977972 0.0015852119777991901 39
1783982977973 0.0013985212791885716 40
1783982977975 0.001333172818631283 41
1783982977976 0.0012779279466485604 42
1783982977977 0.0012513437861343846 43
1783982977978 0.0012391848554398166 44
1783982977979 0.0012642304364271694 45
1783982977981 0.0013160899133072236 46
1783982977982 0.001405328756009112 47
1783982977983 0.0012355267608654685 48
1783982977984 0.0013136732739803846 49
1783982977985 0.0011954092694213614 50
1783982977987 0.0013776566568412818 51
1783982977988 0.001195490482787136 52
1783982977989 0.0012723889084008987 53
1783982977990 0.0015242870165820932 54
1783982977991 0.0015460779033310247 55
1783982977993 0.001236204537708545 56
1783982977994 0.0011123697596485725 57
1783982977995 0.0010775055339763639 58
1783982977996 0.0010483398359792773 59
1783982977998 0.0010205584739742335 60
1783982977999 0.0010778374829533276 61
1783982978000 0.0014169819825474406 62
1783982978001 0.0021428855435806325 63
1783982978002 0.0015503559626085916 64
1783982978004 0.0016031277463480365 65
1783982978005 0.0012353173840529052 66
1783982978006 0.0010656397893035318 67
1783982978007 0.0010517330271250104 68
1783982978008 0.0009663680101948557 69
1783982978010 0.0009176237935753307 70
1783982978011 0.0008661786839365959 71
1783982978012 0.0008425563095079269 72
1783982978013 0.00082531928033859 73
1783982978014 0.0008164702711655991 74
1783982978016 0.0008118577551067574 75
1783982978017 0.0008088021427829517 76
1783982978018 0.0008040731445362326 77
1783982978019 0.0008499787950131577 78
1783982978020 0.0008270053285377799 79
1783982978022 0.0008108934364281595 80
1783982978023 0.000795461676971172 81
1783982978024 0.0008130716399318772 82
1783982978025 0.0008250465740275104 83
1783982978026 0.0008136870015732711 84
1783982978028 0.0007292652080650441 85
1783982978029 0.000693413435437833 86
1783982978030 0.0006770905425946694 87
1783982978031 0.0006703062282758765 88
1783982978033 0.0006626460046391003 89
1783982978034 0.0006548810355889146 90
1783982978035 0.0006515077612857567 91
1783982978036 0.0006458899650897365 92
1783982978037 0.000640836433522054 93
1783982978039 0.0006370480568875792 94
1783982978040 0.0006328042681707302 95
1783982978041 0.0006137739741097903 96
1783982978042 0.0006014858319394989 97
1783982978043 0.0005957490916625829 98
1783982978045 0.0005913736305228667 99
1783982978046 0.0005874719425628428 100
1783982978047 0.0005841487743600737 101
1783982978048 0.0005818607451510615 102
1783982978049 0.0005803347073378973 103
1783982978051 0.000576476528076455 104
1783982978052 0.0005727883981307968 105
1783982978053 0.0005683594204310793 106
1783982978054 0.0005582016400876455 107
1783982978055 0.0005539427941403119 108
1783982978057 0.0005518168927665101 109
1783982978058 0.0005501804466621252 110
1783982978059 0.0005483043575077318 111
1783982978060 0.0005463833277462982 112
1783982978061 0.0005448525529209292 113
1783982978063 0.0005432861384906573 114
1783982978064 0.0005412796238670126 115
1783982978065 0.0005392971827677684 116
1783982978066 0.0005378979370289017 117
1783982978067 0.000532377548297518 118
1783982978069 0.000531048810298671 119
1783982978070 0.0005299812467274023 120
1783982978071 0.0005292189450119622 121
1783982978072 0.000528097250207793 122
1783982978074 0.0005271199020353379 123
