1782759475675 0.0 1
1782759475676 0.0 2
1782759475677 0.0 3
1782759475678 0.0 4
1782759475679 0.0 5
1782759475680 0.0 6
1782759475681 0.0 7
1782759475682 0.0 8
1782759475684 0.0 9
1782759475685 0.0 10
1782759475686 0.0 11
1782759475687 0.0 12
1782759475688 0.0 13
1782759475689 0.0 14
1782759475690 0.0 15
1782759475691 0.0 16
1782759475692 0.0 17
1782759475694 0.0 18
1782759475695 0.0 19
1782759475696 0.0 20
1782759475697 0.0 21
1782759475698 0.0 22
1782759475699 0.0 23
1782759475700 0.0 24
1782759475701 0.0 25
1782759475702 0.0 26
1782759475703 0.0 27
1782759475704 0.0 28
1782759475705 0.0 29
1782759475705 0.0 30
1782759475706 0.0 31
1782759475707 0.0 32
1782759475708 0.0 33
1782759475709 0.0 34
1782759475710 0.0 35
1782759475711 0.0 36
1782759475712 0.0 37
1782759475713 0.0 38
1782759475714 0.0 39
1782759475715 0.0 40
1782759475716 0.0 41
1782759475717 0.0 42
1782759475718 0.0 43
1782759475719 0.0 44
1782759475720 0.0 45
1782759475721 0.0 46
1782759475722 0.0 47
1782759475722 0.0 48
1782759475723 0.0 49
1782759475724 0.0 50
1782759475725 0.0 51
1782759475726 0.0 52
1782759475727 0.0 53
1782759475728 0.0 54
1782759475729 0.0 55
1782759475730 0.0 56
1782759475731 0.0 57
1782759475732 0.0 58
1782759475734 0.0 59
1782759475735 0.0 60
1782759475736 0.0 61
1782759475737 0.0 62
1782759475738 0.0 63
1782759475738 0.0 64
1782759475739 0.0 65
1782759475740 0.0 66
