1780314138498 0.1858900974690914 1
1780314138500 0.13139152221381664 2
1780314138502 0.09958159755915404 3
1780314138504 0.07907416466623544 4
1780314138506 0.06463668685406447 5
1780314138508 0.05358370130881667 6
1780314138511 0.04491594271734357 7
1780314138513 0.03806776663288474 8
1780314138515 0.03255260620266199 9
1780314138517 0.028003202183172107 10
1780314138519 0.024261285169050097 11
1780314138521 0.021144466884434224 12
1780314138523 0.01856804442126304 13
1780314138525 0.01639822517056018 14
1780314138527 0.014534140164032578 15
1780314138530 0.012933796043507756 16
1780314138532 0.01155389384366572 17
1780314138534 0.010359453037381172 18
1780314138536 0.009348615151830018 19
1780314138539 0.008449089666828512 20
1780314138541 0.007675852538086474 21
1780314138543 0.007003773001488298 22
1780314138546 0.0063880648859776555 23
1780314138548 0.005818742599803955 24
1780314138550 0.0053167801059316845 25
1780314138553 0.004850279014790431 26
1780314138555 0.004430960728786886 27
1780314138557 0.004047041612211615 28
1780314138560 0.003693273765966296 29
1780314138562 0.003412116590188816 30
1780314138564 0.003167572796228342 31
1780314138566 0.0029567818134091793 32
1780314138568 0.0027679122169502078 33
1780314138570 0.0025972026865929364 34
1780314138572 0.0024520601757103576 35
1780314138574 0.0023254026973154396 36
1780314138576 0.0022110584552865477 37
1780314138579 0.0021078436367679386 38
1780314138581 0.0020102075499016793 39
1780314138583 0.001928694939124398 40
1780314138585 0.0018934324069414287 41
1780314138587 0.0017917948006652296 42
1780314138589 0.001677071430895012 43
1780314138591 0.0015953228427679279 44
1780314138593 0.0016361366014461965 45
1780314138595 0.0015194947191048414 46
1780314138598 0.0014285485760774464 47
1780314138600 0.0013603239323128945 48
1780314138602 0.0013437677783076651 49
1780314138604 0.0013020431829500012 50
1780314138606 0.0012624912777391727 51
1780314138608 0.0012414909031940623 52
1780314138610 0.001222243249794701 53
1780314138612 0.0011589708940300625 54
1780314138615 0.0011270919642993248 55
1780314138617 0.0011124695155012886 56
1780314138619 0.0011073519875935745 57
1780314138621 0.0010811122217273806 58
1780314138623 0.0010740226026973688 59
1780314138625 0.0010387946454284247 60
1780314138627 0.0010047766387287992 61
1780314138629 0.0009613126445037778 62
1780314138632 0.000937319781514816 63
1780314138634 0.0009277822443982586 64
1780314138636 0.0009298229972773697 65
1780314138638 0.0009320484093041159 66
1780314138640 0.0009097951681906125 67
1780314138642 0.0009001843175792601 68
1780314138644 0.0009074876705562929 69
1780314138646 0.0008949013838719111 70
1780314138648 0.0008562696510489332 71
1780314138651 0.0008348080455471063 72
1780314138653 0.0008428055933472934 73
1780314138655 0.0008342799088859465 74
1780314138657 0.0008216766316036228 75
1780314138659 0.0008374002292111982 76
1780314138661 0.0008311264949588804 77
1780314138663 0.0007878491599694826 78
1780314138665 0.0007559600313106784 79
1780314138667 0.0007475369524763665 80
1780314138670 0.0007459612766979262 81
1780314138672 0.0007278124008735176 82
1780314138674 0.0006985688491113251 83
1780314138676 0.0006868159648001893 84
1780314138678 0.0006801860491395928 85
1780314138680 0.0006746859985287301 86
1780314138682 0.0006694813622743822 87
1780314138684 0.0006662688640790293 88
1780314138686 0.0006621562061627629 89
1780314138689 0.0006617956252739532 90
1780314138691 0.0006523971269052709 91
1780314138693 0.0006441195974184665 92
