1782580223493 0.1540863697230816 1
1782580223494 0.05270479251630604 2
1782580223495 0.024590558386407793 3
1782580223496 0.014756641229614615 4
1782580223497 0.010220937998965382 5
1782580223498 0.007723314014729112 6
1782580223499 0.006076989350840449 7
1782580223500 0.005062978983623907 8
1782580223501 0.004379185293801129 9
1782580223502 0.0036673715722281485 10
1782580223503 0.0032629367435583843 11
1782580223505 0.0029489420767640695 12
1782580223506 0.00265722262498457 13
1782580223507 0.0024598147033248097 14
1782580223508 0.0023026913573266938 15
1782580223509 0.002157140612252988 16
1782580223510 0.0021088524104561656 17
1782580223511 0.0020074910586117766 18
1782580223512 0.001975690399412997 19
1782580223513 0.0017957544003729708 20
1782580223514 0.0017491440870799125 21
1782580223515 0.001643426001246553 22
1782580223516 0.0015743428139830939 23
1782580223517 0.0015413461222487967 24
1782580223518 0.0015192434059281368 25
1782580223519 0.001621311889612116 26
1782580223521 0.0015056929740239866 27
1782580223522 0.0014465186840971 28
1782580223523 0.001602353946364019 29
1782580223524 0.0015066050802124665 30
1782580223525 0.001382655522756977 31
1782580223526 0.0013717735568934586 32
1782580223527 0.0013126253364316653 33
1782580223528 0.0013851694004551973 34
1782580223529 0.001374034732580185 35
1782580223530 0.001265387663443107 36
1782580223531 0.0012298668937000912 37
1782580223532 0.0012356546975206583 38
1782580223533 0.001232151292351773 39
1782580223534 0.0012228127825073898 40
1782580223535 0.001207159154218971 41
1782580223537 0.0011854199643130414 42
1782580223538 0.00114824454227346 43
1782580223539 0.0011186869482480689 44
1782580223540 0.0011217999409564071 45
1782580223541 0.001102496913226787 46
1782580223542 0.001128036635054741 47
1782580223543 0.0011345088234520518 48
1782580223544 0.0010891214330331423 49
1782580223545 0.0011363415286905366 50
1782580223546 0.0011255517965764739 51
1782580223547 0.0010853194419905776 52
1782580223548 0.0010861624576500616 53
1782580223549 0.001054408992131357 54
1782580223550 0.0009683784081425984 55
1782580223551 0.0009289976141008083 56
1782580223553 0.0009114085134933703 57
1782580223554 0.0008997231875400758 58
1782580223555 0.000890285902787582 59
1782580223556 0.0008826062885782448 60
1782580223557 0.0008767874599288916 61
1782580223558 0.0008625262521672994 62
1782580223559 0.0008533519956836244 63
1782580223560 0.000847565087096882 64
1782580223561 0.0008431484534958144 65
1782580223562 0.0008388758239743766 66
1782580223563 0.0008343854494887637 67
1782580223564 0.0008307132695335895 68
1782580223565 0.0008226855286920908 69
1782580223566 0.0008177661073568743 70
1782580223567 0.0008146295480401022 71
1782580223568 0.0008121530279458966 72
1782580223569 0.0008097467823972692 73
1782580223571 0.0008074813278653892 74
1782580223572 0.0008051147962396498 75
1782580223573 0.0008004261085443431 76
1782580223574 0.0007980891012266511 77
