1782580223657 0.0 1
1782580223658 0.0 2
1782580223659 0.0 3
1782580223660 0.0 4
1782580223661 0.0 5
1782580223662 0.0 6
1782580223663 0.0 7
1782580223664 0.0 8
1782580223665 0.0 9
1782580223666 0.0 10
1782580223667 0.0 11
1782580223668 0.0 12
1782580223669 0.0 13
1782580223670 0.0 14
1782580223671 0.0 15
1782580223673 0.0 16
1782580223674 0.0 17
1782580223675 0.0 18
1782580223676 0.0 19
1782580223677 0.0 20
1782580223678 0.0 21
1782580223679 0.0 22
1782580223680 0.0 23
1782580223681 0.0 24
1782580223682 0.0 25
1782580223683 0.0 26
1782580223684 0.0 27
1782580223685 0.0 28
1782580223686 0.0 29
1782580223687 0.0 30
1782580223688 0.0 31
1782580223689 0.0 32
1782580223690 0.0 33
1782580223692 0.0 34
1782580223693 0.0 35
1782580223694 0.0 36
1782580223695 0.0 37
1782580223696 0.0 38
1782580223697 0.0 39
1782580223698 0.0 40
1782580223699 0.0 41
1782580223700 0.0 42
1782580223701 0.0 43
1782580223702 0.0 44
1782580223703 0.0 45
1782580223704 0.0 46
1782580223705 0.0 47
1782580223706 0.0 48
1782580223707 0.0 49
1782580223708 0.0 50
1782580223709 0.0 51
1782580223711 0.0 52
1782580223712 0.0 53
1782580223713 0.0 54
1782580223714 0.0 55
1782580223715 0.0 56
1782580223716 0.0 57
1782580223717 0.0 58
1782580223718 0.0 59
1782580223719 0.0 60
1782580223720 0.0 61
1782580223721 0.0 62
1782580223722 0.0 63
1782580223723 0.0 64
1782580223724 0.0 65
1782580223725 0.0 66
1782580223726 0.0 67
1782580223727 0.0 68
1782580223729 0.0 69
1782580223730 0.0 70
1782580223731 0.0 71
1782580223732 0.0 72
1782580223733 0.0 73
1782580223734 0.0 74
1782580223735 0.0 75
1782580223736 0.0 76
1782580223737 0.0 77
