1785242110661 0.06047598372679204 1
1785242110663 0.0076394168450497095 2
1785242110664 0.0045942892425227914 3
1785242110666 0.0035991738754091785 4
1785242110667 0.003204095448600128 5
1785242110668 0.0027737561916001143 6
1785242110669 0.002514571188366972 7
1785242110671 0.0023556757060578092 8
1785242110672 0.002440195430535823 9
1785242110673 0.002142337747500278 10
1785242110674 0.0019922518081148155 11
1785242110676 0.001935054956265958 12
1785242110677 0.001887887735501863 13
1785242110678 0.0018710196189931595 14
1785242110679 0.0017534249741584062 15
1785242110681 0.0016669677161553409 16
1785242110682 0.0016150824121723417 17
1785242110683 0.0015827422706934159 18
1785242110684 0.0015610381959413643 19
1785242110686 0.0015830413308867719 20
1785242110687 0.0015403280116152017 21
1785242110688 0.0015239290868339595 22
1785242110689 0.0014879370610287879 23
1785242110691 0.0014813813580258283 24
1785242110692 0.0014796633011428639 25
1785242110693 0.001475950258973171 26
1785242110694 0.0014833997003734112 27
1785242110696 0.001452004611637676 28
1785242110697 0.0014131554911728018 29
1785242110698 0.0013886424707015975 30
1785242110699 0.0013756338620441967 31
1785242110701 0.0013442081615357893 32
1785242110702 0.0013589622328436235 33
1785242110703 0.0013399563993880292 34
1785242110704 0.0012823943250987212 35
1785242110706 0.0012444844748824835 36
1785242110707 0.001228741139129852 37
1785242110708 0.0012169552223349456 38
1785242110710 0.0012081522962398593 39
1785242110711 0.0011924451219965703 40
1785242110712 0.0011845203489792766 41
1785242110713 0.0011789599968324183 42
1785242110715 0.0011737957801960875 43
1785242110716 0.0011690068246389275 44
1785242110717 0.0011603732646472053 45
1785242110718 0.001156987089489121 46
1785242110720 0.0011542726210609544 47
1785242110721 0.0011514772075315704 48
1785242110722 0.0011484859674965263 49
