1785242110784 0.0 1
1785242110786 0.0 2
1785242110787 0.0 3
1785242110788 0.0 4
1785242110790 0.0 5
1785242110791 0.0 6
1785242110792 0.0 7
1785242110793 0.0 8
1785242110795 0.0 9
1785242110796 0.0 10
1785242110797 0.0 11
1785242110798 0.0 12
1785242110800 0.0 13
1785242110801 0.0 14
1785242110802 0.0 15
1785242110803 0.0 16
1785242110805 0.0 17
1785242110806 0.0 18
1785242110807 0.0 19
1785242110808 0.0 20
1785242110809 0.0 21
1785242110811 0.0 22
1785242110812 0.0 23
1785242110813 0.0 24
1785242110814 0.0 25
1785242110816 0.0 26
1785242110817 0.0 27
1785242110818 0.0 28
1785242110819 0.0 29
1785242110821 0.0 30
1785242110822 0.0 31
1785242110823 0.0 32
1785242110824 0.0 33
1785242110826 0.0 34
1785242110827 0.0 35
1785242110828 0.0 36
1785242110829 0.0 37
1785242110831 0.0 38
1785242110832 0.0 39
1785242110833 0.0 40
1785242110834 0.0 41
1785242110836 0.0 42
1785242110837 0.0 43
1785242110838 0.0 44
1785242110839 0.0 45
1785242110841 0.0 46
1785242110842 0.0 47
1785242110843 0.0 48
1785242110844 0.0 49
