1785242110846 0.0 1
1785242110847 0.0 2
1785242110848 0.0 3
1785242110849 0.0 4
1785242110851 0.0 5
1785242110852 0.0 6
1785242110853 0.0 7
1785242110854 0.0 8
1785242110856 0.0 9
1785242110857 0.0 10
1785242110858 0.0 11
1785242110859 0.0 12
1785242110861 0.0 13
1785242110862 0.0 14
1785242110863 0.0 15
1785242110864 0.0 16
1785242110866 0.0 17
1785242110867 0.0 18
1785242110868 0.0 19
1785242110869 0.0 20
1785242110871 0.0 21
1785242110872 0.0 22
1785242110873 0.0 23
1785242110874 0.0 24
1785242110875 0.0 25
1785242110876 0.0 26
1785242110877 0.0 27
1785242110879 0.0 28
1785242110880 0.0 29
1785242110881 0.0 30
1785242110882 0.0 31
1785242110883 0.0 32
1785242110885 0.0 33
1785242110886 0.0 34
1785242110887 0.0 35
1785242110888 0.0 36
1785242110890 0.0 37
1785242110891 0.0 38
1785242110892 0.0 39
1785242110893 0.0 40
1785242110894 0.0 41
1785242110895 0.0 42
1785242110896 0.0 43
1785242110898 0.0 44
1785242110899 0.0 45
1785242110900 0.0 46
1785242110901 0.0 47
1785242110903 0.0 48
1785242110904 0.0 49
