1782754088403 0.0 1
1782754088404 0.0 2
1782754088405 0.0 3
1782754088406 0.0 4
1782754088407 0.0 5
1782754088408 0.0 6
1782754088409 0.0 7
1782754088411 0.0 8
1782754088412 0.0 9
1782754088413 0.0 10
1782754088414 0.0 11
1782754088415 0.0 12
1782754088416 0.0 13
1782754088417 0.0 14
1782754088418 0.0 15
1782754088419 0.0 16
1782754088420 0.0 17
1782754088421 0.0 18
1782754088422 0.0 19
1782754088423 0.0 20
1782754088425 0.0 21
1782754088426 0.0 22
1782754088427 0.0 23
1782754088428 0.0 24
1782754088429 0.0 25
1782754088430 0.0 26
1782754088431 0.0 27
1782754088432 0.0 28
1782754088433 0.0 29
1782754088434 0.0 30
1782754088435 0.0 31
1782754088436 0.0 32
1782754088437 0.0 33
1782754088438 0.0 34
1782754088439 0.0 35
1782754088440 0.0 36
1782754088441 0.0 37
1782754088442 0.0 38
1782754088443 0.0 39
1782754088443 0.0 40
1782754088444 0.0 41
1782754088445 0.0 42
1782754088446 0.0 43
1782754088447 0.0 44
1782754088448 0.0 45
1782754088449 0.0 46
1782754088450 0.0 47
1782754088451 0.0 48
1782754088452 0.0 49
1782754088453 0.0 50
1782754088454 0.0 51
1782754088455 0.0 52
1782754088456 0.0 53
1782754088457 0.0 54
1782754088457 0.0 55
1782754088458 0.0 56
1782754088459 0.0 57
1782754088460 0.0 58
1782754088461 0.0 59
1782754088462 0.0 60
1782754088463 0.0 61
1782754088464 0.0 62
1782754088465 0.0 63
1782754088466 0.0 64
1782754088467 0.0 65
1782754088468 0.0 66
1782754088469 0.0 67
1782754088470 0.0 68
1782754088470 0.0 69
1782754088471 0.0 70
1782754088472 0.0 71
1782754088473 0.0 72
1782754088474 0.0 73
1782754088475 0.0 74
1782754088476 0.0 75
1782754088477 0.0 76
1782754088478 0.0 77
1782754088479 0.0 78
1782754088479 0.0 79
