1782754088480 0.0 1
1782754088482 0.0 2
1782754088483 0.0 3
1782754088484 0.0 4
1782754088484 0.0 5
1782754088485 0.0 6
1782754088486 0.0 7
1782754088487 0.0 8
1782754088488 0.0 9
1782754088489 0.0 10
1782754088490 0.0 11
1782754088491 0.0 12
1782754088492 0.0 13
1782754088493 0.0 14
1782754088494 0.0 15
1782754088494 0.0 16
1782754088495 0.0 17
1782754088496 0.0 18
1782754088497 0.0 19
1782754088498 0.0 20
1782754088499 0.0 21
1782754088500 0.0 22
1782754088501 0.0 23
1782754088502 0.0 24
1782754088503 0.0 25
1782754088504 0.0 26
1782754088505 0.0 27
1782754088506 0.0 28
1782754088507 0.0 29
1782754088508 0.0 30
1782754088509 0.0 31
1782754088510 0.0 32
1782754088511 0.0 33
1782754088512 0.0 34
1782754088513 0.0 35
1782754088514 0.0 36
1782754088515 0.0 37
1782754088516 0.0 38
1782754088517 0.0 39
1782754088518 0.0 40
1782754088518 0.0 41
1782754088519 0.0 42
1782754088520 0.0 43
1782754088521 0.0 44
1782754088522 0.0 45
1782754088523 0.0 46
1782754088524 0.0 47
1782754088525 0.0 48
1782754088526 0.0 49
1782754088527 0.0 50
1782754088527 0.0 51
1782754088529 0.0 52
1782754088530 0.0 53
1782754088531 0.0 54
1782754088531 0.0 55
1782754088532 0.0 56
1782754088533 0.0 57
1782754088534 0.0 58
1782754088535 0.0 59
1782754088536 0.0 60
1782754088537 0.0 61
1782754088538 0.0 62
1782754088539 0.0 63
1782754088540 0.0 64
1782754088540 0.0 65
1782754088541 0.0 66
1782754088542 0.0 67
1782754088543 0.0 68
1782754088544 0.0 69
1782754088545 0.0 70
1782754088546 0.0 71
1782754088547 0.0 72
1782754088548 0.0 73
1782754088549 0.0 74
1782754088550 0.0 75
1782754088551 0.0 76
1782754088552 0.0 77
1782754088553 0.0 78
1782754088554 0.0 79
