1782754088231 0.09341249590739607 1
1782754088233 0.020596973090432583 2
1782754088234 0.009371022512204945 3
1782754088235 0.005944127595284954 4
1782754088236 0.0043829382595140486 5
1782754088237 0.003531847764388658 6
1782754088238 0.0030935495597077534 7
1782754088239 0.0026848522049840538 8
1782754088240 0.002309358007332776 9
1782754088241 0.0021176322296378204 10
1782754088242 0.0020110313943587244 11
1782754088243 0.0018826988694490864 12
1782754088245 0.0017456460409448482 13
1782754088246 0.0016987381111539435 14
1782754088247 0.001621111209387891 15
1782754088248 0.0015781202404468787 16
1782754088249 0.001531098543346161 17
1782754088250 0.001511116052424768 18
1782754088251 0.0014785983253386803 19
1782754088252 0.0014773087821959051 20
1782754088253 0.0014422946765262168 21
1782754088254 0.0013995186746615217 22
1782754088255 0.0013658904921612703 23
1782754088257 0.0013381878138898173 24
1782754088258 0.001338956134277396 25
1782754088259 0.0013520646518009017 26
1782754088260 0.0013227895690943114 27
1782754088261 0.0012949146080063656 28
1782754088262 0.0012786746610800037 29
1782754088263 0.001259500359519734 30
1782754088264 0.0012079941746924304 31
1782754088265 0.0012012590336235008 32
1782754088266 0.0012206632184825139 33
1782754088267 0.0012812566522916312 34
1782754088268 0.0012713117968087316 35
1782754088270 0.001218003848043736 36
1782754088271 0.0011740327291045105 37
1782754088272 0.0011510246260877466 38
1782754088273 0.001108464768913109 39
1782754088274 0.0010733163994882488 40
1782754088275 0.0010567790679488099 41
1782754088276 0.001048954616780975 42
1782754088277 0.0010413629075628704 43
1782754088278 0.0010352899575809715 44
1782754088279 0.001028864276740933 45
1782754088280 0.0010261358568095602 46
1782754088282 0.0010228531766915694 47
1782754088283 0.001025087608868489 48
1782754088284 0.001032767733267974 49
1782754088285 0.001025444584302022 50
1782754088286 0.001022077582019847 51
1782754088287 0.0010147967201191931 52
1782754088288 0.0010117260440893005 53
1782754088289 0.0010162157283048145 54
1782754088290 0.001016912278282689 55
1782754088291 0.0009883318076026625 56
1782754088292 0.000966941379592754 57
1782754088293 0.0009506001665431541 58
1782754088294 0.0009443366774939932 59
1782754088296 0.0009403123478114139 60
1782754088297 0.0009364383169304346 61
1782754088298 0.0009331114618544234 62
1782754088299 0.0009297644018079154 63
1782754088300 0.0009232581937249052 64
1782754088301 0.0009209909110359149 65
1782754088302 0.0009191891339287395 66
1782754088303 0.0009171948536823037 67
1782754088304 0.0009153858694480732 68
1782754088305 0.0009136055506678531 69
1782754088306 0.0009119431647559395 70
1782754088307 0.0009082620845583733 71
1782754088309 0.0009068460295384284 72
1782754088310 0.0009058344742152258 73
1782754088311 0.0009047513163386611 74
1782754088312 0.0009037385551710031 75
1782754088313 0.0009028038604446919 76
1782754088314 0.0009018200455830083 77
1782754088315 0.000899659812603204 78
1782754088316 0.0008991118101403117 79
