1780314143056 0.20470287159085274 1
1780314143058 0.1584862869977951 2
1780314143060 0.12294011559337377 3
1780314143062 0.09724974684417248 4
1780314143064 0.07837849725037813 5
1780314143067 0.0639078914001584 6
1780314143069 0.052576675489544866 7
1780314143071 0.04353235375136137 8
1780314143073 0.03623940001241863 9
1780314143075 0.030346369203180075 10
1780314143077 0.025574318701401352 11
1780314143079 0.021715818159282207 12
1780314143082 0.018609873545356096 13
1780314143084 0.016059340788051487 14
1780314143086 0.013938362649641932 15
1780314143088 0.012221407410688698 16
1780314143090 0.010819465415552258 17
1780314143092 0.009567928167525679 18
1780314143094 0.008507778441999108 19
1780314143097 0.007634183561895043 20
1780314143099 0.006883564037270844 21
1780314143101 0.0062640345771797 22
1780314143104 0.005723826037719846 23
1780314143106 0.00523859518696554 24
1780314143108 0.004827043612021953 25
1780314143110 0.004429831765592098 26
1780314143112 0.004091457054018974 27
1780314143114 0.0037966632179450245 28
1780314143116 0.0035412160912528636 29
1780314143119 0.003321983846835792 30
1780314143121 0.003126278351410292 31
1780314143123 0.002944547327933833 32
1780314143125 0.0027890832093544304 33
1780314143127 0.002638733932399191 34
1780314143130 0.0025109692581463607 35
1780314143132 0.0023908462381223216 36
1780314143134 0.002288958805729635 37
1780314143136 0.0021928709489293396 38
1780314143138 0.002088116392842494 39
1780314143141 0.002000825006398372 40
1780314143143 0.0019295087468344718 41
1780314143145 0.0018702171518816613 42
1780314143147 0.0018126312812091782 43
1780314143149 0.0017747862663236448 44
1780314143151 0.001717817654425744 45
1780314143154 0.0016746814764337615 46
1780314143156 0.0016259026422630995 47
1780314143158 0.0015943100315053017 48
1780314143160 0.0015538883931003511 49
1780314143162 0.0015163738062256016 50
1780314143164 0.0014791293986490927 51
1780314143167 0.0014704501860251184 52
1780314143169 0.0014487566510797479 53
1780314143171 0.0014284376363502816 54
1780314143173 0.0014078672442701646 55
1780314143175 0.0013992467187927105 56
1780314143177 0.0013766850058163982 57
1780314143180 0.001341007326846011 58
1780314143182 0.0013138433647691273 59
1780314143184 0.001302345272997627 60
1780314143186 0.001287088142707944 61
1780314143188 0.0012747600140573922 62
1780314143191 0.0012672672597545897 63
1780314143193 0.0012571796323754825 64
1780314143195 0.0012420694230240769 65
1780314143198 0.001236342046831851 66
1780314143200 0.001238129854609724 67
1780314143202 0.001218948878813535 68
1780314143205 0.0011932049497409025 69
1780314143207 0.0011898137225944084 70
1780314143210 0.0011863911589898636 71
1780314143212 0.0011776169646327617 72
1780314143214 0.0011743914599355776 73
1780314143217 0.0011785626137861983 74
1780314143219 0.0011545687171746976 75
1780314143222 0.001130476063772221 76
1780314143224 0.0011081550235394388 77
1780314143226 0.0010981789309880696 78
1780314143229 0.001090333300307975 79
1780314143231 0.0010847195087990257 80
1780314143233 0.0010802051294740522 81
1780314143236 0.001076176791320904 82
1780314143238 0.0010726244599209168 83
1780314143241 0.001068978685871116 84
1780314143243 0.0010673345934628742 85
1780314143245 0.0010688170343928504 86
1780314143248 0.0010597989910456818 87
1780314143250 0.0010509886308864224 88
1780314143252 0.0010468418058735551 89
1780314143255 0.0010439860082260566 90
1780314143257 0.0010412019684008554 91
1780314143259 0.001038779853770393 92
1780314143262 0.0010364476434187963 93
1780314143264 0.0010342518078687135 94
1780314143267 0.0010320454934117152 95
1780314143269 0.0010280047832202399 96
1780314143271 0.0010257500726584112 97
