1782202689840 0.0 1
1782202689841 0.0 2
1782202689843 0.0 3
1782202689844 0.0 4
1782202689845 0.0 5
1782202689846 0.0 6
1782202689847 0.0 7
1782202689848 0.0 8
1782202689850 0.0 9
1782202689851 0.0 10
1782202689852 0.0 11
1782202689853 0.0 12
1782202689854 0.0 13
1782202689856 0.0 14
1782202689857 0.0 15
1782202689858 0.0 16
1782202689859 0.0 17
1782202689860 0.0 18
1782202689861 0.0 19
1782202689863 0.0 20
1782202689864 0.0 21
1782202689865 0.0 22
1782202689866 0.0 23
1782202689867 0.0 24
1782202689869 0.0 25
1782202689870 0.0 26
1782202689871 0.0 27
1782202689872 0.0 28
1782202689873 0.0 29
1782202689875 0.0 30
1782202689876 0.0 31
1782202689877 0.0 32
1782202689878 0.0 33
1782202689879 0.0 34
1782202689880 0.0 35
1782202689882 0.0 36
1782202689883 0.0 37
1782202689884 0.0 38
1782202689885 0.0 39
1782202689886 0.0 40
1782202689888 0.0 41
1782202689889 0.0 42
1782202689890 0.0 43
1782202689891 0.0 44
1782202689892 0.0 45
1782202689893 0.0 46
1782202689895 0.0 47
1782202689896 0.0 48
1782202689897 0.0 49
1782202689898 0.0 50
1782202689899 0.0 51
1782202689900 0.0 52
1782202689901 0.0 53
1782202689902 0.0 54
1782202689903 0.0 55
1782202689905 0.0 56
1782202689906 0.0 57
1782202689907 0.0 58
1782202689908 0.0 59
1782202689909 0.0 60
1782202689910 0.0 61
1782202689911 0.0 62
1782202689912 0.0 63
1782202689913 0.0 64
1782202689914 0.0 65
1782202689915 0.0 66
1782202689916 0.0 67
1782202689917 0.0 68
1782202689918 0.0 69
1782202689919 0.0 70
1782202689920 0.0 71
1782202689922 0.0 72
1782202689923 0.0 73
1782202689924 0.0 74
1782202689925 0.0 75
1782202689926 0.0 76
1782202689927 0.0 77
1782202689928 0.0 78
