1782202689654 0.1121162130124867 1
1782202689656 0.03968075701035559 2
1782202689657 0.019480028515681626 3
1782202689658 0.011889555319212377 4
1782202689659 0.008363077184185386 5
1782202689661 0.006275939587503672 6
1782202689662 0.005138484780909494 7
1782202689663 0.004175884536234662 8
1782202689664 0.0035570483771152793 9
1782202689665 0.0031933353695785625 10
1782202689667 0.0029061939084203915 11
1782202689668 0.0026171323005110027 12
1782202689669 0.00244088054751046 13
1782202689670 0.0023010369547409935 14
1782202689671 0.002178984915954061 15
1782202689673 0.001967371706850827 16
1782202689674 0.0018980163510423154 17
1782202689675 0.001834256399597507 18
1782202689676 0.0017516995297046378 19
1782202689677 0.0016364020807668567 20
1782202689679 0.001591215590306092 21
1782202689680 0.0015162385371513664 22
1782202689681 0.0014533963814028538 23
1782202689682 0.0014608438887808006 24
1782202689683 0.0015953206090489403 25
1782202689684 0.0015302837152557913 26
1782202689686 0.001397980721812928 27
1782202689687 0.001344054898363538 28
1782202689688 0.0014327756002603565 29
1782202689689 0.0013107629255682696 30
1782202689690 0.0012900859850924463 31
1782202689692 0.0012603912797931117 32
1782202689693 0.0012371777500084136 33
1782202689694 0.001192033500119578 34
1782202689695 0.0011724238472379511 35
1782202689696 0.001175104163994547 36
1782202689698 0.0011515893296746072 37
1782202689699 0.0011363612282002577 38
1782202689700 0.0012063160867546686 39
1782202689701 0.0011700455243408214 40
1782202689702 0.0011007411312311888 41
1782202689703 0.0010608575504738838 42
1782202689705 0.0010518119725747965 43
1782202689706 0.0010394373856252059 44
1782202689707 0.0010771363411913625 45
1782202689708 0.0012180098922544857 46
1782202689709 0.0011874581213487546 47
1782202689711 0.0010362088007241255 48
1782202689712 0.0009567813027388184 49
1782202689713 0.0009268803855229635 50
1782202689714 0.0009049984573357506 51
1782202689715 0.0008913921761268284 52
1782202689716 0.0008815075124584836 53
1782202689718 0.000878429630829487 54
1782202689719 0.0008726703757565702 55
1782202689720 0.0008554685562558006 56
1782202689721 0.0008447736760717816 57
1782202689722 0.0008385163120692596 58
1782202689724 0.0008336682547815144 59
1782202689725 0.0008289250264351722 60
1782202689726 0.0008244357708463212 61
1782202689727 0.0008204641816701041 62
1782202689728 0.0008134492592216702 63
1782202689730 0.0008083317274940782 64
1782202689731 0.0008053964143255143 65
1782202689732 0.0008024326348822796 66
1782202689733 0.0007997098346459097 67
1782202689734 0.0007968761050869944 68
1782202689735 0.0007942304300377146 69
1782202689737 0.0007896540470756008 70
1782202689738 0.0007877013059987803 71
1782202689739 0.000785943736336776 72
1782202689740 0.0007844771556119668 73
1782202689741 0.000782807246541779 74
1782202689743 0.0007812051683868049 75
1782202689744 0.0007795524420362199 76
1782202689745 0.0007769862790883053 77
1782202689746 0.0007760792433691676 78
