1782202689929 0.0 1
1782202689930 0.0 2
1782202689931 0.0 3
1782202689932 0.0 4
1782202689933 0.0 5
1782202689934 0.0 6
1782202689935 0.0 7
1782202689937 0.0 8
1782202689938 0.0 9
1782202689939 0.0 10
1782202689940 0.0 11
1782202689941 0.0 12
1782202689942 0.0 13
1782202689943 0.0 14
1782202689944 0.0 15
1782202689946 0.0 16
1782202689947 0.0 17
1782202689948 0.0 18
1782202689949 0.0 19
1782202689950 0.0 20
1782202689951 0.0 21
1782202689953 0.0 22
1782202689954 0.0 23
1782202689955 0.0 24
1782202689956 0.0 25
1782202689957 0.0 26
1782202689958 0.0 27
1782202689959 0.0 28
1782202689960 0.0 29
1782202689961 0.0 30
1782202689962 0.0 31
1782202689964 0.0 32
1782202689965 0.0 33
1782202689966 0.0 34
1782202689967 0.0 35
1782202689968 0.0 36
1782202689970 0.0 37
1782202689971 0.0 38
1782202689972 0.0 39
1782202689973 0.0 40
1782202689974 0.0 41
1782202689975 0.0 42
1782202689976 0.0 43
1782202689977 0.0 44
1782202689978 0.0 45
1782202689979 0.0 46
1782202689980 0.0 47
1782202689982 0.0 48
1782202689983 0.0 49
1782202689984 0.0 50
1782202689985 0.0 51
1782202689986 0.0 52
1782202689987 0.0 53
1782202689988 0.0 54
1782202689990 0.0 55
1782202689991 0.0 56
1782202689992 0.0 57
1782202689993 0.0 58
1782202689994 0.0 59
1782202689995 0.0 60
1782202689996 0.0 61
1782202689997 0.0 62
1782202689998 0.0 63
1782202689999 0.0 64
1782202690001 0.0 65
1782202690002 0.0 66
1782202690003 0.0 67
1782202690004 0.0 68
1782202690005 0.0 69
1782202690007 0.0 70
1782202690008 0.0 71
1782202690009 0.0 72
1782202690010 0.0 73
1782202690011 0.0 74
1782202690012 0.0 75
1782202690013 0.0 76
1782202690014 0.0 77
1782202690015 0.0 78
