1780314193084 0.15624937899410724 1
1780314193087 0.06676894949749113 2
1780314193089 0.03137282595969736 3
1780314193092 0.01753664940595627 4
1780314193094 0.011790640256367623 5
1780314193097 0.008782085324637591 6
1780314193099 0.0069231259310618045 7
1780314193101 0.0057153690000996 8
1780314193104 0.004973608176223934 9
1780314193106 0.004320912268012762 10
1780314193108 0.0038812753255479037 11
1780314193111 0.0034937406372046098 12
1780314193113 0.0032654789608204736 13
1780314193115 0.002962625367217697 14
1780314193118 0.0027487239561742173 15
1780314193120 0.002585249068797566 16
1780314193122 0.002535317333531566 17
1780314193125 0.002410365251998883 18
1780314193127 0.0023553893956704997 19
1780314193129 0.0021799735087552107 20
1780314193132 0.002075629226164892 21
1780314193134 0.002067232741683256 22
1780314193137 0.001994450299534947 23
1780314193139 0.0019203386441222392 24
1780314193141 0.0018999014486325906 25
1780314193144 0.0018579659360693768 26
1780314193146 0.0018499723396962508 27
1780314193148 0.0017562605401326436 28
1780314193151 0.001778576806827914 29
1780314193153 0.0018297555498429574 30
1780314193155 0.0016808745490561705 31
1780314193158 0.0016303203112329357 32
1780314193160 0.0016027993874740787 33
1780314193163 0.0015920647748862394 34
1780314193166 0.001583576339908177 35
1780314193168 0.0015771037753438577 36
1780314193171 0.001614222063217312 37
1780314193173 0.0015864711211179383 38
1780314193176 0.0015940440978738479 39
1780314193178 0.001530410964624025 40
1780314193190 0.0015542674882453866 41
1780314193193 0.0014852575889381114 42
1780314193195 0.0014767384719743858 43
1780314193198 0.0014424584477092139 44
1780314193200 0.0014330052718287333 45
1780314193202 0.0014643154440273066 46
1780314193205 0.00145047613827046 47
1780314193207 0.001427320049260743 48
1780314193209 0.0013930589720257559 49
1780314193212 0.0014177536498755216 50
1780314193214 0.001425575031025801 51
1780314193216 0.0013803636600641766 52
1780314193219 0.0013753333880595164 53
1780314193221 0.001342162898654351 54
1780314193223 0.0013729935586161445 55
1780314193226 0.0013816904767008963 56
1780314193228 0.001322105502258637 57
1780314193230 0.0013380523765226826 58
1780314193233 0.0013795002023834968 59
1780314193235 0.0013147744968591724 60
1780314193238 0.001245367979427101 61
1780314193241 0.0011990037128998664 62
1780314193243 0.0011897671805490972 63
1780314193246 0.0011814412297826494 64
1780314193248 0.0011730807504500263 65
1780314193251 0.0011688753222551895 66
1780314193253 0.0011710484859213466 67
1780314193256 0.0011687445000279695 68
1780314193258 0.0011538354116783012 69
1780314193261 0.0011500914373755223 70
1780314193263 0.0011269717581308214 71
1780314193266 0.001113725719769718 72
1780314193268 0.0011051401610166066 73
1780314193270 0.0011089296613499755 74
1780314193273 0.0011110380013997201 75
1780314193275 0.0010992157965665683 76
1780314193277 0.001103043754483224 77
1780314193280 0.0010954326819773996 78
1780314193282 0.0010982688204239821 79
1780314193284 0.0010895326636818936 80
1780314193287 0.0010778388388280292 81
1780314193289 0.0010717412459780463 82
1780314193291 0.0010718510060542031 83
1780314193294 0.0010685107515746495 84
1780314193296 0.0010624922000715743 85
1780314193298 0.001063910516895703 86
1780314193301 0.0010646256538166198 87
1780314193303 0.0010642589742928977 88
1780314193305 0.0010622849543142365 89
1780314193308 0.0010588545482460177 90
1780314193310 0.0010509192699828418 91
1780314193313 0.0010493651268188842 92
1780314193315 0.0010501980543631362 93
1780314193317 0.0010492859833902911 94
1780314193320 0.0010466341766004917 95
