1782242009054 0.0 1
1782242009056 0.0 2
1782242009057 0.0 3
1782242009058 0.0 4
1782242009059 0.0 5
1782242009060 0.0 6
1782242009061 0.0 7
1782242009062 0.0 8
1782242009063 0.0 9
1782242009064 0.0 10
1782242009066 0.0 11
1782242009067 0.0 12
1782242009068 0.0 13
1782242009069 0.0 14
1782242009071 0.0 15
1782242009072 0.0 16
1782242009073 0.0 17
1782242009074 0.0 18
1782242009076 0.0 19
1782242009077 0.0 20
1782242009078 0.0 21
1782242009079 0.0 22
1782242009081 0.0 23
1782242009082 0.0 24
1782242009083 0.0 25
1782242009084 0.0 26
1782242009086 0.0 27
1782242009087 0.0 28
1782242009088 0.0 29
1782242009089 0.0 30
1782242009091 0.0 31
1782242009092 0.0 32
1782242009093 0.0 33
1782242009094 0.0 34
1782242009096 0.0 35
1782242009097 0.0 36
1782242009098 0.0 37
1782242009099 0.0 38
1782242009101 0.0 39
1782242009102 0.0 40
1782242009103 0.0 41
1782242009104 0.0 42
1782242009106 0.0 43
1782242009107 0.0 44
1782242009108 0.0 45
1782242009109 0.0 46
1782242009111 0.0 47
1782242009112 0.0 48
1782242009113 0.0 49
1782242009114 0.0 50
1782242009116 0.0 51
1782242009117 0.0 52
1782242009118 0.0 53
1782242009119 0.0 54
1782242009121 0.0 55
1782242009122 0.0 56
1782242009123 0.0 57
1782242009124 0.0 58
1782242009126 0.0 59
1782242009127 0.0 60
1782242009128 0.0 61
1782242009129 0.0 62
1782242009131 0.0 63
1782242009132 0.0 64
1782242009133 0.0 65
1782242009135 0.0 66
1782242009136 0.0 67
1782242009137 0.0 68
1782242009138 0.0 69
1782242009140 0.0 70
