1782242008786 0.130748402364552 1
1782242008788 0.04844756229780614 2
1782242008789 0.02658745798282325 3
1782242008790 0.01593101587612182 4
1782242008791 0.010768716391175985 5
1782242008793 0.008093967642635107 6
1782242008794 0.0063939651567488905 7
1782242008795 0.005205626876559109 8
1782242008796 0.004355311802355572 9
1782242008798 0.003751948805293068 10
1782242008799 0.003323236691649072 11
1782242008800 0.0030290628247894346 12
1782242008801 0.002735907309106551 13
1782242008803 0.0024622198374709115 14
1782242008804 0.0022038644552230834 15
1782242008805 0.0020127311861142514 16
1782242008806 0.0018998055212432518 17
1782242008808 0.0017688636772800236 18
1782242008809 0.0017387042989139446 19
1782242008810 0.0015599905198905616 20
1782242008811 0.0014639813109533861 21
1782242008813 0.0013348854513606056 22
1782242008814 0.001269308200571686 23
1782242008815 0.0012638610671274364 24
1782242008816 0.0011971181569970213 25
1782242008818 0.001177577743656002 26
1782242008819 0.0010922395857051014 27
1782242008820 0.001020323134289356 28
1782242008821 0.001041932738298783 29
1782242008823 0.0010750015827943572 30
1782242008824 0.0010490274750918616 31
1782242008825 0.0009730994564597495 32
1782242008826 0.0008750733223860152 33
1782242008828 0.00083137617650209 34
1782242008829 0.0007858769213635241 35
1782242008830 0.0007775025623413967 36
1782242008831 0.0007569331180275185 37
1782242008833 0.0008108553281635977 38
1782242008834 0.0007523222790769068 39
1782242008835 0.0006621739218826406 40
1782242008836 0.0006283431551855756 41
1782242008838 0.0006099770301807439 42
1782242008839 0.0005959741945844143 43
1782242008840 0.0005880083017109428 44
1782242008850 0.0005782727739278926 45
1782242008851 0.0005798643452726537 46
1782242008853 0.0005805033577053109 47
1782242008854 0.000568921528683859 48
1782242008855 0.0005366834073356585 49
1782242008856 0.0005262914191553137 50
1782242008858 0.0005185014128801413 51
1782242008859 0.0005123850318341283 52
1782242008860 0.0005069734181597596 53
1782242008861 0.0005014129318442428 54
1782242008863 0.0004935086528712418 55
1782242008864 0.0004892792806640501 56
1782242008865 0.0004857289014034905 57
1782242008866 0.0004824987269967096 58
1782242008868 0.00047924521972163346 59
1782242008869 0.00047557405494444535 60
1782242008870 0.0004722301290530595 61
1782242008871 0.0004675257714188774 62
1782242008873 0.0004651645203921362 63
1782242008874 0.00046322837744810385 64
1782242008875 0.0004611994654987939 65
1782242008876 0.00045913778369140347 66
1782242008878 0.0004570844227055204 67
1782242008879 0.00045498876155761534 68
1782242008880 0.00045223413450003137 69
1782242008881 0.0004509675664303359 70
