1782242008970 0.0 1
1782242008971 0.0 2
1782242008972 0.0 3
1782242008974 0.0 4
1782242008975 0.0 5
1782242008976 0.0 6
1782242008977 0.0 7
1782242008979 0.0 8
1782242008980 0.0 9
1782242008981 0.0 10
1782242008983 0.0 11
1782242008984 0.0 12
1782242008985 0.0 13
1782242008986 0.0 14
1782242008988 0.0 15
1782242008989 0.0 16
1782242008990 0.0 17
1782242008991 0.0 18
1782242008993 0.0 19
1782242008994 0.0 20
1782242008995 0.0 21
1782242008996 0.0 22
1782242008998 0.0 23
1782242008999 0.0 24
1782242009000 0.0 25
1782242009001 0.0 26
1782242009002 0.0 27
1782242009004 0.0 28
1782242009005 0.0 29
1782242009006 0.0 30
1782242009007 0.0 31
1782242009009 0.0 32
1782242009010 0.0 33
1782242009011 0.0 34
1782242009012 0.0 35
1782242009014 0.0 36
1782242009015 0.0 37
1782242009016 0.0 38
1782242009017 0.0 39
1782242009019 0.0 40
1782242009020 0.0 41
1782242009021 0.0 42
1782242009022 0.0 43
1782242009024 0.0 44
1782242009025 0.0 45
1782242009026 0.0 46
1782242009027 0.0 47
1782242009028 0.0 48
1782242009029 0.0 49
1782242009030 0.0 50
1782242009031 0.0 51
1782242009032 0.0 52
1782242009033 0.0 53
1782242009035 0.0 54
1782242009036 0.0 55
1782242009037 0.0 56
1782242009038 0.0 57
1782242009039 0.0 58
1782242009041 0.0 59
1782242009042 0.0 60
1782242009043 0.0 61
1782242009044 0.0 62
1782242009045 0.0 63
1782242009046 0.0 64
1782242009047 0.0 65
1782242009049 0.0 66
1782242009050 0.0 67
1782242009051 0.0 68
1782242009052 0.0 69
1782242009053 0.0 70
