1783932403001 0.0 1
1783932403003 0.0 2
1783932403004 0.0 3
1783932403006 0.0 4
1783932403007 0.0 5
1783932403009 0.0 6
1783932403010 0.0 7
1783932403012 0.0 8
1783932403013 0.0 9
1783932403015 0.0 10
1783932403016 0.0 11
1783932403018 0.0 12
1783932403019 0.0 13
1783932403021 0.0 14
1783932403022 0.0 15
1783932403024 0.0 16
1783932403025 0.0 17
1783932403027 0.0 18
1783932403028 0.0 19
1783932403030 0.0 20
1783932403031 0.0 21
1783932403033 0.0 22
1783932403034 0.0 23
1783932403036 0.0 24
1783932403037 0.0 25
1783932403039 0.0 26
1783932403040 0.0 27
1783932403042 0.0 28
1783932403043 0.0 29
1783932403045 0.0 30
1783932403046 0.0 31
1783932403048 0.0 32
1783932403049 0.0 33
1783932403051 0.0 34
1783932403052 0.0 35
1783932403054 0.0 36
1783932403055 0.0 37
1783932403057 0.0 38
1783932403058 0.0 39
1783932403060 0.0 40
1783932403061 0.0 41
1783932403063 0.0 42
1783932403064 0.0 43
1783932403066 0.0 44
1783932403067 0.0 45
1783932403069 0.0 46
1783932403070 0.0 47
1783932403072 0.0 48
1783932403073 0.0 49
1783932403075 0.0 50
1783932403076 0.0 51
1783932403078 0.0 52
1783932403079 0.0 53
1783932403081 0.0 54
1783932403082 0.0 55
1783932403084 0.0 56
1783932403085 0.0 57
1783932403087 0.0 58
1783932403088 0.0 59
1783932403090 0.0 60
1783932403091 0.0 61
1783932403093 0.0 62
1783932403094 0.0 63
1783932403095 0.0 64
1783932403097 0.0 65
1783932403099 0.0 66
1783932403100 0.0 67
1783932403102 0.0 68
1783932403103 0.0 69
1783932403105 0.0 70
1783932403106 0.0 71
1783932403108 0.0 72
1783932403109 0.0 73
1783932403111 0.0 74
1783932403112 0.0 75
1783932403114 0.0 76
1783932403115 0.0 77
1783932403116 0.0 78
