1783932402884 0.0 1
1783932402886 0.0 2
1783932402887 0.0 3
1783932402889 0.0 4
1783932402890 0.0 5
1783932402892 0.0 6
1783932402893 0.0 7
1783932402895 0.0 8
1783932402896 0.0 9
1783932402898 0.0 10
1783932402899 0.0 11
1783932402901 0.0 12
1783932402902 0.0 13
1783932402904 0.0 14
1783932402905 0.0 15
1783932402907 0.0 16
1783932402908 0.0 17
1783932402910 0.0 18
1783932402911 0.0 19
1783932402913 0.0 20
1783932402914 0.0 21
1783932402916 0.0 22
1783932402917 0.0 23
1783932402919 0.0 24
1783932402920 0.0 25
1783932402922 0.0 26
1783932402923 0.0 27
1783932402925 0.0 28
1783932402926 0.0 29
1783932402928 0.0 30
1783932402929 0.0 31
1783932402931 0.0 32
1783932402932 0.0 33
1783932402934 0.0 34
1783932402935 0.0 35
1783932402937 0.0 36
1783932402938 0.0 37
1783932402940 0.0 38
1783932402941 0.0 39
1783932402943 0.0 40
1783932402944 0.0 41
1783932402946 0.0 42
1783932402947 0.0 43
1783932402949 0.0 44
1783932402950 0.0 45
1783932402952 0.0 46
1783932402953 0.0 47
1783932402955 0.0 48
1783932402956 0.0 49
1783932402958 0.0 50
1783932402959 0.0 51
1783932402961 0.0 52
1783932402962 0.0 53
1783932402964 0.0 54
1783932402965 0.0 55
1783932402967 0.0 56
1783932402968 0.0 57
1783932402970 0.0 58
1783932402971 0.0 59
1783932402973 0.0 60
1783932402974 0.0 61
1783932402976 0.0 62
1783932402977 0.0 63
1783932402979 0.0 64
1783932402980 0.0 65
1783932402982 0.0 66
1783932402983 0.0 67
1783932402985 0.0 68
1783932402986 0.0 69
1783932402988 0.0 70
1783932402989 0.0 71
1783932402991 0.0 72
1783932402992 0.0 73
1783932402994 0.0 74
1783932402995 0.0 75
1783932402997 0.0 76
1783932402998 0.0 77
1783932403000 0.0 78
