1780314132776 0.24895374476909637 1
1780314132779 0.22190002635121345 2
1780314132781 0.20245306611061095 3
1780314132783 0.18468270808458329 4
1780314132785 0.1682273317873478 5
1780314132787 0.15307357013225556 6
1780314132790 0.1389185204356909 7
1780314132792 0.12190441265702248 8
1780314132794 0.10674922928214073 9
1780314132796 0.09527641817927361 10
1780314132798 0.08578112207353115 11
1780314132800 0.07767493434250355 12
1780314132802 0.0706156950816512 13
1780314132804 0.06438692715018987 14
1780314132806 0.0587529057264328 15
1780314132808 0.05349766656756401 16
1780314132810 0.04859938450157642 17
1780314132813 0.04412932712584734 18
1780314132815 0.0402540659531951 19
1780314132817 0.03676676340401173 20
1780314132819 0.03360651737079024 21
1780314132821 0.03072315063327551 22
1780314132823 0.028246311768889427 23
1780314132825 0.02593917751684785 24
1780314132827 0.023948227670043707 25
1780314132830 0.02208087906241417 26
1780314132832 0.020302063282579184 27
1780314132834 0.018694453351199628 28
1780314132836 0.01725671631284058 29
1780314132838 0.015973594030365346 30
1780314132840 0.01478708565235138 31
1780314132842 0.013696093820035457 32
1780314132844 0.012719155056402087 33
1780314132847 0.01188549262471497 34
1780314132849 0.011104078395292163 35
1780314132851 0.010391772389411927 36
1780314132853 0.009767257440835238 37
1780314132855 0.009190085264854132 38
1780314132858 0.008657043590210379 39
1780314132860 0.008166827862150967 40
1780314132862 0.007734010946005582 41
1780314132865 0.007335781883448363 42
1780314132868 0.007005038484930992 43
1780314132870 0.006669095088727772 44
1780314132873 0.006351858759298921 45
1780314132875 0.00605130622163415 46
1780314132877 0.005777747994288802 47
1780314132879 0.005520715969614684 48
1780314132881 0.005275736877229065 49
1780314132884 0.005063940463587642 50
1780314132886 0.004847674258053302 51
1780314132888 0.004679814132396131 52
1780314132890 0.004513669731095433 53
1780314132892 0.004339834218844771 54
1780314132894 0.004182976521551609 55
1780314132896 0.004028905967716128 56
1780314132898 0.003886503071989864 57
1780314132900 0.003768968884833157 58
1780314132902 0.0036810881551355124 59
1780314132904 0.003544046792667359 60
1780314132906 0.0034260804718360305 61
1780314132909 0.003309998419135809 62
1780314132911 0.003206226942129433 63
1780314132913 0.0031122982082888483 64
1780314132915 0.003026293022558093 65
1780314132917 0.0029636230506002903 66
1780314132919 0.0028963159339036792 67
1780314132921 0.002839658664306626 68
1780314132923 0.002756600280990824 69
1780314132925 0.002671364372363314 70
1780314132927 0.002638690248131752 71
1780314132930 0.0025771186745259913 72
1780314132932 0.0025152705411892384 73
1780314132934 0.0024479163333307953 74
1780314132936 0.0024055593565572055 75
1780314132938 0.002348271169466898 76
1780314132940 0.002311850640689954 77
1780314132942 0.0022676528093870728 78
1780314132944 0.002236713021993637 79
1780314132946 0.002193823984125629 80
1780314132948 0.0021369514882098885 81
1780314132951 0.0020946184988133608 82
1780314132953 0.002056207925779745 83
1780314132955 0.002035238029784523 84
1780314132957 0.0020142984139965847 85
1780314132959 0.0019761337025556713 86
1780314132961 0.0019518200837774203 87
1780314132963 0.0019601031218189745 88
1780314132965 0.0019257260754238813 89
1780314132967 0.001882669604383409 90
1780314132969 0.0018560477398568765 91
1780314132971 0.0018371859396575018 92
1780314132973 0.0018064951815176754 93
1780314132976 0.0017860834061866626 94
1780314132978 0.0017706649261526764 95
1780314132980 0.0017598828038899229 96
1780314132982 0.0017371503892354668 97
1780314132984 0.001695239117834717 98
1780314132986 0.001670784106827341 99
1780314132988 0.0016575056838337332 100
1780314132990 0.0016517739067785442 101
1780314132992 0.001648495479603298 102
1780314132994 0.0016260816328576766 103
1780314132997 0.0016054285751306453 104
1780314132999 0.001594285435276106 105
1780314133001 0.001596261452359613 106
1780314133003 0.0015893697083811276 107
1780314133005 0.0015736112507875077 108
1780314133007 0.001541946647048462 109
1780314133009 0.0015283099858788773 110
1780314133011 0.0015048586277407593 111
1780314133013 0.0014984378940425813 112
1780314133015 0.0015133710179361514 113
1780314133017 0.0015082831933978013 114
1780314133019 0.0014938433497445657 115
1780314133022 0.0015033420684630982 116
1780314133024 0.0014838189666625111 117
1780314133026 0.0014618622401030735 118
1780314133028 0.0014300606682081706 119
1780314133030 0.001421353420591913 120
1780314133032 0.0014077731897123157 121
1780314133034 0.0014046074665384368 122
1780314133036 0.0014150662365136667 123
1780314133038 0.0014004189614206552 124
1780314133040 0.0013920283727929927 125
1780314133042 0.0013898417935706675 126
1780314133044 0.001399060649855528 127
1780314133047 0.0014063501855707727 128
1780314133049 0.0013801977879484184 129
1780314133051 0.0013545711498591118 130
1780314133053 0.0013457705391920172 131
1780314133055 0.001332792443863582 132
1780314133057 0.0013260282040573656 133
1780314133059 0.0013357510752393864 134
1780314133061 0.0013401943910866976 135
1780314133063 0.0013339521875604986 136
1780314133065 0.0013065378423198126 137
1780314133067 0.0012764605111442507 138
1780314133070 0.001263767280470347 139
1780314133072 0.0012576222883944866 140
1780314133074 0.0012527420705009716 141
1780314133076 0.0012486577000527176 142
1780314133078 0.0012448038927686867 143
1780314133080 0.0012412823927297723 144
1780314133082 0.001237832968472503 145
1780314133084 0.0012323413870763034 146
1780314133086 0.0012296898297790904 147
