1785329751162 0.12694799890741706 1
1785329751165 0.06032275493877629 2
1785329751166 0.03519223735202104 3
1785329751168 0.02309550465239833 4
1785329751170 0.01622857592689494 5
1785329751171 0.012136303742105762 6
1785329751173 0.00948343229247257 7
1785329751175 0.007638004135030011 8
1785329751177 0.006358468722707281 9
1785329751178 0.005404619532055221 10
1785329751180 0.004745250920920322 11
1785329751182 0.004220554052153602 12
1785329751183 0.0037724680742636943 13
1785329751185 0.0033853598787876157 14
1785329751187 0.003152269333077129 15
1785329751188 0.0029579900292446837 16
1785329751190 0.0027638300486917916 17
1785329751192 0.00260180092251782 18
1785329751193 0.002463758829010961 19
1785329751195 0.002363309002733634 20
1785329751197 0.0022969999496126547 21
1785329751198 0.002162291830124256 22
1785329751200 0.0020692628461498924 23
1785329751202 0.0020153062158594064 24
1785329751203 0.0019687922911543866 25
1785329751205 0.0018991217967898896 26
1785329751207 0.0018279308465328843 27
1785329751208 0.0018236700426011035 28
1785329751210 0.0018050467837989951 29
1785329751212 0.0017589334946630211 30
1785329751213 0.0017700171791754352 31
1785329751215 0.0017535217044496675 32
1785329751217 0.0016544974059797823 33
1785329751218 0.0016031075910480771 34
1785329751220 0.0015991678011535746 35
1785329751222 0.0015919934687796437 36
1785329751223 0.001569580020319942 37
1785329751225 0.0015383265871302379 38
1785329751227 0.001540217798416658 39
1785329751228 0.0015175341529053792 40
1785329751230 0.0014972659842896973 41
1785329751232 0.0015089327013508107 42
1785329751233 0.0015549406610565104 43
1785329751235 0.001462447504430505 44
1785329751237 0.0014587595832078173 45
1785329751238 0.0014310071552851393 46
1785329751240 0.0014026414959516843 47
1785329751242 0.0014121830887840285 48
1785329751243 0.0014047272661021756 49
1785329751245 0.0013953181322600963 50
1785329751247 0.001372498982285227 51
1785329751248 0.0014008243194742439 52
1785329751250 0.0013638755174421628 53
1785329751252 0.001345460252923658 54
1785329751254 0.001354600186823518 55
1785329751255 0.0013436634898729002 56
1785329751257 0.0013443914188125442 57
1785329751258 0.0013541003983239838 58
1785329751260 0.0013059276025160216 59
1785329751262 0.0013231672352655248 60
1785329751263 0.0013123465225968781 61
1785329751265 0.0013045602059113055 62
1785329751267 0.001311859032951664 63
1785329751268 0.0013271540074735336 64
1785329751270 0.0012770351619110442 65
1785329751272 0.0012687812513225557 66
1785329751274 0.0012592071947437945 67
1785329751275 0.0012592198079801164 68
1785329751277 0.0012648598153342998 69
1785329751279 0.001263298483111915 70
1785329751280 0.001272401287375639 71
1785329751282 0.0012586617719838008 72
1785329751284 0.0012218158702429112 73
1785329751285 0.0012375553603609054 74
1785329751287 0.0012297859177124338 75
1785329751289 0.0012042538048262941 76
1785329751290 0.001189291928797805 77
1785329751292 0.001202882526134393 78
1785329751294 0.0012440876624168595 79
1785329751295 0.0012220252268283123 80
1785329751297 0.0012086823434098429 81
1785329751299 0.001203468270068697 82
1785329751300 0.0011779072394953497 83
1785329751302 0.0011831650174523626 84
1785329751304 0.0011979042928942363 85
1785329751305 0.0011884378184428594 86
1785329751307 0.0011498521177297032 87
1785329751309 0.0011550165500617974 88
1785329751310 0.0011752153912311769 89
1785329751312 0.0011549791398768625 90
1785329751314 0.0011627846733366217 91
1785329751315 0.001156997191355913 92
1785329751317 0.0011430918926635058 93
1785329751319 0.0011341968236592947 94
1785329751320 0.0011403612176460836 95
1785329751322 0.0011371050273737636 96
1785329751324 0.0011550533925401396 97
1785329751325 0.0011325363968959815 98
1785329751327 0.0011330373574916545 99
1785329751329 0.0011278699864609128 100
