1782204443862 0.138817728869617 1
1782204443863 0.047987520219758155 2
1782204443865 0.02277656887192279 3
1782204443866 0.013805989404208957 4
1782204443867 0.009421591071877629 5
1782204443868 0.0069191459380090236 6
1782204443869 0.005573672108585015 7
1782204443871 0.004591121945995837 8
1782204443872 0.00387753200950101 9
1782204443873 0.0034191215480677785 10
1782204443874 0.003028914700844325 11
1782204443875 0.00272485252819024 12
1782204443877 0.002494305752334185 13
1782204443878 0.00229917956283316 14
1782204443879 0.0021427662880159916 15
1782204443880 0.0020271996746305376 16
1782204443881 0.0019459580903640017 17
1782204443883 0.0018374739505816252 18
1782204443884 0.0018189375067595394 19
1782204443885 0.0017206139618065209 20
1782204443886 0.0015984321138239465 21
1782204443887 0.001522546436463017 22
1782204443889 0.001496315609110752 23
1782204443890 0.0014481336902827024 24
1782204443891 0.001552309183171019 25
1782204443892 0.0017251785208645743 26
1782204443893 0.001554471980634844 27
1782204443894 0.0013935096851491835 28
1782204443896 0.0012942532458691857 29
1782204443897 0.0012449701898731291 30
1782204443898 0.0012025149159308058 31
1782204443899 0.0011785885211429558 32
1782204443900 0.0011884822846332098 33
1782204443902 0.0011575172840821324 34
1782204443903 0.0011499583590921247 35
1782204443904 0.0011698697562678717 36
1782204443905 0.0011775948332069675 37
1782204443906 0.001254821633483516 38
1782204443908 0.0012056666032003705 39
1782204443909 0.0011843536936066812 40
1782204443910 0.0011273098826495697 41
1782204443911 0.0010410359250818146 42
1782204443912 0.0010217049817583756 43
1782204443914 0.0010140373859758257 44
1782204443915 0.001007595482005854 45
1782204443916 0.0010481367811007657 46
1782204443917 0.001007491674972698 47
1782204443918 0.0010083006383501925 48
1782204443919 0.0009939058253803524 49
1782204443921 0.0009890435710258317 50
1782204443922 0.0009668381290248362 51
1782204443923 0.0009936739829572616 52
1782204443924 0.0009318815293954685 53
1782204443925 0.0008665686556196306 54
1782204443927 0.0008438483109785011 55
1782204443928 0.0008316976320929825 56
1782204443929 0.000820367490305216 57
1782204443930 0.0008118319020286436 58
1782204443931 0.0008045945000412758 59
1782204443933 0.000794153314527648 60
1782204443934 0.000788321835862007 61
1782204443935 0.0007840962233240134 62
1782204443936 0.0007799377317496692 63
1782204443937 0.0007760860913185751 64
1782204443938 0.0007723181803885381 65
1782204443940 0.0007685110877719126 66
1782204443941 0.0007620674364079605 67
1782204443942 0.0007591308470000513 68
1782204443943 0.0007564570745671517 69
1782204443944 0.0007540732506822679 70
1782204443946 0.0007516700414635125 71
1782204443947 0.0007493722296567284 72
1782204443948 0.0007471801407154999 73
1782204443949 0.0007433559022683767 74
1782204443950 0.0007416254717463744 75
