1782204444123 0.0 1
1782204444125 0.0 2
1782204444126 0.0 3
1782204444127 0.0 4
1782204444128 0.0 5
1782204444129 0.0 6
1782204444130 0.0 7
1782204444131 0.0 8
1782204444132 0.0 9
1782204444134 0.0 10
1782204444135 0.0 11
1782204444136 0.0 12
1782204444137 0.0 13
1782204444138 0.0 14
1782204444139 0.0 15
1782204444140 0.0 16
1782204444141 0.0 17
1782204444142 0.0 18
1782204444143 0.0 19
1782204444144 0.0 20
1782204444145 0.0 21
1782204444146 0.0 22
1782204444147 0.0 23
1782204444148 0.0 24
1782204444149 0.0 25
1782204444150 0.0 26
1782204444151 0.0 27
1782204444152 0.0 28
1782204444153 0.0 29
1782204444154 0.0 30
1782204444155 0.0 31
1782204444156 0.0 32
1782204444158 0.0 33
1782204444159 0.0 34
1782204444160 0.0 35
1782204444161 0.0 36
1782204444162 0.0 37
1782204444163 0.0 38
1782204444164 0.0 39
1782204444165 0.0 40
1782204444166 0.0 41
1782204444167 0.0 42
1782204444168 0.0 43
1782204444169 0.0 44
1782204444170 0.0 45
1782204444171 0.0 46
1782204444172 0.0 47
1782204444173 0.0 48
1782204444174 0.0 49
1782204444175 0.0 50
1782204444176 0.0 51
1782204444177 0.0 52
1782204444178 0.0 53
1782204444179 0.0 54
1782204444180 0.0 55
1782204444181 0.0 56
1782204444182 0.0 57
1782204444183 0.0 58
1782204444184 0.0 59
1782204444185 0.0 60
1782204444186 0.0 61
1782204444187 0.0 62
1782204444188 0.0 63
1782204444189 0.0 64
1782204444190 0.0 65
1782204444191 0.0 66
1782204444192 0.0 67
1782204444193 0.0 68
1782204444194 0.0 69
1782204444195 0.0 70
1782204444196 0.0 71
1782204444197 0.0 72
1782204444198 0.0 73
1782204444199 0.0 74
1782204444200 0.0 75
