1782204444040 0.0 1
1782204444042 0.0 2
1782204444043 0.0 3
1782204444044 0.0 4
1782204444045 0.0 5
1782204444046 0.0 6
1782204444048 0.0 7
1782204444049 0.0 8
1782204444050 0.0 9
1782204444051 0.0 10
1782204444052 0.0 11
1782204444053 0.0 12
1782204444054 0.0 13
1782204444055 0.0 14
1782204444056 0.0 15
1782204444057 0.0 16
1782204444058 0.0 17
1782204444059 0.0 18
1782204444061 0.0 19
1782204444062 0.0 20
1782204444063 0.0 21
1782204444064 0.0 22
1782204444065 0.0 23
1782204444066 0.0 24
1782204444068 0.0 25
1782204444069 0.0 26
1782204444070 0.0 27
1782204444071 0.0 28
1782204444072 0.0 29
1782204444074 0.0 30
1782204444075 0.0 31
1782204444076 0.0 32
1782204444077 0.0 33
1782204444078 0.0 34
1782204444080 0.0 35
1782204444081 0.0 36
1782204444082 0.0 37
1782204444083 0.0 38
1782204444084 0.0 39
1782204444086 0.0 40
1782204444087 0.0 41
1782204444088 0.0 42
1782204444089 0.0 43
1782204444090 0.0 44
1782204444091 0.0 45
1782204444092 0.0 46
1782204444093 0.0 47
1782204444094 0.0 48
1782204444095 0.0 49
1782204444096 0.0 50
1782204444097 0.0 51
1782204444098 0.0 52
1782204444099 0.0 53
1782204444100 0.0 54
1782204444101 0.0 55
1782204444102 0.0 56
1782204444103 0.0 57
1782204444105 0.0 58
1782204444106 0.0 59
1782204444107 0.0 60
1782204444108 0.0 61
1782204444109 0.0 62
1782204444110 0.0 63
1782204444111 0.0 64
1782204444112 0.0 65
1782204444113 0.0 66
1782204444114 0.0 67
1782204444115 0.0 68
1782204444116 0.0 69
1782204444117 0.0 70
1782204444118 0.0 71
1782204444119 0.0 72
1782204444120 0.0 73
1782204444121 0.0 74
1782204444122 0.0 75
