1784113568416 0.0 1
1784113568418 0.0 2
1784113568419 0.0 3
1784113568421 0.0 4
1784113568422 0.0 5
1784113568423 0.0 6
1784113568425 0.0 7
1784113568426 0.0 8
1784113568427 0.0 9
1784113568428 0.0 10
1784113568430 0.0 11
1784113568431 0.0 12
1784113568433 0.0 13
1784113568434 0.0 14
1784113568436 0.0 15
1784113568437 0.0 16
1784113568438 0.0 17
1784113568439 0.0 18
1784113568441 0.0 19
1784113568442 0.0 20
1784113568443 0.0 21
1784113568445 0.0 22
1784113568446 0.0 23
1784113568447 0.0 24
1784113568449 0.0 25
1784113568450 0.0 26
1784113568452 0.0 27
1784113568453 0.0 28
1784113568454 0.0 29
1784113568456 0.0 30
1784113568457 0.0 31
1784113568458 0.0 32
1784113568460 0.0 33
1784113568461 0.0 34
1784113568462 0.0 35
1784113568464 0.0 36
1784113568465 0.0 37
1784113568467 0.0 38
1784113568468 0.0 39
1784113568469 0.0 40
1784113568471 0.0 41
1784113568472 0.0 42
1784113568473 0.0 43
1784113568474 0.0 44
1784113568476 0.0 45
1784113568477 0.0 46
1784113568478 0.0 47
1784113568480 0.0 48
1784113568481 0.0 49
1784113568483 0.0 50
