1784113568197 0.01386187088675797 1
1784113568199 0.0037404835238703527 2
1784113568200 0.0034923033164523075 3
1784113568202 0.003225488137395587 4
1784113568204 0.002845817150955554 5
1784113568205 0.0027602841971383894 6
1784113568207 0.002715602274547564 7
1784113568208 0.002762119200924644 8
1784113568210 0.0023350062344979963 9
1784113568212 0.00213545686317957 10
1784113568213 0.0025846348710183518 11
1784113568215 0.002567523264151532 12
1784113568216 0.0020256093426723964 13
1784113568218 0.0019330742962483782 14
1784113568219 0.0021157050054171123 15
1784113568221 0.0018950255299569107 16
1784113568223 0.001825370846054284 17
1784113568224 0.0017562545520195272 18
1784113568226 0.0018445643402810674 19
1784113568227 0.0017585817852523178 20
1784113568229 0.0017449824136565439 21
1784113568230 0.0015699764125747607 22
1784113568232 0.0014493029446020955 23
1784113568234 0.0014452038521267242 24
1784113568235 0.0013969029439613223 25
1784113568237 0.0013617557722318452 26
1784113568238 0.0014011900495097508 27
1784113568240 0.0013368138209625612 28
1784113568242 0.0012981804152514087 29
1784113568243 0.0012336720934399636 30
1784113568245 0.001186406252454617 31
1784113568246 0.0011645582306664436 32
1784113568248 0.0011527598394604865 33
1784113568249 0.0011415634168952238 34
1784113568251 0.0011392928432906047 35
1784113568253 0.0010937932435626863 36
1784113568254 0.0010729298165824729 37
1784113568256 0.0010618024252471514 38
1784113568257 0.0010515034286800074 39
1784113568259 0.0010419941312284208 40
1784113568260 0.0010250032119074604 41
1784113568262 0.0010183735343161971 42
1784113568263 0.0010127948827721412 43
1784113568265 0.0010075268887885613 44
1784113568267 0.0010021902118023717 45
1784113568268 0.000993482339545153 46
1784113568270 0.000989578827357036 47
1784113568271 0.0009865997915767366 48
1784113568273 0.000984093618026236 49
1784113568274 0.0009815325928502717 50
