1784113568348 0.0 1
1784113568350 0.0 2
1784113568351 0.0 3
1784113568352 0.0 4
1784113568354 0.0 5
1784113568355 0.0 6
1784113568357 0.0 7
1784113568358 0.0 8
1784113568359 0.0 9
1784113568361 0.0 10
1784113568362 0.0 11
1784113568363 0.0 12
1784113568365 0.0 13
1784113568366 0.0 14
1784113568367 0.0 15
1784113568369 0.0 16
1784113568370 0.0 17
1784113568372 0.0 18
1784113568373 0.0 19
1784113568374 0.0 20
1784113568375 0.0 21
1784113568377 0.0 22
1784113568378 0.0 23
1784113568379 0.0 24
1784113568381 0.0 25
1784113568382 0.0 26
1784113568383 0.0 27
1784113568385 0.0 28
1784113568386 0.0 29
1784113568388 0.0 30
1784113568389 0.0 31
1784113568390 0.0 32
1784113568392 0.0 33
1784113568393 0.0 34
1784113568395 0.0 35
1784113568396 0.0 36
1784113568397 0.0 37
1784113568398 0.0 38
1784113568400 0.0 39
1784113568401 0.0 40
1784113568403 0.0 41
1784113568404 0.0 42
1784113568405 0.0 43
1784113568407 0.0 44
1784113568408 0.0 45
1784113568409 0.0 46
1784113568411 0.0 47
1784113568412 0.0 48
1784113568413 0.0 49
1784113568415 0.0 50
