1784108191886 0.0 1
1784108191888 0.0 2
1784108191889 0.0 3
1784108191891 0.0 4
1784108191892 0.0 5
1784108191894 0.0 6
1784108191896 0.0 7
1784108191897 0.0 8
1784108191899 0.0 9
1784108191900 0.0 10
1784108191902 0.0 11
1784108191903 0.0 12
1784108191905 0.0 13
1784108191906 0.0 14
1784108191908 0.0 15
1784108191910 0.0 16
1784108191911 0.0 17
1784108191913 0.0 18
1784108191914 0.0 19
1784108191916 0.0 20
1784108191917 0.0 21
1784108191919 0.0 22
1784108191920 0.0 23
1784108191922 0.0 24
1784108191923 0.0 25
1784108191925 0.0 26
1784108191927 0.0 27
1784108191928 0.0 28
1784108191930 0.0 29
1784108191931 0.0 30
1784108191933 0.0 31
1784108191934 0.0 32
1784108191936 0.0 33
1784108191938 0.0 34
1784108191939 0.0 35
1784108191941 0.0 36
