1784108191773 0.013877799907932057 1
1784108191775 0.003675680936430581 2
1784108191777 0.003513077960378723 3
1784108191778 0.0030746879968501163 4
1784108191780 0.0029233137480332515 5
1784108191781 0.0028647356356668752 6
1784108191783 0.0026336843869648875 7
1784108191785 0.00273241577524459 8
1784108191786 0.0023639704736706335 9
1784108191788 0.0022088315583823712 10
1784108191789 0.002084220868564444 11
1784108191791 0.0019816406095924323 12
1784108191792 0.0019297637609997764 13
1784108191794 0.0017984125181828858 14
1784108191796 0.0017543239657243249 15
1784108191797 0.0017707645165501162 16
1784108191799 0.00167787351005245 17
1784108191800 0.0016513458873669152 18
1784108191802 0.0016494316558237187 19
1784108191803 0.001596957238507457 20
1784108191805 0.0015842369066376705 21
1784108191807 0.0015004705151659436 22
1784108191808 0.001417057845319505 23
1784108191810 0.0013801703864010052 24
1784108191811 0.0013482754695723998 25
1784108191813 0.0013280859278893332 26
1784108191814 0.0012944633745064493 27
1784108191816 0.0012687509789975594 28
1784108191817 0.0012528155866311863 29
1784108191819 0.0012394696304545505 30
1784108191821 0.0012222231108898996 31
1784108191822 0.0011998557041806635 32
1784108191824 0.0011904819407209289 33
1784108191825 0.0011825255829899107 34
1784108191827 0.001175518216114142 35
1784108191828 0.0011673194391187281 36
