1784108191942 0.0 1
1784108191944 0.0 2
1784108191946 0.0 3
1784108191947 0.0 4
1784108191949 0.0 5
1784108191950 0.0 6
1784108191952 0.0 7
1784108191953 0.0 8
1784108191955 0.0 9
1784108191956 0.0 10
1784108191958 0.0 11
1784108191959 0.0 12
1784108191961 0.0 13
1784108191962 0.0 14
1784108191964 0.0 15
1784108191965 0.0 16
1784108191967 0.0 17
1784108191969 0.0 18
1784108191970 0.0 19
1784108191972 0.0 20
1784108191973 0.0 21
1784108191975 0.0 22
1784108191976 0.0 23
1784108191978 0.0 24
1784108191979 0.0 25
1784108191981 0.0 26
1784108191982 0.0 27
1784108191984 0.0 28
1784108191986 0.0 29
1784108191987 0.0 30
1784108191988 0.0 31
1784108191990 0.0 32
1784108191991 0.0 33
1784108191993 0.0 34
1784108191995 0.0 35
1784108191996 0.0 36
