1784014267544 0.0 1
1784014267546 0.0 2
1784014267547 0.0 3
1784014267549 0.0 4
1784014267551 0.0 5
1784014267552 0.0 6
1784014267553 0.0 7
1784014267555 0.0 8
1784014267556 0.0 9
1784014267558 0.0 10
1784014267559 0.0 11
1784014267561 0.0 12
1784014267562 0.0 13
1784014267563 0.0 14
1784014267564 0.0 15
1784014267566 0.0 16
1784014267567 0.0 17
1784014267568 0.0 18
1784014267570 0.0 19
1784014267571 0.0 20
1784014267572 0.0 21
1784014267574 0.0 22
1784014267575 0.0 23
1784014267577 0.0 24
1784014267578 0.0 25
1784014267579 0.0 26
1784014267580 0.0 27
1784014267582 0.0 28
1784014267583 0.0 29
1784014267584 0.0 30
1784014267585 0.0 31
1784014267587 0.0 32
1784014267588 0.0 33
1784014267590 0.0 34
1784014267591 0.0 35
1784014267592 0.0 36
1784014267594 0.0 37
1784014267595 0.0 38
1784014267596 0.0 39
1784014267597 0.0 40
1784014267599 0.0 41
1784014267600 0.0 42
1784014267601 0.0 43
1784014267603 0.0 44
1784014267604 0.0 45
1784014267605 0.0 46
1784014267607 0.0 47
1784014267608 0.0 48
1784014267609 0.0 49
1784014267611 0.0 50
1784014267612 0.0 51
1784014267613 0.0 52
1784014267615 0.0 53
1784014267616 0.0 54
1784014267617 0.0 55
1784014267619 0.0 56
1784014267620 0.0 57
1784014267622 0.0 58
1784014267623 0.0 59
1784014267625 0.0 60
1784014267626 0.0 61
1784014267628 0.0 62
1784014267629 0.0 63
1784014267631 0.0 64
1784014267632 0.0 65
1784014267633 0.0 66
1784014267635 0.0 67
1784014267636 0.0 68
1784014267637 0.0 69
1784014267639 0.0 70
1784014267640 0.0 71
1784014267641 0.0 72
1784014267643 0.0 73
1784014267644 0.0 74
1784014267645 0.0 75
1784014267646 0.0 76
1784014267648 0.0 77
1784014267649 0.0 78
1784014267650 0.0 79
1784014267652 0.0 80
1784014267653 0.0 81
1784014267655 0.0 82
1784014267656 0.0 83
1784014267658 0.0 84
1784014267659 0.0 85
1784014267660 0.0 86
1784014267662 0.0 87
1784014267663 0.0 88
1784014267664 0.0 89
1784014267665 0.0 90
1784014267667 0.0 91
1784014267668 0.0 92
1784014267670 0.0 93
1784014267671 0.0 94
1784014267672 0.0 95
1784014267674 0.0 96
1784014267675 0.0 97
1784014267676 0.0 98
1784014267677 0.0 99
1784014267679 0.0 100
1784014267680 0.0 101
1784014267682 0.0 102
1784014267683 0.0 103
1784014267685 0.0 104
1784014267686 0.0 105
1784014267688 0.0 106
1784014267689 0.0 107
1784014267691 0.0 108
1784014267692 0.0 109
1784014267694 0.0 110
