1784014267394 0.0 1
1784014267395 0.0 2
1784014267396 0.0 3
1784014267398 0.0 4
1784014267400 0.0 5
1784014267401 0.0 6
1784014267402 0.0 7
1784014267403 0.0 8
1784014267405 0.0 9
1784014267406 0.0 10
1784014267407 0.0 11
1784014267408 0.0 12
1784014267410 0.0 13
1784014267411 0.0 14
1784014267412 0.0 15
1784014267414 0.0 16
1784014267415 0.0 17
1784014267417 0.0 18
1784014267418 0.0 19
1784014267419 0.0 20
1784014267420 0.0 21
1784014267422 0.0 22
1784014267424 0.0 23
1784014267425 0.0 24
1784014267426 0.0 25
1784014267428 0.0 26
1784014267429 0.0 27
1784014267431 0.0 28
1784014267432 0.0 29
1784014267434 0.0 30
1784014267435 0.0 31
1784014267436 0.0 32
1784014267438 0.0 33
1784014267439 0.0 34
1784014267440 0.0 35
1784014267442 0.0 36
1784014267443 0.0 37
1784014267445 0.0 38
1784014267446 0.0 39
1784014267448 0.0 40
1784014267449 0.0 41
1784014267450 0.0 42
1784014267452 0.0 43
1784014267453 0.0 44
1784014267454 0.0 45
1784014267455 0.0 46
1784014267457 0.0 47
1784014267458 0.0 48
1784014267459 0.0 49
1784014267461 0.0 50
1784014267462 0.0 51
1784014267463 0.0 52
1784014267465 0.0 53
1784014267466 0.0 54
1784014267467 0.0 55
1784014267469 0.0 56
1784014267470 0.0 57
1784014267471 0.0 58
1784014267473 0.0 59
1784014267474 0.0 60
1784014267475 0.0 61
1784014267476 0.0 62
1784014267478 0.0 63
1784014267479 0.0 64
1784014267481 0.0 65
1784014267482 0.0 66
1784014267483 0.0 67
1784014267484 0.0 68
1784014267486 0.0 69
1784014267487 0.0 70
1784014267488 0.0 71
1784014267490 0.0 72
1784014267491 0.0 73
1784014267492 0.0 74
1784014267493 0.0 75
1784014267495 0.0 76
1784014267496 0.0 77
1784014267498 0.0 78
1784014267499 0.0 79
1784014267500 0.0 80
1784014267502 0.0 81
1784014267503 0.0 82
1784014267504 0.0 83
1784014267505 0.0 84
1784014267507 0.0 85
1784014267508 0.0 86
1784014267509 0.0 87
1784014267511 0.0 88
1784014267512 0.0 89
1784014267514 0.0 90
1784014267515 0.0 91
1784014267517 0.0 92
1784014267518 0.0 93
1784014267520 0.0 94
1784014267521 0.0 95
1784014267523 0.0 96
1784014267524 0.0 97
1784014267526 0.0 98
1784014267527 0.0 99
1784014267529 0.0 100
1784014267530 0.0 101
1784014267532 0.0 102
1784014267533 0.0 103
1784014267534 0.0 104
1784014267536 0.0 105
1784014267537 0.0 106
1784014267539 0.0 107
1784014267540 0.0 108
1784014267541 0.0 109
1784014267543 0.0 110
