1784014267070 0.017903140537964646 1
1784014267071 0.003801450022874633 2
1784014267073 0.0035287315674941058 3
1784014267075 0.003271181486197747 4
1784014267076 0.0030590542081336027 5
1784014267078 0.0030370449062320404 6
1784014267079 0.0028002089899382553 7
1784014267081 0.0032003903055738193 8
1784014267082 0.0031159381569887045 9
1784014267084 0.0034013775443600025 10
1784014267086 0.0030302286858204753 11
1784014267087 0.003706748760305345 12
1784014267089 0.003216942400904372 13
1784014267090 0.002943514039507136 14
1784014267092 0.002833942301222123 15
1784014267093 0.0026409723247343207 16
1784014267095 0.002612407221022295 17
1784014267096 0.0024548554520879406 18
1784014267098 0.002577440894092433 19
1784014267100 0.0024457686986716 20
1784014267101 0.002371148314414313 21
1784014267103 0.0023238678330380937 22
1784014267104 0.002758923964429414 23
1784014267106 0.002595679308578838 24
1784014267107 0.0023718866138369775 25
1784014267109 0.002215697795181768 26
1784014267110 0.00217405386880273 27
1784014267112 0.0021157550063799135 28
1784014267113 0.0021056028743623757 29
1784014267115 0.0021218843075621408 30
1784014267117 0.0020757258316734806 31
1784014267118 0.002066176259904751 32
1784014267120 0.0020997845752572177 33
1784014267121 0.002027094758668682 34
1784014267123 0.001999547741434071 35
1784014267124 0.001969898458919488 36
1784014267126 0.001961739098696853 37
1784014267127 0.0019639640097739177 38
1784014267129 0.0019623548425443003 39
1784014267130 0.001949935999000445 40
1784014267132 0.001949949263507733 41
1784014267133 0.0019461691669857828 42
1784014267135 0.0019720074259385 43
1784014267136 0.0019582889080629684 44
1784014267138 0.001958323163416935 45
1784014267140 0.0019688484587823043 46
1784014267141 0.0019550313847139476 47
1784014267143 0.0019374315399909392 48
1784014267144 0.0019392216431879205 49
1784014267146 0.002952747926756274 50
1784014267147 0.002547489888384007 51
1784014267149 0.0022743536841880996 52
1784014267150 0.002108228307624813 53
1784014267152 0.002026015414885478 54
1784014267153 0.001995470326510258 55
1784014267155 0.0020795436402841006 56
1784014267156 0.002093748083570972 57
1784014267158 0.0020051536351093093 58
1784014267159 0.0019749038788722828 59
1784014267161 0.0019646565937728156 60
1784014267162 0.0019366396848636213 61
1784014267164 0.001933291167661082 62
1784014267166 0.001925438095931895 63
1784014267167 0.0019098285432846752 64
1784014267169 0.0018989654014876579 65
1784014267170 0.0018908862286480144 66
1784014267172 0.0018939300448982976 67
1784014267173 0.0018858200644899625 68
1784014267175 0.0018862230848026228 69
1784014267176 0.0018810506269801408 70
1784014267178 0.0018690775477443822 71
1784014267179 0.0018674934186856263 72
1784014267181 0.0018601752397808013 73
1784014267182 0.0018624849466141312 74
1784014267184 0.0018579700913687702 75
1784014267186 0.0018551714962086407 76
1784014267187 0.001856086111656623 77
1784014267189 0.0018555300220032224 78
1784014267190 0.001853243960722466 79
1784014267192 0.0018544024984294082 80
1784014267193 0.0018611079746187898 81
1784014267195 0.001855030270962743 82
1784014267196 0.001845091876675724 83
1784014267198 0.0018391069448261987 84
1784014267199 0.001838357717060717 85
1784014267201 0.0018378020027739693 86
1784014267202 0.0018372497914970155 87
1784014267204 0.0018385449534252985 88
1784014267205 0.0018419075105339288 89
1784014267207 0.0018478038841567468 90
1784014267209 0.0018351463357248576 91
1784014267210 0.0018364727541484171 92
1784014267212 0.0018378014382324183 93
1784014267213 0.0018308432174671907 94
1784014267215 0.0018314023673883639 95
1784014267216 0.0018288079318153905 96
1784014267218 0.001828965433378471 97
1784014267219 0.0018282078093034215 98
1784014267221 0.001827449348566006 99
1784014267222 0.0018294641668035183 100
1784014267224 0.0018302434226643528 101
1784014267225 0.001826809145786683 102
1784014267227 0.0018261728624929675 103
1784014267228 0.0018267657648539171 104
1784014267230 0.0018238609683612595 105
1784014267231 0.0018235824105795474 106
1784014267233 0.0018233079617493786 107
1784014267235 0.0018228070662735262 108
1784014267236 0.0018231558724073694 109
1784014267238 0.001822426448998158 110
