1782749877824 0.0 1
1782749877825 0.0 2
1782749877826 0.0 3
1782749877827 0.0 4
1782749877829 0.0 5
1782749877830 0.0 6
1782749877831 0.0 7
1782749877832 0.0 8
1782749877833 0.0 9
1782749877834 0.0 10
1782749877835 0.0 11
1782749877836 0.0 12
1782749877837 0.0 13
1782749877838 0.0 14
1782749877839 0.0 15
1782749877840 0.0 16
1782749877842 0.0 17
1782749877843 0.0 18
1782749877844 0.0 19
1782749877845 0.0 20
1782749877846 0.0 21
1782749877847 0.0 22
1782749877848 0.0 23
1782749877849 0.0 24
1782749877850 0.0 25
1782749877851 0.0 26
1782749877852 0.0 27
1782749877853 0.0 28
1782749877854 0.0 29
1782749877855 0.0 30
1782749877857 0.0 31
1782749877858 0.0 32
1782749877859 0.0 33
1782749877860 0.0 34
1782749877861 0.0 35
1782749877862 0.0 36
1782749877863 0.0 37
1782749877864 0.0 38
1782749877865 0.0 39
1782749877866 0.0 40
1782749877867 0.0 41
1782749877868 0.0 42
1782749877869 0.0 43
1782749877870 0.0 44
1782749877871 0.0 45
1782749877872 0.0 46
1782749877873 0.0 47
1782749877874 0.0 48
1782749877875 0.0 49
1782749877876 0.0 50
1782749877877 0.0 51
1782749877879 0.0 52
1782749877880 0.0 53
1782749877881 0.0 54
1782749877882 0.0 55
1782749877883 0.0 56
1782749877884 0.0 57
1782749877885 0.0 58
1782749877886 0.0 59
1782749877887 0.0 60
1782749877888 0.0 61
1782749877889 0.0 62
1782749877890 0.0 63
1782749877891 0.0 64
1782749877892 0.0 65
1782749877893 0.0 66
1782749877894 0.0 67
1782749877895 0.0 68
1782749877896 0.0 69
1782749877897 0.0 70
1782749877898 0.0 71
1782749877900 0.0 72
1782749877901 0.0 73
