1782749877902 0.0 1
1782749877903 0.0 2
1782749877904 0.0 3
1782749877905 0.0 4
1782749877906 0.0 5
1782749877907 0.0 6
1782749877908 0.0 7
1782749877909 0.0 8
1782749877910 0.0 9
1782749877911 0.0 10
1782749877912 0.0 11
1782749877913 0.0 12
1782749877914 0.0 13
1782749877916 0.0 14
1782749877917 0.0 15
1782749877918 0.0 16
1782749877919 0.0 17
1782749877920 0.0 18
1782749877921 0.0 19
1782749877922 0.0 20
1782749877923 0.0 21
1782749877924 0.0 22
1782749877925 0.0 23
1782749877926 0.0 24
1782749877927 0.0 25
1782749877928 0.0 26
1782749877930 0.0 27
1782749877931 0.0 28
1782749877932 0.0 29
1782749877933 0.0 30
1782749877934 0.0 31
1782749877935 0.0 32
1782749877936 0.0 33
1782749877937 0.0 34
1782749877938 0.0 35
1782749877939 0.0 36
1782749877940 0.0 37
1782749877941 0.0 38
1782749877942 0.0 39
1782749877943 0.0 40
1782749877944 0.0 41
1782749877945 0.0 42
1782749877946 0.0 43
1782749877947 0.0 44
1782749877948 0.0 45
1782749877949 0.0 46
1782749877951 0.0 47
1782749877952 0.0 48
1782749877953 0.0 49
1782749877954 0.0 50
1782749877955 0.0 51
1782749877956 0.0 52
1782749877956 0.0 53
1782749877957 0.0 54
1782749877958 0.0 55
1782749877959 0.0 56
1782749877960 0.0 57
1782749877961 0.0 58
1782749877962 0.0 59
1782749877963 0.0 60
1782749877964 0.0 61
1782749877965 0.0 62
1782749877966 0.0 63
1782749877967 0.0 64
1782749877968 0.0 65
1782749877969 0.0 66
1782749877970 0.0 67
1782749877971 0.0 68
1782749877973 0.0 69
1782749877974 0.0 70
1782749877975 0.0 71
1782749877976 0.0 72
1782749877977 0.0 73
