1782749877666 0.13121251046657562 1
1782749877668 0.027821118510328233 2
1782749877669 0.010227317898534238 3
1782749877670 0.0058539175032638014 4
1782749877671 0.004077533793170005 5
1782749877672 0.003205673894844949 6
1782749877673 0.0024349509162129835 7
1782749877674 0.0021674661576980723 8
1782749877675 0.001970160279306583 9
1782749877676 0.0017325136484578252 10
1782749877677 0.0017093441355973482 11
1782749877678 0.0014757604518672452 12
1782749877679 0.001411286608345108 13
1782749877681 0.0013501971345976926 14
1782749877682 0.0012903266123612412 15
1782749877683 0.0012483402705402115 16
1782749877684 0.0012709744242602027 17
1782749877685 0.0011080421168298926 18
1782749877686 0.0010408793202077505 19
1782749877687 0.001021269292687066 20
1782749877688 0.001136565798369702 21
1782749877690 0.0010130837696488016 22
1782749877691 0.0010168743210670073 23
1782749877692 0.0009206489886128111 24
1782749877693 0.0009773703197424766 25
1782749877694 0.0009297149655321846 26
1782749877695 0.0010467252356465907 27
1782749877696 0.0008904131761664758 28
1782749877697 0.0007881505381374154 29
1782749877698 0.0008034140505333198 30
1782749877699 0.0008341892318276222 31
1782749877700 0.0007892248061398277 32
1782749877702 0.000769059848607867 33
1782749877703 0.0007211830488813575 34
1782749877704 0.0007213789015077055 35
1782749877705 0.0007772936092806049 36
1782749877706 0.0007724628049618332 37
1782749877707 0.0007863440489745699 38
1782749877708 0.0007372472134011331 39
1782749877709 0.0006403507983486634 40
1782749877710 0.0005463403517205734 41
1782749877711 0.0005154158239020034 42
1782749877712 0.0004966334039272624 43
1782749877713 0.00048307829420082273 44
1782749877714 0.00047364692010887666 45
1782749877716 0.000464580875413958 46
1782749877717 0.00046112257808999857 47
1782749877718 0.00046599986366345546 48
1782749877719 0.000482579687195539 49
1782749877720 0.0005091600879313774 50
1782749877721 0.0005010848285019165 51
1782749877722 0.0004396230521888356 52
1782749877723 0.00042017235045932466 53
1782749877724 0.0004111460173589876 54
1782749877725 0.0004049788358315709 55
1782749877726 0.00040010447537497384 56
1782749877727 0.0003956907866813708 57
1782749877729 0.0003893035454530036 58
1782749877730 0.0003857761479957844 59
1782749877731 0.000383169065353286 60
1782749877732 0.0003807241476897616 61
1782749877733 0.0003782002066145651 62
1782749877734 0.0003756513970074593 63
1782749877735 0.0003733260006265482 64
1782749877736 0.00036943848364899166 65
1782749877737 0.00036762575760803886 66
1782749877738 0.0003660632085666293 67
1782749877739 0.00036450164734560533 68
1782749877740 0.00036297191727499014 69
1782749877741 0.00036140160849754463 70
1782749877742 0.000359824583028967 71
1782749877744 0.00035749775579461127 72
1782749877745 0.0003565222378165345 73
