1783949538408 0.022054380670306274 1
1783949538410 0.003920816865283996 2
1783949538411 0.0037051191931823267 3
1783949538412 0.0032843936627614313 4
1783949538413 0.003054469679191243 5
1783949538414 0.002889725178829394 6
1783949538416 0.00280375638321857 7
1783949538417 0.00274978748508147 8
1783949538418 0.002577017483417876 9
1783949538419 0.002498954084876459 10
1783949538421 0.0026135744446946774 11
1783949538422 0.002515611970447935 12
1783949538423 0.0023081485090369826 13
1783949538424 0.002191874343334348 14
1783949538425 0.0020470259882858955 15
1783949538426 0.0020864117064047605 16
1783949538428 0.0019955299998400734 17
1783949538429 0.0018539079635229428 18
1783949538430 0.0019038596024620346 19
1783949538431 0.0019129742694349262 20
1783949538433 0.0018863772807526402 21
1783949538434 0.001818335762800416 22
1783949538435 0.001710525255475659 23
1783949538436 0.0016896093876857777 24
1783949538437 0.0016232591708831023 25
1783949538438 0.001794684873020742 26
1783949538440 0.0016382684963173232 27
1783949538441 0.0016268288419814781 28
1783949538442 0.0016367116970650386 29
1783949538443 0.0016185130646044854 30
1783949538444 0.0016345657809870317 31
1783949538446 0.0015309960077865982 32
1783949538447 0.0013975021984515478 33
1783949538448 0.0014138220555469162 34
1783949538449 0.0013998612450086512 35
1783949538450 0.0014324789102829528 36
1783949538452 0.0014506886157323606 37
1783949538453 0.0015030648127140013 38
1783949538454 0.0014945623703533785 39
1783949538455 0.0015020703146001325 40
1783949538456 0.0013449426113220397 41
1783949538458 0.0012510311408550478 42
1783949538459 0.001288204738884815 43
1783949538460 0.0012022638255439232 44
1783949538461 0.0012436291185440496 45
1783949538462 0.0012420738699438516 46
1783949538464 0.001154912139681983 47
1783949538465 0.0012661556837701938 48
1783949538466 0.0012885238992021185 49
1783949538467 0.0011746419578412314 50
1783949538468 0.001146113841823535 51
1783949538470 0.0011330367816117359 52
1783949538471 0.0011068640769371996 53
1783949538472 0.0011219185365189332 54
1783949538473 0.0010777592059457676 55
1783949538474 0.001054294539426337 56
1783949538476 0.0012202131696540165 57
1783949538477 0.0013290372367191594 58
1783949538478 0.0012506518625013995 59
1783949538479 0.0011124528841173742 60
1783949538480 0.0009921536708134226 61
1783949538482 0.0009896828281489433 62
1783949538483 0.0010717175210447748 63
1783949538484 0.0011167736331844935 64
1783949538485 0.001092150275799213 65
1783949538486 0.0011357569025130943 66
1783949538487 0.0010930975287192267 67
1783949538489 0.0010091874543286395 68
1783949538490 0.0008977179607609287 69
1783949538491 0.0008230028278194368 70
1783949538492 0.0007921451529546175 71
1783949538493 0.0007712675620132358 72
1783949538495 0.0007581159478286282 73
1783949538496 0.0007456471526529639 74
1783949538497 0.0007360547059943201 75
1783949538498 0.0007368161548947683 76
1783949538499 0.0007461452138522873 77
1783949538501 0.0007376749529066729 78
1783949538502 0.0007652352683362551 79
1783949538503 0.0007628676582680783 80
1783949538504 0.0007483579211839242 81
1783949538505 0.0007286810792720644 82
1783949538507 0.0007180452915054047 83
1783949538508 0.0007072184421122074 84
1783949538509 0.0007034473580279154 85
1783949538510 0.0006833051097783027 86
1783949538511 0.0006853143949410878 87
1783949538513 0.0006718277319305344 88
1783949538514 0.0006221466650458751 89
1783949538515 0.0006054458429571242 90
1783949538516 0.000595592887912062 91
1783949538517 0.0005885484653845197 92
1783949538518 0.0005837347703345585 93
1783949538520 0.000579177302934113 94
1783949538521 0.000575037283997517 95
1783949538522 0.0005748609962756745 96
1783949538523 0.0005749532219488174 97
1783949538524 0.0005746570574410725 98
1783949538526 0.0005606567332142731 99
1783949538527 0.0005432138888863847 100
1783949538528 0.00053672281683248 101
1783949538529 0.0005329068109131185 102
1783949538530 0.0005305650577793131 103
1783949538532 0.0005277403841319028 104
1783949538533 0.0005252395806019195 105
1783949538534 0.0005229251859418582 106
1783949538535 0.0005202162274508737 107
1783949538536 0.0005178069206885994 108
1783949538538 0.0005168307093117619 109
1783949538539 0.0005099969377624803 110
1783949538540 0.0005048516479291721 111
1783949538541 0.0005025172641035169 112
1783949538542 0.0005011926945007872 113
1783949538544 0.0004997086704679531 114
1783949538545 0.0004981991770182504 115
1783949538546 0.0004968264076887863 116
1783949538547 0.0004955913080630126 117
1783949538548 0.0004939357339026173 118
1783949538550 0.0004927289750776254 119
1783949538551 0.000491361539970967 120
1783949538552 0.00048722380786784923 121
1783949538553 0.0004859464133915026 122
1783949538554 0.00048506156883377117 123
1783949538556 0.00048426049645058813 124
1783949538557 0.0004835689844912849 125
1783949538558 0.0004828104991611326 126
