1783949538837 0.0 1
1783949538839 0.0 2
1783949538840 0.0 3
1783949538841 0.0 4
1783949538842 0.0 5
1783949538843 0.0 6
1783949538845 0.0 7
1783949538845 0.0 8
1783949538847 0.0 9
1783949538848 0.0 10
1783949538849 0.0 11
1783949538850 0.0 12
1783949538851 0.0 13
1783949538853 0.0 14
1783949538854 0.0 15
1783949538855 0.0 16
1783949538856 0.0 17
1783949538857 0.0 18
1783949538858 0.0 19
1783949538859 0.0 20
1783949538861 0.0 21
1783949538861 0.0 22
1783949538862 0.0 23
1783949538863 0.0 24
1783949538864 0.0 25
1783949538865 0.0 26
1783949538867 0.0 27
1783949538868 0.0 28
1783949538869 0.0 29
1783949538870 0.0 30
1783949538871 0.0 31
1783949538872 0.0 32
1783949538873 0.0 33
1783949538874 0.0 34
1783949538876 0.0 35
1783949538877 0.0 36
1783949538878 0.0 37
1783949538879 0.0 38
1783949538880 0.0 39
1783949538881 0.0 40
1783949538882 0.0 41
1783949538883 0.0 42
1783949538884 0.0 43
1783949538886 0.0 44
1783949538887 0.0 45
1783949538888 0.0 46
1783949538889 0.0 47
1783949538890 0.0 48
1783949538891 0.0 49
1783949538892 0.0 50
1783949538893 0.0 51
1783949538894 0.0 52
1783949538895 0.0 53
1783949538896 0.0 54
1783949538897 0.0 55
1783949538898 0.0 56
1783949538900 0.0 57
1783949538901 0.0 58
1783949538902 0.0 59
1783949538903 0.0 60
1783949538904 0.0 61
1783949538905 0.0 62
1783949538906 0.0 63
1783949538907 0.0 64
1783949538908 0.0 65
1783949538909 0.0 66
1783949538910 0.0 67
1783949538911 0.0 68
1783949538912 0.0 69
1783949538914 0.0 70
1783949538915 0.0 71
1783949538916 0.0 72
1783949538917 0.0 73
1783949538918 0.0 74
1783949538919 0.0 75
1783949538921 0.0 76
1783949538922 0.0 77
1783949538923 0.0 78
1783949538924 0.0 79
1783949538925 0.0 80
1783949538927 0.0 81
1783949538928 0.0 82
1783949538929 0.0 83
1783949538930 0.0 84
1783949538931 0.0 85
1783949538933 0.0 86
1783949538934 0.0 87
1783949538935 0.0 88
1783949538936 0.0 89
1783949538937 0.0 90
1783949538939 0.0 91
1783949538940 0.0 92
1783949538941 0.0 93
1783949538942 0.0 94
1783949538943 0.0 95
1783949538945 0.0 96
1783949538946 0.0 97
1783949538947 0.0 98
1783949538948 0.0 99
1783949538949 0.0 100
1783949538950 0.0 101
1783949538951 0.0 102
1783949538953 0.0 103
1783949538954 0.0 104
1783949538955 0.0 105
1783949538956 0.0 106
1783949538957 0.0 107
1783949538958 0.0 108
1783949538960 0.0 109
1783949538961 0.0 110
1783949538962 0.0 111
1783949538963 0.0 112
1783949538964 0.0 113
1783949538965 0.0 114
1783949538966 0.0 115
1783949538967 0.0 116
1783949538968 0.0 117
1783949538970 0.0 118
1783949538971 0.0 119
1783949538972 0.0 120
1783949538973 0.0 121
1783949538974 0.0 122
1783949538975 0.0 123
1783949538976 0.0 124
1783949538977 0.0 125
1783949538978 0.0 126
