1780314202137 0.1349056601213912 1
1780314202139 0.04715167679047833 2
1780314202140 0.0238845427831014 3
1780314202141 0.014492240730517855 4
1780314202142 0.009937697359904026 5
1780314202143 0.0074043715314473955 6
1780314202145 0.00590398607600946 7
1780314202154 0.004866413173537391 8
1780314202155 0.004080735481693409 9
1780314202156 0.0035492342169163747 10
1780314202158 0.0031509739618437987 11
1780314202159 0.0028448911170319965 12
1780314202160 0.0027027796153561213 13
1780314202161 0.00259105106718683 14
1780314202162 0.0024198247663055855 15
1780314202164 0.0023073810642623965 16
1780314202165 0.0022343088858178817 17
1780314202166 0.002149035445957755 18
1780314202167 0.002176688589437011 19
1780314202169 0.0020127544931407707 20
1780314202170 0.0019492735516299339 21
1780314202171 0.0018837134914065246 22
1780314202172 0.00187509284587577 23
1780314202173 0.0018656145861314145 24
1780314202175 0.0018240298088736987 25
1780314202176 0.0018279922082001577 26
1780314202177 0.0017596690908249003 27
1780314202178 0.001773674361781256 28
1780314202180 0.0017385883363507067 29
1780314202181 0.0016953054449307576 30
1780314202182 0.0016625399630963026 31
1780314202183 0.0017270817186120742 32
1780314202185 0.001623006358325559 33
1780314202186 0.0016700150531202477 34
1780314202187 0.0016475339030876056 35
1780314202188 0.0015995864239812363 36
1780314202189 0.0015982271518926912 37
1780314202191 0.0016134353457649315 38
1780314202192 0.0015883749136264668 39
1780314202193 0.0015949088837563371 40
1780314202194 0.001589777225429619 41
1780314202195 0.0015788749484878888 42
1780314202197 0.0015434570770594292 43
1780314202198 0.0015805019333735497 44
1780314202199 0.0015749396553777237 45
1780314202200 0.0015499349428864662 46
1780314202202 0.001466562887071632 47
1780314202203 0.0014860845422541994 48
1780314202204 0.0014964825230587544 49
1780314202205 0.0014800019348209996 50
1780314202206 0.001561814632198851 51
1780314202208 0.001518476190904039 52
1780314202209 0.0015291043344404897 53
1780314202210 0.0014790226514984775 54
1780314202211 0.0014604272787134202 55
1780314202213 0.0014592439463134118 56
1780314202214 0.0014400282048275888 57
1780314202215 0.0014295079756266205 58
1780314202217 0.001450361114984844 59
1780314202218 0.0014293162026660865 60
1780314202219 0.0014619338174573688 61
1780314202220 0.001407554917204834 62
1780314202221 0.0013912012057820296 63
1780314202223 0.0013961215628417753 64
1780314202224 0.0014204030757052047 65
1780314202225 0.0014331567319459282 66
1780314202226 0.0014962030272120804 67
1780314202227 0.0014474487157106826 68
1780314202229 0.0013889841406732255 69
1780314202230 0.0014097309366964813 70
1780314202231 0.0013746929143356587 71
1780314202232 0.0013612360206025186 72
1780314202234 0.0013485914627381136 73
1780314202235 0.0014556954620275064 74
1780314202236 0.0014775468624672308 75
