1781899685307 0.08241535004228354 1
1781899685308 0.02678069528192282 2
1781899685309 0.01386622357647866 3
1781899685310 0.0088457393925637 4
1781899685311 0.006442291790153831 5
1781899685312 0.004765866888919845 6
1781899685313 0.0038173314894083886 7
1781899685314 0.0032000765821430834 8
1781899685315 0.0027447867265436797 9
1781899685316 0.002463434940436855 10
1781899685317 0.0022536392143229023 11
1781899685318 0.002014918316854164 12
1781899685319 0.0018769568941206672 13
1781899685320 0.0017559726713807322 14
1781899685321 0.0016732810478424654 15
1781899685322 0.0015671443377505056 16
1781899685323 0.0014650800998788327 17
1781899685324 0.0013989744585705922 18
1781899685325 0.001346968388534151 19
1781899685325 0.0013304306055943016 20
1781899685326 0.0013022103291586973 21
1781899685327 0.0012571219496021512 22
1781899685328 0.0012173037527827546 23
1781899685329 0.0011917170889500994 24
1781899685330 0.00122505776482285 25
1781899685331 0.001255142999434611 26
1781899685332 0.0011449689537403173 27
1781899685333 0.001062857136275852 28
1781899685334 0.0010177694028243422 29
1781899685335 0.0009928945313004078 30
1781899685336 0.000971089569866308 31
1781899685337 0.000982834074020502 32
1781899685338 0.0010127149694017135 33
1781899685338 0.0010414866270002676 34
1781899685339 0.0009826613391487626 35
1781899685340 0.0009544452324189479 36
1781899685341 0.0009521917409438174 37
1781899685342 0.0009230967715848237 38
1781899685343 0.0008970326355483848 39
1781899685344 0.000888029667257797 40
1781899685345 0.0008658025600016117 41
1781899685346 0.0008682937726553064 42
1781899685347 0.0008640832373203011 43
1781899685348 0.0008911525896110106 44
1781899685349 0.0008524495744859451 45
1781899685350 0.0007908835461421404 46
1781899685351 0.0007722301590547432 47
1781899685351 0.0007619777767104097 48
1781899685352 0.0007546900405577617 49
1781899685353 0.0007475151817925508 50
1781899685354 0.0007394327507427078 51
1781899685355 0.000735007454022707 52
1781899685356 0.0007314958845381625 53
1781899685357 0.0007278760512781446 54
1781899685358 0.000724257433648745 55
1781899685359 0.000720668252579344 56
1781899685360 0.000715992012701463 57
1781899685361 0.0007138412552012596 58
1781899685362 0.0007117316738003865 59
1781899685363 0.000709581772061938 60
1781899685363 0.000707343361027597 61
1781899685364 0.0007050455210264772 62
1781899685365 0.0007021993036323693 63
1781899685366 0.0007008745066923439 64
1781899685367 0.0006995824227487901 65
