1781899685488 0.0 1
1781899685489 0.0 2
1781899685490 0.0 3
1781899685491 0.0 4
1781899685492 0.0 5
1781899685493 0.0 6
1781899685494 0.0 7
1781899685495 0.0 8
1781899685496 0.0 9
1781899685497 0.0 10
1781899685498 0.0 11
1781899685499 0.0 12
1781899685499 0.0 13
1781899685500 0.0 14
1781899685501 0.0 15
1781899685502 0.0 16
1781899685503 0.0 17
1781899685504 0.0 18
1781899685505 0.0 19
1781899685506 0.0 20
1781899685507 0.0 21
1781899685508 0.0 22
1781899685509 0.0 23
1781899685510 0.0 24
1781899685511 0.0 25
1781899685512 0.0 26
1781899685513 0.0 27
1781899685513 0.0 28
1781899685514 0.0 29
1781899685515 0.0 30
1781899685516 0.0 31
1781899685517 0.0 32
1781899685518 0.0 33
1781899685519 0.0 34
1781899685520 0.0 35
1781899685521 0.0 36
1781899685522 0.0 37
1781899685523 0.0 38
1781899685524 0.0 39
1781899685525 0.0 40
1781899685526 0.0 41
1781899685527 0.0 42
1781899685527 0.0 43
1781899685528 0.0 44
1781899685529 0.0 45
1781899685530 0.0 46
1781899685531 0.0 47
1781899685532 0.0 48
1781899685533 0.0 49
1781899685534 0.0 50
1781899685535 0.0 51
1781899685536 0.0 52
1781899685537 0.0 53
1781899685538 0.0 54
1781899685539 0.0 55
1781899685539 0.0 56
1781899685540 0.0 57
1781899685541 0.0 58
1781899685542 0.0 59
1781899685543 0.0 60
1781899685544 0.0 61
1781899685545 0.0 62
1781899685546 0.0 63
1781899685547 0.0 64
1781899685547 0.0 65
