1781899685428 0.0 1
1781899685429 0.0 2
1781899685430 0.0 3
1781899685431 0.0 4
1781899685432 0.0 5
1781899685433 0.0 6
1781899685434 0.0 7
1781899685435 0.0 8
1781899685436 0.0 9
1781899685437 0.0 10
1781899685438 0.0 11
1781899685438 0.0 12
1781899685439 0.0 13
1781899685440 0.0 14
1781899685441 0.0 15
1781899685442 0.0 16
1781899685443 0.0 17
1781899685444 0.0 18
1781899685445 0.0 19
1781899685446 0.0 20
1781899685447 0.0 21
1781899685448 0.0 22
1781899685449 0.0 23
1781899685450 0.0 24
1781899685450 0.0 25
1781899685451 0.0 26
1781899685452 0.0 27
1781899685453 0.0 28
1781899685454 0.0 29
1781899685455 0.0 30
1781899685456 0.0 31
1781899685457 0.0 32
1781899685458 0.0 33
1781899685459 0.0 34
1781899685460 0.0 35
1781899685461 0.0 36
1781899685462 0.0 37
1781899685463 0.0 38
1781899685463 0.0 39
1781899685464 0.0 40
1781899685465 0.0 41
1781899685466 0.0 42
1781899685467 0.0 43
1781899685468 0.0 44
1781899685469 0.0 45
1781899685470 0.0 46
1781899685471 0.0 47
1781899685472 0.0 48
1781899685473 0.0 49
1781899685474 0.0 50
1781899685475 0.0 51
1781899685475 0.0 52
1781899685476 0.0 53
1781899685477 0.0 54
1781899685478 0.0 55
1781899685479 0.0 56
1781899685480 0.0 57
1781899685481 0.0 58
1781899685482 0.0 59
1781899685483 0.0 60
1781899685484 0.0 61
1781899685485 0.0 62
1781899685486 0.0 63
1781899685487 0.0 64
1781899685487 0.0 65
