1780314199574 0.2193049717694521 1
1780314199575 0.1276102158240974 2
1780314199576 0.0560139705426991 3
1780314199577 0.02411404940066859 4
1780314199579 0.013812845332237582 5
1780314199580 0.0095110088858443 6
1780314199581 0.007066189788747579 7
1780314199582 0.0056633866964451345 8
1780314199583 0.004825845817686058 9
1780314199585 0.0040632654068758715 10
1780314199586 0.003587695519672707 11
1780314199587 0.0032286908933504793 12
1780314199588 0.002978473530674819 13
1780314199590 0.0027275210018463743 14
1780314199591 0.0024546422389297123 15
1780314199592 0.0023401459135736027 16
1780314199593 0.0022719119255877255 17
1780314199594 0.0021054305313252066 18
1780314199595 0.0020107779021297273 19
1780314199597 0.0019425297010457142 20
1780314199598 0.0018891136009187904 21
1780314199599 0.0018084377513635749 22
1780314199600 0.0018256039649713785 23
1780314199601 0.0018478670986951328 24
1780314199603 0.001733892048408355 25
1780314199604 0.001646470884346248 26
1780314199605 0.001665508777538586 27
1780314199606 0.0015723510450091757 28
1780314199608 0.001533833624732021 29
1780314199609 0.0014858088185671174 30
1780314199610 0.0015070240340719465 31
1780314199611 0.0015067075464079002 32
1780314199613 0.0014898335887361706 33
1780314199614 0.001446952859623707 34
1780314199615 0.0014040691803529626 35
1780314199616 0.0013681708778070364 36
1780314199617 0.0013845326718486225 37
1780314199619 0.001395129385734132 38
1780314199620 0.001440536981075032 39
1780314199621 0.0013803903494893652 40
1780314199622 0.0013932542033823362 41
1780314199623 0.001330021021628151 42
1780314199625 0.0013336216430616331 43
1780314199626 0.0012763913940337563 44
1780314199627 0.001296125376696485 45
1780314199628 0.0012835030425776494 46
1780314199629 0.0013069986426974842 47
1780314199631 0.0013017817479218745 48
1780314199632 0.0012246030657479424 49
1780314199633 0.001233103859037025 50
1780314199634 0.0012396960619904954 51
1780314199635 0.0012436860714539458 52
1780314199637 0.0012044472023262642 53
1780314199638 0.001207952868026041 54
1780314199639 0.0011765077453067838 55
1780314199640 0.0012148436342613422 56
1780314199642 0.0011963257595804559 57
1780314199643 0.0012405503057986303 58
1780314199644 0.0011717551256879232 59
1780314199645 0.0011674845996215784 60
1780314199646 0.001124852192151593 61
1780314199648 0.0011443676414273796 62
1780314199649 0.0011176126899348068 63
1780314199650 0.0011432803296581066 64
1780314199651 0.0011498833249788732 65
1780314199652 0.0011267838062849478 66
1780314199654 0.001252466631679757 67
1780314199655 0.0011294833352318771 68
1780314199656 0.0011269740583278083 69
1780314199657 0.0011099582883010346 70
1780314199658 0.0010899542034167099 71
1780314199659 0.0010992686944518936 72
1780314199661 0.00106214082607039 73
1780314199662 0.0010493581450646162 74
1780314199663 0.0010534731824615544 75
