1782740579815 0.0 1
1782740579816 0.0 2
1782740579817 0.0 3
1782740579818 0.0 4
1782740579819 0.0 5
1782740579820 0.0 6
1782740579821 0.0 7
1782740579822 0.0 8
1782740579823 0.0 9
1782740579824 0.0 10
1782740579825 0.0 11
1782740579826 0.0 12
1782740579827 0.0 13
1782740579828 0.0 14
1782740579829 0.0 15
1782740579829 0.0 16
1782740579830 0.0 17
1782740579831 0.0 18
1782740579832 0.0 19
1782740579833 0.0 20
1782740579834 0.0 21
1782740579835 0.0 22
1782740579836 0.0 23
1782740579837 0.0 24
1782740579838 0.0 25
1782740579839 0.0 26
1782740579840 0.0 27
1782740579841 0.0 28
1782740579842 0.0 29
1782740579843 0.0 30
1782740579844 0.0 31
1782740579845 0.0 32
1782740579845 0.0 33
1782740579846 0.0 34
1782740579847 0.0 35
1782740579848 0.0 36
1782740579849 0.0 37
1782740579850 0.0 38
1782740579851 0.0 39
1782740579852 0.0 40
1782740579853 0.0 41
1782740579854 0.0 42
1782740579855 0.0 43
1782740579856 0.0 44
1782740579857 0.0 45
1782740579858 0.0 46
1782740579859 0.0 47
1782740579860 0.0 48
1782740579861 0.0 49
1782740579862 0.0 50
1782740579863 0.0 51
1782740579864 0.0 52
1782740579864 0.0 53
1782740579865 0.0 54
1782740579866 0.0 55
1782740579867 0.0 56
1782740579868 0.0 57
1782740579869 0.0 58
1782740579870 0.0 59
1782740579871 0.0 60
1782740579872 0.0 61
1782740579873 0.0 62
1782740579874 0.0 63
1782740579875 0.0 64
1782740579876 0.0 65
1782740579877 0.0 66
1782740579878 0.0 67
1782740579879 0.0 68
