1782740579599 0.09017015377990902 1
1782740579600 0.015748644152190537 2
1782740579601 0.007662960852030665 3
1782740579602 0.004857274850364774 4
1782740579603 0.003548690516036004 5
1782740579605 0.0029486896528396755 6
1782740579606 0.0024728927269461565 7
1782740579607 0.002133027453091927 8
1782740579608 0.001984388905984815 9
1782740579609 0.001813104172470048 10
1782740579610 0.001731966738589108 11
1782740579611 0.0016115464278846049 12
1782740579612 0.001492719159286935 13
1782740579613 0.0016108979070850182 14
1782740579614 0.0013359644659794868 15
1782740579616 0.001330069388350239 16
1782740579617 0.0012586472724797203 17
1782740579618 0.0013990560060483403 18
1782740579619 0.0011781830790278036 19
1782740579620 0.001205099680519197 20
1782740579621 0.0011741010965488385 21
1782740579622 0.0010545780279062455 22
1782740579623 0.0010410353702900465 23
1782740579624 0.0010345653225522255 24
1782740579626 0.001090062687144382 25
1782740579627 0.0010930820762587246 26
1782740579628 0.0010902348738454748 27
1782740579629 0.001053736199173727 28
1782740579630 0.0008978364331414923 29
1782740579631 0.000859912705127499 30
1782740579632 0.0008747446122288238 31
1782740579633 0.0008547648547391872 32
1782740579634 0.0008480676735052839 33
1782740579635 0.0009094529724825406 34
1782740579637 0.0008413737630326068 35
1782740579638 0.0007736382680013776 36
1782740579639 0.0007630959461675956 37
1782740579640 0.0007133480258926284 38
1782740579641 0.0006558089264581213 39
1782740579642 0.00062794044475595 40
1782740579643 0.0006136016043456038 41
1782740579644 0.0006020180928317132 42
1782740579645 0.0005913979623437626 43
1782740579646 0.0005838530390610686 44
1782740579647 0.000580052264558617 45
1782740579649 0.000567757854150841 46
1782740579650 0.0005468147176725325 47
1782740579651 0.0005400005866977154 48
1782740579652 0.0005346097044093768 49
1782740579653 0.0005300334950152319 50
1782740579654 0.0005256479367380961 51
1782740579655 0.0005251643968949793 52
1782740579656 0.0005150835710810497 53
1782740579657 0.0005076204753277125 54
1782740579658 0.0005037389361677924 55
1782740579659 0.000500227034863201 56
1782740579661 0.0004973053092544433 57
1782740579662 0.00049430434111855 58
1782740579663 0.0004917089025548194 59
1782740579664 0.00048655481728928865 60
1782740579665 0.0004844861706806114 61
1782740579666 0.00048294898399035445 62
1782740579667 0.0004812044923164649 63
1782740579668 0.00047979391663830026 64
1782740579669 0.0004781888615980279 65
1782740579670 0.000476558544432919 66
1782740579671 0.0004735278254156583 67
1782740579673 0.0004726053665945074 68
