1782740579748 0.0 1
1782740579749 0.0 2
1782740579750 0.0 3
1782740579751 0.0 4
1782740579752 0.0 5
1782740579753 0.0 6
1782740579754 0.0 7
1782740579755 0.0 8
1782740579757 0.0 9
1782740579758 0.0 10
1782740579759 0.0 11
1782740579760 0.0 12
1782740579761 0.0 13
1782740579762 0.0 14
1782740579763 0.0 15
1782740579764 0.0 16
1782740579765 0.0 17
1782740579766 0.0 18
1782740579767 0.0 19
1782740579769 0.0 20
1782740579770 0.0 21
1782740579771 0.0 22
1782740579772 0.0 23
1782740579773 0.0 24
1782740579774 0.0 25
1782740579775 0.0 26
1782740579776 0.0 27
1782740579777 0.0 28
1782740579777 0.0 29
1782740579778 0.0 30
1782740579779 0.0 31
1782740579780 0.0 32
1782740579781 0.0 33
1782740579782 0.0 34
1782740579783 0.0 35
1782740579784 0.0 36
1782740579785 0.0 37
1782740579786 0.0 38
1782740579787 0.0 39
1782740579787 0.0 40
1782740579788 0.0 41
1782740579789 0.0 42
1782740579790 0.0 43
1782740579792 0.0 44
1782740579792 0.0 45
1782740579793 0.0 46
1782740579794 0.0 47
1782740579795 0.0 48
1782740579796 0.0 49
1782740579797 0.0 50
1782740579798 0.0 51
1782740579799 0.0 52
1782740579800 0.0 53
1782740579801 0.0 54
1782740579802 0.0 55
1782740579803 0.0 56
1782740579804 0.0 57
1782740579805 0.0 58
1782740579806 0.0 59
1782740579807 0.0 60
1782740579808 0.0 61
1782740579809 0.0 62
1782740579810 0.0 63
1782740579811 0.0 64
1782740579812 0.0 65
1782740579813 0.0 66
1782740579814 0.0 67
1782740579814 0.0 68
