1782677688972 0.0 1
1782677688973 0.0 2
1782677688974 0.0 3
1782677688975 0.0 4
1782677688976 0.0 5
1782677688978 0.0 6
1782677688979 0.0 7
1782677688980 0.0 8
1782677688981 0.0 9
1782677688982 0.0 10
1782677688983 0.0 11
1782677688984 0.0 12
1782677688985 0.0 13
1782677688986 0.0 14
1782677688987 0.0 15
1782677688988 0.0 16
1782677688989 0.0 17
1782677688990 0.0 18
1782677688992 0.0 19
1782677688993 0.0 20
1782677688994 0.0 21
1782677688995 0.0 22
1782677688996 0.0 23
1782677688997 0.0 24
1782677688998 0.0 25
1782677688999 0.0 26
1782677689000 0.0 27
1782677689001 0.0 28
1782677689002 0.0 29
1782677689003 0.0 30
1782677689005 0.0 31
1782677689006 0.0 32
1782677689007 0.0 33
1782677689008 0.0 34
1782677689009 0.0 35
1782677689010 0.0 36
1782677689011 0.0 37
1782677689012 0.0 38
1782677689013 0.0 39
1782677689014 0.0 40
1782677689015 0.0 41
1782677689016 0.0 42
1782677689017 0.0 43
1782677689019 0.0 44
1782677689020 0.0 45
1782677689021 0.0 46
1782677689022 0.0 47
1782677689023 0.0 48
1782677689024 0.0 49
1782677689025 0.0 50
1782677689026 0.0 51
1782677689027 0.0 52
