1782677688803 0.07835100200027227 1
1782677688804 0.01589807921787724 2
1782677688805 0.0074816955300048 3
1782677688806 0.005052837651455775 4
1782677688807 0.003671640873653814 5
1782677688808 0.002965700276545249 6
1782677688809 0.002332849833765067 7
1782677688811 0.0021121806011069567 8
1782677688812 0.001966799055226147 9
1782677688813 0.0019081163487862797 10
1782677688814 0.0016674316764692775 11
1782677688815 0.0016189460257010069 12
1782677688816 0.001524682291346835 13
1782677688817 0.0013681316155998503 14
1782677688818 0.0013882632530294358 15
1782677688819 0.001360238227789523 16
1782677688820 0.0013454818280297333 17
1782677688821 0.001292960127320839 18
1782677688823 0.0012536378785443958 19
1782677688824 0.0012377101028687321 20
1782677688825 0.0010779036284657194 21
1782677688826 0.0009762818222952774 22
1782677688827 0.0009847312386409611 23
1782677688828 0.001080948346061632 24
1782677688829 0.0011016880431998289 25
1782677688830 0.0009467703587142751 26
1782677688831 0.0009042976055206964 27
1782677688832 0.0008973124191834358 28
1782677688834 0.0009289862477453426 29
1782677688835 0.0008064933249988825 30
1782677688836 0.0007067670083779376 31
1782677688837 0.0006558281804609578 32
1782677688838 0.0006305967103253352 33
1782677688839 0.0006119327442866051 34
1782677688840 0.0005984998302301391 35
1782677688841 0.0005912499775149627 36
1782677688842 0.000576047548893257 37
1782677688843 0.0005520465696463361 38
1782677688844 0.000538411793022533 39
1782677688845 0.0005279391780641162 40
1782677688847 0.0005196799201439716 41
1782677688848 0.0005121039195364574 42
1782677688849 0.0005051133767847205 43
1782677688850 0.0004941049029366695 44
1782677688851 0.00048680587991839275 45
1782677688852 0.0004816945513812243 46
1782677688853 0.00047760691224539185 47
1782677688854 0.0004735510661339504 48
1782677688855 0.0004688410689050215 49
1782677688856 0.0004654381671571173 50
1782677688857 0.0004583874475429184 51
1782677688859 0.00045396963130770016 52
