1781902251513 0.1675774446874857 1
1781902251514 0.05646645111963153 2
1781902251515 0.022899929662235082 3
1781902251516 0.013490614173933864 4
1781902251517 0.009600065578706563 5
1781902251518 0.007291363929398358 6
1781902251519 0.005799285843968391 7
1781902251520 0.004834413405042141 8
1781902251521 0.00410082901129499 9
1781902251522 0.0035461443930398674 10
1781902251523 0.0032451877946732565 11
1781902251524 0.0029173227469436822 12
1781902251525 0.002586553040309809 13
1781902251526 0.002368634989252314 14
1781902251527 0.0022295649125589987 15
1781902251528 0.002140326842200011 16
1781902251529 0.0020455260880407875 17
1781902251529 0.002092948866484221 18
1781902251530 0.0018770884160767309 19
1781902251531 0.0017755139985820279 20
1781902251532 0.001782654976414051 21
1781902251533 0.00164113668986829 22
1781902251534 0.0015970328619005158 23
1781902251535 0.0015274964446143713 24
1781902251536 0.0014942950554541312 25
1781902251537 0.0014623860038409475 26
1781902251538 0.0014400386399938724 27
1781902251539 0.0014492727453762199 28
1781902251540 0.0014378135815786663 29
1781902251541 0.001405872200266458 30
1781902251542 0.0013688451454800087 31
1781902251543 0.0013402884094102774 32
1781902251544 0.0013388362490513827 33
1781902251544 0.0013299416951485909 34
1781902251545 0.0012421641212131363 35
1781902251546 0.001170941352538648 36
1781902251547 0.001130572866240982 37
1781902251548 0.0011115501497260994 38
1781902251549 0.001097371692667366 39
1781902251550 0.0010847310315148207 40
1781902251551 0.0010713393954938511 41
1781902251552 0.0010633807761769277 42
1781902251553 0.0010619438983121654 43
1781902251554 0.0010643687314586714 44
1781902251555 0.0010888507929485058 45
1781902251556 0.0010872409930743742 46
1781902251557 0.0010716443360433913 47
1781902251557 0.001040602081338875 48
1781902251558 0.0010178778907720698 49
1781902251559 0.0010080374649260194 50
1781902251560 0.001014229418724426 51
1781902251561 0.0009713670984638157 52
1781902251562 0.0009459541701653507 53
1781902251563 0.0009359058482368709 54
1781902251564 0.0009293880977202207 55
1781902251565 0.0009218089179921662 56
1781902251566 0.0009150695116841235 57
1781902251567 0.000904814836467267 58
1781902251568 0.0009000778700283263 59
1781902251569 0.0008964007641770877 60
1781902251570 0.0008929262725723675 61
1781902251570 0.0008895722487795865 62
1781902251571 0.0008859148607734823 63
1781902251572 0.0008805887812923175 64
1781902251573 0.0008781633650505683 65
1781902251574 0.0008761182048328919 66
1781902251575 0.0008740749632124789 67
1781902251576 0.0008720342403830728 68
1781902251577 0.0008700236642107484 69
1781902251578 0.0008668202693297645 70
1781902251579 0.0008655032412571018 71
1781902251580 0.0008643831506196875 72
