1782637964754 0.09736188063398003 1
1782637964756 0.033602229161188005 2
1782637964757 0.017662404128350316 3
1782637964758 0.011356229628436267 4
1782637964759 0.008031375058926642 5
1782637964760 0.006106972293928266 6
1782637964761 0.00507908126222901 7
1782637964762 0.004044017540290951 8
1782637964763 0.0034651495702564717 9
1782637964764 0.0029742671555140986 10
1782637964765 0.002643953213118948 11
1782637964767 0.002359018176794052 12
1782637964768 0.002207917610066943 13
1782637964769 0.0020157231960911304 14
1782637964770 0.0018852997149224394 15
1782637964771 0.0017811033988255076 16
1782637964772 0.0017960626547574065 17
1782637964773 0.0017356302856933326 18
1782637964774 0.0017250506932032295 19
1782637964775 0.0015599600377026945 20
1782637964776 0.0013946713734185323 21
1782637964778 0.0013445295006386004 22
1782637964779 0.001338593294058228 23
1782637964780 0.0012751035141991452 24
1782637964781 0.0012405539433530065 25
1782637964782 0.001232398314314196 26
1782637964783 0.0011795335907663685 27
1782637964784 0.0011962191824568436 28
1782637964785 0.0012376757175661625 29
1782637964786 0.0011953157575044315 30
1782637964787 0.001124955000850605 31
1782637964789 0.0010642060836107703 32
1782637964790 0.0010706395156739746 33
1782637964791 0.0010902944714325713 34
1782637964792 0.001073408851516433 35
1782637964793 0.0010487700084922836 36
1782637964794 0.0010533050954109058 37
1782637964795 0.0009739037965482566 38
1782637964796 0.0009405723115196451 39
1782637964797 0.0010028690355829894 40
1782637964798 0.0010119125108030858 41
1782637964799 0.0010485737171256914 42
1782637964801 0.0009848770991084167 43
1782637964802 0.0011168036342860432 44
1782637964803 0.0009726394952303963 45
1782637964804 0.0009161143077653833 46
1782637964805 0.0008875984740734566 47
1782637964806 0.000844181206120993 48
1782637964807 0.0008113210734882159 49
1782637964808 0.0007964850610005669 50
1782637964809 0.0008177474188414635 51
1782637964810 0.0008208034573908662 52
1782637964811 0.0008286375785974087 53
1782637964813 0.0008869608047098154 54
1782637964814 0.0008583755879226373 55
1782637964815 0.0008456115605804371 56
1782637964816 0.0008473545094602741 57
1782637964817 0.0008663351630821126 58
1782637964818 0.0008380546206171858 59
1782637964819 0.0008566160315240268 60
1782637964820 0.0007942135574558051 61
1782637964821 0.0007623097364557907 62
1782637964822 0.0007293540805767407 63
1782637964823 0.0007242309878347442 64
1782637964825 0.0006990170912467875 65
1782637964826 0.0006674730885788449 66
1782637964827 0.0006573474116885336 67
1782637964828 0.0006508963122178102 68
1782637964829 0.0006452892520974274 69
1782637964830 0.00064085653219081 70
1782637964831 0.0006374291454994818 71
1782637964832 0.0006317529513398767 72
1782637964833 0.0006262109562521801 73
1782637964834 0.0006228346642456017 74
1782637964836 0.0006199046342953807 75
1782637964837 0.0006172539918043185 76
1782637964838 0.0006147960727685131 77
1782637964839 0.0006130585035134573 78
1782637964840 0.0006095352630291018 79
1782637964841 0.0006061202735145343 80
1782637964842 0.0006040924217450084 81
1782637964843 0.0006022951558406931 82
1782637964844 0.0006006443377918913 83
1782637964845 0.0005990237913283636 84
1782637964846 0.0005974537949077784 85
1782637964847 0.0005951161995471921 86
1782637964849 0.0005936915357233375 87
