1782637964948 0.0 1
1782637964949 0.0 2
1782637964950 0.0 3
1782637964951 0.0 4
1782637964953 0.0 5
1782637964954 0.0 6
1782637964955 0.0 7
1782637964956 0.0 8
1782637964957 0.0 9
1782637964958 0.0 10
1782637964959 0.0 11
1782637964960 0.0 12
1782637964961 0.0 13
1782637964962 0.0 14
1782637964964 0.0 15
1782637964965 0.0 16
1782637964966 0.0 17
1782637964967 0.0 18
1782637964968 0.0 19
1782637964969 0.0 20
1782637964970 0.0 21
1782637964971 0.0 22
1782637964973 0.0 23
1782637964974 0.0 24
1782637964975 0.0 25
1782637964976 0.0 26
1782637964977 0.0 27
1782637964978 0.0 28
1782637964979 0.0 29
1782637964980 0.0 30
1782637964981 0.0 31
1782637964982 0.0 32
1782637964984 0.0 33
1782637964985 0.0 34
1782637964986 0.0 35
1782637964987 0.0 36
1782637964988 0.0 37
1782637964989 0.0 38
1782637964990 0.0 39
1782637964991 0.0 40
1782637964992 0.0 41
1782637964993 0.0 42
1782637964995 0.0 43
1782637964996 0.0 44
1782637964997 0.0 45
1782637964998 0.0 46
1782637964999 0.0 47
1782637965000 0.0 48
1782637965001 0.0 49
1782637965002 0.0 50
1782637965003 0.0 51
1782637965005 0.0 52
1782637965006 0.0 53
1782637965007 0.0 54
1782637965008 0.0 55
1782637965009 0.0 56
1782637965010 0.0 57
1782637965011 0.0 58
1782637965012 0.0 59
1782637965013 0.0 60
1782637965014 0.0 61
1782637965015 0.0 62
1782637965017 0.0 63
1782637965018 0.0 64
1782637965019 0.0 65
1782637965020 0.0 66
1782637965021 0.0 67
1782637965022 0.0 68
1782637965023 0.0 69
1782637965024 0.0 70
1782637965025 0.0 71
1782637965026 0.0 72
1782637965028 0.0 73
1782637965029 0.0 74
1782637965030 0.0 75
1782637965031 0.0 76
1782637965032 0.0 77
1782637965033 0.0 78
1782637965034 0.0 79
1782637965035 0.0 80
1782637965036 0.0 81
1782637965038 0.0 82
1782637965039 0.0 83
1782637965040 0.0 84
1782637965041 0.0 85
1782637965042 0.0 86
1782637965043 0.0 87
