1783886573988 0.0 1
1783886573989 0.0 2
1783886573990 0.0 3
1783886573992 0.0 4
1783886573993 0.0 5
1783886573995 0.0 6
1783886573996 0.0 7
1783886573998 0.0 8
1783886573999 0.0 9
1783886574001 0.0 10
1783886574002 0.0 11
1783886574003 0.0 12
1783886574005 0.0 13
1783886574006 0.0 14
1783886574008 0.0 15
1783886574009 0.0 16
1783886574011 0.0 17
1783886574012 0.0 18
1783886574013 0.0 19
1783886574015 0.0 20
1783886574016 0.0 21
1783886574018 0.0 22
1783886574019 0.0 23
1783886574021 0.0 24
1783886574022 0.0 25
1783886574023 0.0 26
1783886574025 0.0 27
1783886574026 0.0 28
1783886574028 0.0 29
1783886574029 0.0 30
1783886574031 0.0 31
1783886574032 0.0 32
1783886574034 0.0 33
1783886574035 0.0 34
1783886574036 0.0 35
1783886574038 0.0 36
1783886574039 0.0 37
1783886574041 0.0 38
1783886574042 0.0 39
1783886574044 0.0 40
1783886574045 0.0 41
1783886574047 0.0 42
1783886574048 0.0 43
1783886574049 0.0 44
1783886574051 0.0 45
1783886574052 0.0 46
1783886574054 0.0 47
1783886574055 0.0 48
1783886574057 0.0 49
1783886574058 0.0 50
1783886574060 0.0 51
1783886574061 0.0 52
1783886574062 0.0 53
1783886574064 0.0 54
1783886574065 0.0 55
1783886574067 0.0 56
1783886574068 0.0 57
1783886574070 0.0 58
1783886574071 0.0 59
1783886574072 0.0 60
1783886574074 0.0 61
1783886574075 0.0 62
1783886574077 0.0 63
1783886574078 0.0 64
1783886574080 0.0 65
1783886574081 0.0 66
1783886574082 0.0 67
1783886574084 0.0 68
1783886574085 0.0 69
1783886574087 0.0 70
1783886574088 0.0 71
1783886574090 0.0 72
1783886574091 0.0 73
1783886574092 0.0 74
1783886574094 0.0 75
1783886574095 0.0 76
1783886574097 0.0 77
1783886574098 0.0 78
1783886574100 0.0 79
1783886574101 0.0 80
1783886574103 0.0 81
1783886574104 0.0 82
1783886574106 0.0 83
1783886574107 0.0 84
1783886574108 0.0 85
1783886574110 0.0 86
1783886574111 0.0 87
1783886574113 0.0 88
1783886574114 0.0 89
1783886574116 0.0 90
1783886574117 0.0 91
1783886574119 0.0 92
1783886574120 0.0 93
1783886574121 0.0 94
1783886574123 0.0 95
1783886574124 0.0 96
1783886574126 0.0 97
1783886574127 0.0 98
1783886574129 0.0 99
1783886574130 0.0 100
1783886574131 0.0 101
1783886574133 0.0 102
1783886574134 0.0 103
1783886574136 0.0 104
1783886574137 0.0 105
1783886574139 0.0 106
1783886574140 0.0 107
1783886574142 0.0 108
1783886574143 0.0 109
1783886574144 0.0 110
