1783886574146 0.0 1
1783886574147 0.0 2
1783886574149 0.0 3
1783886574150 0.0 4
1783886574152 0.0 5
1783886574153 0.0 6
1783886574155 0.0 7
1783886574156 0.0 8
1783886574157 0.0 9
1783886574159 0.0 10
1783886574160 0.0 11
1783886574162 0.0 12
1783886574163 0.0 13
1783886574165 0.0 14
1783886574166 0.0 15
1783886574168 0.0 16
1783886574169 0.0 17
1783886574170 0.0 18
1783886574172 0.0 19
1783886574173 0.0 20
1783886574175 0.0 21
1783886574176 0.0 22
1783886574178 0.0 23
1783886574179 0.0 24
1783886574181 0.0 25
1783886574182 0.0 26
1783886574184 0.0 27
1783886574185 0.0 28
1783886574186 0.0 29
1783886574188 0.0 30
1783886574189 0.0 31
1783886574191 0.0 32
1783886574192 0.0 33
1783886574194 0.0 34
1783886574195 0.0 35
1783886574197 0.0 36
1783886574198 0.0 37
1783886574199 0.0 38
1783886574201 0.0 39
1783886574202 0.0 40
1783886574204 0.0 41
1783886574205 0.0 42
1783886574207 0.0 43
1783886574208 0.0 44
1783886574209 0.0 45
1783886574211 0.0 46
1783886574212 0.0 47
1783886574214 0.0 48
1783886574215 0.0 49
1783886574217 0.0 50
1783886574218 0.0 51
1783886574220 0.0 52
1783886574221 0.0 53
1783886574222 0.0 54
1783886574224 0.0 55
1783886574225 0.0 56
1783886574227 0.0 57
1783886574228 0.0 58
1783886574230 0.0 59
1783886574231 0.0 60
1783886574232 0.0 61
1783886574234 0.0 62
1783886574235 0.0 63
1783886574237 0.0 64
1783886574238 0.0 65
1783886574240 0.0 66
1783886574241 0.0 67
1783886574242 0.0 68
1783886574244 0.0 69
1783886574245 0.0 70
1783886574247 0.0 71
1783886574248 0.0 72
1783886574250 0.0 73
1783886574251 0.0 74
1783886574253 0.0 75
1783886574254 0.0 76
1783886574255 0.0 77
1783886574257 0.0 78
1783886574258 0.0 79
1783886574260 0.0 80
1783886574261 0.0 81
1783886574263 0.0 82
1783886574264 0.0 83
1783886574265 0.0 84
1783886574267 0.0 85
1783886574268 0.0 86
1783886574270 0.0 87
1783886574271 0.0 88
1783886574273 0.0 89
1783886574274 0.0 90
1783886574275 0.0 91
1783886574277 0.0 92
1783886574278 0.0 93
1783886574280 0.0 94
1783886574281 0.0 95
1783886574283 0.0 96
1783886574284 0.0 97
1783886574286 0.0 98
1783886574287 0.0 99
1783886574288 0.0 100
1783886574290 0.0 101
1783886574291 0.0 102
1783886574293 0.0 103
1783886574294 0.0 104
1783886574296 0.0 105
1783886574297 0.0 106
1783886574298 0.0 107
1783886574300 0.0 108
1783886574301 0.0 109
1783886574303 0.0 110
