1783886573668 0.12566881012171507 1
1783886573669 0.053487237971276046 2
1783886573671 0.024892049245536327 3
1783886573672 0.01430670680012554 4
1783886573674 0.00940929825650528 5
1783886573675 0.006806074529886246 6
1783886573677 0.005304094890598208 7
1783886573678 0.004289900803705678 8
1783886573680 0.003674827776267193 9
1783886573681 0.0032550094806356356 10
1783886573683 0.0029035361245041713 11
1783886573684 0.0026231822097906843 12
1783886573685 0.0024164018093142657 13
1783886573687 0.002302814196154941 14
1783886573688 0.002124251442437526 15
1783886573690 0.002037367055309005 16
1783886573691 0.001931754932156764 17
1783886573693 0.001858461822848767 18
1783886573694 0.001842493696603924 19
1783886573696 0.0017434750088432338 20
1783886573697 0.001703964952903334 21
1783886573699 0.001659302735934034 22
1783886573700 0.0016189887454675046 23
1783886573701 0.0015801763876515907 24
1783886573703 0.0015488452423596754 25
1783886573704 0.0015358408566680736 26
1783886573706 0.0014861041467520409 27
1783886573707 0.0014454684899828862 28
1783886573709 0.0014310283192025964 29
1783886573710 0.0013882768756593577 30
1783886573712 0.0013958262649248355 31
1783886573713 0.001361781219675322 32
1783886573715 0.00131903224348207 33
1783886573716 0.0012861737514322158 34
1783886573717 0.0012670425789838191 35
1783886573719 0.0012577099097688916 36
1783886573720 0.001239858618209837 37
1783886573722 0.001241429172368953 38
1783886573723 0.0012510607819422148 39
1783886573725 0.0012060631297208602 40
1783886573726 0.0011955883250629996 41
1783886573728 0.0011676500000612578 42
1783886573729 0.0011492178265325491 43
1783886573730 0.0011374328957026592 44
1783886573732 0.0011610715193819488 45
1783886573733 0.0011293963184289169 46
1783886573735 0.0011530577698431444 47
1783886573736 0.0011216507067729254 48
1783886573738 0.0011258683879714227 49
1783886573739 0.001119565676417551 50
1783886573741 0.001058203435750329 51
1783886573742 0.0010629905606765533 52
1783886573743 0.0010684823280462297 53
1783886573745 0.0010595810875383904 54
1783886573746 0.001043604834121652 55
1783886573748 0.001033399960360839 56
1783886573749 0.0010570372734946432 57
1783886573751 0.0010478904275078094 58
1783886573752 0.0010482272637455025 59
1783886573754 0.0010108592716278509 60
1783886573755 0.0010119010737980715 61
1783886573756 0.00098208067669475 62
1783886573758 0.0009848884487291799 63
1783886573759 0.0009549546069320059 64
1783886573761 0.0009374149217910598 65
1783886573762 0.0009332281068054726 66
1783886573764 0.0009228028889629058 67
1783886573765 0.0009250028526003007 68
1783886573767 0.0009164770219649654 69
1783886573768 0.0009144344141532202 70
1783886573770 0.0009180665851454251 71
1783886573772 0.0009139472383685643 72
1783886573773 0.0009055673841794487 73
1783886573775 0.0009108312597527401 74
1783886573776 0.0009044018908025464 75
1783886573778 0.0008921885212475899 76
1783886573779 0.0008984279619471636 77
1783886573781 0.0008920641295117093 78
1783886573782 0.0008849438637844287 79
1783886573783 0.0008926838519982994 80
1783886573785 0.0008785874539171346 81
1783886573786 0.0008812312730879057 82
1783886573788 0.0008703218534355983 83
1783886573789 0.000875393750902731 84
1783886573791 0.0008650852569553535 85
1783886573792 0.0008625506668613525 86
1783886573794 0.0008534784278162988 87
1783886573795 0.0008465130502008833 88
1783886573796 0.0008509946999402018 89
1783886573798 0.0008530230452743126 90
1783886573799 0.0008439438216737472 91
1783886573801 0.0008390598200639942 92
1783886573802 0.000842222409119131 93
1783886573804 0.000833517725841375 94
1783886573805 0.0008387919803499244 95
1783886573806 0.0008377343269239646 96
1783886573808 0.0008388291935989401 97
1783886573809 0.0008327640872448683 98
1783886573811 0.0008310360539326211 99
1783886573812 0.0008320019215898356 100
1783886573814 0.0008260593061277178 101
1783886573815 0.0008341923201078316 102
1783886573817 0.000829296217270894 103
1783886573818 0.0008325042446813314 104
1783886573819 0.0008259961053408916 105
1783886573821 0.0008368325647461461 106
1783886573822 0.0008261469529679743 107
1783886573824 0.0008234909539896762 108
1783886573825 0.0008255513473704923 109
1783886573827 0.0008285987907584059 110
