1781173361124 0.1251674079336226 1
1781173361125 0.044743291065096856 2
1781173361126 0.022202881653793156 3
1781173361127 0.013310905345715583 4
1781173361128 0.009396508065983654 5
1781173361129 0.007137774908915162 6
1781173361131 0.0054973124340176585 7
1781173361132 0.004960766589501873 8
1781173361133 0.003974146322580054 9
1781173361134 0.003454931188025512 10
1781173361135 0.0032181934628169985 11
1781173361136 0.002895802240818739 12
1781173361137 0.0026878954272251576 13
1781173361139 0.0024689775268780067 14
1781173361140 0.0022868774284143002 15
1781173361141 0.0022606956178788094 16
1781173361142 0.002200904099154286 17
1781173361143 0.002076567515032366 18
1781173361144 0.0019596508337417617 19
1781173361145 0.0018993774836417287 20
1781173361146 0.0018076990538975224 21
1781173361148 0.0017495144318672828 22
1781173361149 0.0017653123853961007 23
1781173361150 0.0016886071392218582 24
1781173361151 0.0017321006776182912 25
1781173361152 0.0016979791976336855 26
1781173361153 0.001668720210873289 27
1781173361154 0.001605079277214827 28
1781173361156 0.0015574525408737828 29
1781173361157 0.0016334121520048938 30
1781173361158 0.0015925752026669216 31
1781173361159 0.0015269594964047429 32
1781173361160 0.0014655431055871303 33
1781173361161 0.001435244779131608 34
1781173361162 0.0014016973511024845 35
1781173361163 0.001420318802993279 36
1781173361164 0.0014629833635990508 37
1781173361165 0.0013966019423969555 38
1781173361166 0.0013736482907552273 39
1781173361167 0.0013516903933486902 40
1781173361168 0.001358427078666864 41
1781173361169 0.001378834098286461 42
1781173361170 0.0013673755640047603 43
1781173361171 0.0013324045672197826 44
1781173361173 0.001257970201477292 45
1781173361173 0.0012059128780674655 46
1781173361174 0.0011947133146168198 47
1781173361175 0.001188752695088624 48
1781173361176 0.001186052139819367 49
1781173361177 0.0011750532996666152 50
1781173361179 0.001175550903499243 51
1781173361179 0.0011600616330542835 52
1781173361180 0.0011700323635159293 53
1781173361181 0.001170135638822103 54
1781173361182 0.001152725966021535 55
1781173361183 0.0011150304089824203 56
1781173361184 0.0011078429649205646 57
1781173361185 0.0010970968973560958 58
1781173361186 0.0010938895419531037 59
1781173361187 0.0010856597028760006 60
1781173361188 0.0010848278290359304 61
1781173361189 0.0010732920195005136 62
1781173361190 0.0010682981648278656 63
1781173361191 0.0010632207143498817 64
1781173361192 0.001058747671340825 65
1781173361193 0.0010560802209511166 66
1781173361194 0.001057779475740972 67
1781173361195 0.0010483379852666986 68
1781173361196 0.0010496759745728924 69
1781173361197 0.0010411996048787842 70
1781173361198 0.001041647720921901 71
1781173361199 0.0010442340729059651 72
1781173361200 0.0010400012831087225 73
1781173361201 0.001037002911180025 74
1781173361203 0.0010364923843008001 75
1781173361203 0.0010338765214692102 76
