1781173361204 1.6185137249156833 1
1781173361205 2.2584702068567277 2
1781173361206 2.141861134171486 3
1781173361207 1.9706270122528076 4
1781173361208 1.9119138491153718 5
1781173361209 1.8014802074432372 6
1781173361210 1.6861619931459426 7
1781173361211 1.6437966933846473 8
1781173361212 1.623548888862133 9
1781173361213 1.5932057619094848 10
1781173361214 1.562360306084156 11
1781173361215 1.5347691103816032 12
1781173361216 1.4706384500861167 13
1781173361217 1.4365127030014992 14
1781173361218 1.436598029434681 15
1781173361219 1.4321516919136048 16
1781173361220 1.267189728319645 17
1781173361221 1.2523419854044915 18
1781173361222 1.203480958342552 19
1781173361223 1.2349218106269837 20
1781173361224 1.1993215030431748 21
1781173361225 1.2127387875318527 22
1781173361226 1.113013990521431 23
1781173361227 1.1142210742831231 24
1781173361228 1.1457882669568062 25
1781173361229 1.1173043486475944 26
1781173361230 1.1308542415499687 27
1781173361231 1.1102055275440217 28
1781173361232 1.0328301885724067 29
1781173361233 1.066643684208393 30
1781173361234 1.1504069498181344 31
1781173361235 1.0328992116451263 32
1781173361236 1.0620856100320817 33
1781173361237 0.9685614308714867 34
1781173361238 0.9831103524565696 35
1781173361239 0.9592797917127609 36
1781173361240 0.958474885225296 37
1781173361241 0.926822722107172 38
1781173361242 0.904103926718235 39
1781173361243 0.9225791066884994 40
1781173361244 0.8917466390132904 41
1781173361245 0.8932334738969803 42
1781173361246 0.9035397723317147 43
1781173361247 0.8814149941504001 44
1781173361248 0.8736071552336216 45
1781173361249 0.8731350092589856 46
1781173361250 0.8959262146055699 47
1781173361251 0.8949417832493782 48
1781173361252 0.911145846247673 49
1781173361253 0.8630878576636314 50
1781173361254 0.9146108373999595 51
1781173361255 0.8760529920458794 52
1781173361256 0.914794165790081 53
1781173361257 0.9349050286412239 54
1781173361258 0.8684153437614441 55
1781173361259 0.8952680817246437 56
1781173361260 0.9171028590202331 57
1781173361261 0.9047049394249916 58
1781173361262 0.8956944462656975 59
1781173361263 0.9116515594720841 60
1781173361264 0.8718291512131691 61
1781173361265 0.897705229818821 62
1781173361266 0.8984229174256325 63
1781173361267 0.9034702718257904 64
1781173361268 0.9099239182472229 65
1781173361269 0.8967346528172493 66
1781173361270 0.9108793595433236 67
1781173361271 0.917160422205925 68
1781173361272 0.9060869735479354 69
1781173361273 0.8945962721109391 70
1781173361274 0.8858191487193108 71
1781173361275 0.8781941595673561 72
1781173361276 0.9002564683556556 73
1781173361277 0.9012373706698418 74
1781173361278 0.9005022153258324 75
1781173361279 0.8975581163167954 76
