1781173360952 0.12517609218135475 1
1781173360953 0.04476752834394574 2
1781173360954 0.02223736041225493 3
1781173360956 0.013353201723657549 4
1781173360957 0.009447803311049939 5
1781173360958 0.0071957737696357075 6
1781173360959 0.005560646333033219 7
1781173360960 0.005031329561024905 8
1781173360961 0.004052551842760294 9
1781173360962 0.0035404202714562415 10
1781173360964 0.0033104108279803767 11
1781173360965 0.002994626396102831 12
1781173360966 0.002790481424890459 13
1781173360967 0.0025768911524210124 14
1781173360968 0.0024025060603162273 15
1781173360969 0.002383651080308482 16
1781173360970 0.002316496528801508 17
1781173360971 0.0021975254293647595 18
1781173360973 0.002082347189425491 19
1781173360974 0.002031905674666632 20
1781173360975 0.0019428421134944074 21
1781173360976 0.0018926767734228633 22
1781173360977 0.001902674603916239 23
1781173360978 0.0018320970816421323 24
1781173360979 0.0018858039702172391 25
1781173360981 0.0018538567866198718 26
1781173360982 0.0018325561683741399 27
1781173360983 0.0017718808804056607 28
1781173360984 0.0017181709935539403 29
1781173360985 0.001805115771567216 30
1781173360986 0.0017839355682372116 31
1781173360987 0.0017043158468732144 32
1781173360988 0.0016536099762015511 33
1781173360990 0.0016119481787609403 34
1781173360991 0.0015863302772049792 35
1781173360992 0.0016056235821451993 36
1781173360993 0.0016532756965898442 37
1781173360994 0.0015855833467503543 38
1781173360995 0.001562848589528585 39
1781173360996 0.0015497073701408225 40
1781173360997 0.0015546113382151816 41
1781173360999 0.001575345462479163 42
1781173361000 0.0015661543197347783 43
1781173361001 0.001526315868832171 44
1781173361002 0.0014501637786452192 45
1781173361003 0.001398002579662716 46
1781173361004 0.0013918170823308173 47
1781173361005 0.0013856398971984164 48
1781173361007 0.001386504221445648 49
1781173361008 0.001364932633296121 50
1781173361009 0.0013767652919341345 51
1781173361010 0.0013527932952274568 52
1781173361011 0.00137128707850934 53
1781173361012 0.0013758147368207573 54
1781173361013 0.001343777340807719 55
1781173361014 0.0013119893947441596 56
1781173361016 0.0013096055961796082 57
1781173361017 0.0012961319892201572 58
1781173361018 0.001290942318883026 59
1781173361019 0.0012862230467726476 60
1781173361020 0.001276630244392436 61
1781173361021 0.0012707871774910017 62
1781173361022 0.001265951210662024 63
1781173361023 0.001261984172015218 64
1781173361025 0.0012589309341274203 65
1781173361026 0.0012533618466113695 66
1781173361027 0.0012581729388330132 67
1781173361028 0.001250113278219942 68
1781173361029 0.0012490151038218756 69
1781173361030 0.0012380107889475766 70
1781173361031 0.0012365279263758565 71
1781173361032 0.0012374367871962023 72
1781173361034 0.0012380577108706348 73
1781173361035 0.0012352751388971228 74
1781173361036 0.0012346028731553816 75
1781173361037 0.0012313393116346561 76
