1780314183699 0.23321378104388713 1
1780314183702 0.18999807313084602 2
1780314183705 0.1573131899535656 3
1780314183707 0.1282372720167041 4
1780314183717 0.10092560637742282 5
1780314183720 0.07769769104197621 6
1780314183723 0.06141513727605343 7
1780314183725 0.04978129833936691 8
1780314183727 0.04066341307014227 9
1780314183730 0.03315685084089637 10
1780314183732 0.027417224701493978 11
1780314183734 0.02305178073234856 12
1780314183737 0.01963421286083758 13
1780314183739 0.016883310098201036 14
1780314183741 0.014630261091515422 15
1780314183744 0.012795337829738856 16
1780314183746 0.011248976252973079 17
1780314183748 0.009939985813107342 18
1780314183751 0.008864518764894455 19
1780314183753 0.007915333050768823 20
1780314183755 0.007100540224928409 21
1780314183758 0.0063913220493122935 22
1780314183760 0.005794387385249138 23
1780314183763 0.005275168351363391 24
1780314183765 0.004825736633501947 25
1780314183767 0.004421819844283164 26
1780314183770 0.004092487391317263 27
1780314183772 0.0037999826518353074 28
1780314183774 0.0035319669113960117 29
1780314183777 0.0032811525685247033 30
1780314183779 0.0030395216535544023 31
1780314183781 0.002831101084011607 32
1780314183784 0.0026511797128478064 33
1780314183786 0.0024973453191341833 34
1780314183788 0.0023633650888223202 35
1780314183791 0.0022562750679207965 36
1780314183793 0.0021843671711394563 37
1780314183795 0.002095577989821322 38
1780314183798 0.001976413058582693 39
1780314183800 0.0018873208202421666 40
1780314183803 0.0017980621082824655 41
1780314183805 0.001729068790737074 42
1780314183807 0.001662406709510833 43
1780314183809 0.0016020585282240064 44
1780314183812 0.0015556703926995397 45
1780314183814 0.001525210412510205 46
1780314183817 0.0014876203090534545 47
1780314183819 0.001439584758481942 48
1780314183821 0.0014156784935039468 49
1780314183824 0.001369769884768175 50
1780314183826 0.0013442737916193436 51
1780314183828 0.0013167067791800945 52
1780314183831 0.0012941870730719528 53
1780314183833 0.0012708236763137393 54
1780314183835 0.0012332494866859633 55
1780314183838 0.001219270499132108 56
1780314183840 0.0012165792970336043 57
1780314183842 0.0011982258646457923 58
1780314183845 0.0011948547707288527 59
1780314183847 0.001173150089016417 60
1780314183849 0.001142731010913849 61
1780314183852 0.001121913140596007 62
1780314183854 0.001110796057328116 63
1780314183856 0.0011189890161767836 64
1780314183859 0.0011057736941438635 65
1780314183861 0.0010890406178805279 66
1780314183863 0.0010841039545630338 67
1780314183866 0.001069300083545386 68
1780314183868 0.0010593829502613516 69
1780314183870 0.0010403947061422515 70
1780314183872 0.0010089081882324535 71
1780314183875 0.0009951886184717295 72
1780314183877 0.0009879413456656038 73
1780314183879 0.0009822767374134856 74
1780314183882 0.0009766086001764052 75
1780314183884 0.0009719054003653582 76
1780314183886 0.0009691093891160562 77
1780314183889 0.000969984618423041 78
1780314183891 0.0009656391300086397 79
1780314183893 0.0009546385727298911 80
