1780314140014 0.18374538190662862 1
1780314140016 0.1395479939505458 2
1780314140018 0.1068625431880355 3
1780314140020 0.08417019087821245 4
1780314140022 0.06845776591449976 5
1780314140024 0.056473605316132304 6
1780314140027 0.04692208440974355 7
1780314140029 0.039189614690840244 8
1780314140031 0.032957000704482195 9
1780314140033 0.027920292522758246 10
1780314140035 0.023831442296504975 11
1780314140037 0.0205331451818347 12
1780314140039 0.017801990089938043 13
1780314140042 0.015558366146869958 14
1780314140044 0.01367716383188963 15
1780314140046 0.012132747024297714 16
1780314140048 0.010773283732123672 17
1780314140050 0.009612871115095914 18
1780314140052 0.008630621186457575 19
1780314140055 0.007824022355489433 20
1780314140057 0.007091906720306724 21
1780314140059 0.006449472811073065 22
1780314140061 0.005876742640975863 23
1780314140064 0.005386091344989836 24
1780314140066 0.00495499889482744 25
1780314140068 0.00458697943482548 26
1780314140070 0.004285726901143789 27
1780314140072 0.00396190136205405 28
1780314140074 0.0036664538062177597 29
1780314140077 0.0034208384645171464 30
1780314140079 0.0032071357290260494 31
1780314140081 0.003015870210365392 32
1780314140083 0.0028463871066924185 33
1780314140085 0.0027028141217306256 34
1780314140087 0.0025875212118262425 35
1780314140090 0.0024359785683918745 36
1780314140092 0.0023222832480678333 37
1780314140094 0.002220786174875684 38
1780314140096 0.0021806856599869205 39
1780314140098 0.002106057656928897 40
1780314140100 0.002008970097231213 41
1780314140102 0.0019480459968326614 42
1780314140105 0.001866332654026337 43
1780314140107 0.0017954616056522355 44
1780314140109 0.0017516036744927987 45
1780314140111 0.0017374823850695976 46
1780314140113 0.0017158498847857117 47
1780314140115 0.0016925265121972189 48
1780314140117 0.001654729826550465 49
1780314140119 0.001578361279971432 50
1780314140122 0.001539163935376564 51
1780314140124 0.0015163065819069742 52
1780314140126 0.0015006703870312776 53
1780314140128 0.0014926174450374675 54
1780314140130 0.0014721982131595723 55
1780314140132 0.0014405589863599744 56
1780314140134 0.0014157230373530183 57
1780314140137 0.001400424498860957 58
1780314140139 0.001374613886291627 59
1780314140141 0.0013697058297111654 60
1780314140143 0.0013728825059661177 61
1780314140145 0.001351960777392378 62
1780314140147 0.0013436580715642777 63
1780314140149 0.0013379041664302348 64
1780314140151 0.0013186522349133156 65
1780314140154 0.0013109442706627306 66
1780314140156 0.0012904976790741784 67
1780314140158 0.001279774865397485 68
1780314140160 0.0012791102449409664 69
1780314140162 0.0012713856787740952 70
1780314140165 0.0012645468595292187 71
1780314140176 0.001261444003757788 72
1780314140178 0.0012703137427888577 73
1780314140181 0.0012565081972570624 74
1780314140183 0.001246745941680274 75
1780314140185 0.0012314451716520125 76
1780314140188 0.0012101315916515888 77
1780314140190 0.0012069187359884381 78
1780314140192 0.0011945783329429104 79
1780314140195 0.0012060212039796169 80
1780314140197 0.0011990968067402718 81
1780314140199 0.0011976244580000639 82
1780314140201 0.001207994154028711 83
1780314140203 0.0012084154801414114 84
1780314140206 0.00118357518738776 85
1780314140208 0.0011805990169523285 86
1780314140210 0.0011733183305477723 87
1780314140212 0.001181414609454805 88
1780314140214 0.0011614271360303975 89
1780314140216 0.0011549444177944678 90
1780314140218 0.0011430732558073942 91
1780314140220 0.0011207537696463986 92
1780314140223 0.0011023402500723023 93
1780314140225 0.0010939347356907093 94
1780314140227 0.001088731347117573 95
1780314140229 0.0010856125469581458 96
1780314140231 0.0010827371442428558 97
1780314140233 0.0010803968417894794 98
1780314140236 0.001078504979086574 99
1780314140238 0.0010795542584673967 100
1780314140240 0.0010707731845468514 101
1780314140242 0.0010651783840876306 102
