1780314164843 0.15099453151226044 1
1780314164846 0.11243363365530967 2
1780314164848 0.08477876469492912 3
1780314164850 0.0660712912492454 4
1780314164853 0.05288226855918765 5
1780314164855 0.042950432505458595 6
1780314164857 0.03538384025916457 7
1780314164859 0.0295727610681206 8
1780314164861 0.024892883263528346 9
1780314164864 0.021159896422177554 10
1780314164866 0.018145111086778343 11
1780314164868 0.015656998823396863 12
1780314164870 0.01363941806834191 13
1780314164873 0.01198039715643972 14
1780314164875 0.010633659386076032 15
1780314164877 0.009499401776120067 16
1780314164879 0.00852830401621759 17
1780314164881 0.007693449812941253 18
1780314164884 0.007011406123638153 19
1780314164886 0.006417291860561818 20
1780314164889 0.005884755169972777 21
1780314164891 0.005438093515112996 22
1780314164894 0.005045520099811256 23
1780314164896 0.004693657861789689 24
1780314164899 0.004370240352582187 25
1780314164901 0.004088078857166693 26
1780314164904 0.0038508114975411446 27
1780314164906 0.0036429963563568892 28
1780314164909 0.003465212043374777 29
1780314164911 0.0032992596836993473 30
1780314164913 0.0031474925199290738 31
1780314164916 0.00300629623583518 32
1780314164918 0.0028980966162635013 33
1780314164920 0.002795067001716234 34
1780314164922 0.002689738537883386 35
1780314164925 0.002602033057482913 36
1780314164927 0.0025173255417030305 37
1780314164929 0.0024417906370945274 38
1780314164932 0.002382057210779749 39
1780314164934 0.0023287224440719 40
1780314164936 0.0022826421124045736 41
1780314164938 0.0022651635957299733 42
1780314164941 0.0022053053189301864 43
1780314164943 0.002137905423587654 44
1780314164945 0.002093588870484382 45
1780314164947 0.0020576450653607024 46
1780314164949 0.0020356778881978244 47
1780314164952 0.0020103721873601897 48
1780314164954 0.00199585181690054 49
1780314164956 0.001986296173417941 50
1780314164959 0.001975131461658748 51
1780314164961 0.0019360035359568429 52
1780314164963 0.0018998812297650147 53
1780314164965 0.0018696523628022987 54
1780314164968 0.0018592789977265056 55
1780314164970 0.0018447128281695768 56
1780314164977 0.001827331974200206 57
1780314164980 0.001819278422917705 58
1780314164982 0.001798471354704816 59
1780314164984 0.0017871342929720413 60
1780314164986 0.001790804593474604 61
1780314164989 0.001782992762455251 62
1780314164991 0.0017719120510446373 63
1780314164993 0.0017613884079037234 64
1780314164995 0.0017475283726525958 65
1780314164998 0.0017469731060555205 66
1780314165000 0.0017374399561958854 67
1780314165002 0.001721647374215536 68
1780314165004 0.0017184475302929058 69
1780314165007 0.0017098542096209712 70
1780314165009 0.0017065048492804636 71
1780314165011 0.0016937832134135532 72
1780314165013 0.0016788890055613591 73
1780314165016 0.0016764046154276002 74
1780314165018 0.0016753612089087256 75
1780314165020 0.0016724271736165974 76
1780314165022 0.0016769682535959873 77
1780314165025 0.0016740597183525097 78
1780314165027 0.0016769005529931747 79
1780314165030 0.0016593060176819563 80
1780314165032 0.0016528348592692054 81
1780314165034 0.0016404541784868342 82
1780314165037 0.0016377164889127016 83
1780314165039 0.001621598330239067 84
1780314165042 0.0016070474474690856 85
1780314165044 0.001602333199843997 86
1780314165047 0.001600506670656614 87
1780314165049 0.0015975511533906682 88
1780314165052 0.0015952551611553645 89
1780314165054 0.0015931661408103536 90
1780314165056 0.0015910488503141096 91
1780314165059 0.001589892841730034 92
1780314165061 0.001583115176326828 93
1780314165063 0.0015807577055238654 94
