1780314142714 0.08161500262096524 1
1780314142717 0.028684701658785342 2
1780314142719 0.015437435205094517 3
1780314142721 0.010497774905525148 4
1780314142723 0.007921880099456758 5
1780314142725 0.0063667083787731825 6
1780314142727 0.005268349059624597 7
1780314142730 0.004558490831404924 8
1780314142732 0.003998434212990105 9
1780314142734 0.003625128183630295 10
1780314142736 0.0034627219929825514 11
1780314142738 0.003154838129412383 12
1780314142741 0.00307375579548534 13
1780314142743 0.00310041026736144 14
1780314142745 0.0028569786885054784 15
1780314142748 0.0026595578729757107 16
1780314142750 0.00247090164484689 17
1780314142752 0.002452735132537782 18
1780314142754 0.002525278028042521 19
1780314142756 0.002391196671233047 20
1780314142758 0.002238185007881839 21
1780314142761 0.0022112407922395506 22
1780314142763 0.002156462300918065 23
1780314142765 0.0020825767997303046 24
1780314142767 0.0020596477900107855 25
1780314142769 0.002075240296544507 26
1780314142771 0.0021083753131097183 27
1780314142773 0.0021138395732850767 28
1780314142776 0.0021241608896525577 29
1780314142778 0.0020081767192459666 30
1780314142780 0.0019528823398286476 31
1780314142782 0.0019542109259054995 32
1780314142784 0.0019200311425083784 33
1780314142786 0.0019487790799757932 34
1780314142789 0.0019505912554450334 35
1780314142791 0.0020647409853700085 36
1780314142793 0.0019386888488952536 37
1780314142795 0.0018381121769198217 38
1780314142797 0.0018433680570160505 39
1780314142799 0.0017715759034035727 40
1780314142802 0.0017708701310039032 41
1780314142804 0.0017846817002282478 42
1780314142806 0.0016996692653628998 43
1780314142808 0.0016357026238983962 44
1780314142810 0.0016073108465934638 45
1780314142812 0.001591006971866591 46
1780314142814 0.0015875071621849202 47
1780314142817 0.0015733973424357827 48
1780314142819 0.0015877900944906286 49
1780314142821 0.0016055669028719423 50
1780314142823 0.0015817531921493355 51
1780314142825 0.0015790913414821261 52
1780314142827 0.001525200788892107 53
1780314142830 0.0014877258211345179 54
1780314142832 0.0014774691351340152 55
1780314142834 0.001471622953977203 56
1780314142836 0.0014644657093595016 57
1780314142838 0.0014608114326983923 58
1780314142840 0.0014590231420152121 59
1780314142842 0.001454514337820001 60
1780314142845 0.0014551865842804546 61
1780314142847 0.0014667461096541956 62
1780314142849 0.0014343211732193595 63
1780314142851 0.0014158263600984355 64
1780314142853 0.0014083573274547233 65
1780314142855 0.0014044464742619311 66
1780314142858 0.0014010103185137267 67
1780314142860 0.0013983449615625433 68
1780314142862 0.0013954570297210012 69
1780314142864 0.0013993031289282953 70
1780314142866 0.001395432408171473 71
1780314142868 0.0013905251075630076 72
1780314142871 0.0013788828851829748 73
1780314142873 0.0013717644618009216 74
1780314142875 0.001370925319060916 75
1780314142877 0.0013696385177900084 76
1780314142879 0.00136657235569146 77
