1781179841916 0.1693971984833479 1
1781179841917 0.06195836812257767 2
1781179841918 0.027882528938353062 3
1781179841919 0.015650932579301297 4
1781179841920 0.010535192610695958 5
1781179841921 0.007531993566080928 6
1781179841922 0.00605182494269684 7
1781179841923 0.004917940683662891 8
1781179841924 0.0043625225510913876 9
1781179841925 0.0037895889906212686 10
1781179841926 0.003391570684616454 11
1781179841927 0.003058318807161413 12
1781179841928 0.002855818041716702 13
1781179841929 0.0026423042971873657 14
1781179841930 0.002435162643669173 15
1781179841931 0.002397222125728149 16
1781179841932 0.002260672845586669 17
1781179841933 0.0023174650873988866 18
1781179841934 0.002070632012619171 19
1781179841935 0.0019385449544643053 20
1781179841937 0.001864919952058699 21
1781179841938 0.0017906701093306765 22
1781179841939 0.001782016575016314 23
1781179841940 0.0017188380513107405 24
1781179841941 0.0016938731964910403 25
1781179841942 0.0017557658020814415 26
1781179841943 0.001696459821978351 27
1781179841944 0.0016265863287844694 28
1781179841946 0.0015487911799573339 29
1781179841947 0.0015282910782843829 30
1781179841948 0.0015205804469587748 31
1781179841949 0.001481083095568465 32
1781179841950 0.00143783830688335 33
1781179841951 0.0014433934465341736 34
1781179841952 0.0014284519998182077 35
1781179841953 0.0013473837581113911 36
1781179841955 0.0013112221113988198 37
1781179841956 0.0012994206025905442 38
1781179841957 0.0012810030555556295 39
1781179841958 0.0012791739852400497 40
1781179841959 0.0012770426140923518 41
1781179841960 0.0012631771006272174 42
1781179841961 0.0012305195558292325 43
1781179841962 0.001211702591899666 44
1781179841964 0.0012011094873014372 45
1781179841965 0.0011975072831410217 46
1781179841966 0.0011861073083855444 47
1781179841967 0.0011770817873912164 48
1781179841968 0.0011744932624424109 49
1781179841969 0.0011523572116857394 50
1781179841970 0.0011637024694209686 51
1781179841971 0.001149625304096844 52
1781179841973 0.0011523969175323146 53
1781179841974 0.0011443454593245406 54
1781179841975 0.0011451525214943104 55
1781179841976 0.0011329435972584178 56
1781179841977 0.0011402904608257814 57
1781179841978 0.001126938154702657 58
1781179841979 0.0011289460083207814 59
1781179841980 0.0011251242650178028 60
1781179841981 0.0011209723082720301 61
1781179841982 0.0011133099134167422 62
1781179841983 0.0011137314200459513 63
1781179841985 0.001105173490868765 64
1781179841985 0.0011050346044794424 65
1781179841987 0.0010986191387928556 66
1781179841988 0.0010974429765337845 67
1781179841989 0.001091998226402211 68
1781179841990 0.0010992520748550306 69
1781179841991 0.001088728356626234 70
1781179841992 0.0010808318910858362 71
1781179841993 0.0010865236762765563 72
1781179841994 0.001084732751987758 73
1781179841996 0.0010831580468220637 74
1781179841997 0.0010829285304498626 75
1781179841998 0.0010850015348842135 76
1781179841999 0.001080446195046534 77
1781179842000 0.001084078180792858 78
1781179842001 0.001080169462657068 79
1781179842002 0.001076055210942286 80
1781179842003 0.0010797488279786194 81
1781179842005 0.0010772974001883994 82
1781179842006 0.0010786996469687438 83
1781179842007 0.0010773874671576777 84
