1781179841724 0.16940449137240648 1
1781179841725 0.061976360771805045 2
1781179841727 0.027900808807462454 3
1781179841728 0.015670761661604048 4
1781179841729 0.010563108292408287 5
1781179841730 0.007560397163033485 6
1781179841731 0.006086546283913776 7
1781179841732 0.004951184117235243 8
1781179841733 0.004402501238510013 9
1781179841735 0.003828936506761238 10
1781179841736 0.0034313241398194806 11
1781179841737 0.003102263761102222 12
1781179841738 0.0029036566044669597 13
1781179841739 0.0026961763959843666 14
1781179841740 0.0024872310226783157 15
1781179841741 0.0024548575794324278 16
1781179841743 0.0023185554033261723 17
1781179841744 0.0023865111146005803 18
1781179841745 0.0021358080283971504 19
1781179841746 0.0020005945113371125 20
1781179841747 0.0019308596529299393 21
1781179841748 0.0018580035417107865 22
1781179841749 0.0018584084932808764 23
1781179841750 0.0017933302279561757 24
1781179841752 0.0017710107908351347 25
1781179841753 0.0018339640097110531 26
1781179841754 0.0017759831532021054 27
1781179841755 0.0017071463364118245 28
1781179841756 0.0016328622750006617 29
1781179841757 0.001616649576171767 30
1781179841758 0.0016050131266820244 31
1781179841759 0.0015681712346849964 32
1781179841761 0.001523332240176387 33
1781179841762 0.0015311946721340065 34
1781179841763 0.0015213166263129097 35
1781179841764 0.001441599841491552 36
1781179841765 0.00140674137903261 37
1781179841766 0.0013953590975143016 38
1781179841767 0.0013780402255360968 39
1781179841769 0.0013758524284639862 40
1781179841770 0.0013765297200006897 41
1781179841771 0.0013616228647879325 42
1781179841772 0.0013314536030520686 43
1781179841773 0.0013096707458316813 44
1781179841774 0.0012976168368186336 45
1781179841775 0.0012961584514414426 46
1781179841777 0.0012872233900998254 47
1781179841778 0.0012760018194967414 48
1781179841779 0.0012763917438860517 49
1781179841780 0.0012541195392259397 50
1781179841781 0.0012667025922564789 51
1781179841782 0.0012521266227122395 52
1781179841783 0.0012536833964986727 53
1781179841784 0.0012459002368268557 54
1781179841786 0.0012465466785943136 55
1781179841787 0.0012358147585473489 56
1781179841788 0.0012467810028465465 57
1781179841789 0.001230279767041793 58
1781179841790 0.0012308768137881997 59
1781179841791 0.0012286291038617492 60
1781179841792 0.0012243164026585873 61
1781179841793 0.0012168212932010646 62
1781179841795 0.0012157903134357184 63
1781179841796 0.0012082669498340692 64
1781179841797 0.0012084359319123905 65
1781179841798 0.0012025838995759841 66
1781179841799 0.0012014687281043735 67
1781179841800 0.0011950273699767421 68
1781179841801 0.0012028682764503174 69
1781179841803 0.0011954769831208978 70
1781179841804 0.001186028048687149 71
1781179841805 0.0011912334055523388 72
1781179841806 0.0011890528550429736 73
1781179841807 0.001187329290987691 74
1781179841808 0.0011869471322279424 75
1781179841809 0.0011898278871376533 76
1781179841810 0.0011851083397050389 77
1781179841812 0.00118875452055363 78
1781179841813 0.0011852184234885498 79
1781179841814 0.00118102007167181 80
1781179841815 0.0011839947465341538 81
1781179841816 0.0011815372033743188 82
1781179841817 0.0011829059649608098 83
1781179841818 0.0011818471507285722 84
