1781179842008 1.3589850700832904 1
1781179842009 1.6765956318378448 2
1781179842010 1.1355625721812248 3
1781179842011 0.9238534964621067 4
1781179842012 1.0404927334189416 5
1781179842013 0.8822321672737599 6
1781179842014 0.9243993782997131 7
1781179842015 0.7744206637144089 8
1781179842017 0.8278411667048932 9
1781179842017 0.7332942244410515 10
1781179842019 0.6735088206827641 11
1781179842020 0.6824785169959068 12
1781179842021 0.6857976248860359 13
1781179842022 0.7171287634968757 14
1781179842023 0.6469102618098259 15
1781179842024 0.6713220930099487 16
1781179842025 0.6345413853228092 17
1781179842026 0.714870519042015 18
1781179842027 0.6392863354086876 19
1781179842028 0.578189170062542 20
1781179842029 0.5851790827512741 21
1781179842030 0.5703865081071854 22
1781179842031 0.6189859040081501 23
1781179842033 0.5784429696202278 24
1781179842034 0.5750256623327732 25
1781179842035 0.5605116258561611 26
1781179842036 0.5488983938097953 27
1781179842037 0.5361949694156647 28
1781179842038 0.5402687777578831 29
1781179842039 0.5488936772942543 30
1781179842040 0.5075864976644516 31
1781179842041 0.507189412266016 32
1781179842042 0.48281695544719694 33
1781179842043 0.48126343011856076 34
1781179842044 0.49447395399212835 35
1781179842045 0.4877347369492054 36
1781179842046 0.4811167299747467 37
1781179842047 0.47051175355911257 38
1781179842049 0.4636974033713341 39
1781179842050 0.45043363988399504 40
1781179842051 0.45221412517130377 41
1781179842051 0.4474807308614254 42
1781179842052 0.4587911021709442 43
1781179842053 0.44530975721776483 44
1781179842055 0.43866975001990793 45
1781179842056 0.4484143938869238 46
1781179842057 0.45961855717003347 47
1781179842058 0.44963652297854423 48
1781179842059 0.46317491225898266 49
1781179842060 0.46255603909492493 50
1781179842061 0.46818238258361816 51
1781179842062 0.46591508746147153 52
1781179842063 0.4603930748999119 53
1781179842064 0.4616126275062561 54
1781179842065 0.46088252030313015 55
1781179842066 0.4675961922109127 56
1781179842067 0.48404794454574585 57
1781179842068 0.4697345674037933 58
1781179842069 0.46332184217870237 59
1781179842070 0.47047652907669546 60
1781179842071 0.4697458816319704 61
1781179842072 0.4705062735825777 62
1781179842073 0.46390405513346195 63
1781179842074 0.4686066471785307 64
1781179842075 0.470006053596735 65
1781179842076 0.4725670736283064 66
1781179842077 0.47284430973231795 67
1781179842078 0.4683142990618944 68
1781179842079 0.47098273374140265 69
1781179842080 0.4852210169285536 70
1781179842081 0.47816434890031817 71
1781179842082 0.47595330722630025 72
1781179842083 0.47418229945003987 73
1781179842084 0.4735056412965059 74
1781179842085 0.47281180113554 75
1781179842086 0.4764834102988243 76
1781179842087 0.47573700204491615 77
1781179842088 0.47580155842006205 78
1781179842089 0.4774952712655067 79
1781179842089 0.47711298741400243 80
1781179842090 0.47384506776928903 81
1781179842091 0.4738172924518585 82
1781179842092 0.47366506315767765 83
1781179842094 0.4748167260736227 84
