============================================================
Optuna Study : vae_firstopt
Trials completed : 20
Best val loss    : 0.000694

Best hyperparameters :
                    lr = 9.633898703008754e-05
          weight_decay = 0.00040314886851350063
              patience = 58
                  beta = 0.00014897848759322092
    beta_warmup_epochs = 50

Hyperparameter importance :
                    lr : 0.466  █████████████
                  beta : 0.203  ██████
              patience : 0.151  ████
    beta_warmup_epochs : 0.132  ███
          weight_decay : 0.049  █

 Trial     Val loss  Epoch           lr weight_decay     patience         beta beta_warmup_epochs
-------------------------------------------------------------------------------------------------
    10     0.000694    227     9.63e-05     4.03e-04           58     1.49e-04           50
    12     0.000713    298     9.32e-05     9.72e-04           65     1.02e-04           50
     1     0.000742    210     6.49e-05     3.99e-04           50     2.61e-04           39
    18     0.000752    284     9.22e-05     4.44e-04           65     7.84e-04           41
    19     0.000785     64     4.54e-05     6.85e-05           71     1.99e-04           35
    13     0.000790    104     3.56e-05     1.93e-04           65     1.07e-04           50
     9     0.000794    176     2.74e-06     3.01e-05           76     6.23e-04            8
    16     0.000824     64     6.45e-05     1.01e-04           48     3.42e-04           20
    11     0.000849    202     9.31e-05     7.79e-04           59     1.05e-04           44
     2     0.000986    113     8.22e-06     7.75e-07           71     1.68e-03           25
     8     0.001003     97     7.43e-06     2.64e-05           23     3.30e-03           29
    17     0.001030     96     1.87e-05     3.99e-06           58     1.46e-02           47
    14     0.001063     61     3.40e-05     9.82e-04           66     4.91e-04           50
     4     0.001069    102     1.50e-05     1.08e-07           56     3.82e-02           44
     7     0.001195    146     2.50e-06     8.49e-05           24     1.78e-03           35
     0     0.001205     90     1.00e-05     1.00e-05           40     5.00e-02           20
    15     0.001223     73     3.12e-05     1.64e-04           80     9.06e-01           38
     6     0.001547    106     4.07e-06     1.60e-06           39     9.95e-02           44
     5     0.001830    239     1.06e-06     2.20e-05           24     7.53e-03           32
     3     0.001998    133     1.93e-06     1.58e-05           39     2.49e-01           12
============================================================