1782228153782 0.13863868959248066 1
1782228153784 0.047739844983443615 2
1782228153785 0.022269282182678582 3
1782228153786 0.013230934329330922 4
1782228153787 0.009125884152017533 5
1782228153789 0.006851146086119115 6
1782228153790 0.005339650297537446 7
1782228153791 0.0045020226354245095 8
1782228153792 0.0038376664987299592 9
1782228153794 0.0033112368825823067 10
1782228153795 0.00317766759369988 11
1782228153796 0.0027946752606658265 12
1782228153798 0.0025471071491483597 13
1782228153799 0.0023360387881984934 14
1782228153800 0.002170888413093053 15
1782228153801 0.0020796543813776224 16
1782228153803 0.001972576585249044 17
1782228153804 0.0018633779083029366 18
1782228153805 0.001823052092222497 19
1782228153806 0.0017581961702671832 20
1782228153808 0.0016434664517873897 21
1782228153809 0.001612462614721153 22
1782228153810 0.001542021224158816 23
1782228153811 0.001534373659233097 24
1782228153813 0.001583469042525394 25
1782228153814 0.0014483515919710044 26
1782228153815 0.0014101379085332156 27
1782228153817 0.001351233981695259 28
1782228153818 0.0013127945507585537 29
1782228153819 0.0012750702144694514 30
1782228153820 0.0012968753273889888 31
1782228153822 0.0012836371870071162 32
1782228153823 0.00129738241826999 33
1782228153824 0.0012246549474366475 34
1782228153825 0.001310535438824445 35
1782228153827 0.001236451783479424 36
1782228153828 0.0011722388233465608 37
1782228153829 0.0012001641023380216 38
1782228153830 0.001113271815047483 39
1782228153832 0.001087458323163446 40
1782228153833 0.0011074979045952204 41
1782228153834 0.001088402190580382 42
1782228153836 0.0010802542910823831 43
1782228153837 0.0011106311883486342 44
1782228153838 0.0010653431080572774 45
1782228153839 0.001017726559221046 46
1782228153841 0.001015745190452435 47
1782228153842 0.0010477454395004316 48
1782228153843 0.0010553768427780596 49
1782228153844 0.0010012801405537175 50
1782228153846 0.0010097415820200695 51
1782228153847 0.0009526732053927844 52
1782228153848 0.000892668820815743 53
1782228153849 0.0008724624907335965 54
1782228153851 0.0008582502663193736 55
1782228153852 0.0008487401538150153 56
1782228153853 0.0008390650643559639 57
1782228153854 0.0008336722064268543 58
1782228153856 0.0008256894956139149 59
1782228153857 0.0008235815316947992 60
1782228153858 0.0008418006627471187 61
1782228153859 0.0008347388255788246 62
1782228153861 0.0008009237991063856 63
1782228153862 0.0007893724599853158 64
1782228153863 0.0007840994749130914 65
1782228153864 0.0007794688601279632 66
1782228153866 0.0007750091083653387 67
1782228153867 0.0007710203887472744 68
1782228153868 0.0007649074407527223 69
1782228153869 0.0007615635134425248 70
1782228153871 0.0007591005099675385 71
1782228153872 0.000756655725017481 72
1782228153873 0.000754337681173638 73
1782228153875 0.000751958918190212 74
1782228153876 0.0007496772734884871 75
1782228153877 0.0007460846266621957 76
1782228153878 0.0007443956666611484 77
1782228153879 0.0007430731625572662 78
1782228153881 0.0007417446347608347 79
1782228153882 0.0007403067633276805 80
1782228153883 0.0007390196752385237 81
1782228153885 0.0007376147469403805 82
1782228153886 0.0007355234800343168 83
1782228153887 0.0007346588593281922 84
