1782228154097 0.0 1
1782228154098 0.0 2
1782228154099 0.0 3
1782228154100 0.0 4
1782228154101 0.0 5
1782228154102 0.0 6
1782228154103 0.0 7
1782228154104 0.0 8
1782228154106 0.0 9
1782228154107 0.0 10
1782228154108 0.0 11
1782228154109 0.0 12
1782228154110 0.0 13
1782228154112 0.0 14
1782228154113 0.0 15
1782228154114 0.0 16
1782228154115 0.0 17
1782228154117 0.0 18
1782228154118 0.0 19
1782228154119 0.0 20
1782228154120 0.0 21
1782228154122 0.0 22
1782228154123 0.0 23
1782228154124 0.0 24
1782228154126 0.0 25
1782228154127 0.0 26
1782228154128 0.0 27
1782228154129 0.0 28
1782228154131 0.0 29
1782228154132 0.0 30
1782228154133 0.0 31
1782228154134 0.0 32
1782228154136 0.0 33
1782228154137 0.0 34
1782228154138 0.0 35
1782228154139 0.0 36
1782228154141 0.0 37
1782228154142 0.0 38
1782228154143 0.0 39
1782228154144 0.0 40
1782228154146 0.0 41
1782228154147 0.0 42
1782228154148 0.0 43
1782228154150 0.0 44
1782228154151 0.0 45
1782228154152 0.0 46
1782228154153 0.0 47
1782228154155 0.0 48
1782228154156 0.0 49
1782228154157 0.0 50
1782228154158 0.0 51
1782228154160 0.0 52
1782228154161 0.0 53
1782228154162 0.0 54
1782228154163 0.0 55
1782228154165 0.0 56
1782228154166 0.0 57
1782228154167 0.0 58
1782228154169 0.0 59
1782228154170 0.0 60
1782228154171 0.0 61
1782228154172 0.0 62
1782228154174 0.0 63
1782228154175 0.0 64
1782228154176 0.0 65
1782228154177 0.0 66
1782228154178 0.0 67
1782228154179 0.0 68
1782228154180 0.0 69
1782228154182 0.0 70
1782228154183 0.0 71
1782228154184 0.0 72
1782228154185 0.0 73
1782228154186 0.0 74
1782228154187 0.0 75
1782228154188 0.0 76
1782228154189 0.0 77
1782228154190 0.0 78
1782228154191 0.0 79
1782228154193 0.0 80
1782228154194 0.0 81
1782228154195 0.0 82
1782228154196 0.0 83
1782228154197 0.0 84
