1782228153994 0.0 1
1782228153995 0.0 2
1782228153996 0.0 3
1782228153998 0.0 4
1782228153999 0.0 5
1782228154000 0.0 6
1782228154002 0.0 7
1782228154003 0.0 8
1782228154004 0.0 9
1782228154005 0.0 10
1782228154007 0.0 11
1782228154008 0.0 12
1782228154009 0.0 13
1782228154010 0.0 14
1782228154012 0.0 15
1782228154013 0.0 16
1782228154014 0.0 17
1782228154015 0.0 18
1782228154017 0.0 19
1782228154018 0.0 20
1782228154019 0.0 21
1782228154020 0.0 22
1782228154021 0.0 23
1782228154023 0.0 24
1782228154024 0.0 25
1782228154025 0.0 26
1782228154026 0.0 27
1782228154028 0.0 28
1782228154029 0.0 29
1782228154030 0.0 30
1782228154031 0.0 31
1782228154032 0.0 32
1782228154033 0.0 33
1782228154035 0.0 34
1782228154036 0.0 35
1782228154037 0.0 36
1782228154038 0.0 37
1782228154040 0.0 38
1782228154041 0.0 39
1782228154042 0.0 40
1782228154043 0.0 41
1782228154045 0.0 42
1782228154046 0.0 43
1782228154047 0.0 44
1782228154048 0.0 45
1782228154049 0.0 46
1782228154051 0.0 47
1782228154052 0.0 48
1782228154053 0.0 49
1782228154054 0.0 50
1782228154056 0.0 51
1782228154057 0.0 52
1782228154058 0.0 53
1782228154059 0.0 54
1782228154060 0.0 55
1782228154062 0.0 56
1782228154063 0.0 57
1782228154064 0.0 58
1782228154065 0.0 59
1782228154067 0.0 60
1782228154068 0.0 61
1782228154069 0.0 62
1782228154070 0.0 63
1782228154072 0.0 64
1782228154073 0.0 65
1782228154074 0.0 66
1782228154075 0.0 67
1782228154077 0.0 68
1782228154078 0.0 69
1782228154079 0.0 70
1782228154080 0.0 71
1782228154082 0.0 72
1782228154083 0.0 73
1782228154084 0.0 74
1782228154086 0.0 75
1782228154087 0.0 76
1782228154088 0.0 77
1782228154089 0.0 78
1782228154090 0.0 79
1782228154091 0.0 80
1782228154092 0.0 81
1782228154093 0.0 82
1782228154094 0.0 83
1782228154095 0.0 84
