1785238911223 0.048685906659811734 1
1785238911224 0.007823540716199204 2
1785238911226 0.004757757495972328 3
1785238911227 0.0037450264574727045 4
1785238911228 0.0032174210442462935 5
1785238911230 0.002891331525752321 6
1785238911231 0.002646983888116665 7
1785238911232 0.0024539710563840343 8
1785238911233 0.00224792873224942 9
1785238911235 0.0020939821709180253 10
1785238911236 0.002136380105803255 11
1785238911237 0.0020696006673097144 12
1785238911239 0.0018941309556248598 13
1785238911240 0.0017136844580818433 14
1785238911242 0.0016027527242840733 15
1785238911243 0.0015066727215889842 16
1785238911244 0.0014263474746257997 17
1785238911246 0.001372003304277314 18
1785238911247 0.0013954021089011804 19
1785238911248 0.0013629191160725895 20
1785238911249 0.0013279475951276255 21
1785238911251 0.0012577094409789425 22
1785238911252 0.001154526374884881 23
1785238911253 0.0011161198375339153 24
1785238911255 0.001090088111377554 25
1785238911256 0.001069186983513646 26
1785238911257 0.0010532890213653446 27
1785238911258 0.0010465345029660967 28
1785238911260 0.0010402035682636778 29
1785238911261 0.0010368234777706675 30
1785238911262 0.001034112175111659 31
1785238911263 0.0010027070098294643 32
1785238911265 0.0009977783882641233 33
1785238911266 0.0009981715565663763 34
1785238911267 0.000977448038465809 35
1785238911268 0.0009366048185620457 36
1785238911270 0.0009061015042243526 37
1785238911271 0.0008929225795145612 38
1785238911272 0.000883824264674331 39
1785238911274 0.0008767845731927082 40
1785238911275 0.0008654595298867207 41
1785238911276 0.0008612620217172662 42
1785238911277 0.0008577746887021931 43
1785238911279 0.0008540434633323457 44
1785238911280 0.0008500565359281609 45
1785238911281 0.0008440594021521975 46
1785238911282 0.0008418806042755023 47
1785238911284 0.0008399870495486539 48
1785238911285 0.0008378058769449126 49
1785238911286 0.000835776844251086 50
