1785238911350 0.0 1
1785238911352 0.0 2
1785238911353 0.0 3
1785238911354 0.0 4
1785238911355 0.0 5
1785238911357 0.0 6
1785238911358 0.0 7
1785238911359 0.0 8
1785238911360 0.0 9
1785238911361 0.0 10
1785238911363 0.0 11
1785238911364 0.0 12
1785238911365 0.0 13
1785238911366 0.0 14
1785238911368 0.0 15
1785238911369 0.0 16
1785238911370 0.0 17
1785238911371 0.0 18
1785238911373 0.0 19
1785238911374 0.0 20
1785238911375 0.0 21
1785238911376 0.0 22
1785238911378 0.0 23
1785238911379 0.0 24
1785238911380 0.0 25
1785238911381 0.0 26
1785238911383 0.0 27
1785238911384 0.0 28
1785238911385 0.0 29
1785238911386 0.0 30
1785238911388 0.0 31
1785238911389 0.0 32
1785238911390 0.0 33
1785238911391 0.0 34
1785238911393 0.0 35
1785238911394 0.0 36
1785238911395 0.0 37
1785238911397 0.0 38
1785238911398 0.0 39
1785238911399 0.0 40
1785238911400 0.0 41
1785238911401 0.0 42
1785238911403 0.0 43
1785238911404 0.0 44
1785238911405 0.0 45
1785238911407 0.0 46
1785238911408 0.0 47
1785238911409 0.0 48
1785238911410 0.0 49
1785238911412 0.0 50
