1785336365345 0.12682308222477634 1
1785336365347 0.060297875106334685 2
1785336365349 0.03505156075116247 3
1785336365350 0.022941827269581456 4
1785336365352 0.01623386290545265 5
1785336365354 0.012225653929635882 6
1785336365356 0.009555629813500369 7
1785336365357 0.0077609883427309494 8
1785336365359 0.006450409824416662 9
1785336365361 0.0055588501515255 10
1785336365362 0.004835808222802977 11
1785336365364 0.004285017307847738 12
1785336365366 0.0038362006142657872 13
1785336365367 0.0034915370337936717 14
1785336365369 0.0032613160593124727 15
1785336365371 0.003039712828952664 16
1785336365372 0.0028427747543901204 17
1785336365374 0.00273500207986217 18
1785336365376 0.0025933778675001425 19
1785336365377 0.0024579775922272044 20
1785336365379 0.002360459084350926 21
1785336365381 0.0022877593624192134 22
1785336365382 0.0021985516611797112 23
1785336365384 0.0021508026157486407 24
1785336365386 0.002095832554914523 25
1785336365387 0.0020725218259030954 26
1785336365389 0.0019649083141606146 27
1785336365391 0.0019165886495708642 28
1785336365392 0.0019098834374744911 29
1785336365394 0.0018752878279580424 30
1785336365395 0.0018337400183857729 31
1785336365397 0.001809837720672173 32
1785336365399 0.0017816429749170008 33
1785336365400 0.0017409864440802872 34
1785336365402 0.0017462970034102909 35
1785336365404 0.0017493069827954363 36
1785336365405 0.0016773041816729043 37
1785336365407 0.0016744454889703775 38
1785336365409 0.0016502225978911155 39
1785336365410 0.0016458843759513304 40
1785336365412 0.0016197959196385151 41
1785336365414 0.0016106664216446612 42
1785336365415 0.0016445200282760198 43
1785336365417 0.001605777310517927 44
1785336365419 0.0015674573149832818 45
1785336365420 0.001569743406435009 46
1785336365422 0.0015392853472197506 47
1785336365423 0.0015415178483332663 48
1785336365425 0.0015413578158283295 49
1785336365427 0.0015387277711852222 50
1785336365428 0.001523005355556961 51
1785336365430 0.0014980722218751908 52
1785336365432 0.0014983739595966956 53
1785336365433 0.0014760504779890956 54
1785336365435 0.001449271888001628 55
1785336365437 0.0014563395640531478 56
1785336365438 0.0014472078399800617 57
1785336365440 0.001436785180582471 58
1785336365441 0.0014285833208608286 59
1785336365443 0.0014136663946070864 60
1785336365445 0.0014183477627132863 61
1785336365446 0.0014347392430257362 62
1785336365448 0.0014140191683206164 63
1785336365450 0.0013899197393281307 64
1785336365451 0.001392862050064044 65
1785336365453 0.0013964449344105864 66
1785336365455 0.001400622561838342 67
1785336365456 0.0013879924322585187 68
1785336365458 0.0014079589750811768 69
1785336365460 0.0013692112728070545 70
1785336365461 0.0013362663432417321 71
1785336365462 0.001351938518746465 72
1785336365464 0.0013494621842255583 73
1785336365465 0.0013298789530381328 74
1785336365467 0.0013239927300674025 75
1785336365468 0.0013066949940063446 76
1785336365469 0.0013366434543058859 77
1785336365471 0.0013275272308722681 78
1785336365472 0.0013212654511638297 79
1785336365474 0.0013598019248699225 80
1785336365476 0.0013192174754901012 81
1785336365477 0.0012941229694964326 82
1785336365479 0.0012863523811878015 83
1785336365481 0.0012994092454997979 84
1785336365482 0.0013024118138976822 85
1785336365484 0.0013117473158975675 86
1785336365486 0.0012671954307127938 87
1785336365487 0.0012715855655187625 88
1785336365489 0.00126386328896236 89
1785336365491 0.0012564004482555902 90
1785336365492 0.0012455636038794181 91
1785336365494 0.0012726314360406831 92
1785336365496 0.0012608690713022952 93
1785336365497 0.001256435629935974 94
1785336365499 0.0012218020904886846 95
1785336365501 0.0012385784782964037 96
1785336365502 0.001249688453087098 97
1785336365503 0.0012486452180382912 98
1785336365505 0.0012280462889975752 99
1785336365507 0.001239099803630476 100
