1782761731831 0.0 1
1782761731832 0.0 2
1782761731833 0.0 3
1782761731834 0.0 4
1782761731835 0.0 5
1782761731837 0.0 6
1782761731838 0.0 7
1782761731839 0.0 8
1782761731840 0.0 9
1782761731841 0.0 10
1782761731842 0.0 11
1782761731843 0.0 12
1782761731844 0.0 13
1782761731845 0.0 14
1782761731846 0.0 15
1782761731848 0.0 16
1782761731849 0.0 17
1782761731850 0.0 18
1782761731851 0.0 19
1782761731852 0.0 20
1782761731853 0.0 21
1782761731854 0.0 22
1782761731855 0.0 23
1782761731856 0.0 24
1782761731857 0.0 25
1782761731858 0.0 26
1782761731860 0.0 27
1782761731861 0.0 28
1782761731862 0.0 29
1782761731863 0.0 30
1782761731864 0.0 31
1782761731865 0.0 32
1782761731866 0.0 33
1782761731867 0.0 34
1782761731868 0.0 35
1782761731869 0.0 36
1782761731871 0.0 37
1782761731872 0.0 38
1782761731873 0.0 39
1782761731874 0.0 40
1782761731875 0.0 41
1782761731876 0.0 42
1782761731877 0.0 43
1782761731878 0.0 44
1782761731879 0.0 45
1782761731880 0.0 46
1782761731880 0.0 47
1782761731881 0.0 48
1782761731882 0.0 49
1782761731883 0.0 50
1782761731884 0.0 51
1782761731885 0.0 52
1782761731886 0.0 53
1782761731887 0.0 54
