1782761731888 0.0 1
1782761731889 0.0 2
1782761731890 0.0 3
1782761731891 0.0 4
1782761731892 0.0 5
1782761731893 0.0 6
1782761731894 0.0 7
1782761731895 0.0 8
1782761731896 0.0 9
1782761731897 0.0 10
1782761731898 0.0 11
1782761731899 0.0 12
1782761731900 0.0 13
1782761731901 0.0 14
1782761731902 0.0 15
1782761731902 0.0 16
1782761731903 0.0 17
1782761731904 0.0 18
1782761731905 0.0 19
1782761731907 0.0 20
1782761731908 0.0 21
1782761731909 0.0 22
1782761731910 0.0 23
1782761731911 0.0 24
1782761731912 0.0 25
1782761731912 0.0 26
1782761731913 0.0 27
1782761731914 0.0 28
1782761731915 0.0 29
1782761731916 0.0 30
1782761731917 0.0 31
1782761731918 0.0 32
1782761731919 0.0 33
1782761731920 0.0 34
1782761731921 0.0 35
1782761731922 0.0 36
1782761731923 0.0 37
1782761731924 0.0 38
1782761731925 0.0 39
1782761731926 0.0 40
1782761731927 0.0 41
1782761731927 0.0 42
1782761731928 0.0 43
1782761731929 0.0 44
1782761731930 0.0 45
1782761731931 0.0 46
1782761731932 0.0 47
1782761731933 0.0 48
1782761731934 0.0 49
1782761731935 0.0 50
1782761731936 0.0 51
1782761731937 0.0 52
1782761731938 0.0 53
1782761731939 0.0 54
