1782721606334 0.0 1
1782721606335 0.0 2
1782721606336 0.0 3
1782721606337 0.0 4
1782721606338 0.0 5
1782721606339 0.0 6
1782721606341 0.0 7
1782721606342 0.0 8
1782721606343 0.0 9
1782721606344 0.0 10
1782721606345 0.0 11
1782721606346 0.0 12
1782721606347 0.0 13
1782721606348 0.0 14
1782721606349 0.0 15
1782721606350 0.0 16
1782721606352 0.0 17
1782721606353 0.0 18
1782721606354 0.0 19
1782721606355 0.0 20
1782721606356 0.0 21
1782721606357 0.0 22
1782721606358 0.0 23
1782721606359 0.0 24
1782721606360 0.0 25
1782721606362 0.0 26
1782721606363 0.0 27
1782721606364 0.0 28
1782721606365 0.0 29
1782721606366 0.0 30
1782721606367 0.0 31
1782721606368 0.0 32
1782721606369 0.0 33
1782721606370 0.0 34
1782721606372 0.0 35
1782721606373 0.0 36
1782721606374 0.0 37
1782721606375 0.0 38
1782721606376 0.0 39
1782721606377 0.0 40
1782721606378 0.0 41
1782721606379 0.0 42
1782721606380 0.0 43
1782721606382 0.0 44
1782721606383 0.0 45
1782721606384 0.0 46
1782721606385 0.0 47
1782721606386 0.0 48
1782721606387 0.0 49
1782721606388 0.0 50
1782721606389 0.0 51
1782721606391 0.0 52
1782721606392 0.0 53
1782721606393 0.0 54
1782721606394 0.0 55
1782721606395 0.0 56
1782721606396 0.0 57
