1782721606206 0.21605282880365848 1
1782721606207 0.061251974627375604 2
1782721606209 0.011606182693503797 3
1782721606210 0.0062721613526809964 4
1782721606211 0.004780619769589976 5
1782721606212 0.004059457237017341 6
1782721606213 0.0036640532029559836 7
1782721606214 0.0035234204394510014 8
1782721606215 0.00318367681466043 9
1782721606216 0.002894887147413101 10
1782721606218 0.0026377596400561742 11
1782721606219 0.002388140492257662 12
1782721606220 0.002627438430208713 13
1782721606221 0.002408891831873916 14
1782721606222 0.002488388795609353 15
1782721606223 0.0023888325656298546 16
1782721606224 0.0022981679979420734 17
1782721606225 0.002186169539927505 18
1782721606227 0.0021775625205191318 19
1782721606228 0.0021847022135625593 20
1782721606229 0.0020832666543719822 21
1782721606230 0.0020717921362665946 22
1782721606231 0.0021333734123618344 23
1782721606232 0.0020851997689169365 24
1782721606233 0.0021173576878209133 25
1782721606234 0.0021093229731195605 26
1782721606235 0.002092459781706566 27
1782721606237 0.002098159769520862 28
1782721606238 0.002044890373945236 29
1782721606239 0.0020849923184141517 30
1782721606240 0.0020995935310202185 31
1782721606241 0.0020585941486933735 32
1782721606242 0.0020651495238416828 33
1782721606243 0.0021181950013851748 34
1782721606244 0.0019847127977118363 35
1782721606246 0.0019332096475409345 36
1782721606247 0.0019165199996496085 37
1782721606248 0.0019134118486545048 38
1782721606249 0.0019046156023978255 39
1782721606250 0.0019035547679231968 40
1782721606251 0.0019286005638423376 41
1782721606252 0.0018956943636294454 42
1782721606253 0.00186019635075354 43
1782721606254 0.0018516575536341407 44
1782721606256 0.0018482546535960865 45
1782721606257 0.0018477734537009382 46
1782721606258 0.0018439733568084192 47
1782721606259 0.0018497405114612775 48
1782721606260 0.0018349363495508441 49
1782721606261 0.0018237821366346907 50
1782721606262 0.0018223845276224893 51
1782721606263 0.0018198670639685587 52
1782721606265 0.0018164138821157394 53
1782721606266 0.0018157605559099466 54
1782721606267 0.0018128534638526617 55
1782721606268 0.0018022392458806281 56
1782721606269 0.0018009077677561436 57
