1782691964669 0.04480911025311798 1
1782691964671 0.008643409826327116 2
1782691964672 0.005091663051862269 3
1782691964673 0.0036657635279698296 4
1782691964674 0.0030024972488172353 5
1782691964675 0.002462494162900839 6
1782691964676 0.0022520576760871338 7
1782691964677 0.0021831579593708738 8
1782691964679 0.0019828527385834602 9
1782691964680 0.001711249230284011 10
1782691964681 0.001597741296136519 11
1782691964682 0.0015409474818443413 12
1782691964683 0.001450732568773674 13
1782691964684 0.0014562334773654583 14
1782691964685 0.0013855254494410474 15
1782691964686 0.0014433311850007159 16
1782691964687 0.0014818887955334503 17
1782691964689 0.0013526739681401522 18
1782691964690 0.001277256966859568 19
1782691964691 0.0013570324938336853 20
1782691964692 0.001237349655057187 21
1782691964693 0.001240378219881677 22
1782691964694 0.001150027270632563 23
1782691964695 0.0012537823674210814 24
1782691964696 0.0011686948337592184 25
1782691964697 0.0011205587789299898 26
1782691964699 0.0009749074590217788 27
1782691964700 0.000835334115254227 28
1782691964701 0.000776099670183612 29
1782691964702 0.0007433997981570428 30
1782691964703 0.0007150146638014121 31
1782691964704 0.0007030741959169973 32
1782691964705 0.0006909436607384123 33
1782691964706 0.0006978430948220193 34
1782691964707 0.0007370828245620942 35
1782691964709 0.0007387113563163439 36
1782691964710 0.0007299384801444831 37
1782691964711 0.0006907308605877915 38
1782691964712 0.000687712762519368 39
1782691964713 0.0006332253944856348 40
1782691964714 0.0006378623592900113 41
1782691964715 0.0006067866780722397 42
1782691964716 0.000589964751561638 43
1782691964717 0.0006204625696409493 44
1782691964718 0.0005851290782811703 45
1782691964720 0.0006130601456243312 46
1782691964721 0.0006250265728886006 47
1782691964722 0.0006508206637954573 48
1782691964723 0.0005930608393100556 49
1782691964724 0.0005319740930644912 50
1782691964725 0.000494861210900126 51
1782691964726 0.00048058602442324627 52
1782691964727 0.00047259531860618156 53
1782691964728 0.0004661182909330819 54
1782691964729 0.000460282939930039 55
1782691964731 0.0004548956884536892 56
1782691964732 0.0004468555896164617 57
1782691964733 0.0004423840039089555 58
1782691964734 0.0004389295112923719 59
1782691964735 0.0004357735924713779 60
1782691964736 0.000432552802740247 61
1782691964737 0.0004292397761309985 62
1782691964738 0.00042609497297235065 63
1782691964739 0.00042091358907782707 64
1782691964740 0.00041849236320558704 65
1782691964742 0.000416615767935582 66
1782691964743 0.0004146703567676013 67
1782691964744 0.0004126745216854033 68
1782691964745 0.0004106828643853078 69
1782691964746 0.00040881139455450465 70
1782691964747 0.00040555904859502335 71
1782691964748 0.000404282888302987 72
