1782691964904 0.0 1
1782691964905 0.0 2
1782691964906 0.0 3
1782691964907 0.0 4
1782691964908 0.0 5
1782691964909 0.0 6
1782691964910 0.0 7
1782691964911 0.0 8
1782691964912 0.0 9
1782691964913 0.0 10
1782691964914 0.0 11
1782691964915 0.0 12
1782691964916 0.0 13
1782691964917 0.0 14
1782691964918 0.0 15
1782691964919 0.0 16
1782691964919 0.0 17
1782691964920 0.0 18
1782691964921 0.0 19
1782691964922 0.0 20
1782691964923 0.0 21
1782691964924 0.0 22
1782691964925 0.0 23
1782691964926 0.0 24
1782691964927 0.0 25
1782691964928 0.0 26
1782691964929 0.0 27
1782691964930 0.0 28
1782691964931 0.0 29
1782691964932 0.0 30
1782691964933 0.0 31
1782691964934 0.0 32
1782691964935 0.0 33
1782691964936 0.0 34
1782691964937 0.0 35
1782691964938 0.0 36
1782691964939 0.0 37
1782691964940 0.0 38
1782691964941 0.0 39
1782691964942 0.0 40
1782691964943 0.0 41
1782691964944 0.0 42
1782691964945 0.0 43
1782691964946 0.0 44
1782691964947 0.0 45
1782691964948 0.0 46
1782691964949 0.0 47
1782691964950 0.0 48
1782691964951 0.0 49
1782691964952 0.0 50
1782691964953 0.0 51
1782691964954 0.0 52
1782691964955 0.0 53
1782691964956 0.0 54
1782691964956 0.0 55
1782691964958 0.0 56
1782691964959 0.0 57
1782691964960 0.0 58
1782691964961 0.0 59
1782691964962 0.0 60
1782691964962 0.0 61
1782691964963 0.0 62
1782691964964 0.0 63
1782691964965 0.0 64
1782691964966 0.0 65
1782691964967 0.0 66
1782691964968 0.0 67
1782691964969 0.0 68
1782691964970 0.0 69
1782691964971 0.0 70
1782691964972 0.0 71
1782691964973 0.0 72
