1782691964829 0.0 1
1782691964830 0.0 2
1782691964831 0.0 3
1782691964832 0.0 4
1782691964833 0.0 5
1782691964834 0.0 6
1782691964835 0.0 7
1782691964837 0.0 8
1782691964838 0.0 9
1782691964839 0.0 10
1782691964840 0.0 11
1782691964841 0.0 12
1782691964842 0.0 13
1782691964843 0.0 14
1782691964844 0.0 15
1782691964845 0.0 16
1782691964846 0.0 17
1782691964847 0.0 18
1782691964849 0.0 19
1782691964850 0.0 20
1782691964851 0.0 21
1782691964852 0.0 22
1782691964853 0.0 23
1782691964854 0.0 24
1782691964855 0.0 25
1782691964856 0.0 26
1782691964857 0.0 27
1782691964859 0.0 28
1782691964860 0.0 29
1782691964861 0.0 30
1782691964862 0.0 31
1782691964863 0.0 32
1782691964864 0.0 33
1782691964865 0.0 34
1782691964866 0.0 35
1782691964867 0.0 36
1782691964868 0.0 37
1782691964870 0.0 38
1782691964871 0.0 39
1782691964872 0.0 40
1782691964873 0.0 41
1782691964874 0.0 42
1782691964875 0.0 43
1782691964876 0.0 44
1782691964877 0.0 45
1782691964878 0.0 46
1782691964879 0.0 47
1782691964880 0.0 48
1782691964881 0.0 49
1782691964882 0.0 50
1782691964883 0.0 51
1782691964884 0.0 52
1782691964885 0.0 53
1782691964886 0.0 54
1782691964887 0.0 55
1782691964888 0.0 56
1782691964889 0.0 57
1782691964890 0.0 58
1782691964891 0.0 59
1782691964892 0.0 60
1782691964893 0.0 61
1782691964894 0.0 62
1782691964895 0.0 63
1782691964896 0.0 64
1782691964897 0.0 65
1782691964898 0.0 66
1782691964899 0.0 67
1782691964900 0.0 68
1782691964900 0.0 69
1782691964901 0.0 70
1782691964902 0.0 71
1782691964903 0.0 72
