1782244401418 0.0 1
1782244401419 0.0 2
1782244401420 0.0 3
1782244401422 0.0 4
1782244401423 0.0 5
1782244401424 0.0 6
1782244401425 0.0 7
1782244401427 0.0 8
1782244401428 0.0 9
1782244401429 0.0 10
1782244401430 0.0 11
1782244401431 0.0 12
1782244401433 0.0 13
1782244401434 0.0 14
1782244401435 0.0 15
1782244401436 0.0 16
1782244401437 0.0 17
1782244401438 0.0 18
1782244401439 0.0 19
1782244401440 0.0 20
1782244401442 0.0 21
1782244401443 0.0 22
1782244401444 0.0 23
1782244401445 0.0 24
1782244401446 0.0 25
1782244401447 0.0 26
1782244401449 0.0 27
1782244401450 0.0 28
1782244401451 0.0 29
1782244401452 0.0 30
1782244401453 0.0 31
1782244401454 0.0 32
1782244401455 0.0 33
1782244401456 0.0 34
1782244401458 0.0 35
1782244401459 0.0 36
1782244401460 0.0 37
1782244401461 0.0 38
1782244401462 0.0 39
1782244401463 0.0 40
1782244401464 0.0 41
1782244401465 0.0 42
1782244401466 0.0 43
1782244401467 0.0 44
1782244401469 0.0 45
1782244401470 0.0 46
1782244401471 0.0 47
1782244401472 0.0 48
1782244401473 0.0 49
1782244401474 0.0 50
1782244401475 0.0 51
1782244401476 0.0 52
1782244401477 0.0 53
1782244401479 0.0 54
1782244401480 0.0 55
1782244401481 0.0 56
1782244401482 0.0 57
1782244401483 0.0 58
1782244401484 0.0 59
1782244401485 0.0 60
1782244401487 0.0 61
1782244401488 0.0 62
1782244401489 0.0 63
1782244401490 0.0 64
1782244401491 0.0 65
1782244401492 0.0 66
1782244401493 0.0 67
1782244401495 0.0 68
1782244401496 0.0 69
1782244401497 0.0 70
1782244401498 0.0 71
1782244401499 0.0 72
1782244401500 0.0 73
1782244401501 0.0 74
1782244401502 0.0 75
1782244401503 0.0 76
1782244401504 0.0 77
