1782244401323 0.0 1
1782244401325 0.0 2
1782244401326 0.0 3
1782244401327 0.0 4
1782244401328 0.0 5
1782244401330 0.0 6
1782244401331 0.0 7
1782244401332 0.0 8
1782244401333 0.0 9
1782244401335 0.0 10
1782244401336 0.0 11
1782244401337 0.0 12
1782244401338 0.0 13
1782244401340 0.0 14
1782244401341 0.0 15
1782244401342 0.0 16
1782244401343 0.0 17
1782244401345 0.0 18
1782244401346 0.0 19
1782244401347 0.0 20
1782244401349 0.0 21
1782244401350 0.0 22
1782244401351 0.0 23
1782244401352 0.0 24
1782244401354 0.0 25
1782244401355 0.0 26
1782244401356 0.0 27
1782244401357 0.0 28
1782244401359 0.0 29
1782244401360 0.0 30
1782244401361 0.0 31
1782244401362 0.0 32
1782244401364 0.0 33
1782244401365 0.0 34
1782244401366 0.0 35
1782244401367 0.0 36
1782244401369 0.0 37
1782244401370 0.0 38
1782244401371 0.0 39
1782244401372 0.0 40
1782244401373 0.0 41
1782244401374 0.0 42
1782244401376 0.0 43
1782244401377 0.0 44
1782244401378 0.0 45
1782244401379 0.0 46
1782244401380 0.0 47
1782244401381 0.0 48
1782244401383 0.0 49
1782244401384 0.0 50
1782244401385 0.0 51
1782244401386 0.0 52
1782244401388 0.0 53
1782244401389 0.0 54
1782244401390 0.0 55
1782244401391 0.0 56
1782244401393 0.0 57
1782244401394 0.0 58
1782244401395 0.0 59
1782244401396 0.0 60
1782244401398 0.0 61
1782244401399 0.0 62
1782244401400 0.0 63
1782244401401 0.0 64
1782244401402 0.0 65
1782244401403 0.0 66
1782244401404 0.0 67
1782244401406 0.0 68
1782244401407 0.0 69
1782244401408 0.0 70
1782244401409 0.0 71
1782244401410 0.0 72
1782244401411 0.0 73
1782244401412 0.0 74
1782244401414 0.0 75
1782244401415 0.0 76
1782244401416 0.0 77
