1782244401128 0.17373979788273572 1
1782244401129 0.06659950444474816 2
1782244401130 0.028303848784416913 3
1782244401132 0.015191080472432077 4
1782244401133 0.009800208604428918 5
1782244401134 0.007146504998672754 6
1782244401136 0.005828827687073499 7
1782244401137 0.0046005696814972906 8
1782244401138 0.0038626805995590984 9
1782244401139 0.0033297744242008777 10
1782244401141 0.002931607305072248 11
1782244401142 0.0026605642616050317 12
1782244401143 0.0024513833585660906 13
1782244401145 0.002275900868116878 14
1782244401146 0.00209076686471235 15
1782244401147 0.0019653476809617133 16
1782244401148 0.0018396545958239586 17
1782244401150 0.0017738227811059915 18
1782244401151 0.0016863830614602194 19
1782244401152 0.0016705938830273227 20
1782244401153 0.0016281101683853195 21
1782244401155 0.0015292948904971127 22
1782244401156 0.0014663257970823906 23
1782244401157 0.0014742854979704135 24
1782244401158 0.001362659135775175 25
1782244401160 0.0013202103809453547 26
1782244401161 0.001295792620512657 27
1782244401162 0.0013767208396166096 28
1782244401164 0.0013638213973899839 29
1782244401165 0.0013591484617791138 30
1782244401166 0.0012543360477138775 31
1782244401167 0.0012147987629577983 32
1782244401169 0.0011558806590619497 33
1782244401170 0.001118026899493998 34
1782244401171 0.0011189358819683548 35
1782244401172 0.0011268147288501496 36
1782244401174 0.0011069680728542153 37
1782244401175 0.001077112003986258 38
1782244401176 0.0010841044701373904 39
1782244401177 0.0011015369024244138 40
1782244401179 0.001062922833225457 41
1782244401180 0.0010294226404948858 42
1782244401181 0.0010191204932925757 43
1782244401183 0.0010090273600508225 44
1782244401184 0.0009918804875633214 45
1782244401185 0.0010026597497926558 46
1782244401186 0.0009471774922712939 47
1782244401188 0.0008944305712066125 48
1782244401189 0.0008727643454039935 49
1782244401190 0.0008596322945231805 50
1782244401191 0.0008490224464912899 51
1782244401193 0.0008408857980248285 52
1782244401194 0.0008338260748132597 53
1782244401195 0.00082933363471966 54
1782244401196 0.0008199405714185559 55
1782244401198 0.0008097747176725534 56
1782244401199 0.0008040208239981439 57
1782244401200 0.0007994583332765615 58
1782244401201 0.0007948967408083263 59
1782244401203 0.0007909738134185318 60
1782244401204 0.00078679523030587 61
1782244401205 0.0007809006598472479 62
1782244401207 0.0007763793430785881 63
1782244401208 0.0007736031567765167 64
1782244401209 0.0007708858895057347 65
1782244401210 0.0007684701358448365 66
1782244401212 0.0007658140280545921 67
1782244401213 0.0007635030276651378 68
1782244401214 0.0007594427405638271 69
1782244401215 0.000757358439223026 70
1782244401217 0.0007558564249120536 71
1782244401218 0.0007543281664766255 72
1782244401219 0.0007527588639277382 73
1782244401220 0.0007511617388445302 74
1782244401222 0.0007495799228126998 75
1782244401223 0.0007472662398504326 76
1782244401224 0.0007463537319199531 77
