1782232249120 0.0 1
1782232249121 0.0 2
1782232249123 0.0 3
1782232249124 0.0 4
1782232249125 0.0 5
1782232249127 0.0 6
1782232249128 0.0 7
1782232249129 0.0 8
1782232249131 0.0 9
1782232249132 0.0 10
1782232249133 0.0 11
1782232249135 0.0 12
1782232249136 0.0 13
1782232249138 0.0 14
1782232249139 0.0 15
1782232249140 0.0 16
1782232249142 0.0 17
1782232249143 0.0 18
1782232249144 0.0 19
1782232249146 0.0 20
1782232249147 0.0 21
1782232249148 0.0 22
1782232249150 0.0 23
1782232249151 0.0 24
1782232249152 0.0 25
1782232249154 0.0 26
1782232249155 0.0 27
1782232249156 0.0 28
1782232249158 0.0 29
1782232249159 0.0 30
1782232249161 0.0 31
1782232249162 0.0 32
1782232249163 0.0 33
1782232249165 0.0 34
1782232249166 0.0 35
1782232249167 0.0 36
1782232249169 0.0 37
1782232249170 0.0 38
1782232249171 0.0 39
1782232249173 0.0 40
1782232249174 0.0 41
1782232249175 0.0 42
1782232249177 0.0 43
1782232249178 0.0 44
1782232249179 0.0 45
1782232249181 0.0 46
1782232249182 0.0 47
1782232249184 0.0 48
1782232249185 0.0 49
1782232249186 0.0 50
1782232249188 0.0 51
1782232249189 0.0 52
1782232249190 0.0 53
1782232249192 0.0 54
1782232249193 0.0 55
1782232249194 0.0 56
1782232249196 0.0 57
1782232249197 0.0 58
1782232249198 0.0 59
1782232249200 0.0 60
1782232249201 0.0 61
1782232249203 0.0 62
1782232249204 0.0 63
1782232249205 0.0 64
1782232249207 0.0 65
1782232249208 0.0 66
1782232249209 0.0 67
1782232249211 0.0 68
1782232249212 0.0 69
1782232249213 0.0 70
1782232249215 0.0 71
1782232249216 0.0 72
1782232249217 0.0 73
1782232249219 0.0 74
1782232249220 0.0 75
1782232249222 0.0 76
1782232249223 0.0 77
1782232249224 0.0 78
