1782232248903 0.21646429248154164 1
1782232248904 0.0863656035810709 2
1782232248906 0.03752221572212875 3
1782232248907 0.01963703687302768 4
1782232248908 0.012126825547311456 5
1782232248910 0.008573799638543277 6
1782232248911 0.006642150443512946 7
1782232248912 0.0051257867692038415 8
1782232248914 0.004323421473382041 9
1782232248915 0.0037227174907457083 10
1782232248917 0.003405096051865257 11
1782232248918 0.0030328073300188406 12
1782232248919 0.002674023456638679 13
1782232248921 0.0024398289114469663 14
1782232248922 0.0023890402633696796 15
1782232248923 0.002282768090371974 16
1782232248925 0.0020495132385985925 17
1782232248926 0.001873939143260941 18
1782232248928 0.001838617667381186 19
1782232248929 0.0017603398719802498 20
1782232248930 0.001636185492388904 21
1782232248932 0.0015141549691907131 22
1782232248933 0.0015473853910225443 23
1782232248934 0.0014813022923772224 24
1782232248936 0.0014106134447501972 25
1782232248937 0.001328041994711384 26
1782232248939 0.0013261437593610026 27
1782232248940 0.0012795626158185768 28
1782232248941 0.001203601862944197 29
1782232248943 0.001210583561041858 30
1782232248944 0.0011319287010701374 31
1782232248945 0.0011868024541763589 32
1782232248947 0.0011301303358050062 33
1782232248948 0.0010183186642825604 34
1782232248949 0.000891772858449258 35
1782232248951 0.0008484035691071767 36
1782232248952 0.0008188744765357114 37
1782232248954 0.0007975783487199806 38
1782232248955 0.0007842096613603644 39
1782232248956 0.0007858617458987283 40
1782232248958 0.0007952962165290956 41
1782232248959 0.0007886192780279089 42
1782232248960 0.0007713437271013391 43
1782232248966 0.0007695746805256931 44
1782232248967 0.0007551159065042157 45
1782232248968 0.000739594986080192 46
1782232248970 0.0007200558958720648 47
1782232248971 0.0007057320112653542 48
1782232248973 0.0007032670322951163 49
1782232248974 0.0006926107683830196 50
1782232248975 0.000690859522583196 51
1782232248977 0.0006793838983139721 52
1782232248978 0.0006673443711042637 53
1782232248979 0.0006634953396132914 54
1782232248981 0.0006304402449313784 55
1782232248982 0.0005942644262540853 56
1782232248984 0.0005593607998162042 57
1782232248985 0.0005448999888176331 58
1782232248986 0.0005371448050573236 59
1782232248988 0.000529317230975721 60
1782232248989 0.0005228116420767037 61
1782232248990 0.0005176397699688096 62
1782232248992 0.0005087451031431556 63
1782232248993 0.0005029270944578456 64
1782232248994 0.0004989203012155485 65
1782232248996 0.0004952491182848462 66
1782232248997 0.0004919038963635102 67
1782232248999 0.0004879641298975912 68
1782232249000 0.0004844028956722468 69
1782232249001 0.0004788221499620704 70
1782232249003 0.00047553787939250467 71
1782232249004 0.00047325793977506694 72
1782232249005 0.0004709144978551194 73
1782232249007 0.00046858992347551974 74
1782232249008 0.00046643996771308596 75
1782232249009 0.0004642190997037687 76
1782232249011 0.0004608679685770767 77
1782232249012 0.0004593446800936363 78
