1782232249226 0.0 1
1782232249227 0.0 2
1782232249228 0.0 3
1782232249230 0.0 4
1782232249231 0.0 5
1782232249232 0.0 6
1782232249234 0.0 7
1782232249235 0.0 8
1782232249237 0.0 9
1782232249238 0.0 10
1782232249239 0.0 11
1782232249241 0.0 12
1782232249242 0.0 13
1782232249243 0.0 14
1782232249245 0.0 15
1782232249246 0.0 16
1782232249247 0.0 17
1782232249249 0.0 18
1782232249250 0.0 19
1782232249251 0.0 20
1782232249253 0.0 21
1782232249254 0.0 22
1782232249255 0.0 23
1782232249257 0.0 24
1782232249258 0.0 25
1782232249260 0.0 26
1782232249261 0.0 27
1782232249262 0.0 28
1782232249264 0.0 29
1782232249265 0.0 30
1782232249266 0.0 31
1782232249268 0.0 32
1782232249269 0.0 33
1782232249270 0.0 34
1782232249272 0.0 35
1782232249273 0.0 36
1782232249275 0.0 37
1782232249276 0.0 38
1782232249277 0.0 39
1782232249279 0.0 40
1782232249280 0.0 41
1782232249281 0.0 42
1782232249283 0.0 43
1782232249284 0.0 44
1782232249285 0.0 45
1782232249287 0.0 46
1782232249288 0.0 47
1782232249289 0.0 48
1782232249291 0.0 49
1782232249292 0.0 50
1782232249293 0.0 51
1782232249295 0.0 52
1782232249296 0.0 53
1782232249298 0.0 54
1782232249299 0.0 55
1782232249300 0.0 56
1782232249302 0.0 57
1782232249303 0.0 58
1782232249304 0.0 59
1782232249306 0.0 60
1782232249307 0.0 61
1782232249308 0.0 62
1782232249310 0.0 63
1782232249311 0.0 64
1782232249312 0.0 65
1782232249314 0.0 66
1782232249315 0.0 67
1782232249317 0.0 68
1782232249318 0.0 69
1782232249319 0.0 70
1782232249321 0.0 71
1782232249322 0.0 72
1782232249323 0.0 73
1782232249325 0.0 74
1782232249326 0.0 75
1782232249327 0.0 76
1782232249329 0.0 77
1782232249330 0.0 78
