1782574057855 0.0 1
1782574057857 0.0 2
1782574057858 0.0 3
1782574057859 0.0 4
1782574057860 0.0 5
1782574057861 0.0 6
1782574057862 0.0 7
1782574057863 0.0 8
1782574057864 0.0 9
1782574057865 0.0 10
1782574057866 0.0 11
1782574057867 0.0 12
1782574057868 0.0 13
1782574057869 0.0 14
1782574057870 0.0 15
1782574057871 0.0 16
1782574057873 0.0 17
1782574057874 0.0 18
1782574057875 0.0 19
1782574057876 0.0 20
1782574057877 0.0 21
1782574057878 0.0 22
1782574057879 0.0 23
1782574057880 0.0 24
1782574057881 0.0 25
1782574057882 0.0 26
1782574057883 0.0 27
1782574057884 0.0 28
1782574057885 0.0 29
1782574057886 0.0 30
1782574057887 0.0 31
1782574057888 0.0 32
1782574057890 0.0 33
1782574057891 0.0 34
1782574057892 0.0 35
1782574057893 0.0 36
1782574057894 0.0 37
1782574057895 0.0 38
1782574057896 0.0 39
1782574057897 0.0 40
1782574057898 0.0 41
1782574057899 0.0 42
1782574057900 0.0 43
1782574057901 0.0 44
1782574057902 0.0 45
1782574057903 0.0 46
1782574057904 0.0 47
1782574057905 0.0 48
1782574057906 0.0 49
1782574057908 0.0 50
1782574057909 0.0 51
1782574057910 0.0 52
1782574057911 0.0 53
1782574057912 0.0 54
1782574057913 0.0 55
1782574057914 0.0 56
1782574057915 0.0 57
1782574057916 0.0 58
1782574057917 0.0 59
1782574057918 0.0 60
1782574057919 0.0 61
1782574057920 0.0 62
1782574057921 0.0 63
1782574057922 0.0 64
