1780314145628 0.23171113431453705 1
1780314145631 0.2072947558760643 2
1780314145633 0.1851169404387474 3
1780314145635 0.16324545204639435 4
1780314145637 0.14203162238001824 5
1780314145640 0.12440094530582428 6
1780314145642 0.11082075841724873 7
1780314145644 0.09981390744447709 8
1780314145646 0.09034962393343449 9
1780314145649 0.08205612063407898 10
1780314145651 0.07470134675502776 11
1780314145653 0.06815880496054888 12
1780314145655 0.062273324951529506 13
1780314145657 0.056976378969848154 14
1780314145660 0.052204332463443276 15
1780314145666 0.04789962440729141 16
1780314145676 0.04399985738098621 17
1780314145678 0.04041862405836582 18
1780314145681 0.037150297574698926 19
1780314145683 0.034152693916112184 20
1780314145685 0.03143859384581447 21
1780314145687 0.028922555670142173 22
1780314145690 0.0266212004609406 23
1780314145692 0.024527229350060225 24
1780314145694 0.022619946394115686 25
1780314145696 0.020886841211467982 26
1780314145698 0.019318761071190238 27
1780314145700 0.017882806044071914 28
1780314145703 0.016591792432591318 29
1780314145705 0.015438791001215577 30
1780314145707 0.014382189838215709 31
1780314145709 0.013437640899792314 32
1780314145711 0.012560976156964897 33
1780314145714 0.011797604570165276 34
1780314145716 0.01107032728381455 35
1780314145718 0.010409980360418559 36
1780314145721 0.009797219042666257 37
1780314145723 0.009222520650364458 38
1780314145725 0.008702693600207567 39
1780314145727 0.008231778163462877 40
1780314145729 0.007808763827197254 41
1780314145732 0.007429122738540172 42
1780314145734 0.007052219910547137 43
1780314145736 0.006690784539096058 44
1780314145739 0.006362082730047405 45
1780314145741 0.00605778212659061 46
1780314145743 0.005776931052096188 47
1780314145745 0.005524034262634814 48
1780314145747 0.005289541005622595 49
1780314145750 0.005067852034699172 50
1780314145752 0.004859840462449938 51
1780314145754 0.004672656883485615 52
1780314145756 0.004473345554433763 53
1780314145758 0.004295236663892865 54
1780314145761 0.004166403845883906 55
1780314145763 0.004018362800125032 56
1780314145765 0.0038782465411350132 57
1780314145767 0.0037188089988194404 58
1780314145769 0.0035840408783406018 59
1780314145771 0.0034680759697221218 60
1780314145774 0.003353192009963095 61
1780314145776 0.0032496510702185333 62
1780314145778 0.003147411523386836 63
1780314145780 0.0030489024391863496 64
1780314145782 0.0029662618599832057 65
1780314145785 0.0028850933106150476 66
1780314145787 0.0028114325157366695 67
1780314145789 0.002746808498632163 68
1780314145791 0.002677991222590208 69
1780314145793 0.0026098973455373196 70
1780314145796 0.002538027939153835 71
1780314145798 0.002466895328834653 72
1780314145800 0.00242114225984551 73
1780314145802 0.002370891331229359 74
1780314145804 0.0023017591319512577 75
1780314145806 0.0022532148601021617 76
1780314145809 0.0021998984727542845 77
1780314145811 0.0021523577661719173 78
1780314145813 0.0021085395524278283 79
1780314145815 0.0020736115914769472 80
1780314145817 0.0020430337177822365 81
1780314145820 0.0020133281394373627 82
1780314145822 0.001987543511786498 83
1780314145824 0.001957302867085673 84
1780314145826 0.0019169436860829593 85
1780314145828 0.0018885251646861435 86
1780314145830 0.0018631418299628422 87
1780314145833 0.0018307091109454631 88
1780314145835 0.0017950716213090345 89
1780314145837 0.0017699346877634524 90
1780314145839 0.001752970356028527 91
1780314145841 0.0017312406504061072 92
1780314145844 0.0017012570519000293 93
1780314145846 0.0016770322108641267 94
1780314145848 0.0016528144857147708 95
1780314145850 0.0016328132717171684 96
1780314145852 0.0016172298014862463 97
1780314145855 0.0016035909729544074 98
1780314145857 0.0015935795317636803 99
1780314145859 0.0015892982680816203 100
1780314145861 0.0015798913757316768 101
1780314145864 0.0015556433418532833 102
1780314145866 0.0015389526641229167 103
1780314145868 0.0015151884453371168 104
1780314145870 0.0015190105442889036 105
1780314145872 0.0015029807476093992 106
1780314145875 0.0014735365589149296 107
1780314145877 0.0014486388958175667 108
1780314145879 0.0014368167094653472 109
1780314145881 0.00142785658914363 110
1780314145884 0.0014202505483990535 111
1780314145886 0.0014128970471210779 112
1780314145888 0.0014061275354470125 113
1780314145890 0.0013993424482760019 114
1780314145892 0.0013928690610919149 115
1780314145894 0.0013863589701941237 116
1780314145897 0.0013800126165733674 117
1780314145899 0.0013766199510428124 118
1780314145901 0.0013731776483473367 119
1780314145903 0.0013697826911811717 120
1780314145905 0.001366309014556464 121
1780314145907 0.0013628556902403944 122
1780314145910 0.0013593873172067106 123
1780314145912 0.0013557834978564643 124
1780314145914 0.0013520960943424142 125
1780314145916 0.0013486025607562623 126
1780314145919 0.0013465988344978541 127
