1780314150203 0.1593504212796688 1
1780314150205 0.1391155530512333 2
1780314150207 0.12055916272103787 3
1780314150210 0.10317668087780475 4
1780314150212 0.08831826858222484 5
1780314150214 0.07665077589452267 6
1780314150216 0.06756088960915804 7
1780314150219 0.06010735370218754 8
1780314150221 0.05377056997269392 9
1780314150223 0.0482804562523961 10
1780314150225 0.043441045917570593 11
1780314150227 0.039184084460139275 12
1780314150230 0.035443122759461404 13
1780314150232 0.03217000165954232 14
1780314150234 0.02929048681631684 15
1780314150236 0.026751368343830108 16
1780314150239 0.024456613082438707 17
1780314150241 0.022413725536316632 18
1780314150243 0.020607388615608214 19
1780314150245 0.018996314397081732 20
1780314150247 0.01758337845094502 21
1780314150250 0.01629617091268301 22
1780314150252 0.015105207115411759 23
1780314150254 0.01401597267948091 24
1780314150256 0.013059567334130407 25
1780314150258 0.01219464243389666 26
1780314150261 0.011398899210616946 27
1780314150263 0.010688348636031152 28
1780314150265 0.010044283410534262 29
1780314150267 0.009463584176264703 30
1780314150269 0.00891904282849282 31
1780314150272 0.008415233874693513 32
1780314150274 0.007957833902910352 33
1780314150276 0.007522297562099993 34
1780314150278 0.007139610969461501 35
1780314150281 0.00675705577712506 36
1780314150283 0.006433616145513952 37
1780314150285 0.006120547214522958 38
1780314150287 0.00582294421736151 39
1780314150290 0.005546538839116693 40
1780314150292 0.005293000701349229 41
1780314150294 0.005059024812653661 42
1780314150296 0.004849305669777096 43
1780314150298 0.004657433046959341 44
1780314150301 0.004474471944849939 45
1780314150303 0.004325930669438094 46
1780314150305 0.004150819461792707 47
1780314150307 0.003992211632430553 48
1780314150309 0.0038373373006470504 49
1780314150312 0.003695961886551231 50
1780314150314 0.0035727718030102553 51
1780314150316 0.003446289144922048 52
1780314150318 0.0033316212543286383 53
1780314150320 0.003229150935076177 54
1780314150323 0.0031280671223066748 55
1780314150325 0.0030334865173790603 56
1780314150327 0.0029455664556007834 57
1780314150329 0.0028709478850942106 58
1780314150332 0.0027864511648658663 59
1780314150334 0.002711987820221111 60
1780314150336 0.0026303461391944437 61
1780314150338 0.0025721569126471878 62
1780314150340 0.0025154630292672665 63
1780314150343 0.0024736487690825014 64
1780314150345 0.0024147910601459445 65
1780314150347 0.002364162578014657 66
1780314150349 0.002306860232492909 67
1780314150352 0.002244800959015265 68
1780314150354 0.002188305679010227 69
1780314150356 0.0021462404530029743 70
1780314150358 0.0021087436436209826 71
1780314150361 0.002066727043129504 72
1780314150363 0.0020312631299020723 73
1780314150365 0.0020042930654017256 74
1780314150367 0.001988355051726103 75
1780314150369 0.001961462857434526 76
1780314150372 0.0019286275148624554 77
1780314150374 0.0018881015403894707 78
1780314150376 0.0018623244832269847 79
1780314150378 0.0018255528411827981 80
1780314150380 0.0017981578077888116 81
1780314150383 0.0017791343666613102 82
1780314150385 0.0017523625364992768 83
1780314150387 0.0017283673642668872 84
1780314150389 0.0017045700683956965 85
1780314150391 0.001680054045864381 86
1780314150394 0.0016578603978268803 87
1780314150396 0.0016456416534492745 88
1780314150398 0.0016291841381462291 89
1780314150400 0.0016094149433774874 90
1780314150402 0.001593671445734799 91
1780314150405 0.0015968863246962428 92
1780314150407 0.0015904268526355735 93
1780314150409 0.0015775567101081833 94
1780314150411 0.001572800066205673 95
1780314150413 0.0015500860699103215 96
1780314150416 0.0015295234974473716 97
1780314150418 0.0015107899307622574 98
1780314150420 0.0014904962942819111 99
1780314150423 0.0014711003153934144 100
1780314150425 0.0014557658878038638 101
1780314150427 0.0014427908568177372 102
1780314150430 0.0014319030998740346 103
1780314150432 0.0014213948560063726 104
1780314150435 0.001409514344704803 105
1780314150437 0.0013985982770100237 106
1780314150440 0.0013918475186801517 107
1780314150442 0.0013861848096712493 108
1780314150445 0.0013810121727874502 109
1780314150447 0.001376105935778469 110
1780314150449 0.001371174879895989 111
1780314150452 0.0013661851096549071 112
1780314150454 0.0013614076020894573 113
1780314150456 0.001356444826524239 114
1780314150458 0.001351546763908118 115
1780314150461 0.0013487035600701347 116
1780314150463 0.0013461718609323724 117
1780314150465 0.001343508040299639 118
1780314150467 0.0013409605843480677 119
1780314150469 0.0013383673198404723 120
1780314150472 0.0013356511175516062 121
1780314150474 0.0013330406820750795 122
1780314150476 0.001330314299557358 123
1780314150478 0.0013273707852931693 124
1780314150480 0.0013258980857790447 125
