1782597256672 0.14984183542430402 1
1782597256673 0.060435232724994424 2
1782597256674 0.029510067123919726 3
1782597256675 0.016131153707392515 4
1782597256676 0.010661642702762037 5
1782597256678 0.00783403382403776 6
1782597256679 0.006199430292472243 7
1782597256680 0.005193963294150308 8
1782597256681 0.004392103921854868 9
1782597256682 0.0037909817893523722 10
1782597256683 0.0033337506669340656 11
1782597256684 0.003027484018821269 12
1782597256685 0.0027356006181798874 13
1782597256686 0.0025576157576870174 14
1782597256687 0.002362887505441904 15
1782597256688 0.0022084793931571767 16
1782597256689 0.0020883635824429803 17
1782597256691 0.0019622295247972944 18
1782597256692 0.001873258153500501 19
1782597256693 0.001802847858343739 20
1782597256694 0.0017175868627964518 21
1782597256695 0.001639472441165708 22
1782597256696 0.0016029334921040571 23
1782597256697 0.0015307606660644524 24
1782597256698 0.0014459493357571772 25
1782597256699 0.0014273248278186656 26
1782597256700 0.0014180062928062398 27
1782597256701 0.001394528365781298 28
1782597256702 0.0013589634085656144 29
1782597256703 0.001300761331076501 30
1782597256705 0.001280456480453722 31
1782597256706 0.0012577355428948066 32
1782597256707 0.0012356659308716189 33
1782597256708 0.0012408546304504852 34
1782597256709 0.0012198444861860481 35
1782597256710 0.0011922626693558413 36
1782597256711 0.0011625896985788132 37
1782597256712 0.0011441597988596187 38
1782597256713 0.0011606930156995076 39
1782597256714 0.0011743806886806852 40
1782597256715 0.001161813722574152 41
1782597256716 0.0011452521837782114 42
1782597256718 0.0011132347922830376 43
1782597256719 0.0010717986194504192 44
1782597256720 0.001047049390472239 45
1782597256721 0.0010270081128692255 46
1782597256722 0.00103464045059809 47
1782597256723 0.001035196797674871 48
1782597256724 0.0010408942710637347 49
1782597256725 0.0010505470693897222 50
1782597256726 0.0009913061163388192 51
1782597256727 0.0009337268614035565 52
1782597256728 0.0009065192451816983 53
1782597256729 0.0008927310962462797 54
1782597256730 0.000883314253660501 55
1782597256731 0.0008750926614447962 56
1782597256733 0.0008695379136770498 57
1782597256734 0.000855191712253145 58
1782597256735 0.0008470139765267959 59
1782597256736 0.0008426273730583488 60
1782597256737 0.0008375410202279454 61
1782597256738 0.0008340301788120996 62
1782597256739 0.0008300128186965594 63
1782597256740 0.0008267700229043839 64
1782597256741 0.0008177898904250469 65
1782597256742 0.0008136642541649052 66
1782597256743 0.0008111864927923307 67
1782597256744 0.0008088311738538322 68
1782597256745 0.0008066014770156471 69
1782597256746 0.0008039996220759349 70
1782597256747 0.0008021292517514666 71
1782597256749 0.0007971760687360075 72
1782597256750 0.0007953004944283748 73
