1782597256830 0.0 1
1782597256831 0.0 2
1782597256832 0.0 3
1782597256833 0.0 4
1782597256834 0.0 5
1782597256835 0.0 6
1782597256836 0.0 7
1782597256838 0.0 8
1782597256839 0.0 9
1782597256840 0.0 10
1782597256841 0.0 11
1782597256842 0.0 12
1782597256843 0.0 13
1782597256844 0.0 14
1782597256845 0.0 15
1782597256846 0.0 16
1782597256847 0.0 17
1782597256848 0.0 18
1782597256849 0.0 19
1782597256850 0.0 20
1782597256851 0.0 21
1782597256852 0.0 22
1782597256854 0.0 23
1782597256855 0.0 24
1782597256856 0.0 25
1782597256857 0.0 26
1782597256858 0.0 27
1782597256859 0.0 28
1782597256860 0.0 29
1782597256861 0.0 30
1782597256862 0.0 31
1782597256863 0.0 32
1782597256864 0.0 33
1782597256865 0.0 34
1782597256866 0.0 35
1782597256867 0.0 36
1782597256868 0.0 37
1782597256870 0.0 38
1782597256871 0.0 39
1782597256872 0.0 40
1782597256873 0.0 41
1782597256874 0.0 42
1782597256875 0.0 43
1782597256876 0.0 44
1782597256877 0.0 45
1782597256878 0.0 46
1782597256879 0.0 47
1782597256880 0.0 48
1782597256881 0.0 49
1782597256882 0.0 50
1782597256883 0.0 51
1782597256885 0.0 52
1782597256886 0.0 53
1782597256887 0.0 54
1782597256888 0.0 55
1782597256888 0.0 56
1782597256889 0.0 57
1782597256890 0.0 58
1782597256891 0.0 59
1782597256892 0.0 60
1782597256893 0.0 61
1782597256894 0.0 62
1782597256895 0.0 63
1782597256896 0.0 64
1782597256896 0.0 65
1782597256898 0.0 66
1782597256899 0.0 67
1782597256900 0.0 68
1782597256901 0.0 69
1782597256901 0.0 70
1782597256902 0.0 71
1782597256903 0.0 72
1782597256904 0.0 73
