1782582340489 0.0 1
1782582340490 0.0 2
1782582340491 0.0 3
1782582340493 0.0 4
1782582340494 0.0 5
1782582340495 0.0 6
1782582340496 0.0 7
1782582340497 0.0 8
1782582340498 0.0 9
1782582340499 0.0 10
1782582340500 0.0 11
1782582340501 0.0 12
1782582340502 0.0 13
1782582340503 0.0 14
1782582340504 0.0 15
1782582340505 0.0 16
1782582340506 0.0 17
1782582340507 0.0 18
1782582340509 0.0 19
1782582340510 0.0 20
1782582340511 0.0 21
1782582340512 0.0 22
1782582340513 0.0 23
1782582340514 0.0 24
1782582340515 0.0 25
1782582340516 0.0 26
1782582340517 0.0 27
1782582340518 0.0 28
1782582340519 0.0 29
1782582340520 0.0 30
1782582340521 0.0 31
1782582340522 0.0 32
1782582340523 0.0 33
1782582340524 0.0 34
1782582340525 0.0 35
1782582340526 0.0 36
1782582340527 0.0 37
1782582340529 0.0 38
1782582340530 0.0 39
1782582340531 0.0 40
1782582340532 0.0 41
1782582340533 0.0 42
1782582340534 0.0 43
1782582340535 0.0 44
1782582340536 0.0 45
1782582340537 0.0 46
1782582340538 0.0 47
1782582340539 0.0 48
1782582340540 0.0 49
1782582340541 0.0 50
1782582340542 0.0 51
1782582340543 0.0 52
1782582340545 0.0 53
1782582340546 0.0 54
1782582340547 0.0 55
1782582340548 0.0 56
1782582340549 0.0 57
1782582340550 0.0 58
1782582340551 0.0 59
1782582340552 0.0 60
1782582340553 0.0 61
1782582340554 0.0 62
1782582340555 0.0 63
1782582340556 0.0 64
