1782582340285 0.12968490816652775 1
1782582340286 0.04679224862717092 2
1782582340287 0.02234146879520267 3
1782582340288 0.013170527378097176 4
1782582340289 0.009021664303727448 5
1782582340291 0.006667636495549232 6
1782582340292 0.005312242929358035 7
1782582340293 0.00435654268367216 8
1782582340294 0.0036605179379694164 9
1782582340295 0.0032761732873041183 10
1782582340296 0.002835647739120759 11
1782582340297 0.0025391035561915486 12
1782582340298 0.002316677770577371 13
1782582340299 0.0021791760344058277 14
1782582340300 0.0022256518370704723 15
1782582340301 0.002036512382910587 16
1782582340302 0.0019529340471490285 17
1782582340303 0.0018181929682032204 18
1782582340304 0.0017124743878957815 19
1782582340306 0.001655833984259516 20
1782582340307 0.0015526176101411692 21
1782582340308 0.0015367590478854254 22
1782582340309 0.0015135798481060191 23
1782582340310 0.0015302810654975474 24
1782582340311 0.0014255822473205626 25
1782582340312 0.0013699324242770672 26
1782582340313 0.001314842587453313 27
1782582340314 0.0012935154006117955 28
1782582340315 0.0012616744976548945 29
1782582340316 0.0012630020042706746 30
1782582340317 0.0012874912668485194 31
1782582340318 0.0012907530077791308 32
1782582340319 0.0011934852030390174 33
1782582340320 0.0010994757332082371 34
1782582340321 0.0010639131985226413 35
1782582340322 0.0010413959413563135 36
1782582340324 0.0010251394168881234 37
1782582340325 0.0010128435034130233 38
1782582340326 0.001001900788032799 39
1782582340327 0.0010075283459445928 40
1782582340328 0.0010079394781496375 41
1782582340329 0.000988419566565426 42
1782582340330 0.0009574092053662753 43
1782582340331 0.0009429153690871317 44
1782582340332 0.0009330437977041583 45
1782582340333 0.0009249047416233225 46
1782582340334 0.0009173439245205372 47
1782582340335 0.0009104009359725751 48
1782582340336 0.0009007149052922613 49
1782582340337 0.0008947962358070072 50
1782582340338 0.0008903723877301673 51
1782582340340 0.0008858215226064203 52
1782582340341 0.0008813676211138954 53
1782582340342 0.0008769613425101852 54
1782582340343 0.0008723667575395666 55
1782582340344 0.0008667980616155546 56
1782582340345 0.0008634924404032063 57
1782582340346 0.0008608671189358574 58
1782582340347 0.000858153657281946 59
1782582340348 0.000855446936438966 60
1782582340349 0.0008526242137304507 61
1782582340350 0.0008497793653805274 62
1782582340351 0.000846399173460668 63
1782582340352 0.0008446496014585137 64
