1782582340421 0.0 1
1782582340422 0.0 2
1782582340424 0.0 3
1782582340425 0.0 4
1782582340426 0.0 5
1782582340427 0.0 6
1782582340428 0.0 7
1782582340429 0.0 8
1782582340430 0.0 9
1782582340431 0.0 10
1782582340432 0.0 11
1782582340433 0.0 12
1782582340434 0.0 13
1782582340435 0.0 14
1782582340436 0.0 15
1782582340437 0.0 16
1782582340438 0.0 17
1782582340439 0.0 18
1782582340441 0.0 19
1782582340442 0.0 20
1782582340443 0.0 21
1782582340444 0.0 22
1782582340445 0.0 23
1782582340446 0.0 24
1782582340447 0.0 25
1782582340448 0.0 26
1782582340449 0.0 27
1782582340450 0.0 28
1782582340451 0.0 29
1782582340452 0.0 30
1782582340453 0.0 31
1782582340454 0.0 32
1782582340455 0.0 33
1782582340456 0.0 34
1782582340457 0.0 35
1782582340459 0.0 36
1782582340460 0.0 37
1782582340461 0.0 38
1782582340462 0.0 39
1782582340463 0.0 40
1782582340464 0.0 41
1782582340465 0.0 42
1782582340466 0.0 43
1782582340467 0.0 44
1782582340468 0.0 45
1782582340469 0.0 46
1782582340470 0.0 47
1782582340471 0.0 48
1782582340472 0.0 49
1782582340473 0.0 50
1782582340474 0.0 51
1782582340475 0.0 52
1782582340477 0.0 53
1782582340478 0.0 54
1782582340479 0.0 55
1782582340480 0.0 56
1782582340481 0.0 57
1782582340482 0.0 58
1782582340483 0.0 59
1782582340484 0.0 60
1782582340485 0.0 61
1782582340486 0.0 62
1782582340487 0.0 63
1782582340488 0.0 64
