1781448110305 0.24359349593495935 1
1781448110332 0.33541703094946673 2
1781448110361 0.5317056277056278 4
1781448110388 0.6358017421175316 6
1781448110415 0.6758307533539732 8
1781448110442 0.7778567931456548 12
1781448110469 0.807030297081815 16
1781448110496 0.8213739435168007 20
1781448110523 0.833656690746474 28
1781448110551 0.9076307189542483 40
1781448110579 0.9591055818665912 60
1781448110607 1.0 80
1781448110635 1.0 100
1781448110663 1.0 120
1781448110690 1.0 160
1781448110718 1.0 200
