1785068577559 0.34765520439939046 1
1785068579518 0.41498802036537885 2
1785068581315 0.4848304585501351 3
1785068583620 0.6144614147434646 4
1785068585637 0.7191269841269842 8
1785068587431 0.8214831605388969 12
1785068589649 0.8355041085170211 16
1785068591440 0.8350780237250826 20
1785068593315 0.8674858741655396 28
1785068595737 0.9206448382398469 40
1785068597561 0.936179503111467 60
1785068599344 1.0 88
1785068601627 0.9904761904761905 120
1785068603474 1.0 160
1785068605678 1.0 200
1785068607754 1.0 240
