1782758794007 0.0 1
1782758794008 0.0 2
1782758794009 0.0 3
1782758794010 0.0 4
1782758794011 0.0 5
1782758794013 0.0 6
1782758794014 0.0 7
1782758794015 0.0 8
1782758794016 0.0 9
1782758794017 0.0 10
1782758794018 0.0 11
1782758794019 0.0 12
1782758794020 0.0 13
1782758794021 0.0 14
1782758794022 0.0 15
1782758794023 0.0 16
1782758794025 0.0 17
1782758794026 0.0 18
1782758794027 0.0 19
1782758794028 0.0 20
1782758794029 0.0 21
1782758794030 0.0 22
1782758794031 0.0 23
1782758794032 0.0 24
1782758794033 0.0 25
1782758794034 0.0 26
1782758794035 0.0 27
1782758794036 0.0 28
1782758794038 0.0 29
1782758794039 0.0 30
1782758794040 0.0 31
1782758794041 0.0 32
1782758794042 0.0 33
1782758794043 0.0 34
1782758794044 0.0 35
1782758794045 0.0 36
1782758794046 0.0 37
1782758794047 0.0 38
1782758794048 0.0 39
1782758794049 0.0 40
1782758794051 0.0 41
1782758794052 0.0 42
1782758794053 0.0 43
1782758794054 0.0 44
1782758794055 0.0 45
1782758794056 0.0 46
1782758794057 0.0 47
1782758794058 0.0 48
1782758794059 0.0 49
1782758794060 0.0 50
1782758794061 0.0 51
1782758794063 0.0 52
1782758794064 0.0 53
1782758794065 0.0 54
1782758794066 0.0 55
1782758794067 0.0 56
1782758794068 0.0 57
1782758794069 0.0 58
1782758794070 0.0 59
1782758794071 0.0 60
1782758794072 0.0 61
1782758794074 0.0 62
1782758794075 0.0 63
1782758794076 0.0 64
1782758794077 0.0 65
1782758794078 0.0 66
1782758794079 0.0 67
1782758794080 0.0 68
1782758794081 0.0 69
1782758794082 0.0 70
1782758794083 0.0 71
1782758794084 0.0 72
1782758794085 0.0 73
1782758794086 0.0 74
1782758794087 0.0 75
1782758794088 0.0 76
1782758794089 0.0 77
1782758794090 0.0 78
1782758794091 0.0 79
1782758794092 0.0 80
1782758794093 0.0 81
1782758794094 0.0 82
1782758794095 0.0 83
