1782758793825 0.09196463184431196 1
1782758793826 0.01971376592759043 2
1782758793827 0.007751126447692514 3
1782758793828 0.004647917657857761 4
1782758793829 0.003435159822111018 5
1782758793830 0.0027763109962688757 6
1782758793832 0.0024001088744262235 7
1782758793833 0.0020990566795808263 8
1782758793834 0.0018650315431295893 9
1782758793835 0.0017366342482273466 10
1782758793836 0.0016831930141779595 11
1782758793837 0.0015812279966485221 12
1782758793838 0.0015347959683276713 13
1782758793839 0.0015083323893486523 14
1782758793840 0.0014305425637576264 15
1782758793842 0.001386001195787685 16
1782758793843 0.0013444889137463178 17
1782758793844 0.0013509982647519792 18
1782758793845 0.0013238117002765649 19
1782758793846 0.001344183899636846 20
1782758793847 0.0012945588689035504 21
1782758793848 0.0012403566014836543 22
1782758793849 0.001217867622472113 23
1782758793850 0.0012010629893484293 24
1782758793851 0.0011798657026520231 25
1782758793853 0.001161254113612813 26
1782758793854 0.0011739843927352923 27
1782758793855 0.0011929979284468573 28
1782758793856 0.0012228883253555978 29
1782758793857 0.0011555103635328124 30
1782758793858 0.0010927896157227224 31
1782758793859 0.0010771752190339612 32
1782758793860 0.0010660491471935528 33
1782758793861 0.0010695301242230925 34
1782758793862 0.0010525576717918738 35
1782758793864 0.0010425565934565383 36
1782758793865 0.0010468713470618242 37
1782758793866 0.0010478856134432135 38
1782758793867 0.0010877203826385085 39
1782758793868 0.0010513467464625136 40
1782758793869 0.0010304565499973252 41
1782758793870 0.0010164579793490703 42
1782758793871 0.000994805561567773 43
1782758793872 0.0009754997096388251 44
1782758793873 0.0009563181643898133 45
1782758793875 0.000977275018740329 46
1782758793876 0.0009967951510770944 47
1782758793877 0.0009532217897503869 48
1782758793878 0.0009449674167990452 49
1782758793879 0.0009338827302053687 50
1782758793880 0.0008989255599590251 51
1782758793881 0.0008626924794953083 52
1782758793882 0.0008531477049109526 53
1782758793883 0.0008417565232230117 54
1782758793884 0.0008349006327989627 55
1782758793886 0.0008310421939677327 56
1782758793887 0.0008283080607361626 57
1782758793888 0.0008286370239511598 58
1782758793889 0.00082717389366735 59
1782758793890 0.0008374399107924546 60
1782758793891 0.0008256797764988733 61
1782758793892 0.0008066085148675483 62
1782758793893 0.0007985027342874673 63
1782758793894 0.0007941284570551943 64
1782758793895 0.0007905650835164124 65
1782758793897 0.0007875975998831564 66
1782758793898 0.0007844394634958007 67
1782758793899 0.0007803865460300585 68
1782758793900 0.0007780444986929069 69
1782758793901 0.0007763063025049633 70
1782758793902 0.0007745897401036927 71
1782758793903 0.0007728333305567503 72
1782758793904 0.0007711153625496081 73
1782758793905 0.0007693622499937192 74
1782758793906 0.0007667842149021453 75
1782758793908 0.0007655930422697566 76
1782758793909 0.00076460011961899 77
1782758793910 0.0007635912927798927 78
1782758793911 0.0007625491856742883 79
1782758793912 0.0007615150844139862 80
1782758793913 0.000760459844241268 81
1782758793914 0.0007589761673807516 82
1782758793915 0.0007583684114069911 83
