1782223148288 0.16585319951176644 1
1782223148290 0.06543167131021618 2
1782223148291 0.02652364409994334 3
1782223148292 0.014350450821220875 4
1782223148293 0.009510858568828552 5
1782223148295 0.007171527727041394 6
1782223148296 0.005819668446201831 7
1782223148297 0.004848762108013034 8
1782223148298 0.004215038786642253 9
1782223148300 0.0036831883306149395 10
1782223148301 0.0035333318897755816 11
1782223148302 0.0031328417744953185 12
1782223148303 0.002966898560989648 13
1782223148305 0.0029250722413416952 14
1782223148306 0.0026726592215709387 15
1782223148307 0.002571191838942468 16
1782223148308 0.002435139390581753 17
1782223148310 0.002343210446124431 18
1782223148311 0.002255942167248577 19
1782223148312 0.002213769992813468 20
1782223148313 0.002187153900740668 21
1782223148315 0.0021322001380030997 22
1782223148316 0.002023480706557166 23
1782223148317 0.002018859333184082 24
1782223148318 0.002016506703221239 25
1782223148320 0.0020185279246652497 26
1782223148321 0.0019441410206491128 27
1782223148322 0.0019231520779430867 28
1782223148323 0.0018927432352211326 29
1782223148325 0.0018549162334238645 30
1782223148326 0.0018400686442328151 31
1782223148327 0.0018290546648495364 32
1782223148328 0.0017808019238873384 33
1782223148330 0.0017937880296085495 34
1782223148331 0.0018212231318466365 35
1782223148332 0.0017288655880838633 36
1782223148333 0.0016806314444693272 37
1782223148335 0.0016865538225101773 38
1782223148336 0.0016542840312467888 39
1782223148337 0.0016533128882292658 40
1782223148338 0.0016729986117570662 41
1782223148340 0.0016637682486907578 42
1782223148341 0.0016835100050957407 43
1782223148342 0.001735039402919938 44
1782223148343 0.00163537041444215 45
1782223148345 0.0016752888885093852 46
1782223148346 0.001618521375421551 47
1782223148347 0.0015576516167493538 48
1782223148348 0.0015790018952975516 49
1782223148350 0.001551038090401562 50
1782223148351 0.0015838966886803974 51
1782223148352 0.0015481265151902335 52
1782223148353 0.0014657303423155099 53
1782223148354 0.0014235588953306433 54
1782223148356 0.0013978610648337053 55
1782223148357 0.0013876042092306306 56
1782223148358 0.0013721580333367455 57
1782223148359 0.0013785128893505317 58
1782223148361 0.0013611508262692952 59
1782223148362 0.001347865221760003 60
1782223148363 0.0013166817918681773 61
1782223148364 0.001303813823396922 62
1782223148366 0.0012998475682252319 63
1782223148367 0.001299260789528489 64
1782223148368 0.0012947687297855737 65
1782223148369 0.00129069856586284 66
1782223148371 0.0012759699043817818 67
1782223148372 0.001264391161239473 68
1782223148373 0.0012608789504884043 69
1782223148374 0.001257277106778929 70
1782223148376 0.0012547428080870303 71
1782223148377 0.0012517515344370623 72
1782223148378 0.001250985804144875 73
1782223148379 0.0012427185616979842 74
1782223148381 0.0012385125082801096 75
