1782223148565 0.0 1
1782223148566 0.0 2
1782223148567 0.0 3
1782223148568 0.0 4
1782223148569 0.0 5
1782223148570 0.0 6
1782223148571 0.0 7
1782223148572 0.0 8
1782223148573 0.0 9
1782223148574 0.0 10
1782223148576 0.0 11
1782223148577 0.0 12
1782223148578 0.0 13
1782223148579 0.0 14
1782223148580 0.0 15
1782223148581 0.0 16
1782223148582 0.0 17
1782223148583 0.0 18
1782223148585 0.0 19
1782223148586 0.0 20
1782223148587 0.0 21
1782223148588 0.0 22
1782223148589 0.0 23
1782223148590 0.0 24
1782223148591 0.0 25
1782223148592 0.0 26
1782223148593 0.0 27
1782223148594 0.0 28
1782223148596 0.0 29
1782223148597 0.0 30
1782223148598 0.0 31
1782223148599 0.0 32
1782223148600 0.0 33
1782223148601 0.0 34
1782223148602 0.0 35
1782223148604 0.0 36
1782223148605 0.0 37
1782223148606 0.0 38
1782223148607 0.0 39
1782223148608 0.0 40
1782223148609 0.0 41
1782223148610 0.0 42
1782223148612 0.0 43
1782223148613 0.0 44
1782223148614 0.0 45
1782223148615 0.0 46
1782223148616 0.0 47
1782223148617 0.0 48
1782223148618 0.0 49
1782223148619 0.0 50
1782223148620 0.0 51
1782223148621 0.0 52
1782223148622 0.0 53
1782223148623 0.0 54
1782223148625 0.0 55
1782223148626 0.0 56
1782223148627 0.0 57
1782223148628 0.0 58
1782223148629 0.0 59
1782223148630 0.0 60
1782223148631 0.0 61
1782223148632 0.0 62
1782223148633 0.0 63
1782223148635 0.0 64
1782223148636 0.0 65
1782223148637 0.0 66
1782223148638 0.0 67
1782223148639 0.0 68
1782223148640 0.0 69
1782223148641 0.0 70
1782223148643 0.0 71
1782223148644 0.0 72
1782223148645 0.0 73
1782223148647 0.0 74
1782223148648 0.0 75
