1782223148475 0.0 1
1782223148476 0.0 2
1782223148478 0.0 3
1782223148479 0.0 4
1782223148480 0.0 5
1782223148481 0.0 6
1782223148483 0.0 7
1782223148484 0.0 8
1782223148485 0.0 9
1782223148486 0.0 10
1782223148488 0.0 11
1782223148489 0.0 12
1782223148490 0.0 13
1782223148491 0.0 14
1782223148492 0.0 15
1782223148494 0.0 16
1782223148495 0.0 17
1782223148496 0.0 18
1782223148498 0.0 19
1782223148499 0.0 20
1782223148500 0.0 21
1782223148501 0.0 22
1782223148502 0.0 23
1782223148504 0.0 24
1782223148505 0.0 25
1782223148506 0.0 26
1782223148507 0.0 27
1782223148509 0.0 28
1782223148510 0.0 29
1782223148511 0.0 30
1782223148512 0.0 31
1782223148514 0.0 32
1782223148515 0.0 33
1782223148516 0.0 34
1782223148517 0.0 35
1782223148519 0.0 36
1782223148520 0.0 37
1782223148521 0.0 38
1782223148522 0.0 39
1782223148523 0.0 40
1782223148525 0.0 41
1782223148526 0.0 42
1782223148527 0.0 43
1782223148528 0.0 44
1782223148529 0.0 45
1782223148530 0.0 46
1782223148532 0.0 47
1782223148533 0.0 48
1782223148534 0.0 49
1782223148535 0.0 50
1782223148536 0.0 51
1782223148537 0.0 52
1782223148538 0.0 53
1782223148539 0.0 54
1782223148540 0.0 55
1782223148542 0.0 56
1782223148543 0.0 57
1782223148544 0.0 58
1782223148545 0.0 59
1782223148546 0.0 60
1782223148547 0.0 61
1782223148549 0.0 62
1782223148550 0.0 63
1782223148551 0.0 64
1782223148552 0.0 65
1782223148553 0.0 66
1782223148554 0.0 67
1782223148556 0.0 68
1782223148557 0.0 69
1782223148558 0.0 70
1782223148559 0.0 71
1782223148560 0.0 72
1782223148561 0.0 73
1782223148562 0.0 74
1782223148564 0.0 75
