1783898876677 0.16260815143585206 1
1783898876678 0.03483748414553702 2
1783898876680 0.012109056245535613 3
1783898876681 0.007076351088471711 4
1783898876683 0.005228327586082742 5
1783898876684 0.003976899736444466 6
1783898876685 0.003309712746413425 7
1783898876687 0.0029400964349042625 8
1783898876688 0.00263741680100793 9
1783898876690 0.002411682385427412 10
1783898876691 0.0021597618111991322 11
1783898876693 0.002053263328562025 12
1783898876694 0.001972231124818791 13
1783898876696 0.0019087981429765932 14
1783898876697 0.00176452938496368 15
1783898876699 0.001681533341325121 16
1783898876700 0.0016757922168471851 17
1783898876702 0.0016275145787221846 18
1783898876703 0.0015259461574896704 19
1783898876705 0.0014960089292435442 20
1783898876706 0.0014517510874429717 21
1783898876708 0.0014478811573644635 22
1783898876709 0.0014541572534653823 23
1783898876711 0.0015491449878027197 24
1783898876712 0.0014862027300114279 25
1783898876714 0.0014461059236782602 26
1783898876715 0.0014373076654737816 27
1783898876716 0.0013334399797167863 28
1783898876718 0.001286527443662635 29
1783898876719 0.001291926884005079 30
1783898876721 0.0013198152383847627 31
1783898876722 0.0012639276695699663 32
1783898876724 0.0012722149096225622 33
1783898876725 0.0012524532432871638 34
1783898876727 0.001201780098854215 35
1783898876728 0.0011944003184180473 36
1783898876729 0.0012910134444246069 37
1783898876731 0.0012882349784922554 38
1783898876732 0.0011970435630792053 39
1783898876734 0.0011794348130206344 40
1783898876735 0.0011903729807818308 41
1783898876737 0.001210295572745963 42
1783898876738 0.0011418231541028944 43
1783898876740 0.001158142148706247 44
1783898876741 0.001176507933123503 45
1783898876743 0.0011293000289879273 46
1783898876744 0.0010626264641905435 47
1783898876745 0.0010313999377831351 48
1783898876747 0.0010174571509560337 49
1783898876748 0.0010104415244131814 50
1783898876750 0.0010032497820066056 51
1783898876751 0.000999544292135397 52
1783898876753 0.0009986827243119477 53
1783898876754 0.0010114414742565714 54
1783898876756 0.0010085016719676787 55
1783898876757 0.000994935003327555 56
1783898876758 0.00101128631082247 57
1783898876760 0.0009982202845276334 58
1783898876761 0.0009666667481360491 59
1783898876763 0.0009458340355922701 60
1783898876764 0.0009370281937299296 61
1783898876766 0.0009342247309541562 62
1783898876767 0.0009302459588798229 63
1783898876769 0.0009290960444195661 64
1783898876770 0.0009246701343363383 65
1783898876772 0.0009167625829286408 66
1783898876773 0.0009111442135690595 67
1783898876774 0.0009080055777303641 68
1783898876776 0.0009091496735345573 69
1783898876777 0.0009060937370668398 70
1783898876779 0.0009026117787288968 71
1783898876780 0.0009030557733785827 72
1783898876782 0.0009011856044526212 73
1783898876783 0.0008968040398031008 74
1783898876785 0.0008973940263240365 75
1783898876786 0.0008967191968622501 76
1783898876788 0.0008921455432573566 77
1783898876789 0.0008934175155809499 78
1783898876790 0.000890082605619682 79
1783898876792 0.0008893503749641241 80
1783898876793 0.000885711128503317 81
1783898876795 0.0008856807111442322 82
1783898876796 0.0008821388463547919 83
1783898876798 0.0008789577240531798 84
1783898876799 0.0008774575517600169 85
1783898876801 0.0008750499754751217 86
1783898876802 0.0008727082675977726 87
1783898876803 0.0008718068690359359 88
1783898876805 0.0008732702827546746 89
1783898876806 0.0008695140370036825 90
1783898876808 0.0008700146922637941 91
1783898876809 0.0008685088736456237 92
1783898876811 0.0008683609141007764 93
1783898876812 0.0008657095565285999 94
1783898876814 0.0008649251482711406 95
1783898876815 0.0008662409557291539 96
1783898876816 0.0008665055313394987 97
1783898876818 0.0008655648633430247 98
1783898876819 0.0008654264717915794 99
1783898876821 0.0008635881002555834 100
1783898876822 0.0008642494788364274 101
1783898876824 0.0008660723193315789 102
1783898876825 0.000865431061538402 103
