1783898877124 0.0 1
1783898877126 0.0 2
1783898877127 0.0 3
1783898877129 0.0 4
1783898877130 0.0 5
1783898877132 0.0 6
1783898877133 0.0 7
1783898877134 0.0 8
1783898877136 0.0 9
1783898877137 0.0 10
1783898877139 0.0 11
1783898877140 0.0 12
1783898877142 0.0 13
1783898877143 0.0 14
1783898877145 0.0 15
1783898877146 0.0 16
1783898877147 0.0 17
1783898877149 0.0 18
1783898877150 0.0 19
1783898877152 0.0 20
1783898877153 0.0 21
1783898877155 0.0 22
1783898877156 0.0 23
1783898877158 0.0 24
1783898877159 0.0 25
1783898877161 0.0 26
1783898877162 0.0 27
1783898877163 0.0 28
1783898877165 0.0 29
1783898877166 0.0 30
1783898877168 0.0 31
1783898877169 0.0 32
1783898877171 0.0 33
1783898877172 0.0 34
1783898877174 0.0 35
1783898877175 0.0 36
1783898877176 0.0 37
1783898877178 0.0 38
1783898877179 0.0 39
1783898877181 0.0 40
1783898877182 0.0 41
1783898877184 0.0 42
1783898877185 0.0 43
1783898877187 0.0 44
1783898877188 0.0 45
1783898877190 0.0 46
1783898877191 0.0 47
1783898877192 0.0 48
1783898877194 0.0 49
1783898877195 0.0 50
1783898877197 0.0 51
1783898877198 0.0 52
1783898877200 0.0 53
1783898877201 0.0 54
1783898877203 0.0 55
1783898877204 0.0 56
1783898877205 0.0 57
1783898877207 0.0 58
1783898877208 0.0 59
1783898877210 0.0 60
1783898877211 0.0 61
1783898877213 0.0 62
1783898877214 0.0 63
1783898877215 0.0 64
1783898877217 0.0 65
1783898877218 0.0 66
1783898877220 0.0 67
1783898877221 0.0 68
1783898877223 0.0 69
1783898877224 0.0 70
1783898877226 0.0 71
1783898877227 0.0 72
1783898877228 0.0 73
1783898877230 0.0 74
1783898877231 0.0 75
1783898877233 0.0 76
1783898877234 0.0 77
1783898877236 0.0 78
1783898877237 0.0 79
1783898877238 0.0 80
1783898877240 0.0 81
1783898877241 0.0 82
1783898877243 0.0 83
1783898877244 0.0 84
1783898877246 0.0 85
1783898877247 0.0 86
1783898877249 0.0 87
1783898877250 0.0 88
1783898877252 0.0 89
1783898877253 0.0 90
1783898877254 0.0 91
1783898877256 0.0 92
1783898877257 0.0 93
1783898877259 0.0 94
1783898877260 0.0 95
1783898877262 0.0 96
1783898877263 0.0 97
1783898877265 0.0 98
1783898877266 0.0 99
1783898877267 0.0 100
1783898877269 0.0 101
1783898877270 0.0 102
1783898877272 0.0 103
