1783898876975 0.0 1
1783898876977 0.0 2
1783898876978 0.0 3
1783898876980 0.0 4
1783898876981 0.0 5
1783898876983 0.0 6
1783898876984 0.0 7
1783898876986 0.0 8
1783898876987 0.0 9
1783898876989 0.0 10
1783898876990 0.0 11
1783898876991 0.0 12
1783898876993 0.0 13
1783898876994 0.0 14
1783898876996 0.0 15
1783898876997 0.0 16
1783898876999 0.0 17
1783898877000 0.0 18
1783898877002 0.0 19
1783898877003 0.0 20
1783898877004 0.0 21
1783898877006 0.0 22
1783898877007 0.0 23
1783898877009 0.0 24
1783898877010 0.0 25
1783898877012 0.0 26
1783898877013 0.0 27
1783898877015 0.0 28
1783898877016 0.0 29
1783898877018 0.0 30
1783898877019 0.0 31
1783898877020 0.0 32
1783898877022 0.0 33
1783898877023 0.0 34
1783898877025 0.0 35
1783898877026 0.0 36
1783898877028 0.0 37
1783898877029 0.0 38
1783898877030 0.0 39
1783898877032 0.0 40
1783898877033 0.0 41
1783898877035 0.0 42
1783898877036 0.0 43
1783898877038 0.0 44
1783898877039 0.0 45
1783898877041 0.0 46
1783898877042 0.0 47
1783898877043 0.0 48
1783898877045 0.0 49
1783898877046 0.0 50
1783898877048 0.0 51
1783898877049 0.0 52
1783898877051 0.0 53
1783898877052 0.0 54
1783898877054 0.0 55
1783898877055 0.0 56
1783898877056 0.0 57
1783898877058 0.0 58
1783898877059 0.0 59
1783898877061 0.0 60
1783898877062 0.0 61
1783898877064 0.0 62
1783898877065 0.0 63
1783898877066 0.0 64
1783898877068 0.0 65
1783898877069 0.0 66
1783898877071 0.0 67
1783898877072 0.0 68
1783898877074 0.0 69
1783898877075 0.0 70
1783898877077 0.0 71
1783898877078 0.0 72
1783898877079 0.0 73
1783898877081 0.0 74
1783898877082 0.0 75
1783898877084 0.0 76
1783898877085 0.0 77
1783898877087 0.0 78
1783898877088 0.0 79
1783898877090 0.0 80
1783898877091 0.0 81
1783898877092 0.0 82
1783898877094 0.0 83
1783898877095 0.0 84
1783898877097 0.0 85
1783898877098 0.0 86
1783898877100 0.0 87
1783898877101 0.0 88
1783898877102 0.0 89
1783898877104 0.0 90
1783898877105 0.0 91
1783898877107 0.0 92
1783898877108 0.0 93
1783898877110 0.0 94
1783898877111 0.0 95
1783898877113 0.0 96
1783898877114 0.0 97
1783898877116 0.0 98
1783898877117 0.0 99
1783898877119 0.0 100
1783898877120 0.0 101
1783898877121 0.0 102
1783898877123 0.0 103
