1782548861549 0.0 1
1782548861550 0.0 2
1782548861550 0.0 3
1782548861551 0.0 4
1782548861552 0.0 5
1782548861553 0.0 6
1782548861554 0.0 7
1782548861555 0.0 8
1782548861556 0.0 9
1782548861556 0.0 10
1782548861557 0.0 11
1782548861558 0.0 12
1782548861559 0.0 13
1782548861560 0.0 14
1782548861561 0.0 15
1782548861562 0.0 16
1782548861563 0.0 17
1782548861564 0.0 18
1782548861565 0.0 19
1782548861566 0.0 20
1782548861567 0.0 21
1782548861568 0.0 22
1782548861569 0.0 23
1782548861570 0.0 24
1782548861571 0.0 25
1782548861572 0.0 26
1782548861573 0.0 27
1782548861574 0.0 28
1782548861574 0.0 29
1782548861575 0.0 30
1782548861576 0.0 31
1782548861577 0.0 32
1782548861578 0.0 33
1782548861579 0.0 34
1782548861580 0.0 35
1782548861581 0.0 36
1782548861582 0.0 37
1782548861583 0.0 38
1782548861584 0.0 39
1782548861585 0.0 40
1782548861587 0.0 41
1782548861588 0.0 42
1782548861589 0.0 43
1782548861590 0.0 44
1782548861591 0.0 45
1782548861592 0.0 46
1782548861593 0.0 47
1782548861594 0.0 48
1782548861595 0.0 49
1782548861596 0.0 50
1782548861597 0.0 51
1782548861598 0.0 52
1782548861599 0.0 53
1782548861600 0.0 54
1782548861600 0.0 55
1782548861601 0.0 56
1782548861602 0.0 57
1782548861603 0.0 58
1782548861604 0.0 59
1782548861605 0.0 60
1782548861606 0.0 61
1782548861607 0.0 62
1782548861608 0.0 63
1782548861609 0.0 64
1782548861610 0.0 65
1782548861611 0.0 66
1782548861612 0.0 67
1782548861613 0.0 68
1782548861614 0.0 69
1782548861615 0.0 70
