1782548861405 0.25371935464441775 1
1782548861406 0.12829045638442038 2
1782548861407 0.04340445645153523 3
1782548861408 0.01979600067716092 4
1782548861409 0.012127842607442289 5
1782548861410 0.00861177033279091 6
1782548861411 0.006575418760767207 7
1782548861412 0.005349479094147683 8
1782548861413 0.004474363985937088 9
1782548861414 0.0037009324040263893 10
1782548861415 0.0032287924498086793 11
1782548861417 0.002885865201242268 12
1782548861418 0.002490700314519927 13
1782548861419 0.0024908466031774877 14
1782548861420 0.00237288165546488 15
1782548861421 0.002032167569268495 16
1782548861422 0.0018631998600903898 17
1782548861423 0.0017372743497253396 18
1782548861424 0.0016397270359448158 19
1782548861425 0.0015404209191910922 20
1782548861426 0.001504414668888785 21
1782548861427 0.001445969179039821 22
1782548861428 0.001387811722670449 23
1782548861429 0.0013152620190521702 24
1782548861430 0.0012718680499529 25
1782548861431 0.0012635202563251369 26
1782548861432 0.0012467786969500593 27
1782548861433 0.0012277826439822093 28
1782548861434 0.0011595610484073403 29
1782548861435 0.0011869810818461702 30
1782548861436 0.0011632890786859207 31
1782548861437 0.001094085260265274 32
1782548861438 0.0010359599401999731 33
1782548861440 0.001018695996826864 34
1782548861441 0.0010318920829013223 35
1782548861442 0.0010275152134272504 36
1782548861443 0.0010117950999119784 37
1782548861444 0.0009797661632910603 38
1782548861445 0.0009565961891348706 39
1782548861446 0.0009537712995370385 40
1782548861447 0.001014581417766749 41
1782548861448 0.0009907004245906137 42
1782548861449 0.0009431601484538988 43
1782548861450 0.0009830501774558797 44
1782548861451 0.0008955859178240644 45
1782548861452 0.000862040898136911 46
1782548861453 0.0008513394041074207 47
1782548861454 0.0008113478497398319 48
1782548861455 0.0007802976828679676 49
1782548861456 0.0007656272830354283 50
1782548861457 0.0007562390596649493 51
1782548861458 0.0007485916183577502 52
1782548861459 0.0007437106146244332 53
1782548861460 0.0007381612545214011 54
1782548861461 0.0007298734420328402 55
1782548861462 0.0007219958341738675 56
1782548861463 0.0007166438024432864 57
1782548861464 0.0007124187809313298 58
1782548861465 0.0007081526812908124 59
1782548861466 0.000704135700580082 60
1782548861467 0.0007004181370211882 61
1782548861468 0.0006952002535035717 62
1782548861470 0.0006919753974943887 63
1782548861471 0.0006894862924673362 64
1782548861472 0.0006869744543655542 65
1782548861473 0.0006845461838747724 66
1782548861474 0.0006821680349457892 67
1782548861475 0.0006798373005585745 68
1782548861476 0.0006767560264052009 69
1782548861477 0.0006747588079451816 70
