1782548861616 0.0 1
1782548861617 0.0 2
1782548861618 0.0 3
1782548861619 0.0 4
1782548861620 0.0 5
1782548861621 0.0 6
1782548861622 0.0 7
1782548861623 0.0 8
1782548861624 0.0 9
1782548861625 0.0 10
1782548861626 0.0 11
1782548861627 0.0 12
1782548861628 0.0 13
1782548861629 0.0 14
1782548861630 0.0 15
1782548861631 0.0 16
1782548861632 0.0 17
1782548861633 0.0 18
1782548861634 0.0 19
1782548861635 0.0 20
1782548861636 0.0 21
1782548861637 0.0 22
1782548861638 0.0 23
1782548861639 0.0 24
1782548861640 0.0 25
1782548861641 0.0 26
1782548861643 0.0 27
1782548861644 0.0 28
1782548861644 0.0 29
1782548861645 0.0 30
1782548861646 0.0 31
1782548861647 0.0 32
1782548861648 0.0 33
1782548861649 0.0 34
1782548861650 0.0 35
1782548861650 0.0 36
1782548861651 0.0 37
1782548861652 0.0 38
1782548861653 0.0 39
1782548861654 0.0 40
1782548861655 0.0 41
1782548861656 0.0 42
1782548861657 0.0 43
1782548861658 0.0 44
1782548861659 0.0 45
1782548861660 0.0 46
1782548861661 0.0 47
1782548861662 0.0 48
1782548861663 0.0 49
1782548861663 0.0 50
1782548861664 0.0 51
1782548861665 0.0 52
1782548861667 0.0 53
1782548861668 0.0 54
1782548861669 0.0 55
1782548861669 0.0 56
1782548861670 0.0 57
1782548861671 0.0 58
1782548861672 0.0 59
1782548861673 0.0 60
1782548861674 0.0 61
1782548861675 0.0 62
1782548861677 0.0 63
1782548861678 0.0 64
1782548861679 0.0 65
1782548861680 0.0 66
1782548861681 0.0 67
1782548861682 0.0 68
1782548861683 0.0 69
1782548861684 0.0 70
