1782642358810 0.0 1
1782642358811 0.0 2
1782642358813 0.0 3
1782642358814 0.0 4
1782642358815 0.0 5
1782642358816 0.0 6
1782642358817 0.0 7
1782642358818 0.0 8
1782642358819 0.0 9
1782642358820 0.0 10
1782642358821 0.0 11
1782642358822 0.0 12
1782642358823 0.0 13
1782642358824 0.0 14
1782642358825 0.0 15
1782642358826 0.0 16
1782642358828 0.0 17
1782642358829 0.0 18
1782642358830 0.0 19
1782642358831 0.0 20
1782642358832 0.0 21
1782642358833 0.0 22
1782642358834 0.0 23
1782642358835 0.0 24
1782642358836 0.0 25
1782642358837 0.0 26
1782642358838 0.0 27
1782642358839 0.0 28
1782642358840 0.0 29
1782642358841 0.0 30
1782642358843 0.0 31
1782642358844 0.0 32
1782642358845 0.0 33
1782642358846 0.0 34
1782642358847 0.0 35
1782642358848 0.0 36
1782642358849 0.0 37
1782642358850 0.0 38
1782642358851 0.0 39
1782642358852 0.0 40
1782642358853 0.0 41
1782642358854 0.0 42
1782642358858 0.0 43
1782642358860 0.0 44
1782642358861 0.0 45
1782642358862 0.0 46
1782642358863 0.0 47
1782642358864 0.0 48
1782642358865 0.0 49
1782642358866 0.0 50
1782642358867 0.0 51
1782642358868 0.0 52
1782642358869 0.0 53
1782642358870 0.0 54
1782642358871 0.0 55
1782642358872 0.0 56
1782642358874 0.0 57
1782642358875 0.0 58
1782642358876 0.0 59
1782642358877 0.0 60
1782642358878 0.0 61
1782642358879 0.0 62
1782642358880 0.0 63
1782642358881 0.0 64
1782642358882 0.0 65
1782642358883 0.0 66
1782642358884 0.0 67
1782642358886 0.0 68
1782642358887 0.0 69
1782642358888 0.0 70
