1782642358889 0.0 1
1782642358890 0.0 2
1782642358891 0.0 3
1782642358892 0.0 4
1782642358893 0.0 5
1782642358894 0.0 6
1782642358895 0.0 7
1782642358896 0.0 8
1782642358897 0.0 9
1782642358899 0.0 10
1782642358900 0.0 11
1782642358901 0.0 12
1782642358902 0.0 13
1782642358903 0.0 14
1782642358904 0.0 15
1782642358905 0.0 16
1782642358906 0.0 17
1782642358907 0.0 18
1782642358908 0.0 19
1782642358909 0.0 20
1782642358910 0.0 21
1782642358911 0.0 22
1782642358913 0.0 23
1782642358914 0.0 24
1782642358915 0.0 25
1782642358916 0.0 26
1782642358917 0.0 27
1782642358918 0.0 28
1782642358919 0.0 29
1782642358920 0.0 30
1782642358921 0.0 31
1782642358922 0.0 32
1782642358923 0.0 33
1782642358924 0.0 34
1782642358926 0.0 35
1782642358927 0.0 36
1782642358928 0.0 37
1782642358929 0.0 38
1782642358930 0.0 39
1782642358931 0.0 40
1782642358932 0.0 41
1782642358933 0.0 42
1782642358934 0.0 43
1782642358935 0.0 44
1782642358936 0.0 45
1782642358937 0.0 46
1782642358939 0.0 47
1782642358940 0.0 48
1782642358941 0.0 49
1782642358942 0.0 50
1782642358943 0.0 51
1782642358944 0.0 52
1782642358945 0.0 53
1782642358946 0.0 54
1782642358947 0.0 55
1782642358948 0.0 56
1782642358949 0.0 57
1782642358950 0.0 58
1782642358951 0.0 59
1782642358953 0.0 60
1782642358954 0.0 61
1782642358955 0.0 62
1782642358956 0.0 63
1782642358957 0.0 64
1782642358958 0.0 65
1782642358959 0.0 66
1782642358960 0.0 67
1782642358961 0.0 68
1782642358962 0.0 69
1782642358963 0.0 70
