1785191493803 0.0 1
1785191493804 0.0 2
1785191493805 0.0 3
1785191493807 0.0 4
1785191493808 0.0 5
1785191493809 0.0 6
1785191493810 0.0 7
1785191493811 0.0 8
1785191493812 0.0 9
1785191493814 0.0 10
1785191493815 0.0 11
1785191493816 0.0 12
1785191493817 0.0 13
1785191493818 0.0 14
1785191493819 0.0 15
1785191493820 0.0 16
1785191493822 0.0 17
1785191493823 0.0 18
1785191493824 0.0 19
1785191493826 0.0 20
1785191493827 0.0 21
1785191493828 0.0 22
1785191493829 0.0 23
1785191493830 0.0 24
1785191493831 0.0 25
1785191493833 0.0 26
1785191493834 0.0 27
1785191493835 0.0 28
1785191493836 0.0 29
1785191493837 0.0 30
1785191493838 0.0 31
1785191493840 0.0 32
1785191493841 0.0 33
1785191493842 0.0 34
1785191493843 0.0 35
1785191493844 0.0 36
1785191493845 0.0 37
1785191493846 0.0 38
1785191493847 0.0 39
1785191493848 0.0 40
1785191493850 0.0 41
1785191493851 0.0 42
1785191493852 0.0 43
1785191493853 0.0 44
1785191493854 0.0 45
1785191493855 0.0 46
1785191493856 0.0 47
1785191493857 0.0 48
1785191493858 0.0 49
1785191493859 0.0 50
1785191493860 0.0 51
1785191493862 0.0 52
1785191493863 0.0 53
1785191493864 0.0 54
1785191493865 0.0 55
1785191493866 0.0 56
1785191493867 0.0 57
1785191493868 0.0 58
1785191493869 0.0 59
1785191493870 0.0 60
1785191493872 0.0 61
1785191493873 0.0 62
1785191493874 0.0 63
1785191493875 0.0 64
1785191493877 0.0 65
1785191493878 0.0 66
1785191493879 0.0 67
1785191493880 0.0 68
1785191493882 0.0 69
1785191493883 0.0 70
1785191493884 0.0 71
1785191493885 0.0 72
1785191493887 0.0 73
1785191493888 0.0 74
1785191493889 0.0 75
1785191493890 0.0 76
1785191493892 0.0 77
1785191493893 0.0 78
1785191493894 0.0 79
1785191493895 0.0 80
1785191493896 0.0 81
1785191493898 0.0 82
1785191493899 0.0 83
1785191493900 0.0 84
1785191493901 0.0 85
1785191493902 0.0 86
1785191493903 0.0 87
1785191493905 0.0 88
1785191493906 0.0 89
1785191493907 0.0 90
1785191493908 0.0 91
1785191493909 0.0 92
1785191493911 0.0 93
1785191493912 0.0 94
1785191493913 0.0 95
1785191493914 0.0 96
1785191493915 0.0 97
1785191493916 0.0 98
1785191493918 0.0 99
1785191493919 0.0 100
1785191493920 0.0 101
1785191493921 0.0 102
1785191493923 0.0 103
1785191493924 0.0 104
1785191493925 0.0 105
