1785191493424 0.018159217322827315 1
1785191493426 0.0044479921451420525 2
1785191493427 0.004331968301266897 3
1785191493428 0.0041954671416897325 4
1785191493430 0.0038361214959877544 5
1785191493431 0.00368876023509074 6
1785191493432 0.003641697757411748 7
1785191493433 0.004061858392960857 8
1785191493435 0.0041613228298956525 9
1785191493436 0.004033275267574936 10
1785191493437 0.004004704860853962 11
1785191493439 0.003212490217993036 12
1785191493440 0.003120808953535743 13
1785191493441 0.0029777829119120723 14
1785191493442 0.002812376090732869 15
1785191493444 0.0027707024139817806 16
1785191493445 0.002770610663283151 17
1785191493446 0.00266884282726096 18
1785191493447 0.002641043309122324 19
1785191493449 0.0025250886887079106 20
1785191493450 0.002525384492764715 21
1785191493451 0.0025018729359726423 22
1785191493452 0.002619362560508307 23
1785191493454 0.002468676981225144 24
1785191493455 0.002507615932263434 25
1785191493456 0.0023553954798262566 26
1785191493458 0.002418840569735039 27
1785191493459 0.0023916389016085306 28
1785191493460 0.0023012861594907006 29
1785191493461 0.002279384351859335 30
1785191493463 0.002377606408263091 31
1785191493464 0.0023491706485219764 32
1785191493465 0.002481660112098325 33
1785191493466 0.002358599356521154 34
1785191493468 0.0022618693369440735 35
1785191493469 0.002261265844717855 36
1785191493470 0.002382668947102502 37
1785191493471 0.0021997907971672247 38
1785191493473 0.0023021219539805316 39
1785191493474 0.0022741721327474806 40
1785191493475 0.00227157639033976 41
1785191493476 0.002131992365757469 42
1785191493478 0.002075242621212965 43
1785191493479 0.0019545243043103257 44
1785191493480 0.0020160646860313135 45
1785191493482 0.0019449971230642404 46
1785191493483 0.0019280214994796552 47
1785191493484 0.001993410094146384 48
1785191493485 0.0019580458686687054 49
1785191493487 0.0019328100357961376 50
1785191493488 0.0019266414137382526 51
1785191493489 0.0018906910603982397 52
1785191493490 0.0019144192209932954 53
1785191493492 0.001972478478855919 54
1785191493493 0.0019164905956131407 55
1785191493494 0.0018698908707301598 56
1785191493495 0.0018845132924616337 57
1785191493497 0.0019088955236657057 58
1785191493498 0.0018529654646408744 59
1785191493499 0.0018371020928316284 60
1785191493500 0.001905387239094125 61
1785191493502 0.001816205466457177 62
1785191493503 0.0017407856846693903 63
1785191493504 0.0016882276673277374 64
1785191493505 0.001693521518900525 65
1785191493507 0.001712618831807049 66
1785191493508 0.0016897815716220067 67
1785191493509 0.0016681998944841326 68
1785191493510 0.001657332220202079 69
1785191493512 0.001672160271264147 70
1785191493513 0.0016755037390976213 71
1785191493514 0.001667127940309001 72
1785191493515 0.0016538299786043353 73
1785191493517 0.001686993425100809 74
1785191493518 0.0016849894596089143 75
1785191493519 0.0016416078394104262 76
1785191493520 0.0015924770529090893 77
1785191493522 0.0015675717075646388 78
1785191493523 0.0015590713334677276 79
1785191493524 0.0015452256884600502 80
1785191493525 0.0015510909848671871 81
1785191493527 0.0015433537669014186 82
1785191493528 0.0015566116545232943 83
1785191493529 0.0015023172106884885 84
1785191493530 0.0015040016108832787 85
1785191493532 0.0015028631383029278 86
1785191493533 0.0014946392258570996 87
1785191493534 0.0014866549368889536 88
1785191493535 0.001503182470332831 89
1785191493537 0.001485572692763526 90
1785191493538 0.0014740729426557665 91
1785191493539 0.0014745725427928846 92
1785191493540 0.0014730829330801497 93
1785191493542 0.0014695088560984005 94
1785191493543 0.0014599194659967907 95
1785191493544 0.0014584641806141007 96
1785191493545 0.0014620949371601454 97
1785191493547 0.0014541673740313854 98
1785191493548 0.0014547815558034927 99
1785191493549 0.001452549349050969 100
1785191493550 0.0014471004749066197 101
1785191493552 0.0014484835970506537 102
1785191493553 0.001446513641421916 103
1785191493554 0.0014456731830432546 104
1785191493555 0.0014432252808182966 105
