1780314147867 0.2595950734615326 1
1780314147869 0.2352634711563587 2
1780314147871 0.21342903777956962 3
1780314147873 0.19154852300882338 4
1780314147875 0.17049407243728637 5
1780314147878 0.15128371402621268 6
1780314147880 0.13410601682960988 7
1780314147882 0.11897752240300179 8
1780314147884 0.10592425152659417 9
1780314147887 0.09472293101251125 10
1780314147889 0.08503917150199414 11
1780314147891 0.07661165133118629 12
1780314147893 0.06922522325068713 13
1780314147895 0.06275205872952938 14
1780314147898 0.05702632639557123 15
1780314147900 0.05195040058344603 16
1780314147903 0.047449838630855085 17
1780314147905 0.043478854335844516 18
1780314147907 0.03991351254284382 19
1780314147910 0.036690875813364984 20
1780314147912 0.03380288081243634 21
1780314147915 0.03119493171572685 22
1780314147917 0.028849630933254957 23
1780314147919 0.026747752726078034 24
1780314147921 0.024831239562481643 25
1780314147924 0.023063991516828537 26
1780314147926 0.021469118483364583 27
1780314147928 0.02000891573727131 28
1780314147930 0.01867694760672748 29
1780314147932 0.01744961622171104 30
1780314147935 0.016333001870661973 31
1780314147937 0.015322377514094114 32
1780314147939 0.01438395280390978 33
1780314147941 0.013530689245089888 34
1780314147943 0.012720110500231386 35
1780314147945 0.011981750484555959 36
1780314147947 0.01130404626019299 37
1780314147950 0.010673838434740901 38
1780314147952 0.010069517549127341 39
1780314147954 0.00952026357408613 40
1780314147956 0.009014659305103123 41
1780314147958 0.00854943424463272 42
1780314147961 0.008121952875517308 43
1780314147963 0.007722027013078332 44
1780314147966 0.007356912945397198 45
1780314147968 0.0070429522963240745 46
1780314147970 0.006730163921602071 47
1780314147973 0.00641305839177221 48
1780314147975 0.0060990956705063585 49
1780314147978 0.005824468969367444 50
1780314147980 0.005579021200537682 51
1780314147982 0.005356986082624644 52
1780314147985 0.0051610882417298855 53
1780314147987 0.004971314426511526 54
1780314147989 0.004771192788612097 55
1780314147991 0.0046077819634228944 56
1780314147994 0.004408391143660992 57
1780314147996 0.004243450497742742 58
1780314147998 0.004092383955139667 59
1780314148000 0.003953176927752793 60
1780314148002 0.003822270636446774 61
1780314148004 0.003700766924303025 62
1780314148006 0.003593287724070251 63
1780314148009 0.003493049934040755 64
1780314148011 0.003382087559439242 65
1780314148013 0.0032934816577471792 66
1780314148015 0.003231400812510401 67
1780314148017 0.0031461665499955415 68
1780314148019 0.0030628145311493425 69
1780314148022 0.002983032681513578 70
1780314148024 0.00288641563616693 71
1780314148026 0.002817194521194324 72
1780314148029 0.002749290514038876 73
1780314148031 0.00268380010034889 74
1780314148033 0.0026298131165094674 75
1780314148035 0.0025768511241767555 76
1780314148037 0.002534877136349678 77
1780314148039 0.0024701978219673036 78
1780314148042 0.002418560420628637 79
1780314148044 0.00238692328799516 80
1780314148046 0.002367717066081241 81
1780314148048 0.002337535981787369 82
1780314148050 0.0022802017349749805 83
1780314148053 0.0022348695329856127 84
1780314148055 0.002187125889468007 85
1780314148057 0.002146142204874195 86
1780314148059 0.00211091993493028 87
1780314148061 0.0020799500070279465 88
1780314148063 0.002052951646619476 89
1780314148066 0.0020393256709212437 90
1780314148068 0.00202361524279695 91
1780314148070 0.0020043523260392247 92
1780314148072 0.0019812508055474607 93
1780314148074 0.0019436479039723054 94
1780314148077 0.0019134019874036312 95
1780314148079 0.001889555550296791 96
1780314148081 0.0018709603702882305 97
1780314148083 0.0018524282262660564 98
1780314148085 0.0018378552683861926 99
1780314148087 0.001827733426471241 100
1780314148090 0.0018240521720144897 101
1780314148092 0.0018050880974624305 102
1780314148094 0.0017901037441333755 103
1780314148096 0.0017752241046400741 104
1780314148099 0.001749450667994097 105
1780314148101 0.0017298039575689471 106
1780314148103 0.001708674232941121 107
1780314148105 0.0016952935498557053 108
1780314148107 0.0016803597364923916 109
1780314148109 0.0016640327210188843 110
1780314148112 0.0016530186613090336 111
1780314148114 0.0016491347586270423 112
1780314148116 0.0016511341382283717 113
1780314148118 0.0016344423970440403 114
1780314148121 0.0016236037568887695 115
1780314148123 0.0016337106699938885 116
1780314148125 0.001623944217863027 117
1780314148127 0.0016107081892550923 118
1780314148129 0.001596752816112712 119
1780314148131 0.0015753019432304426 120
1780314148134 0.0015651614099624566 121
1780314148136 0.0015586257877293975 122
1780314148138 0.0015535537258256227 123
1780314148140 0.0015538395056501032 124
1780314148142 0.0015514468966284767 125
1780314148144 0.0015354112171917223 126
1780314148147 0.0015282437100540846 127
1780314148149 0.0015228198820841498 128
1780314148151 0.0015140359319048002 129
1780314148153 0.0015048943771398626 130
1780314148155 0.0014948131528217347 131
1780314148158 0.0014844362108851782 132
1780314148160 0.0014820725336903706 133
1780314148162 0.001477058427699376 134
1780314148164 0.001466215676337015 135
1780314148166 0.0014610987473861314 136
1780314148169 0.0014579932295600883 137
1780314148171 0.0014585245202761144 138
1780314148173 0.0014540339968516492 139
1780314148175 0.001437282774131745 140
1780314148177 0.001430515962128993 141
1780314148179 0.0014262191831949168 142
1780314148182 0.0014228390803327784 143
1780314148184 0.001419670679315459 144
1780314148186 0.001416887560626492 145
1780314148188 0.0014142390512279235 146
1780314148190 0.0014118999472702853 147
1780314148193 0.0014077918231487274 148
1780314148195 0.0014062533489777706 149
