1785188865301 0.0 1
1785188865302 0.0 2
1785188865303 0.0 3
1785188865304 0.0 4
1785188865306 0.0 5
1785188865307 0.0 6
1785188865308 0.0 7
1785188865309 0.0 8
1785188865311 0.0 9
1785188865312 0.0 10
1785188865313 0.0 11
1785188865314 0.0 12
1785188865316 0.0 13
1785188865317 0.0 14
1785188865318 0.0 15
1785188865319 0.0 16
1785188865321 0.0 17
1785188865322 0.0 18
1785188865323 0.0 19
1785188865324 0.0 20
1785188865326 0.0 21
1785188865327 0.0 22
1785188865328 0.0 23
1785188865329 0.0 24
1785188865331 0.0 25
1785188865332 0.0 26
1785188865333 0.0 27
1785188865334 0.0 28
1785188865336 0.0 29
1785188865337 0.0 30
1785188865338 0.0 31
1785188865339 0.0 32
1785188865341 0.0 33
1785188865342 0.0 34
1785188865343 0.0 35
1785188865344 0.0 36
1785188865346 0.0 37
1785188865347 0.0 38
1785188865348 0.0 39
1785188865349 0.0 40
1785188865351 0.0 41
1785188865352 0.0 42
1785188865353 0.0 43
1785188865354 0.0 44
1785188865356 0.0 45
1785188865357 0.0 46
1785188865358 0.0 47
1785188865359 0.0 48
1785188865361 0.0 49
1785188865362 0.0 50
1785188865363 0.0 51
1785188865364 0.0 52
1785188865366 0.0 53
1785188865367 0.0 54
1785188865368 0.0 55
1785188865369 0.0 56
1785188865371 0.0 57
1785188865372 0.0 58
1785188865373 0.0 59
1785188865375 0.0 60
1785188865376 0.0 61
1785188865377 0.0 62
1785188865378 0.0 63
1785188865380 0.0 64
1785188865381 0.0 65
1785188865382 0.0 66
1785188865383 0.0 67
1785188865384 0.0 68
1785188865386 0.0 69
1785188865387 0.0 70
1785188865388 0.0 71
1785188865389 0.0 72
1785188865390 0.0 73
1785188865391 0.0 74
1785188865392 0.0 75
1785188865393 0.0 76
1785188865395 0.0 77
1785188865396 0.0 78
1785188865397 0.0 79
1785188865398 0.0 80
1785188865400 0.0 81
1785188865401 0.0 82
1785188865402 0.0 83
1785188865403 0.0 84
1785188865405 0.0 85
1785188865406 0.0 86
1785188865407 0.0 87
1785188865408 0.0 88
1785188865409 0.0 89
1785188865411 0.0 90
1785188865412 0.0 91
1785188865413 0.0 92
