1785188865184 0.0 1
1785188865186 0.0 2
1785188865187 0.0 3
1785188865188 0.0 4
1785188865189 0.0 5
1785188865191 0.0 6
1785188865192 0.0 7
1785188865193 0.0 8
1785188865194 0.0 9
1785188865196 0.0 10
1785188865197 0.0 11
1785188865198 0.0 12
1785188865199 0.0 13
1785188865201 0.0 14
1785188865202 0.0 15
1785188865203 0.0 16
1785188865204 0.0 17
1785188865206 0.0 18
1785188865207 0.0 19
1785188865208 0.0 20
1785188865209 0.0 21
1785188865211 0.0 22
1785188865212 0.0 23
1785188865213 0.0 24
1785188865215 0.0 25
1785188865216 0.0 26
1785188865217 0.0 27
1785188865218 0.0 28
1785188865220 0.0 29
1785188865221 0.0 30
1785188865222 0.0 31
1785188865223 0.0 32
1785188865225 0.0 33
1785188865226 0.0 34
1785188865227 0.0 35
1785188865228 0.0 36
1785188865230 0.0 37
1785188865231 0.0 38
1785188865232 0.0 39
1785188865233 0.0 40
1785188865235 0.0 41
1785188865236 0.0 42
1785188865237 0.0 43
1785188865238 0.0 44
1785188865240 0.0 45
1785188865241 0.0 46
1785188865242 0.0 47
1785188865243 0.0 48
1785188865245 0.0 49
1785188865246 0.0 50
1785188865247 0.0 51
1785188865248 0.0 52
1785188865250 0.0 53
1785188865252 0.0 54
1785188865253 0.0 55
1785188865254 0.0 56
1785188865255 0.0 57
1785188865257 0.0 58
1785188865258 0.0 59
1785188865259 0.0 60
1785188865260 0.0 61
1785188865262 0.0 62
1785188865263 0.0 63
1785188865264 0.0 64
1785188865265 0.0 65
1785188865267 0.0 66
1785188865268 0.0 67
1785188865269 0.0 68
1785188865270 0.0 69
1785188865272 0.0 70
1785188865273 0.0 71
1785188865274 0.0 72
1785188865275 0.0 73
1785188865277 0.0 74
1785188865278 0.0 75
1785188865279 0.0 76
1785188865280 0.0 77
1785188865282 0.0 78
1785188865283 0.0 79
1785188865284 0.0 80
1785188865286 0.0 81
1785188865287 0.0 82
1785188865288 0.0 83
1785188865289 0.0 84
1785188865291 0.0 85
1785188865292 0.0 86
1785188865293 0.0 87
1785188865294 0.0 88
1785188865296 0.0 89
1785188865297 0.0 90
1785188865298 0.0 91
1785188865299 0.0 92
