1782567547883 0.13226008005440235 1
1782567547884 0.044503510696813464 2
1782567547885 0.021300016795285048 3
1782567547886 0.01310359762981534 4
1782567547887 0.00913078480400145 5
1782567547888 0.007128859451040625 6
1782567547889 0.005637521472526714 7
1782567547890 0.004742970044026152 8
1782567547891 0.00401055020862259 9
1782567547892 0.0035378905257675798 10
1782567547893 0.0032722337002633137 11
1782567547894 0.0029738045722479 12
1782567547895 0.002700965967378579 13
1782567547896 0.002462083504651673 14
1782567547897 0.0024095476057846097 15
1782567547899 0.0022340165328932926 16
1782567547900 0.002158639688277617 17
1782567547901 0.0020920911719440483 18
1782567547902 0.0019467995603918097 19
1782567547903 0.0019072351179784163 20
1782567547904 0.0017864697490585968 21
1782567547905 0.0017842217939323746 22
1782567547906 0.0017393215457559563 23
1782567547907 0.0016868976094701793 24
1782567547908 0.0017354931769659743 25
1782567547909 0.0016878779105900322 26
1782567547910 0.0016393400545348413 27
1782567547911 0.0016248810850083828 28
1782567547912 0.0015894615979050286 29
1782567547913 0.0016319715375720989 30
1782567547914 0.0015268733476113993 31
1782567547915 0.0015322899777675048 32
1782567547916 0.001533936938358238 33
1782567547917 0.0014822369680041448 34
1782567547918 0.0014917641108331736 35
1782567547919 0.001427722710359376 36
1782567547920 0.0015169138448254671 37
1782567547922 0.0014269775908906013 38
1782567547923 0.0014512417548394297 39
1782567547924 0.0013818322119186633 40
1782567547925 0.0013090327606187203 41
1782567547926 0.001270407789561432 42
1782567547927 0.0012730973088764586 43
1782567547928 0.0012482272674969863 44
1782567547929 0.0012482333606021712 45
1782567547930 0.001223531947034644 46
1782567547931 0.001239142878621351 47
1782567547932 0.0012253668531775474 48
1782567547933 0.0012160861592565198 49
1782567547934 0.0012057029892457649 50
1782567547935 0.0012105798561970005 51
1782567547936 0.001200038999231765 52
1782567547937 0.0011984519537509186 53
1782567547938 0.001187159825785784 54
1782567547939 0.0011783088702941313 55
1782567547940 0.0011302122827328276 56
1782567547941 0.001121757369255647 57
1782567547942 0.0011216810563200851 58
1782567547943 0.0011092899853974813 59
1782567547945 0.0011068476993386866 60
1782567547946 0.0011102323140221415 61
1782567547947 0.0010923089149582664 62
1782567547947 0.0010774252489500213 63
1782567547949 0.0010792027611023513 64
1782567547950 0.0010806785061140544 65
1782567547951 0.0010794454233837313 66
1782567547951 0.0010754940974584315 67
1782567547952 0.001068654912087368 68
1782567547953 0.0010587047159788198 69
1782567547954 0.0010624513699440286 70
1782567547955 0.0010543975095060887 71
1782567547956 0.0010550995537778362 72
1782567547957 0.0010520798867219127 73
1782567547958 0.0010464153240900486 74
1782567547959 0.0010475904876511776 75
1782567547959 0.0010600766603602097 76
1782567547960 0.0010445549093856244 77
