1782567547961 2.1658777602389456 1
1782567547962 2.9472627770900726 2
1782567547963 2.495536944270134 3
1782567547964 2.2198631590604783 4
1782567547965 2.0994343739748 5
1782567547966 2.247438008189201 6
1782567547967 2.017465574145317 7
1782567547968 1.9731422764062883 8
1782567547969 1.9246421253681183 9
1782567547970 1.821149960756302 10
1782567547970 1.884814197421074 11
1782567547971 1.826804529428482 12
1782567547972 1.6966336584091186 13
1782567547973 1.6476902586221696 14
1782567547974 1.6991402125358581 15
1782567547975 1.6045513844490051 16
1782567547976 1.5676838994026183 17
1782567547977 1.48463851749897 18
1782567547977 1.5577977871894837 19
1782567547978 1.4000632068514824 20
1782567547979 1.4410004198551178 21
1782567547980 1.3666705802083015 22
1782567547981 1.387684380710125 23
1782567547982 1.3702498736977577 24
1782567547983 1.350772548019886 25
1782567547984 1.2954000157117844 26
1782567547985 1.2948526003956795 27
1782567547986 1.2635308918356896 28
1782567547987 1.2273930540680886 29
1782567547988 1.2270727995038033 30
1782567547989 1.222240060865879 31
1782567547990 1.200174469947815 32
1782567547990 1.1825739991664888 33
1782567547991 1.2090167465806008 34
1782567547992 1.1959349685907363 35
1782567547993 1.1582732263207436 36
1782567547994 1.1660643494129181 37
1782567547995 1.2018457853794098 38
1782567547996 1.1090377524495125 39
1782567547997 1.1438994723558427 40
1782567547998 1.0698326227068902 41
1782567547999 1.0860355964303017 42
1782567548000 1.0487299332022666 43
1782567548000 1.1235710966587067 44
1782567548001 1.1280007898807525 45
1782567548002 1.0583131211996077 46
1782567548003 1.0624615386128426 47
1782567548004 1.0801938119530679 48
1782567548005 1.1115786862373351 49
1782567548006 1.0908966147899628 50
1782567548007 1.1379846534132958 51
1782567548008 1.0899785327911378 52
1782567548009 1.0824862703680993 53
1782567548010 1.0959350708127023 54
1782567548011 1.0933608812093736 55
1782567548012 1.1306665074825286 56
1782567548013 1.1306907320022583 57
1782567548014 1.0783202809095382 58
1782567548015 1.1003651535511016 59
1782567548016 1.1110227620601654 60
1782567548017 1.128192631304264 61
1782567548018 1.1365502846240998 62
1782567548018 1.1169375684857368 63
1782567548019 1.0953830444812775 64
1782567548020 1.0964224833250045 65
1782567548021 1.1031338745355606 66
1782567548022 1.1203738436102868 67
1782567548023 1.1154616558551789 68
1782567548024 1.1370788818597795 69
1782567548025 1.136029297709465 70
1782567548025 1.1318630006909371 71
1782567548026 1.149821212887764 72
1782567548027 1.1300467640161513 73
1782567548028 1.1235846856236458 74
1782567548029 1.1017761218547821 75
1782567548030 1.095079143643379 76
1782567548031 1.1094327336549759 77
