1782751962198 0.13974817229434847 1
1782751962199 0.03160598065238446 2
1782751962201 0.011093939107377082 3
1782751962202 0.0066187497403007 4
1782751962203 0.004938328323187306 5
1782751962204 0.003970987909124233 6
1782751962205 0.003420167436124757 7
1782751962206 0.003163338835001923 8
1782751962207 0.0028498293831944466 9
1782751962208 0.0026683522341772914 10
1782751962209 0.0024733881335123444 11
1782751962210 0.002280655788490549 12
1782751962212 0.0021400695908232593 13
1782751962213 0.002138530943193473 14
1782751962214 0.0020580837586021516 15
1782751962215 0.002007354974921327 16
1782751962216 0.0019503346041892654 17
1782751962217 0.0019017450278624893 18
1782751962218 0.001851499605254503 19
1782751962219 0.0018435917903843802 20
1782751962220 0.001782645690109348 21
1782751962222 0.0017577937751775607 22
1782751962223 0.0017672150178987068 23
1782751962224 0.0017563725076615811 24
1782751962225 0.0016816168463265058 25
1782751962226 0.0017836553732922767 26
1782751962227 0.0017237934420700186 27
1782751962228 0.0016220937146863435 28
1782751962229 0.001545244877197547 29
1782751962230 0.001616572550847195 30
1782751962231 0.0015549289077171125 31
1782751962232 0.0015661253633152228 32
1782751962234 0.0015366694211843424 33
1782751962235 0.0015199245414987672 34
1782751962236 0.0014590247583691962 35
1782751962237 0.0014475292051793077 36
1782751962238 0.001467032130676671 37
1782751962239 0.0014316777535714209 38
1782751962240 0.0014312734015402384 39
1782751962241 0.0013705453637521713 40
1782751962242 0.001323872057837434 41
1782751962243 0.001312115519613144 42
1782751962244 0.0012269917907542548 43
1782751962246 0.001199816596781602 44
1782751962247 0.0011875785690790507 45
1782751962248 0.0011768149962153984 46
1782751962249 0.0011746826916350984 47
1782751962250 0.0011813283051014878 48
1782751962251 0.0011507004283339483 49
1782751962252 0.0011326141013705637 50
1782751962253 0.0011190354247082722 51
1782751962254 0.0011140769617486513 52
1782751962255 0.0011089403666119323 53
1782751962257 0.0011074184226890793 54
1782751962258 0.0011107393528072861 55
1782751962259 0.001098939537696424 56
1782751962260 0.001084672736687935 57
1782751962261 0.0010815398271370213 58
1782751962262 0.0010774080972623778 59
1782751962263 0.0010734727996896253 60
1782751962264 0.001073920849521528 61
1782751962266 0.0010696353140519932 62
1782751962267 0.0010640583177882945 63
1782751962268 0.0010610737728711684 64
