1782751962410 0.0 1
1782751962411 0.0 2
1782751962412 0.0 3
1782751962414 0.0 4
1782751962415 0.0 5
1782751962416 0.0 6
1782751962417 0.0 7
1782751962418 0.0 8
1782751962419 0.0 9
1782751962420 0.0 10
1782751962421 0.0 11
1782751962422 0.0 12
1782751962423 0.0 13
1782751962424 0.0 14
1782751962426 0.0 15
1782751962427 0.0 16
1782751962428 0.0 17
1782751962429 0.0 18
1782751962430 0.0 19
1782751962431 0.0 20
1782751962432 0.0 21
1782751962433 0.0 22
1782751962434 0.0 23
1782751962435 0.0 24
1782751962436 0.0 25
1782751962438 0.0 26
1782751962439 0.0 27
1782751962440 0.0 28
1782751962441 0.0 29
1782751962442 0.0 30
1782751962443 0.0 31
1782751962444 0.0 32
1782751962445 0.0 33
1782751962446 0.0 34
1782751962447 0.0 35
1782751962448 0.0 36
1782751962450 0.0 37
1782751962451 0.0 38
1782751962452 0.0 39
1782751962453 0.0 40
1782751962454 0.0 41
1782751962455 0.0 42
1782751962456 0.0 43
1782751962457 0.0 44
1782751962458 0.0 45
1782751962459 0.0 46
1782751962461 0.0 47
1782751962462 0.0 48
1782751962463 0.0 49
1782751962464 0.0 50
1782751962465 0.0 51
1782751962466 0.0 52
1782751962467 0.0 53
1782751962468 0.0 54
1782751962469 0.0 55
1782751962470 0.0 56
1782751962471 0.0 57
1782751962473 0.0 58
1782751962474 0.0 59
1782751962475 0.0 60
1782751962476 0.0 61
1782751962477 0.0 62
1782751962478 0.0 63
1782751962479 0.0 64
