1780314141546 0.26119153186678884 1
1780314141548 0.23322677440941333 2
1780314141550 0.21006679557263852 3
1780314141552 0.16295766405761242 4
1780314141554 0.12592590697109698 5
1780314141557 0.10209074635058642 6
1780314141569 0.08423514313995838 7
1780314141572 0.06988268960267305 8
1780314141574 0.058177232183516024 9
1780314141576 0.0483586391992867 10
1780314141578 0.04054228838533163 11
1780314141580 0.03447933956980705 12
1780314141582 0.029617497930303216 13
1780314141585 0.025672302506864073 14
1780314141587 0.022338308161124587 15
1780314141589 0.01948554949834943 16
1780314141591 0.016973630017600952 17
1780314141593 0.014722017450258135 18
1780314141595 0.01256244190968573 19
1780314141597 0.011124562020413578 20
1780314141600 0.010026558947283775 21
1780314141602 0.00895533995470032 22
1780314141604 0.008044426150154322 23
1780314141606 0.007285475400276482 24
1780314141608 0.006620957821141928 25
1780314141610 0.006047219552565366 26
1780314141612 0.005510131573537365 27
1780314141614 0.004970765569014475 28
1780314141617 0.004537293575704098 29
1780314141619 0.0041826164245139805 30
1780314141621 0.003871068806620315 31
1780314141623 0.0036111685226205737 32
1780314141625 0.003386139996582642 33
1780314141627 0.0031952530919807033 34
1780314141629 0.003023836889769882 35
1780314141632 0.0028527816268615423 36
1780314141634 0.0027090595720801504 37
1780314141636 0.0026001924928277733 38
1780314141638 0.0025340985134243966 39
1780314141640 0.0024334075482329355 40
1780314141642 0.0023070725402794777 41
1780314141644 0.002193349638255313 42
1780314141646 0.002100004405656364 43
1780314141649 0.0020305658588767985 44
1780314141651 0.0019731804681941867 45
1780314141653 0.0019257014931645243 46
1780314141655 0.0018776403079391456 47
1780314141657 0.0018328900079359301 48
1780314141659 0.0017882240004837512 49
1780314141661 0.001746069442888256 50
1780314141663 0.0017028159869369119 51
1780314141666 0.001663354388147127 52
1780314141668 0.0016423827479593457 53
1780314141670 0.0016360467034974135 54
1780314141672 0.001615305886225542 55
1780314141674 0.001565596053696936 56
1780314141676 0.0015071127159171738 57
1780314141678 0.0014821287330414633 58
1780314141681 0.0014562360667332542 59
1780314141683 0.0014367868554836605 60
1780314141685 0.0014237128313106951 61
1780314141687 0.001432779536698945 62
1780314141689 0.001430362372775562 63
1780314141691 0.0014189983684627806 64
1780314141693 0.0014179101170157082 65
1780314141695 0.0014063822472235189 66
1780314141697 0.0013752459490206093 67
1780314141700 0.001339774105581455 68
1780314141702 0.0013230451433628332 69
1780314141704 0.001298905109288171 70
1780314141706 0.001283453486248618 71
1780314141708 0.0012777137584635057 72
1780314141710 0.0012814856449404033 73
1780314141712 0.0012932017006824026 74
1780314141714 0.0013139955816586736 75
1780314141717 0.0012874347326578572 76
1780314141719 0.0012649410838639597 77
1780314141721 0.0012553926773398417 78
1780314141723 0.0012167742667952553 79
1780314141725 0.0011862915188248736 80
1780314141727 0.0011750721892167348 81
1780314141729 0.0011687142681330441 82
1780314141732 0.0011641674838028847 83
1780314141734 0.0011586535691458265 84
1780314141736 0.0011534768209821777 85
1780314141738 0.0011495551111147507 86
1780314141740 0.0011480188849236584 87
1780314141742 0.0011463738821476 88
1780314141744 0.0011372776037023868 89
1780314141754 0.0011283320130314677 90
1780314141757 0.0011247081289184279 91
1780314141759 0.0011218482426920673 92
1780314141761 0.0011196184577420354 93
1780314141763 0.0011165731354412856 94
1780314141765 0.0011142715290770866 95
1780314141768 0.0011127857401879737 96
1780314141770 0.0011105825746926712 97
1780314141772 0.0011042696344520664 98
1780314141774 0.0011016563154407778 99
