1782747468171 0.0 1
1782747468173 0.0 2
1782747468174 0.0 3
1782747468175 0.0 4
1782747468176 0.0 5
1782747468177 0.0 6
1782747468178 0.0 7
1782747468179 0.0 8
1782747468180 0.0 9
1782747468181 0.0 10
1782747468182 0.0 11
1782747468183 0.0 12
1782747468184 0.0 13
1782747468185 0.0 14
1782747468187 0.0 15
1782747468188 0.0 16
1782747468189 0.0 17
1782747468190 0.0 18
1782747468191 0.0 19
1782747468192 0.0 20
1782747468193 0.0 21
1782747468194 0.0 22
1782747468195 0.0 23
1782747468196 0.0 24
1782747468197 0.0 25
1782747468198 0.0 26
1782747468199 0.0 27
1782747468200 0.0 28
1782747468201 0.0 29
1782747468202 0.0 30
1782747468203 0.0 31
1782747468204 0.0 32
1782747468205 0.0 33
1782747468206 0.0 34
1782747468207 0.0 35
1782747468209 0.0 36
1782747468210 0.0 37
1782747468211 0.0 38
1782747468211 0.0 39
1782747468212 0.0 40
1782747468213 0.0 41
1782747468214 0.0 42
1782747468215 0.0 43
1782747468216 0.0 44
1782747468217 0.0 45
1782747468218 0.0 46
1782747468219 0.0 47
1782747468220 0.0 48
1782747468221 0.0 49
1782747468222 0.0 50
1782747468223 0.0 51
1782747468224 0.0 52
1782747468225 0.0 53
1782747468226 0.0 54
1782747468227 0.0 55
1782747468228 0.0 56
1782747468229 0.0 57
1782747468230 0.0 58
1782747468230 0.0 59
1782747468232 0.0 60
1782747468233 0.0 61
1782747468234 0.0 62
1782747468235 0.0 63
1782747468236 0.0 64
1782747468237 0.0 65
1782747468238 0.0 66
1782747468239 0.0 67
1782747468240 0.0 68
1782747468241 0.0 69
