1782747467949 0.12374838275834918 1
1782747467951 0.020795890218578278 2
1782747467952 0.007799148720223457 3
1782747467953 0.004795330343768001 4
1782747467954 0.0036808926181402055 5
1782747467955 0.0028620793408481405 6
1782747467956 0.0024161086112144403 7
1782747467957 0.0019876935239881276 8
1782747467958 0.0018262634525308386 9
1782747467959 0.0017357512991293333 10
1782747467960 0.0016293644208053592 11
1782747467962 0.0015170589038461912 12
1782747467963 0.0014282174233812839 13
1782747467964 0.001428877452854067 14
1782747467965 0.0013214696483919398 15
1782747467966 0.001272804440523032 16
1782747467967 0.0013357259274926036 17
1782747467968 0.001432006063987501 18
1782747467969 0.0013334324386960362 19
1782747467970 0.0012179344369360478 20
1782747467971 0.0011758746717532632 21
1782747467972 0.001134602014280972 22
1782747467974 0.001128168285722495 23
1782747467975 0.0011418174021673622 24
1782747467976 0.0010517600266757654 25
1782747467977 0.0009757627411454451 26
1782747467978 0.0009455415897537023 27
1782747467979 0.0009282172434905079 28
1782747467980 0.0009118713680800283 29
1782747467981 0.0008979271739372052 30
1782747467982 0.0008920988616591785 31
1782747467983 0.0009243325302668382 32
1782747467984 0.0009087984059442533 33
1782747467985 0.000915297862738953 34
1782747467986 0.0009112925815861672 35
1782747467987 0.000896341426341678 36
1782747467989 0.0008765196489912341 37
1782747467990 0.0008776556094380794 38
1782747467991 0.00087188278677786 39
1782747467992 0.0008587059050478275 40
1782747467993 0.0008427816228504525 41
1782747467994 0.0008396384721709182 42
1782747467995 0.0008430500322356238 43
1782747467996 0.0008273677476609009 44
1782747467997 0.000816678574992693 45
1782747467998 0.0008061592980811838 46
1782747467999 0.0007776723089409643 47
1782747468000 0.0007504549360237433 48
1782747468002 0.0007397721647430444 49
1782747468003 0.0007333965747238835 50
1782747468004 0.0007280371416709386 51
1782747468005 0.0007233765339697129 52
1782747468006 0.0007196697321342071 53
1782747468007 0.0007129408394757774 54
1782747468008 0.0007088135438243626 55
1782747468009 0.0007057150054606609 56
1782747468010 0.000703050277006696 57
1782747468011 0.0007003437464663875 58
1782747468012 0.0006974524576799012 59
1782747468013 0.0006948548845321056 60
1782747468014 0.0006909507485033828 61
1782747468016 0.0006887843665390391 62
1782747468017 0.0006871119948846172 63
1782747468018 0.0006854389377986081 64
1782747468019 0.0006838212167713209 65
1782747468020 0.0006822238451786688 66
1782747468021 0.0006805571117001818 67
1782747468022 0.0006781401996340719 68
1782747468023 0.0006770455586229218 69
