1782747468098 0.0 1
1782747468100 0.0 2
1782747468101 0.0 3
1782747468102 0.0 4
1782747468103 0.0 5
1782747468104 0.0 6
1782747468105 0.0 7
1782747468106 0.0 8
1782747468107 0.0 9
1782747468108 0.0 10
1782747468109 0.0 11
1782747468110 0.0 12
1782747468111 0.0 13
1782747468112 0.0 14
1782747468114 0.0 15
1782747468115 0.0 16
1782747468116 0.0 17
1782747468117 0.0 18
1782747468118 0.0 19
1782747468119 0.0 20
1782747468120 0.0 21
1782747468121 0.0 22
1782747468122 0.0 23
1782747468123 0.0 24
1782747468124 0.0 25
1782747468125 0.0 26
1782747468126 0.0 27
1782747468128 0.0 28
1782747468129 0.0 29
1782747468130 0.0 30
1782747468131 0.0 31
1782747468132 0.0 32
1782747468133 0.0 33
1782747468134 0.0 34
1782747468135 0.0 35
1782747468136 0.0 36
1782747468137 0.0 37
1782747468138 0.0 38
1782747468139 0.0 39
1782747468140 0.0 40
1782747468141 0.0 41
1782747468142 0.0 42
1782747468143 0.0 43
1782747468144 0.0 44
1782747468145 0.0 45
1782747468146 0.0 46
1782747468147 0.0 47
1782747468148 0.0 48
1782747468149 0.0 49
1782747468150 0.0 50
1782747468151 0.0 51
1782747468152 0.0 52
1782747468153 0.0 53
1782747468154 0.0 54
1782747468155 0.0 55
1782747468156 0.0 56
1782747468157 0.0 57
1782747468159 0.0 58
1782747468160 0.0 59
1782747468161 0.0 60
1782747468162 0.0 61
1782747468163 0.0 62
1782747468164 0.0 63
1782747468165 0.0 64
1782747468166 0.0 65
1782747468167 0.0 66
1782747468168 0.0 67
1782747468169 0.0 68
1782747468170 0.0 69
