1781170422457 2.3379546923562886 1
1781170422458 3.531334211230278 2
1781170422459 3.5704369282722475 3
1781170422460 2.6481092458963396 4
1781170422461 3.155364577770233 5
1781170422462 2.4431815534830092 6
1781170422463 2.5420319950580597 7
1781170422464 2.2348742282390592 8
1781170422466 2.342560742497444 9
1781170422467 2.2591573399305345 10
1781170422468 2.326598609685898 11
1781170422469 2.074861304163933 12
1781170422470 1.8710720682144164 13
1781170422471 1.874840206503868 14
1781170422472 1.878775007724762 15
1781170422473 1.8877447950839996 16
1781170422474 1.6763371968269347 17
1781170422476 1.708014372587204 18
1781170422477 1.5480414870381356 19
1781170422478 1.5019572639465333 20
1781170422479 1.588224582374096 21
1781170422480 1.4700979280471802 22
1781170422481 1.5470064076781274 23
1781170422482 1.519772310256958 24
1781170422484 1.4811771029233933 25
1781170422485 1.3104732289910317 26
1781170422486 1.2783451017737388 27
1781170422487 1.269833782017231 28
1781170422488 1.2179190072417259 29
1781170422489 1.294277882874012 30
1781170422490 1.4067479306459427 31
1781170422491 1.4575272530317307 32
1781170422493 1.2413867729902268 33
1781170422494 1.218428210914135 34
1781170422495 1.2174137318134308 35
1781170422496 1.2835843431949616 36
1781170422497 1.156815765798092 37
1781170422498 1.199541964828968 38
1781170422499 1.2196092447638511 39
1781170422500 1.0453335282206535 40
1781170422501 1.2966845318675042 41
1781170422502 1.1184259068965912 42
1781170422503 1.1153355941176415 43
1781170422504 1.19946494191885 44
1781170422505 1.2075277379155158 45
1781170422506 1.208217552304268 46
1781170422507 1.1622787484526633 47
1781170422508 1.227212364077568 48
1781170422509 1.221070176064968 49
1781170422510 1.2992054346203803 50
1781170422511 1.2122238281369209 51
1781170422513 1.2592324402928352 52
1781170422514 1.107153836786747 53
1781170422515 1.190100769996643 54
1781170422516 1.1892368039488792 55
1781170422517 1.1655875182151794 56
1781170422518 1.226957581937313 57
1781170422519 1.1827099102735519 58
1781170422521 1.2063665938377381 59
1781170422522 1.1973441088199615 60
1781170422523 1.189214097261429 61
1781170422524 1.206185940504074 62
1781170422525 1.2246804043650628 63
1781170422526 1.1647823160886766 64
1781170422527 1.2055903574824334 65
1781170422529 1.2092230066657066 66
1781170422530 1.2024659338593482 67
1781170422531 1.2082899209856988 68
1781170422532 1.2387375789880752 69
1781170422533 1.1783347007632257 70
1781170422534 1.1869916543364525 71
1781170422535 1.1912230163812638 72
1781170422536 1.2123752892017365 73
1781170422537 1.2108828005194665 74
1781170422538 1.2428959149122238 75
1781170422539 1.2352037754654885 76
1781170422540 1.2158510062098502 77
1781170422541 1.2166044148802757 78
1781170422542 1.2116614481806756 79
1781170422543 1.2074479243159295 80
1781170422544 1.2100514349341394 81
1781170422545 1.2224846610426903 82
1781170422546 1.2333156111836434 83
1781170422547 1.2346981024742127 84
1781170422548 1.2347523400187492 85
1781170422549 1.2424724361300468 86
1781170422550 1.2389632692933084 87
1781170422552 1.2343788632750512 88
1781170422553 1.2374492824077605 89
1781170422554 1.2367426607012748 90
1781170422555 1.2315846532583237 91
1781170422556 1.2262740159034728 92
1781170422557 1.2243054455518723 93
