1781170422351 0.11296605153009295 1
1781170422352 0.038910701340064406 2
1781170422353 0.019942665100097658 3
1781170422354 0.01255892495624721 4
1781170422355 0.009003279078751803 5
1781170422356 0.00686734498012811 6
1781170422358 0.005609259004704654 7
1781170422359 0.004787971328478306 8
1781170422360 0.004055409628199414 9
1781170422361 0.0035421430779388175 10
1781170422362 0.003261693674721755 11
1781170422363 0.0030240675940876828 12
1781170422364 0.0027626724418951198 13
1781170422366 0.002638523342902772 14
1781170422367 0.002545732416328974 15
1781170422368 0.002665694352472201 16
1781170422369 0.0023331544175744057 17
1781170422370 0.0023501035731169394 18
1781170422371 0.0022032854755525476 19
1781170422372 0.002122622994647827 20
1781170422374 0.002072369223460555 21
1781170422375 0.0020715649725752882 22
1781170422376 0.002101600931782741 23
1781170422377 0.0020232750571449287 24
1781170422378 0.0019678692752495407 25
1781170422379 0.0019273005102877505 26
1781170422380 0.001889039395027794 27
1781170422381 0.0019052730225666893 28
1781170422383 0.0019262286619050428 29
1781170422384 0.0020027590326208156 30
1781170422385 0.0018797744916810189 31
1781170422386 0.0018783473083749413 32
1781170422387 0.0018713087166543118 33
1781170422388 0.0018767981087148655 34
1781170422390 0.001835803293797653 35
1781170422391 0.0017701963055878878 36
1781170422392 0.0017853641152032651 37
1781170422393 0.00179571710905293 38
1781170422394 0.0017559221958799753 39
1781170422395 0.001757744706410449 40
1781170422396 0.0017635571777645965 41
1781170422397 0.0017792591564648318 42
1781170422399 0.0017346229424583725 43
1781170422400 0.001741697985708015 44
1781170422401 0.0017357801992329768 45
1781170422402 0.001647192404634552 46
1781170422403 0.0015750623341591564 47
1781170422404 0.0015597303771937732 48
1781170422406 0.001548463370563695 49
1781170422407 0.0015267530089477076 50
1781170422408 0.0015303548016527202 51
1781170422409 0.0015018629253609106 52
1781170422410 0.0014843923521402757 53
1781170422411 0.0014860258626868017 54
1781170422412 0.0014661523743416183 55
1781170422414 0.0014758462632016745 56
1781170422415 0.0014647765120025724 57
1781170422416 0.0014580390803166665 58
1781170422417 0.0014621342479949817 59
1781170422418 0.0014383287343662232 60
1781170422419 0.0014343683060724288 61
1781170422420 0.001424302491504932 62
1781170422421 0.001421981459861854 63
1781170422423 0.0014175839227391408 64
1781170422424 0.0014259779737039934 65
1781170422425 0.0013978300883900373 66
1781170422426 0.001408366841787938 67
1781170422427 0.001403556775621837 68
1781170422428 0.0013945993633387842 69
1781170422430 0.0014019030559575185 70
1781170422431 0.0014002328252536245 71
1781170422432 0.001404973388343933 72
1781170422433 0.0013978811871493235 73
1781170422434 0.0013941096744383686 74
1781170422435 0.001404394364581094 75
1781170422436 0.0013701450313965324 76
1781170422437 0.0013856838074570988 77
1781170422439 0.001378429593751207 78
1781170422440 0.0013800903701485367 79
1781170422441 0.001383962909312686 80
1781170422442 0.001388439101719996 81
1781170422443 0.0013894849545613398 82
1781170422444 0.0013912257495394442 83
1781170422445 0.0013798870573373278 84
1781170422447 0.0013862125271407422 85
1781170422448 0.0013809860656328965 86
1781170422449 0.0013589988877356518 87
1781170422450 0.0013772269153560046 88
1781170422451 0.0013688794468907873 89
1781170422452 0.0013813425922126043 90
1781170422453 0.001356345706153661 91
1781170422454 0.0013683823133760597 92
1781170422456 0.0013836301476112566 93
