1781170422134 0.11297859694808722 1
1781170422136 0.03894859856925905 2
1781170422137 0.020000140410847963 3
1781170422138 0.012615762441419065 4
1781170422139 0.009087935199495405 5
1781170422141 0.006946003518532961 6
1781170422142 0.005704740221844986 7
1781170422143 0.004883907386101782 8
1781170422144 0.004168538174126297 9
1781170422145 0.0036633661540690808 10
1781170422146 0.0033990197494858875 11
1781170422148 0.0031576684227911755 12
1781170422149 0.0028931911138352006 13
1781170422150 0.0027793649898376314 14
1781170422151 0.002696950892568566 15
1781170422152 0.00282776414824184 16
1781170422153 0.002486069072620012 17
1781170422155 0.0025150727792060935 18
1781170422156 0.00236111020174576 19
1781170422157 0.00228380864369683 20
1781170422158 0.0022513350163353607 21
1781170422159 0.0022451082387124188 22
1781170422160 0.0022925241582561285 23
1781170422161 0.00221899207419483 24
1781170422163 0.0021665637550177053 25
1781170422164 0.0021101275220280513 26
1781170422165 0.0020742435471038335 27
1781170422166 0.002096057798771653 28
1781170422167 0.0021157487350865266 29
1781170422168 0.0022111062053591013 30
1781170422170 0.0021137749898480253 31
1781170422171 0.0021286153927212582 32
1781170422172 0.00209112502168864 33
1781170422173 0.0020990869545494204 34
1781170422174 0.0020644395306590015 35
1781170422175 0.0020181472395779565 36
1781170422176 0.0020150343573186544 37
1781170422178 0.002040306640556082 38
1781170422179 0.0020111477471073157 39
1781170422180 0.001982108980009798 40
1781170422181 0.002048827778489795 41
1781170422182 0.0020253128587501123 42
1781170422183 0.001979996775626205 43
1781170422185 0.002005580269033089 44
1781170422186 0.0020014363116933965 45
1781170422187 0.0019130002651945688 46
1781170422188 0.001830763657053467 47
1781170422189 0.0018297170977166388 48
1781170422190 0.0018170988107158337 49
1781170422192 0.0018125782077549957 50
1781170422193 0.0017970440481440164 51
1781170422194 0.0017788940665195696 52
1781170422195 0.001727966193575412 53
1781170422196 0.0017478480297722853 54
1781170422197 0.0017277844744967297 55
1781170422198 0.001732275530230254 56
1781170422200 0.0017347071936819702 57
1781170422201 0.001718235263688257 58
1781170422202 0.0017275349078408908 59
1781170422203 0.001701744441234041 60
1781170422204 0.0016959954105550423 61
1781170422205 0.0016896634010481648 62
1781170422206 0.0016914111579535529 63
1781170422208 0.0016738360322779045 64
1781170422209 0.0016912078493623993 65
1781170422210 0.0016638591492665 66
1781170422211 0.0016729093564208596 67
1781170422212 0.0016693805587419774 68
1781170422213 0.0016671216384565924 69
1781170422214 0.0016611366903816816 70
1781170422216 0.0016613709996454418 71
1781170422217 0.001667042459739605 72
1781170422218 0.001664603748213267 73
1781170422219 0.001660503891907865 74
1781170422220 0.001677831468405202 75
1781170422221 0.001641889862366952 76
1781170422223 0.0016531710304843728 77
1781170422224 0.001646082565857796 78
1781170422225 0.0016466558889078442 79
1781170422226 0.0016496014552831184 80
1781170422227 0.0016546504123834893 81
1781170422228 0.001658431583782658 82
1781170422229 0.0016625551844481378 83
1781170422231 0.0016515206299663988 84
1781170422232 0.001657858047692571 85
1781170422233 0.0016543300068587996 86
1781170422234 0.0016315708028560038 87
1781170422235 0.00164879026619019 88
1781170422236 0.001641118289117003 89
1781170422237 0.001653425978438463 90
1781170422239 0.001627294331410667 91
1781170422240 0.0016381625997019 92
1781170422241 0.0016529773542424664 93
