1780314170368 0.19335296586155892 1
1780314170371 0.1701091067492962 2
1780314170373 0.14844830110669135 3
1780314170376 0.12926409788429738 4
1780314170378 0.11341113738715648 5
1780314170380 0.10006234705448151 6
1780314170382 0.08856084264814854 7
1780314170385 0.07870641142129899 8
1780314170387 0.07026473943144083 9
1780314170389 0.06302182227373124 10
1780314170391 0.05677995290607214 11
1780314170394 0.051212041713297365 12
1780314170396 0.04627884957939386 13
1780314170398 0.04199218276888132 14
1780314170401 0.03822650004178286 15
1780314170403 0.034902389850467445 16
1780314170405 0.03197472030296922 17
1780314170407 0.029316947907209397 18
1780314170410 0.026943108197301627 19
1780314170412 0.024854171182960273 20
1780314170414 0.022950842045247555 21
1780314170416 0.02126090193167329 22
1780314170419 0.019732942655682564 23
1780314170421 0.018356080688536166 24
1780314170423 0.017098675305023788 25
1780314170425 0.015938063561916353 26
1780314170428 0.014882411891594529 27
1780314170430 0.013904605098068713 28
1780314170432 0.013019525120034814 29
1780314170434 0.012209312785416841 30
1780314170437 0.011461305497214198 31
1780314170439 0.01078983511775732 32
1780314170441 0.010174316940829159 33
1780314170444 0.009602533094584942 34
1780314170446 0.009078092616982758 35
1780314170449 0.008630551351234316 36
1780314170451 0.008167566200718283 37
1780314170454 0.007752048391848803 38
1780314170456 0.007363504045642912 39
1780314170458 0.007003587340004742 40
1780314170461 0.006660370836034418 41
1780314170463 0.006328264800831675 42
1780314170466 0.006052200463600456 43
1780314170468 0.005793894794769585 44
1780314170471 0.0055435018800199035 45
1780314170473 0.005319843059405685 46
1780314170475 0.005108125603292137 47
1780314170478 0.00489561129361391 48
1780314170480 0.0047179234609939155 49
1780314170482 0.004558540887665004 50
1780314170484 0.0043981593707576394 51
1780314170487 0.004242700911127031 52
1780314170489 0.004067232757806778 53
1780314170491 0.003919190240558237 54
1780314170493 0.003785279639996588 55
1780314170496 0.0036712334933690725 56
1780314170498 0.003558086382690817 57
1780314170500 0.0034514447720721364 58
1780314170502 0.0033525508153252302 59
1780314170505 0.003277385882101953 60
1780314170507 0.0032058970467187466 61
1780314170510 0.0031144971179310234 62
1780314170512 0.0030104402406141164 63
1780314170514 0.002909601414576173 64
1780314170516 0.0028185776167083533 65
1780314170519 0.002767690154723823 66
1780314170521 0.0027166233980096877 67
1780314170523 0.002645060585346073 68
1780314170525 0.0025949044502340257 69
1780314170528 0.0025226219301111995 70
1780314170530 0.0024620835785754023 71
1780314170532 0.0024084698304068296 72
1780314170534 0.002373889231821522 73
1780314170537 0.00234279842232354 74
1780314170539 0.002314300474245101 75
1780314170541 0.0022838828805834053 76
1780314170544 0.002267837648978457 77
1780314170546 0.0022312383318785576 78
1780314170548 0.0021635042305570094 79
1780314170550 0.0021039472171105445 80
1780314170553 0.002065730072790757 81
1780314170555 0.002021947575849481 82
1780314170557 0.0019881120620993896 83
1780314170560 0.0019504686328582466 84
1780314170562 0.0019142021302832291 85
1780314170564 0.0018879910709802062 86
1780314170566 0.0018635717983124778 87
1780314170569 0.001841670492431149 88
1780314170571 0.001826371624483727 89
1780314170573 0.0018117577128577977 90
1780314170575 0.0018172069446882233 91
1780314170578 0.0018003470281837508 92
1780314170580 0.0017925745731918142 93
1780314170582 0.0018031214288203045 94
1780314170585 0.0017812910693464801 95
1780314170587 0.0017433840018929914 96
1780314170589 0.0017008074081968517 97
1780314170592 0.001681463050772436 98
1780314170594 0.0016554219333920629 99
1780314170596 0.0016356652497779578 100
1780314170598 0.001617958470596932 101
1780314170601 0.0016050946537870914 102
1780314170603 0.0015980234410380946 103
1780314170605 0.001609925642842427 104
1780314170607 0.0016023650934221224 105
1780314170610 0.0015889499874901958 106
1780314170612 0.0015776957874186336 107
1780314170614 0.0015497306099859997 108
1780314170617 0.0015288709531887435 109
1780314170619 0.0015297448314959183 110
1780314170621 0.0015190166895627044 111
1780314170623 0.0014986916500492953 112
1780314170626 0.0014866966562112793 113
1780314170628 0.0014743933163117618 114
1780314170630 0.001473416032968089 115
1780314170632 0.0014808661382994615 116
1780314170635 0.0014544463882339186 117
1780314170637 0.0014618563532712869 118
1780314170639 0.001470632724231109 119
1780314170641 0.0014697585752583109 120
1780314170644 0.0014533050669706426 121
1780314170646 0.001433186399808619 122
1780314170648 0.0014232173937489278 123
1780314170650 0.0014065004835720175 124
1780314170653 0.001405905792489648 125
1780314170655 0.0013941406985395588 126
1780314170657 0.0013719997971202247 127
1780314170660 0.001361222784325946 128
1780314170662 0.0013640432569081895 129
1780314170664 0.0013535202812636272 130
1780314170666 0.0013480746047571301 131
1780314170669 0.0013611346972174942 132
1780314170671 0.0013682188899838367 133
1780314170673 0.0013425171398557722 134
1780314170675 0.0013304064035764896 135
1780314170678 0.0013273157668299972 136
1780314170680 0.0013267011163407005 137
1780314170682 0.001340669387136586 138
1780314170685 0.0013282576619531028 139
1780314170687 0.0013212251313962043 140
1780314170689 0.001323803576087812 141
1780314170691 0.0013304650623467752 142
1780314170694 0.0013168186962138862 143
1780314170696 0.0013229627799591981 144
1780314170698 0.0013108047777495814 145
1780314170701 0.0013072208766243421 146
1780314170703 0.0012933147753938102 147
1780314170705 0.0012778188251832035 148
1780314170707 0.0012772210269758944 149
1780314170710 0.0012596358146402054 150
1780314170712 0.0012564032284717542 151
1780314170714 0.0012553984177066013 152
1780314170716 0.001234488431509817 153
1780314170719 0.0012198278182768262 154
1780314170721 0.0012139729244518094 155
1780314170723 0.0012099904216302092 156
1780314170726 0.001206620649609249 157
1780314170728 0.001204025455081137 158
1780314170730 0.0012018967281619553 159
1780314170733 0.001199755056295544 160
1780314170735 0.0011976496325223707 161
1780314170737 0.0011934339808067308 162
1780314170739 0.001191307170811342 163
