1780314201877 0.14948827729870875 1
1780314201878 0.05074999908295771 2
1780314201879 0.023133724691191068 3
1780314201881 0.01385379497272273 4
1780314201882 0.009577458875719458 5
1780314201883 0.0070139809336978946 6
1780314201885 0.0056233711385478575 7
1780314201886 0.004659056018378275 8
1780314201887 0.0039276837051147595 9
1780314201889 0.003436794496277192 10
1780314201890 0.0030776756839865508 11
1780314201891 0.002786983065501166 12
1780314201893 0.0025720700534293426 13
1780314201894 0.0024295329130836762 14
1780314201896 0.0022860854427563027 15
1780314201897 0.0021588381355589566 16
1780314201898 0.0020776555422344243 17
1780314201899 0.001963433363804749 18
1780314201901 0.0019097757647008014 19
1780314201902 0.0018661753757138891 20
1780314201903 0.0017285235740321999 21
1780314201904 0.00171730427609873 22
1780314201905 0.0016690939485367077 23
1780314201907 0.0016059198345222587 24
1780314201908 0.0015796041014255024 25
1780314201909 0.0015645502665089831 26
1780314201910 0.001505889716281672 27
1780314201911 0.0017674004418950062 28
1780314201913 0.001512926400755532 29
1780314201914 0.00146186838040497 30
1780314201915 0.0013912013577889108 31
1780314201916 0.0013823472923832013 32
1780314201918 0.0013645332908102622 33
1780314201919 0.001352696959293098 34
1780314201920 0.0013181092517091505 35
1780314201921 0.0013455012950241022 36
1780314201922 0.0013429720197261 37
1780314201923 0.001336875597917242 38
1780314201925 0.0012884471543657128 39
1780314201926 0.0013548064951464766 40
1780314201927 0.001355311949494838 41
1780314201928 0.0012671337065815653 42
1780314201930 0.001250014689200422 43
1780314201931 0.0013216158528545445 44
1780314201932 0.0012653607666531267 45
1780314201933 0.001284372188092675 46
1780314201934 0.0012578492459094073 47
1780314201936 0.0011725772529947184 48
1780314201937 0.0011513176636678206 49
1780314201938 0.0011685794254541785 50
1780314201939 0.0011942999495052693 51
1780314201941 0.0012059738214399355 52
1780314201942 0.0011708519095918746 53
1780314201943 0.0011472135409955322 54
1780314201944 0.0011332515699905344 55
1780314201946 0.0011358768804711871 56
1780314201947 0.0011061028666517815 57
1780314201948 0.001159572498909256 58
1780314201949 0.0012557687060810471 59
1780314201950 0.00116693050943771 60
1780314201952 0.001125304477015258 61
1780314201953 0.0011208216664575351 62
1780314201954 0.0011085541988601715 63
1780314201955 0.0010558581072473317 64
1780314201957 0.0010488211769673701 65
1780314201958 0.00108474051758094 66
1780314201959 0.001098511667745091 67
1780314201960 0.0011439119957988926 68
1780314201961 0.0011614737091804272 69
1780314201963 0.0011276796765135563 70
1780314201964 0.001072326895094496 71
1780314201965 0.001018322988663082 72
1780314201966 0.0010158169075414965 73
1780314201968 0.0010266965871778666 74
1780314201969 0.0010242725889232436 75
