1783879184142 0.0 1
1783879184144 0.0 2
1783879184145 0.0 3
1783879184147 0.0 4
1783879184148 0.0 5
1783879184150 0.0 6
1783879184151 0.0 7
1783879184153 0.0 8
1783879184154 0.0 9
1783879184156 0.0 10
1783879184157 0.0 11
1783879184158 0.0 12
1783879184160 0.0 13
1783879184161 0.0 14
1783879184163 0.0 15
1783879184164 0.0 16
1783879184166 0.0 17
1783879184167 0.0 18
1783879184169 0.0 19
1783879184170 0.0 20
1783879184172 0.0 21
1783879184173 0.0 22
1783879184174 0.0 23
1783879184176 0.0 24
1783879184177 0.0 25
1783879184179 0.0 26
1783879184180 0.0 27
1783879184182 0.0 28
1783879184183 0.0 29
1783879184185 0.0 30
1783879184186 0.0 31
1783879184188 0.0 32
1783879184189 0.0 33
1783879184190 0.0 34
1783879184192 0.0 35
1783879184193 0.0 36
1783879184195 0.0 37
1783879184196 0.0 38
1783879184198 0.0 39
1783879184199 0.0 40
1783879184201 0.0 41
1783879184202 0.0 42
1783879184203 0.0 43
1783879184205 0.0 44
1783879184206 0.0 45
1783879184208 0.0 46
1783879184209 0.0 47
1783879184211 0.0 48
1783879184212 0.0 49
1783879184214 0.0 50
1783879184215 0.0 51
1783879184217 0.0 52
1783879184218 0.0 53
1783879184219 0.0 54
1783879184221 0.0 55
1783879184222 0.0 56
1783879184224 0.0 57
1783879184225 0.0 58
1783879184227 0.0 59
1783879184228 0.0 60
1783879184229 0.0 61
1783879184231 0.0 62
1783879184232 0.0 63
1783879184234 0.0 64
1783879184235 0.0 65
1783879184237 0.0 66
1783879184238 0.0 67
1783879184240 0.0 68
