1783879183844 0.19700114358216525 1
1783879183845 0.06471826314926148 2
1783879183847 0.021355113717727362 3
1783879183848 0.01112984141567722 4
1783879183850 0.0074872154416516425 5
1783879183851 0.005741503566969186 6
1783879183853 0.004736522178864107 7
1783879183854 0.003970811315230094 8
1783879183856 0.0035535518737742676 9
1783879183857 0.0031480857881251724 10
1783879183859 0.0028563177410978824 11
1783879183860 0.0026757700426969675 12
1783879183862 0.0025378914253087713 13
1783879183863 0.002407969532941934 14
1783879183865 0.002318587832851335 15
1783879183866 0.0022111254668561744 16
1783879183867 0.0021391150302952156 17
1783879183869 0.0020560880471020937 18
1783879183870 0.0019850329344626516 19
1783879183872 0.0019321678928099573 20
1783879183873 0.0019129014354257378 21
1783879183875 0.0018869738395733294 22
1783879183876 0.001858953657647362 23
1783879183878 0.0018122384609887377 24
1783879183879 0.0017950717233179603 25
1783879183881 0.0017879746393009554 26
1783879183882 0.001762745918967994 27
1783879183884 0.0017680539487628267 28
1783879183885 0.00173090223557665 29
1783879183886 0.0016913474025204778 30
1783879183888 0.0016995264372962992 31
1783879183889 0.001664738283288898 32
1783879183891 0.001662775113945827 33
1783879183892 0.0016629927957546896 34
1783879183894 0.0016074241214664652 35
1783879183895 0.0015899222578445915 36
1783879183897 0.0015719341809744946 37
1783879183898 0.0015624232332629617 38
1783879183900 0.0015540651652554516 39
1783879183901 0.0015447709373256656 40
1783879183903 0.0015403978346148505 41
1783879183904 0.0015461353838327342 42
1783879183906 0.0015272006826126017 43
1783879183907 0.0015334485773928464 44
1783879183909 0.001540500790142687 45
1783879183910 0.001515672019449994 46
1783879183911 0.001508747558327741 47
1783879183913 0.001492646734113805 48
1783879183914 0.0015037726720038337 49
1783879183916 0.0014883514354005456 50
1783879183917 0.0014941792593162972 51
1783879183919 0.00147539748926647 52
1783879183920 0.0014705675315053667 53
1783879183922 0.0014731367808417416 54
1783879183923 0.0014621961356169777 55
1783879183925 0.001469658980931854 56
1783879183926 0.0014665676110598724 57
1783879183928 0.0014698271639645099 58
1783879183929 0.0014620658453350188 59
1783879183931 0.0014587170637969393 60
1783879183932 0.0014622316147142557 61
1783879183933 0.001465510508423904 62
1783879183935 0.0014603059795626906 63
1783879183937 0.0014521988965861966 64
1783879183938 0.0014559970279515255 65
1783879183939 0.0014511970602325164 66
1783879183941 0.001451232546387473 67
1783879183942 0.0014496656182745938 68
