1783879184043 0.0 1
1783879184044 0.0 2
1783879184046 0.0 3
1783879184047 0.0 4
1783879184049 0.0 5
1783879184050 0.0 6
1783879184052 0.0 7
1783879184053 0.0 8
1783879184055 0.0 9
1783879184056 0.0 10
1783879184058 0.0 11
1783879184059 0.0 12
1783879184061 0.0 13
1783879184062 0.0 14
1783879184064 0.0 15
1783879184065 0.0 16
1783879184067 0.0 17
1783879184068 0.0 18
1783879184070 0.0 19
1783879184071 0.0 20
1783879184072 0.0 21
1783879184074 0.0 22
1783879184075 0.0 23
1783879184077 0.0 24
1783879184078 0.0 25
1783879184080 0.0 26
1783879184081 0.0 27
1783879184083 0.0 28
1783879184084 0.0 29
1783879184085 0.0 30
1783879184087 0.0 31
1783879184088 0.0 32
1783879184090 0.0 33
1783879184091 0.0 34
1783879184093 0.0 35
1783879184094 0.0 36
1783879184096 0.0 37
1783879184097 0.0 38
1783879184098 0.0 39
1783879184100 0.0 40
1783879184101 0.0 41
1783879184103 0.0 42
1783879184104 0.0 43
1783879184106 0.0 44
1783879184107 0.0 45
1783879184109 0.0 46
1783879184110 0.0 47
1783879184111 0.0 48
1783879184113 0.0 49
1783879184114 0.0 50
1783879184116 0.0 51
1783879184117 0.0 52
1783879184119 0.0 53
1783879184120 0.0 54
1783879184122 0.0 55
1783879184123 0.0 56
1783879184125 0.0 57
1783879184126 0.0 58
1783879184128 0.0 59
1783879184129 0.0 60
1783879184131 0.0 61
1783879184132 0.0 62
1783879184134 0.0 63
1783879184135 0.0 64
1783879184136 0.0 65
1783879184138 0.0 66
1783879184139 0.0 67
1783879184141 0.0 68
