1780314189770 0.21824099332094193 1
1780314189772 0.17599170617759227 2
1780314189775 0.14169875528663398 3
1780314189777 0.11435403686016798 4
1780314189780 0.09181766033172607 5
1780314189783 0.07327021893113851 6
1780314189785 0.05890934238210321 7
1780314189788 0.04786286009475589 8
1780314189791 0.039461085926741364 9
1780314189793 0.032934318380430344 10
1780314189796 0.02785130531527102 11
1780314189798 0.023797514541074635 12
1780314189801 0.02052127752453089 13
1780314189803 0.01785495229065418 14
1780314189806 0.015650854799896478 15
1780314189808 0.013783597880974411 16
1780314189811 0.01217770763207227 17
1780314189814 0.01074811989441514 18
1780314189816 0.009552911876235158 19
1780314189819 0.008560617044568062 20
1780314189821 0.007693672946188599 21
1780314189824 0.006943528160918504 22
1780314189826 0.006311030078213662 23
1780314189829 0.005731918446253985 24
1780314189832 0.005256146606989205 25
1780314189834 0.004817694792291149 26
1780314189837 0.0044328256510198115 27
1780314189839 0.004091606033034623 28
1780314189842 0.003796200952492654 29
1780314189844 0.003544746551197022 30
1780314189847 0.003351156475255266 31
1780314189850 0.0031366127298679204 32
1780314189852 0.002941544255008921 33
1780314189855 0.002777149854809977 34
1780314189857 0.0026261361193610356 35
1780314189860 0.002499375927145593 36
1780314189862 0.0023812594130868093 37
1780314189865 0.0022773183550452813 38
1780314189868 0.002193932260852307 39
1780314189870 0.002097076296340674 40
1780314189873 0.0020235118753043936 41
1780314189875 0.0019401181265129707 42
1780314189878 0.0018764422729145736 43
1780314189880 0.0018202709368779324 44
1780314189883 0.0017671551182866097 45
1780314189886 0.001694476004340686 46
1780314189888 0.0016723826673114672 47
1780314189891 0.0016185999248409643 48
1780314189893 0.0015792476228671149 49
1780314189896 0.0015531334414845333 50
1780314189898 0.0015215418583829888 51
1780314189901 0.0014739672753785271 52
1780314189903 0.0014549091880326158 53
1780314189906 0.00143475369332009 54
1780314189908 0.0014192171924514697 55
1780314189911 0.0014022366909193806 56
1780314189914 0.001387367180577712 57
1780314189916 0.0013743584431358613 58
1780314189919 0.0013585925682855304 59
1780314189921 0.001349273042724235 60
1780314189924 0.001330628827563487 61
1780314189926 0.0013185822671221105 62
1780314189929 0.0013107494234282059 63
1780314189931 0.001301063802675344 64
1780314189934 0.0012851847427373287 65
1780314189937 0.001276873735623667 66
1780314189939 0.0012605013338907157 67
1780314189942 0.0012565091901342385 68
1780314189944 0.0012456504578585736 69
1780314189947 0.0012325506674824283 70
1780314189949 0.001221670201193774 71
1780314189952 0.001217103721719468 72
1780314189955 0.0012090009036910486 73
1780314189957 0.0011998032602423337 74
1780314189960 0.0011898791586281731 75
1780314189963 0.0011862178805313306 76
1780314189965 0.001182864293587045 77
1780314189968 0.0011780798416293691 78
1780314189970 0.0011696022654359695 79
1780314189973 0.001157025926586357 80
1780314189975 0.001154017720837146 81
1780314189978 0.0011481038014608202 82
1780314189981 0.0011415054136887193 83
1780314189983 0.0011354948058578884 84
1780314189986 0.0011302128418901702 85
1780314189988 0.0011334328046359587 86
1780314189991 0.0011177568907442038 87
1780314189993 0.0011086611889186315 88
1780314189996 0.0011037914591724984 89
1780314189999 0.0011017814744263888 90
1780314190001 0.0010998606040811864 91
1780314190004 0.001097428687135107 92
1780314190006 0.0010949209358659573 93
1780314190009 0.001092392467908212 94
1780314190011 0.0010902548435842618 95
1780314190014 0.0010860344582033577 96
1780314190017 0.001083354538641288 97
1780314190019 0.0010819080151122761 98
1780314190022 0.0010805369234003592 99
1780314190024 0.0010784124473866541 100
1780314190027 0.0010778680547809927 101
1780314190030 0.0010760455979470862 102
1780314190032 0.0010751207442081068 103
1780314190035 0.0010744361631805077 104
1780314190037 0.00107149263843894 105
1780314190040 0.001070688356849132 106
1780314190042 0.001069629417543183 107
1780314190045 0.0010692127641959814 108
1780314190047 0.0010681474084412912 109
1780314190050 0.0010677615837630583 110
1780314190053 0.001066847562760813 111
1780314190055 0.0010672736150445416 112
1780314190058 0.0010655994886474218 113
1780314190060 0.0010648790632694727 114
1780314190063 0.0010636982069263468 115
1780314190066 0.0010633957914251368 116
1780314190068 0.0010629247859469614 117
