1782736898998 0.0 1
1782736898999 0.0 2
1782736899000 0.0 3
1782736899001 0.0 4
1782736899002 0.0 5
1782736899003 0.0 6
1782736899004 0.0 7
1782736899005 0.0 8
1782736899006 0.0 9
1782736899007 0.0 10
1782736899008 0.0 11
1782736899009 0.0 12
1782736899010 0.0 13
1782736899010 0.0 14
1782736899011 0.0 15
1782736899012 0.0 16
1782736899013 0.0 17
1782736899014 0.0 18
1782736899015 0.0 19
1782736899016 0.0 20
1782736899017 0.0 21
1782736899018 0.0 22
1782736899019 0.0 23
1782736899020 0.0 24
1782736899021 0.0 25
1782736899022 0.0 26
1782736899023 0.0 27
1782736899024 0.0 28
1782736899025 0.0 29
1782736899025 0.0 30
1782736899026 0.0 31
1782736899027 0.0 32
1782736899028 0.0 33
1782736899029 0.0 34
1782736899030 0.0 35
1782736899031 0.0 36
1782736899032 0.0 37
1782736899033 0.0 38
1782736899034 0.0 39
1782736899035 0.0 40
1782736899036 0.0 41
1782736899037 0.0 42
1782736899038 0.0 43
1782736899039 0.0 44
1782736899040 0.0 45
1782736899041 0.0 46
1782736899042 0.0 47
1782736899043 0.0 48
1782736899043 0.0 49
1782736899044 0.0 50
1782736899045 0.0 51
1782736899046 0.0 52
1782736899047 0.0 53
1782736899048 0.0 54
1782736899049 0.0 55
1782736899050 0.0 56
1782736899051 0.0 57
1782736899052 0.0 58
1782736899053 0.0 59
1782736899054 0.0 60
1782736899055 0.0 61
1782736899056 0.0 62
1782736899057 0.0 63
1782736899058 0.0 64
1782736899059 0.0 65
1782736899060 0.0 66
1782736899062 0.0 67
1782736899063 0.0 68
1782736899064 0.0 69
1782736899065 0.0 70
1782736899066 0.0 71
1782736899067 0.0 72
1782736899068 0.0 73
1782736899069 0.0 74
