1782736898924 0.0 1
1782736898925 0.0 2
1782736898926 0.0 3
1782736898927 0.0 4
1782736898928 0.0 5
1782736898930 0.0 6
1782736898931 0.0 7
1782736898932 0.0 8
1782736898933 0.0 9
1782736898934 0.0 10
1782736898935 0.0 11
1782736898936 0.0 12
1782736898937 0.0 13
1782736898938 0.0 14
1782736898939 0.0 15
1782736898940 0.0 16
1782736898942 0.0 17
1782736898943 0.0 18
1782736898944 0.0 19
1782736898945 0.0 20
1782736898945 0.0 21
1782736898946 0.0 22
1782736898947 0.0 23
1782736898948 0.0 24
1782736898949 0.0 25
1782736898950 0.0 26
1782736898951 0.0 27
1782736898952 0.0 28
1782736898953 0.0 29
1782736898954 0.0 30
1782736898955 0.0 31
1782736898956 0.0 32
1782736898957 0.0 33
1782736898958 0.0 34
1782736898959 0.0 35
1782736898960 0.0 36
1782736898961 0.0 37
1782736898962 0.0 38
1782736898963 0.0 39
1782736898964 0.0 40
1782736898965 0.0 41
1782736898966 0.0 42
1782736898967 0.0 43
1782736898968 0.0 44
1782736898969 0.0 45
1782736898970 0.0 46
1782736898971 0.0 47
1782736898972 0.0 48
1782736898973 0.0 49
1782736898974 0.0 50
1782736898975 0.0 51
1782736898976 0.0 52
1782736898977 0.0 53
1782736898978 0.0 54
1782736898979 0.0 55
1782736898980 0.0 56
1782736898981 0.0 57
1782736898981 0.0 58
1782736898982 0.0 59
1782736898983 0.0 60
1782736898984 0.0 61
1782736898985 0.0 62
1782736898986 0.0 63
1782736898987 0.0 64
1782736898988 0.0 65
1782736898989 0.0 66
1782736898990 0.0 67
1782736898991 0.0 68
1782736898992 0.0 69
1782736898993 0.0 70
1782736898994 0.0 71
1782736898995 0.0 72
1782736898996 0.0 73
1782736898997 0.0 74
