1781174274785 0.08959894059225917 1
1781174274786 0.029440486961975695 2
1781174274787 0.015083033721894026 3
1781174274788 0.009748810927849263 4
1781174274789 0.007226748277898878 5
1781174274790 0.005795666864141822 6
1781174274791 0.004907801343360916 7
1781174274793 0.004094740848522634 8
1781174274794 0.003588016859139316 9
1781174274795 0.00328508974169381 10
1781174274796 0.0028223030862864107 11
1781174274797 0.0026689300348516553 12
1781174274798 0.0025176017836201934 13
1781174274799 0.0022721637936774642 14
1781174274800 0.0021519146792707035 15
1781174274801 0.0021488967697951013 16
1781174274802 0.001990587308828253 17
1781174274803 0.002041640906536486 18
1781174274804 0.0018876723787980155 19
1781174274805 0.0018291611812310293 20
1781174274806 0.001803459752118215 21
1781174274807 0.0016849374261801132 22
1781174274808 0.001676991194981383 23
1781174274809 0.0016433310792490375 24
1781174274810 0.0016392577244550921 25
1781174274811 0.0016086997384263668 26
1781174274812 0.0015173406635585708 27
1781174274813 0.0015974043421738316 28
1781174274814 0.0015992680742056109 29
1781174274815 0.0015444861073046923 30
1781174274816 0.0014906208697357216 31
1781174274817 0.0014733305618574377 32
1781174274818 0.0014582551995408722 33
1781174274820 0.0015220722429512535 34
1781174274821 0.0014038468553917481 35
1781174274822 0.0013325964467367157 36
1781174274823 0.0013050746977387462 37
1781174274824 0.0012750322638021316 38
1781174274825 0.0012658959416148717 39
1781174274826 0.0012554831789748277 40
1781174274827 0.001260067484981846 41
1781174274828 0.0012433295360824558 42
1781174274829 0.0012541888502892106 43
1781174274830 0.001247496713840519 44
1781174274831 0.00122217145995819 45
1781174274832 0.0011846933643391822 46
1781174274833 0.0011753135179606033 47
1781174274834 0.0011843919828970683 48
1781174274835 0.0011680409534892532 49
1781174274836 0.001162747876587673 50
1781174274837 0.0011543487987364643 51
1781174274838 0.0011431453118711944 52
1781174274839 0.0011426622328872327 53
1781174274840 0.0011321619545924476 54
1781174274841 0.0011256264206167543 55
1781174274842 0.001128119822969893 56
1781174274843 0.0011246415384084684 57
1781174274844 0.001117717204760993 58
1781174274845 0.0011160589229257311 59
1781174274846 0.0011138001361541683 60
1781174274846 0.0011072963733022333 61
1781174274847 0.0011100088858802338 62
1781174274848 0.0010944043163908645 63
1781174274849 0.0011036176931520458 64
1781174274851 0.0010924392209562938 65
1781174274852 0.0010899504131521099 66
1781174274853 0.0010958879721874838 67
1781174274854 0.0010862188173632603 68
1781174274855 0.00108000223779527 69
1781174274856 0.001087187515659025 70
1781174274857 0.0010792997213866329 71
1781174274858 0.001078252378720208 72
1781174274859 0.0010784413856890752 73
1781174274860 0.001080204455574858 74
1781174274861 0.001079429441015236 75
1781174274861 0.00107221832164214 76
1781174274863 0.0010712246469483943 77
1781174274864 0.001077000663644867 78
1781174274865 0.001070658301905496 79
1781174274866 0.0010735840444249334 80
1781174274867 0.0010737478534429102 81
1781174274868 0.0010782373265828937 82
1781174274869 0.001073203067862778 83
