1781174274597 0.089608581867069 1
1781174274598 0.0294618249963969 2
1781174274599 0.01511410279199481 3
1781174274600 0.009787269642110914 4
1781174274602 0.007269961917772889 5
1781174274603 0.005841182846343145 6
1781174274604 0.004960731420433149 7
1781174274605 0.004154368642484769 8
1781174274606 0.0036559850518824532 9
1781174274607 0.0033712841192027553 10
1781174274608 0.0029065265780081973 11
1781174274609 0.002755925577948801 12
1781174274611 0.0026160673977574335 13
1781174274612 0.0023672700702445583 14
1781174274613 0.002258832468651235 15
1781174274614 0.0022587123524863274 16
1781174274615 0.002101879287220072 17
1781174274616 0.002152731103997212 18
1781174274617 0.0020032316708238794 19
1781174274619 0.0019480462462524884 20
1781174274620 0.0019279430541791953 21
1781174274621 0.0018104202271206305 22
1781174274622 0.0018095074163284152 23
1781174274623 0.001773391391034238 24
1781174274624 0.0017751843560836278 25
1781174274625 0.0017454246076522395 26
1781174274627 0.0016646192618645728 27
1781174274628 0.0017453390524315182 28
1781174274629 0.0017477133421925828 29
1781174274630 0.0017057083189138211 30
1781174274631 0.0016531765206309502 31
1781174274632 0.0016368149098707364 32
1781174274633 0.001625506073323777 33
1781174274634 0.001693149259517668 34
1781174274636 0.0015782372870307882 35
1781174274637 0.0015072775619046296 36
1781174274638 0.0014788287787814625 37
1781174274639 0.0014564852121111472 38
1781174274640 0.0014431687603064347 39
1781174274641 0.00143627087760251 40
1781174274642 0.0014516926111537033 41
1781174274644 0.0014334882484399714 42
1781174274645 0.001445270226104185 43
1781174274646 0.0014377041730040219 44
1781174274647 0.0014090063660114538 45
1781174274648 0.001371046494168695 46
1781174274649 0.0013616901265049819 47
1781174274650 0.0013716823986032979 48
1781174274652 0.001355170151218772 49
1781174274653 0.0013506075598706958 50
1781174274654 0.001338509321649326 51
1781174274655 0.001328899769578129 52
1781174274656 0.0013320948215550742 53
1781174274657 0.0013213913590880112 54
1781174274658 0.0013169691734947265 55
1781174274659 0.0013162238485529088 56
1781174274661 0.001313865514093777 57
1781174274662 0.0013069412390177603 58
1781174274663 0.0013036323225242086 59
1781174274664 0.0012972855419502594 60
1781174274665 0.0012971727586409542 61
1781174274666 0.001296633006859338 62
1781174274667 0.001283320096845273 63
1781174274668 0.001293098537280457 64
1781174274669 0.001282678444258636 65
1781174274671 0.0012791355181252584 66
1781174274672 0.001285736016870942 67
1781174274673 0.0012780615498195402 68
1781174274674 0.0012711405789013952 69
1781174274675 0.0012760260723007376 70
1781174274676 0.0012707753751601558 71
1781174274677 0.0012689798756036908 72
1781174274678 0.0012677545932820067 73
1781174274680 0.0012697079488134476 74
1781174274681 0.0012692956574028359 75
1781174274682 0.0012611741152068134 76
1781174274683 0.0012589806677715386 77
1781174274684 0.001264275814901339 78
1781174274685 0.0012577627132122871 79
1781174274686 0.0012609771313145757 80
1781174274687 0.0012616302543028723 81
1781174274689 0.0012658837740309537 82
1781174274690 0.0012613404962758068 83
