1780314147206 0.2585542529821396 1
1780314147208 0.23229867219924927 2
1780314147211 0.20732272535562515 3
1780314147213 0.18733069822192192 4
1780314147215 0.1687108750641346 5
1780314147218 0.15339041873812675 6
1780314147220 0.1407378688454628 7
1780314147222 0.12985349610447883 8
1780314147224 0.12001310206949711 9
1780314147226 0.11055077582597733 10
1780314147229 0.10106946356594562 11
1780314147231 0.09199809454381466 12
1780314147233 0.08360761128365994 13
1780314147235 0.075734430141747 14
1780314147237 0.06829303834587336 15
1780314147239 0.06150667283684015 16
1780314147242 0.055522632300853726 17
1780314147244 0.05015796791762114 18
1780314147246 0.045467898175120355 19
1780314147248 0.04134150672703982 20
1780314147250 0.03771373186260462 21
1780314147253 0.034469584561884405 22
1780314147255 0.03151654226705432 23
1780314147257 0.028809286039322615 24
1780314147259 0.026381524708122016 25
1780314147261 0.024223786052316426 26
1780314147264 0.022260797619819642 27
1780314147266 0.020529996771365404 28
1780314147268 0.019019328951835633 29
1780314147270 0.017675144327804447 30
1780314147272 0.016480338731780647 31
1780314147275 0.015414348598569631 32
1780314147277 0.014452912528067827 33
1780314147279 0.013580710282549263 34
1780314147281 0.01276596937328577 35
1780314147283 0.012022935003042221 36
1780314147286 0.011357502890750765 37
1780314147288 0.010745799588039517 38
1780314147290 0.010159270851872862 39
1780314147292 0.009626434054225683 40
1780314147294 0.009144900534301996 41
1780314147296 0.00869044503197074 42
1780314147299 0.008284052549861372 43
1780314147301 0.007886463329195976 44
1780314147303 0.007517370213754475 45
1780314147305 0.007193670035339892 46
1780314147307 0.0068885862454772 47
1780314147310 0.006591924144886434 48
1780314147312 0.0063019430870190265 49
1780314147314 0.006041131573729217 50
1780314147316 0.0057922206353396176 51
1780314147318 0.005562057746574283 52
1780314147320 0.005358942274469882 53
1780314147323 0.005177344852127135 54
1780314147325 0.00500217318534851 55
1780314147327 0.004814343326725066 56
1780314147329 0.00464402609039098 57
1780314147331 0.004487759568728506 58
1780314147334 0.004338653292506933 59
1780314147336 0.004197919259313494 60
1780314147338 0.004062072497326881 61
1780314147340 0.00393913506064564 62
1780314147342 0.0038282322068698706 63
1780314147345 0.0037271630484610797 64
1780314147347 0.0036304506519809366 65
1780314147349 0.0035475637880153952 66
1780314147351 0.003464259938336909 67
1780314147353 0.0033639752736780793 68
1780314147356 0.0032679803122300653 69
1780314147358 0.003183034599060193 70
1780314147360 0.003106461588758975 71
1780314147362 0.003037956135813147 72
1780314147364 0.002979311073431745 73
1780314147367 0.0029200648854020984 74
1780314147369 0.002853467740351334 75
1780314147371 0.002792394629213959 76
1780314147373 0.0027309991291258485 77
1780314147375 0.002684690711321309 78
1780314147378 0.0026412392070051284 79
1780314147380 0.0025932778860442342 80
1780314147382 0.002548109588678926 81
1780314147384 0.0025100811664015054 82
1780314147386 0.0024615346547216177 83
1780314147389 0.0024235453410074116 84
1780314147391 0.002385994993383065 85
1780314147393 0.0023562982719158754 86
1780314147395 0.002336604619049467 87
1780314147398 0.0023020039050607012 88
1780314147400 0.00226339231885504 89
1780314147402 0.002225555462646298 90
1780314147404 0.002192352190613747 91
1780314147406 0.0021607083914568647 92
1780314147409 0.002131045315763913 93
1780314147411 0.002106522007379681 94
1780314147413 0.002082480632234365 95
1780314147415 0.0020636716089211405 96
1780314147417 0.002043355187634006 97
1780314147420 0.0020280338247539477 98
1780314147422 0.0020135729253524916 99
1780314147424 0.0019995801866753028 100
1780314147426 0.001980512573500164 101
1780314147428 0.0019593709532637147 102
1780314147431 0.001938467088039033 103
1780314147433 0.0019180374778807164 104
1780314147435 0.0019018323498312384 105
1780314147437 0.0018876413250109182 106
1780314147439 0.0018738387525081635 107
1780314147441 0.0018618400359991939 108
1780314147444 0.0018447892332915216 109
1780314147446 0.0018336417485261337 110
1780314147448 0.0018147650427999906 111
1780314147450 0.0017983854486374184 112
1780314147452 0.001786219350178726 113
1780314147454 0.0017699238582281397 114
1780314147457 0.0017574873313424178 115
1780314147459 0.0017494453169638292 116
1780314147461 0.001742781122738961 117
1780314147463 0.0017372885518125258 118
1780314147466 0.0017313072967226617 119
1780314147468 0.0017251564341131597 120
1780314147470 0.001719750904594548 121
1780314147472 0.0017139899672474713 122
1780314147474 0.001707212227920536 123
1780314147477 0.001704198391234968 124
1780314147479 0.0017011158043169416 125
1780314147481 0.0016982283745892346 126
1780314147483 0.001694975587015506 127
1780314147485 0.0016919460624922067 128
1780314147487 0.0016888109280262143 129
1780314147490 0.0016859433590434491 130
1780314147492 0.0016827333750552497 131
1780314147494 0.001679486799694132 132
1780314147496 0.0016769786801887677 133
1780314147499 0.00167336630722275 134
1780314147501 0.0016702038710354828 135
1780314147503 0.0016673781545250676 136
1780314147505 0.0016641469456953927 137
1780314147507 0.0016607162487343886 138
1780314147509 0.001657758186920546 139
1780314147512 0.0016549145249882713 140
1780314147514 0.0016518902909592726 141
1780314147516 0.0016492616184405051 142
1780314147518 0.0016465760878054425 143
1780314147520 0.001643527990381699 144
1780314147523 0.001640369237284176 145
1780314147525 0.0016373780692811124 146
1780314147527 0.0016338555995025672 147
1780314147529 0.0016312856820877642 148
1780314147531 0.001629529173078481 149
1780314147533 0.0016279108330491 150
1780314147536 0.001626370425510686 151
1780314147538 0.0016247718650265596 152
1780314147540 0.0016233146213926375 153
1780314147542 0.0016217082639923318 154
1780314147545 0.001620153053663671 155
1780314147547 0.001618524877994787 156
1780314147549 0.0016168377816211431 157
1780314147551 0.0016151774645550177 158
1780314147553 0.0016143962164642289 159
1780314147556 0.0016134897427400575 160
1780314147558 0.0016127827050513588 161
1780314147560 0.0016119588704896159 162
1780314147562 0.0016111577858100646 163
1780314147564 0.0016103162511717528 164
1780314147567 0.0016095930940355175 165
1780314147569 0.0016087677792529576 166
1780314147571 0.0016078930380172096 167
1780314147573 0.0016070871151168831 168
1780314147575 0.0016063110588584095 169
1780314147578 0.0016054740574327298 170
1780314147580 0.0016046332067344337 171
1780314147582 0.0016038547601783647 172
1780314147584 0.0016030579680227674 173
1780314147586 0.001602202074136585 174
1780314147589 0.0016013122448930517 175
1780314147591 0.0016007926771999337 176
1780314147593 0.0016004235789296218 177
1780314147595 0.0015999682369874791 178
1780314147597 0.0015996189985889942 179
1780314147600 0.0015991643685265445 180
1780314147602 0.0015987697048694828 181
1780314147604 0.0015983721203519962 182
1780314147606 0.001597891626006458 183
1780314147608 0.0015974582804483362 184
1780314147610 0.001597245334123727 185
