1782571730190 0.0 1
1782571730191 0.0 2
1782571730192 0.0 3
1782571730193 0.0 4
1782571730194 0.0 5
1782571730195 0.0 6
1782571730197 0.0 7
1782571730198 0.0 8
1782571730199 0.0 9
1782571730200 0.0 10
1782571730201 0.0 11
1782571730201 0.0 12
1782571730202 0.0 13
1782571730204 0.0 14
1782571730205 0.0 15
1782571730206 0.0 16
1782571730207 0.0 17
1782571730208 0.0 18
1782571730209 0.0 19
1782571730210 0.0 20
1782571730211 0.0 21
1782571730212 0.0 22
1782571730213 0.0 23
1782571730214 0.0 24
1782571730215 0.0 25
1782571730216 0.0 26
1782571730217 0.0 27
1782571730218 0.0 28
1782571730219 0.0 29
1782571730220 0.0 30
1782571730221 0.0 31
1782571730222 0.0 32
1782571730222 0.0 33
1782571730223 0.0 34
1782571730224 0.0 35
1782571730225 0.0 36
1782571730226 0.0 37
1782571730227 0.0 38
1782571730228 0.0 39
1782571730229 0.0 40
1782571730230 0.0 41
1782571730231 0.0 42
1782571730232 0.0 43
1782571730234 0.0 44
1782571730235 0.0 45
1782571730236 0.0 46
1782571730237 0.0 47
1782571730238 0.0 48
1782571730239 0.0 49
1782571730240 0.0 50
1782571730241 0.0 51
1782571730242 0.0 52
1782571730243 0.0 53
1782571730244 0.0 54
1782571730245 0.0 55
1782571730246 0.0 56
1782571730247 0.0 57
1782571730248 0.0 58
1782571730249 0.0 59
1782571730250 0.0 60
1782571730251 0.0 61
1782571730252 0.0 62
1782571730253 0.0 63
1782571730254 0.0 64
1782571730255 0.0 65
1782571730256 0.0 66
