1782571729979 0.11474686490371823 1
1782571729980 0.039550971603021026 2
1782571729981 0.01920089398510754 3
1782571729982 0.011917543956078589 4
1782571729983 0.008500631293281912 5
1782571729984 0.00644646055996418 6
1782571729986 0.005267037566518411 7
1782571729987 0.004449123663362115 8
1782571729988 0.003907309068599716 9
1782571729989 0.0034301032073562965 10
1782571729990 0.002981861877487972 11
1782571729991 0.002727397410199046 12
1782571729992 0.0024738537275698037 13
1782571729993 0.002426255956524983 14
1782571729994 0.0022196272527799012 15
1782571729995 0.002144728370185476 16
1782571729996 0.002020321330637671 17
1782571729998 0.0019093557656742633 18
1782571729999 0.0018905682294280267 19
1782571730000 0.0017698756785830482 20
1782571730001 0.0016828610800439492 21
1782571730002 0.0016238360092393123 22
1782571730003 0.001621529118710896 23
1782571730004 0.0016341414989437908 24
1782571730005 0.0015831865495420062 25
1782571730006 0.0016717282493482345 26
1782571730007 0.0014882417308399454 27
1782571730008 0.0014657025343331042 28
1782571730009 0.0014513333643844818 29
1782571730010 0.0013806828547967597 30
1782571730011 0.001415845377050573 31
1782571730012 0.001384426345321117 32
1782571730014 0.0013439666246267733 33
1782571730015 0.001363648266851669 34
1782571730016 0.0013928477418085094 35
1782571730017 0.0013178998944931664 36
1782571730018 0.001231189998507034 37
1782571730019 0.0011965328564110679 38
1782571730020 0.0012171709665562958 39
1782571730021 0.0012355350982397794 40
1782571730022 0.0012713592283398612 41
1782571730023 0.0012900492402695817 42
1782571730024 0.0012146391815622338 43
1782571730025 0.001130278840282699 44
1782571730026 0.0010625722673285054 45
1782571730027 0.0010405052266287385 46
1782571730029 0.001023265192488907 47
1782571730030 0.0010128372666804353 48
1782571730031 0.0010024792031617835 49
1782571730032 0.0009935107935598352 50
1782571730033 0.000976573997104424 51
1782571730034 0.0009665982826118125 52
1782571730035 0.0009594127347372705 53
1782571730036 0.0009540671605645912 54
1782571730037 0.0009476944951165934 55
1782571730038 0.0009421093792479951 56
1782571730039 0.000937653414948727 57
1782571730040 0.0009274485086643836 58
1782571730041 0.0009223842719075037 59
1782571730042 0.0009187618752912385 60
1782571730043 0.0009155536290199962 61
1782571730045 0.000912497261306271 62
1782571730046 0.000909184982010629 63
1782571730047 0.0009059289335709763 64
1782571730048 0.0009000155417015776 65
1782571730049 0.0008973679678456392 66
