1782707141855 0.0 1
1782707141856 0.0 2
1782707141857 0.0 3
1782707141859 0.0 4
1782707141860 0.0 5
1782707141861 0.0 6
1782707141862 0.0 7
1782707141863 0.0 8
1782707141864 0.0 9
1782707141865 0.0 10
1782707141866 0.0 11
1782707141867 0.0 12
1782707141868 0.0 13
1782707141869 0.0 14
1782707141870 0.0 15
1782707141871 0.0 16
1782707141872 0.0 17
1782707141874 0.0 18
1782707141875 0.0 19
1782707141876 0.0 20
1782707141877 0.0 21
1782707141878 0.0 22
1782707141879 0.0 23
1782707141880 0.0 24
1782707141881 0.0 25
1782707141882 0.0 26
1782707141883 0.0 27
1782707141884 0.0 28
1782707141885 0.0 29
1782707141887 0.0 30
1782707141888 0.0 31
1782707141889 0.0 32
1782707141890 0.0 33
1782707141891 0.0 34
1782707141892 0.0 35
1782707141893 0.0 36
1782707141894 0.0 37
1782707141895 0.0 38
1782707141896 0.0 39
1782707141897 0.0 40
1782707141898 0.0 41
1782707141899 0.0 42
1782707141900 0.0 43
1782707141901 0.0 44
1782707141902 0.0 45
1782707141903 0.0 46
1782707141904 0.0 47
1782707141905 0.0 48
1782707141906 0.0 49
1782707141907 0.0 50
1782707141908 0.0 51
1782707141910 0.0 52
1782707141911 0.0 53
1782707141912 0.0 54
1782707141912 0.0 55
1782707141914 0.0 56
1782707141915 0.0 57
1782707141916 0.0 58
1782707141917 0.0 59
1782707141918 0.0 60
1782707141919 0.0 61
1782707141920 0.0 62
1782707141921 0.0 63
1782707141922 0.0 64
1782707141923 0.0 65
1782707141924 0.0 66
