1782707141784 0.0 1
1782707141785 0.0 2
1782707141786 0.0 3
1782707141787 0.0 4
1782707141788 0.0 5
1782707141789 0.0 6
1782707141790 0.0 7
1782707141792 0.0 8
1782707141793 0.0 9
1782707141794 0.0 10
1782707141795 0.0 11
1782707141796 0.0 12
1782707141797 0.0 13
1782707141798 0.0 14
1782707141799 0.0 15
1782707141800 0.0 16
1782707141801 0.0 17
1782707141802 0.0 18
1782707141803 0.0 19
1782707141805 0.0 20
1782707141806 0.0 21
1782707141807 0.0 22
1782707141808 0.0 23
1782707141809 0.0 24
1782707141810 0.0 25
1782707141811 0.0 26
1782707141812 0.0 27
1782707141813 0.0 28
1782707141814 0.0 29
1782707141815 0.0 30
1782707141817 0.0 31
1782707141818 0.0 32
1782707141819 0.0 33
1782707141820 0.0 34
1782707141821 0.0 35
1782707141822 0.0 36
1782707141823 0.0 37
1782707141824 0.0 38
1782707141825 0.0 39
1782707141826 0.0 40
1782707141827 0.0 41
1782707141829 0.0 42
1782707141830 0.0 43
1782707141831 0.0 44
1782707141832 0.0 45
1782707141833 0.0 46
1782707141834 0.0 47
1782707141835 0.0 48
1782707141836 0.0 49
1782707141837 0.0 50
1782707141838 0.0 51
1782707141839 0.0 52
1782707141840 0.0 53
1782707141841 0.0 54
1782707141842 0.0 55
1782707141843 0.0 56
1782707141844 0.0 57
1782707141845 0.0 58
1782707141846 0.0 59
1782707141847 0.0 60
1782707141849 0.0 61
1782707141850 0.0 62
1782707141851 0.0 63
1782707141852 0.0 64
1782707141853 0.0 65
1782707141854 0.0 66
