1782707141640 0.05352488383185119 1
1782707141641 0.009820436164736747 2
1782707141642 0.005539822919527069 3
1782707141643 0.003957537167007103 4
1782707141644 0.0029715366050368174 5
1782707141645 0.0023740530249779113 6
1782707141647 0.0021493786456994713 7
1782707141648 0.0018670502069289797 8
1782707141649 0.0018085402168799192 9
1782707141650 0.0017191357737465296 10
1782707141651 0.0016323017186368816 11
1782707141652 0.0014812556958349887 12
1782707141653 0.001438436733587878 13
1782707141654 0.001375882005522726 14
1782707141655 0.0013365766299830283 15
1782707141656 0.0014855068984616082 16
1782707141657 0.00126071418664651 17
1782707141659 0.001181724548805505 18
1782707141660 0.0011359971367346589 19
1782707141661 0.001100487368676113 20
1782707141662 0.0011016776345059043 21
1782707141663 0.0011383525956625818 22
1782707141664 0.0010917144217819441 23
1782707141665 0.001110648000103538 24
1782707141666 0.0011181478611251806 25
1782707141667 0.000947625188564416 26
1782707141668 0.000892152334927232 27
1782707141670 0.0008775663067353889 28
1782707141671 0.0009355762705672532 29
1782707141672 0.0008622502128127962 30
1782707141673 0.0008898113163013476 31
1782707141674 0.0008776096635847352 32
1782707141675 0.0008582665438734694 33
1782707141676 0.0007835430595878279 34
1782707141677 0.0007627141713601305 35
1782707141678 0.0007627041222440312 36
1782707141679 0.0007017596859077457 37
1782707141680 0.0007229283353080973 38
1782707141682 0.0007532882025407161 39
1782707141683 0.000828862718262826 40
1782707141684 0.000882474395330064 41
1782707141685 0.0007308230401395122 42
1782707141686 0.0007374139587045648 43
1782707141687 0.0006390737467881991 44
1782707141688 0.0005634626252140151 45
1782707141689 0.0005350626338622533 46
1782707141690 0.000521598322520731 47
1782707141691 0.0005109949113830225 48
1782707141692 0.0005001440249907318 49
1782707141694 0.0004906265992394765 50
1782707141695 0.0004788992221438093 51
1782707141696 0.00046926375463954176 52
1782707141697 0.00046336591181898255 53
1782707141698 0.00045814644487109037 54
1782707141699 0.00045326362389459975 55
1782707141700 0.0004489392905816203 56
1782707141701 0.0004475051674671704 57
1782707141702 0.00043900592943828086 58
1782707141703 0.0004333760302688461 59
1782707141704 0.0004302696228478453 60
1782707141706 0.0004271265338320518 61
1782707141707 0.0004241987371642608 62
1782707141708 0.00042137842414376794 63
1782707141709 0.0004186100345395971 64
1782707141710 0.0004139511530593154 65
1782707141711 0.0004119292316318024 66
