1780314162048 0.18863150086253883 1
1780314162051 0.07829726915806531 2
1780314162053 0.038680710978806015 3
1780314162055 0.022762764785438774 4
1780314162057 0.015237113465555013 5
1780314162059 0.010974903986789287 6
1780314162062 0.00844586931169033 7
1780314162064 0.0067804541136138145 8
1780314162066 0.005564510524272918 9
1780314162069 0.00476891765370965 10
1780314162071 0.004205763854552061 11
1780314162073 0.0037488525034859777 12
1780314162075 0.0034297660388983788 13
1780314162077 0.0031128640490351244 14
1780314162080 0.0028698110429104416 15
1780314162082 0.00269591408490669 16
1780314162084 0.00251915032567922 17
1780314162087 0.002388454483007081 18
1780314162089 0.002299250642536208 19
1780314162091 0.002274384690390434 20
1780314162093 0.0021492844211752527 21
1780314162096 0.002028810652263928 22
1780314162098 0.001994205123919528 23
1780314162100 0.0018906451723887585 24
1780314162102 0.0018449378365767188 25
1780314162105 0.0017948120163055136 26
1780314162107 0.0017904200570774264 27
1780314162109 0.001725816740654409 28
1780314162111 0.001679912426188821 29
1780314162114 0.001639249011204811 30
1780314162116 0.001632165599585278 31
1780314162118 0.0016174749376659746 32
1780314162120 0.001553535507118795 33
1780314162122 0.0015477411427127663 34
1780314162125 0.0015490854378731455 35
1780314162127 0.0014844546730455477 36
1780314162129 0.0014883846863813232 37
1780314162131 0.0014681294570618774 38
1780314162134 0.0014497355265484658 39
1780314162136 0.0014267687962274066 40
1780314162138 0.0014162787234818098 41
1780314162140 0.0014863735034305137 42
1780314162142 0.0014202751050470398 43
1780314162145 0.0014237564234645106 44
1780314162147 0.0013499410428630654 45
1780314162149 0.0014896473368571606 46
1780314162151 0.0013879404157341923 47
1780314162153 0.0013254391534428577 48
1780314162156 0.001283249690604862 49
1780314162158 0.001266146431225934 50
1780314162160 0.0012718391227826943 51
1780314162162 0.0012804795699048555 52
1780314162164 0.0013171491050161421 53
1780314162167 0.001295333651069086 54
1780314162169 0.0012884148278681097 55
1780314162171 0.0012561345110589173 56
1780314162173 0.001219988597149495 57
1780314162175 0.0011742675431014504 58
1780314162178 0.0011690667148650392 59
1780314162180 0.0011558982068527257 60
1780314162182 0.001148599550506333 61
1780314162184 0.0011414545811567222 62
1780314162187 0.0011458606622181833 63
1780314162189 0.0011406620055640815 64
1780314162191 0.00114063064866059 65
1780314162193 0.0011373252765042707 66
1780314162195 0.0011235161007789429 67
1780314162198 0.001108341636354453 68
1780314162200 0.001103621457441477 69
1780314162202 0.0010959196711337427 70
1780314162204 0.0010942824969242793 71
1780314162206 0.0010974058794818121 72
1780314162209 0.0010899837139004376 73
1780314162211 0.0010954228231275919 74
1780314162213 0.0010896913822944043 75
1780314162215 0.001087786828938988 76
1780314162217 0.0010757742518762825 77
1780314162220 0.001074711573892273 78
1780314162222 0.0010741388460155576 79
1780314162224 0.0010693370305671123 80
1780314162226 0.0010662866145867156 81
1780314162229 0.0010666982048132922 82
1780314162231 0.0010651274698466296 83
1780314162233 0.001063169469780405 84
1780314162235 0.0010619365200545872 85
1780314162237 0.0010636832563614008 86
1780314162240 0.0010577837115124567 87
1780314162242 0.0010582351929770083 88
1780314162244 0.0010581957516114925 89
1780314162246 0.0010551710785512115 90
1780314162249 0.0010532746405806392 91
