1782226414545 0.0 1
1782226414546 0.0 2
1782226414547 0.0 3
1782226414549 0.0 4
1782226414550 0.0 5
1782226414551 0.0 6
1782226414552 0.0 7
1782226414554 0.0 8
1782226414555 0.0 9
1782226414556 0.0 10
1782226414557 0.0 11
1782226414558 0.0 12
1782226414560 0.0 13
1782226414561 0.0 14
1782226414562 0.0 15
1782226414563 0.0 16
1782226414565 0.0 17
1782226414566 0.0 18
1782226414567 0.0 19
1782226414568 0.0 20
1782226414570 0.0 21
1782226414571 0.0 22
1782226414572 0.0 23
1782226414573 0.0 24
1782226414575 0.0 25
1782226414576 0.0 26
1782226414577 0.0 27
1782226414578 0.0 28
1782226414579 0.0 29
1782226414581 0.0 30
1782226414582 0.0 31
1782226414583 0.0 32
1782226414584 0.0 33
1782226414585 0.0 34
1782226414586 0.0 35
1782226414587 0.0 36
1782226414588 0.0 37
1782226414589 0.0 38
1782226414590 0.0 39
1782226414592 0.0 40
1782226414593 0.0 41
1782226414594 0.0 42
1782226414596 0.0 43
1782226414597 0.0 44
1782226414598 0.0 45
1782226414599 0.0 46
1782226414600 0.0 47
1782226414602 0.0 48
1782226414603 0.0 49
1782226414604 0.0 50
1782226414605 0.0 51
1782226414607 0.0 52
1782226414608 0.0 53
1782226414609 0.0 54
1782226414610 0.0 55
1782226414612 0.0 56
1782226414613 0.0 57
1782226414614 0.0 58
1782226414615 0.0 59
1782226414616 0.0 60
1782226414618 0.0 61
1782226414619 0.0 62
1782226414620 0.0 63
1782226414621 0.0 64
1782226414623 0.0 65
1782226414624 0.0 66
1782226414625 0.0 67
1782226414626 0.0 68
1782226414628 0.0 69
1782226414629 0.0 70
1782226414630 0.0 71
1782226414631 0.0 72
1782226414633 0.0 73
1782226414634 0.0 74
1782226414635 0.0 75
1782226414636 0.0 76
1782226414638 0.0 77
1782226414639 0.0 78
1782226414640 0.0 79
1782226414641 0.0 80
1782226414642 0.0 81
1782226414644 0.0 82
1782226414645 0.0 83
