1784117597497 0.0 1
1784117597499 0.0 2
1784117597501 0.0 3
1784117597502 0.0 4
1784117597504 0.0 5
1784117597506 0.0 6
1784117597507 0.0 7
1784117597509 0.0 8
1784117597510 0.0 9
1784117597512 0.0 10
1784117597513 0.0 11
1784117597515 0.0 12
1784117597516 0.0 13
1784117597518 0.0 14
1784117597519 0.0 15
1784117597520 0.0 16
1784117597522 0.0 17
1784117597523 0.0 18
1784117597525 0.0 19
1784117597526 0.0 20
1784117597528 0.0 21
1784117597529 0.0 22
1784117597530 0.0 23
1784117597532 0.0 24
1784117597534 0.0 25
1784117597535 0.0 26
1784117597537 0.0 27
1784117597538 0.0 28
1784117597539 0.0 29
1784117597541 0.0 30
1784117597542 0.0 31
1784117597544 0.0 32
1784117597545 0.0 33
1784117597547 0.0 34
1784117597548 0.0 35
1784117597550 0.0 36
1784117597551 0.0 37
1784117597552 0.0 38
1784117597554 0.0 39
1784117597555 0.0 40
1784117597557 0.0 41
1784117597559 0.0 42
1784117597560 0.0 43
1784117597562 0.0 44
1784117597563 0.0 45
1784117597565 0.0 46
1784117597567 0.0 47
1784117597568 0.0 48
1784117597570 0.0 49
1784117597571 0.0 50
