1784117597338 0.02190460492449347 1
1784117597340 0.003952129472745583 2
1784117597341 0.003636623457132373 3
1784117597343 0.003248520379856927 4
1784117597345 0.00297639895346947 5
1784117597346 0.002876825708372053 6
1784117597348 0.0025018275203183295 7
1784117597350 0.00259711060745758 8
1784117597351 0.0027841464258381164 9
1784117597353 0.002495252702647122 10
1784117597354 0.0022500393629889003 11
1784117597356 0.002157646116684191 12
1784117597358 0.0022229106232407505 13
1784117597359 0.00240689326878055 14
1784117597361 0.0021985938627040015 15
1784117597362 0.0021271553319820668 16
1784117597364 0.0019611415902909355 17
1784117597366 0.0019105377211235464 18
1784117597367 0.001753204518754501 19
1784117597369 0.0016161785426083953 20
1784117597370 0.0015299008619331289 21
1784117597372 0.0014994231263699477 22
1784117597374 0.0014999417315993925 23
1784117597375 0.0014284749442595058 24
1784117597377 0.001371749443205772 25
1784117597378 0.001341926630702801 26
1784117597380 0.0013163395588344428 27
1784117597382 0.0013112815913336818 28
1784117597383 0.001303307769849198 29
1784117597385 0.0012733211745216977 30
1784117597386 0.0012644750640174608 31
1784117597388 0.0012737041300715645 32
1784117597390 0.0012946852917957586 33
1784117597391 0.0013067298387613845 34
1784117597393 0.0012233845434093382 35
1784117597394 0.001185833465133328 36
1784117597396 0.0011553203716903227 37
1784117597398 0.0011458910936198662 38
1784117597399 0.001134150592624792 39
1784117597401 0.0011231113947724224 40
1784117597402 0.0011079160028020852 41
1784117597404 0.001101653665464255 42
1784117597405 0.001095881764558726 43
1784117597407 0.001091132951187319 44
1784117597409 0.0010865730606019496 45
1784117597410 0.0010770593346387614 46
1784117597412 0.0010736959632777143 47
1784117597413 0.0010710758611094206 48
1784117597415 0.0010685037566145184 49
1784117597417 0.001065737184835598 50
