1784117597573 0.0 1
1784117597574 0.0 2
1784117597576 0.0 3
1784117597578 0.0 4
1784117597579 0.0 5
1784117597581 0.0 6
1784117597583 0.0 7
1784117597584 0.0 8
1784117597586 0.0 9
1784117597587 0.0 10
1784117597589 0.0 11
1784117597590 0.0 12
1784117597592 0.0 13
1784117597593 0.0 14
1784117597595 0.0 15
1784117597596 0.0 16
1784117597598 0.0 17
1784117597599 0.0 18
1784117597601 0.0 19
1784117597602 0.0 20
1784117597604 0.0 21
1784117597605 0.0 22
1784117597607 0.0 23
1784117597608 0.0 24
1784117597609 0.0 25
1784117597611 0.0 26
1784117597612 0.0 27
1784117597613 0.0 28
1784117597615 0.0 29
1784117597616 0.0 30
1784117597617 0.0 31
1784117597619 0.0 32
1784117597620 0.0 33
1784117597622 0.0 34
1784117597623 0.0 35
1784117597625 0.0 36
1784117597626 0.0 37
1784117597627 0.0 38
1784117597629 0.0 39
1784117597630 0.0 40
1784117597632 0.0 41
1784117597633 0.0 42
1784117597635 0.0 43
1784117597636 0.0 44
1784117597638 0.0 45
1784117597639 0.0 46
1784117597641 0.0 47
1784117597642 0.0 48
1784117597644 0.0 49
1784117597646 0.0 50
