1785317995681 0.06583922924473881 1
1785317995683 0.006927577862127995 2
1785317995685 0.004124602322796515 3
1785317995687 0.0032326964355888776 4
1785317995688 0.0027436092090889967 5
1785317995690 0.0024972937778026485 6
1785317995692 0.0021981939173808013 7
1785317995693 0.0020785476170810096 8
1785317995695 0.0018323915245370395 9
1785317995697 0.001735689988345257 10
1785317995698 0.0016688185221331272 11
1785317995700 0.0016393148205679608 12
1785317995702 0.0016730784608322816 13
1785317995703 0.001619115681630016 14
1785317995705 0.0015462894712375904 15
1785317995707 0.001492408187671875 16
1785317995708 0.001457311124734891 17
1785317995710 0.0014439362127935359 18
1785317995712 0.001385038369577766 19
1785317995714 0.00136032498479229 20
1785317995715 0.0013710463452298427 21
1785317995717 0.0013606339831312652 22
1785317995719 0.001351556833772823 23
1785317995720 0.0013368645207568382 24
1785317995722 0.0012660851464412796 25
1785317995724 0.0012955156549044962 26
1785317995725 0.0013738074180461505 27
1785317995727 0.0012856435465437243 28
1785317995729 0.001258064980781152 29
1785317995730 0.0012009706137178 30
1785317995732 0.0011734941588050182 31
1785317995734 0.0011607037462454174 32
1785317995735 0.0011696469574720445 33
1785317995737 0.0011461884859575852 34
1785317995739 0.0011807555977914792 35
1785317995740 0.0011536939699605378 36
1785317995742 0.0011607140617949578 37
1785317995744 0.0011335904039394033 38
1785317995745 0.001099015341484725 39
1785317995747 0.0010629342393561577 40
1785317995749 0.0010588405573798809 41
1785317995750 0.0010688714099766608 42
1785317995752 0.0010654752850920582 43
1785317995754 0.0010613286694327448 44
1785317995755 0.0010856134501712707 45
