1780314162522 0.203385486677289 1
1780314162525 0.15807622231543064 2
1780314162527 0.12492456581443548 3
1780314162530 0.10095878392457962 4
1780314162532 0.08205506157130003 5
1780314162534 0.06679299507290125 6
1780314162537 0.05476024186238646 7
1780314162539 0.04527905935421586 8
1780314162541 0.037825993252918126 9
1780314162543 0.03185274536721408 10
1780314162546 0.027021812004968525 11
1780314162548 0.023087624562904238 12
1780314162550 0.01983525768853724 13
1780314162552 0.017143688038922845 14
1780314162554 0.014907661126926541 15
1780314162557 0.013043354582041502 16
1780314162559 0.011480872556567191 17
1780314162561 0.010149238896556199 18
1780314162563 0.009034378493670375 19
1780314162565 0.008088223226368428 20
1780314162568 0.007280260256957263 21
1780314162570 0.006597455572336913 22
1780314162572 0.006020858499687165 23
1780314162574 0.005502440377604216 24
1780314162577 0.005046641732333228 25
1780314162579 0.004639267545426265 26
1780314162581 0.004291005212580785 27
1780314162583 0.003988452003104612 28
1780314162585 0.003719877243274823 29
1780314162588 0.0034844398824498057 30
1780314162590 0.0032699866709299387 31
1780314162592 0.0030783458455698564 32
1780314162594 0.002910298821516335 33
1780314162597 0.0027542007761076092 34
1780314162599 0.002622764498810284 35
1780314162601 0.0025059620884712785 36
1780314162603 0.00239963514264673 37
1780314162606 0.0022978443413740023 38
1780314162608 0.0022028439550194887 39
1780314162610 0.002119484621216543 40
1780314162612 0.0020511094419634903 41
1780314162615 0.0019741178429103457 42
1780314162617 0.0019170931645203382 43
1780314162619 0.001867083251127042 44
1780314162621 0.0018193444414646364 45
1780314162624 0.0017689365439582617 46
1780314162626 0.0017223838827339932 47
1780314162628 0.0016823742803535424 48
1780314162630 0.0016551322370651179 49
1780314162632 0.0016178945335559548 50
1780314162635 0.0015837864232889842 51
1780314162637 0.001566923604113981 52
1780314162639 0.0015346278480137699 53
1780314162641 0.0015066319231118541 54
1780314162643 0.0014875223486160395 55
1780314162646 0.0014669920965388883 56
1780314162648 0.0014636655429785606 57
1780314162650 0.0014458974587614648 58
1780314162652 0.0014158341466099956 59
1780314162655 0.001392001822387101 60
1780314162657 0.0013857072073733435 61
1780314162659 0.0013762360355758574 62
1780314162661 0.0013583424495300278 63
1780314162664 0.0013387329115357716 64
1780314162666 0.001330958308026311 65
1780314162668 0.0013228901358525037 66
1780314162670 0.001316976279267692 67
1780314162672 0.0013055065833759726 68
1780314162675 0.0012958798525505699 69
1780314162677 0.001282415941459476 70
1780314162679 0.0012688237767724787 71
1780314162681 0.0012612842048838502 72
1780314162683 0.0012527235418383499 73
1780314162686 0.001246007642694167 74
1780314162688 0.001256045150803402 75
1780314162690 0.0012668629155814415 76
1780314162692 0.0012535969581222162 77
1780314162695 0.0012306003456615145 78
1780314162697 0.001215562781508197 79
1780314162699 0.0012086549642845057 80
1780314162701 0.0012034161076007876 81
1780314162703 0.0012042366365494672 82
1780314162706 0.0011960266318783398 83
1780314162708 0.0011937321549339685 84
1780314162710 0.0011888267225731398 85
1780314162712 0.0011839282701839693 86
1780314162715 0.001189567381152301 87
1780314162717 0.0011846071146283067 88
1780314162719 0.001181687412026804 89
1780314162721 0.0011704578176431823 90
1780314162724 0.0011574305743124568 91
1780314162726 0.0011557922575593693 92
1780314162729 0.0011572261183755471 93
1780314162731 0.0011629832170001464 94
1780314162735 0.0011668939436640358 95
1780314162737 0.0011618018912849949 96
1780314162740 0.0011473615087743384 97
1780314162742 0.0011411276143917348 98
1780314162745 0.001133886703682947 99
1780314162747 0.001128790407528868 100
1780314162749 0.0011288813719147583 101
1780314162751 0.0011256171652348711 102
1780314162753 0.0011219657237961655 103
1780314162756 0.001112252416278352 104
1780314162758 0.0011020819254190428 105
1780314162760 0.0010979709095408907 106
1780314162762 0.0010955019144603285 107
1780314162765 0.0010934412963979412 108
1780314162767 0.0010916072012332734 109
1780314162769 0.0010899010465800529 110
1780314162771 0.0010886898452008608 111
1780314162774 0.0010870385194721166 112
1780314162776 0.0010836651583667845 113
1780314162778 0.001082112636140664 114
