1783727596110 0.01636170602432685 1
1783727596111 0.003955787695886102 2
1783727596112 0.003772103019291535 3
1783727596113 0.003667415692762006 4
1783727596115 0.003492104718752671 5
1783727596116 0.003457099205988925 6
1783727596117 0.0031433157349238174 7
1783727596118 0.0031071395089384167 8
1783727596119 0.003042343479464762 9
1783727596121 0.002728112140466692 10
1783727596122 0.0026543853897601365 11
1783727596123 0.0025405751910875553 12
1783727596124 0.0027088207259657795 13
1783727596125 0.0024255109990190247 14
1783727596127 0.0020020334991568234 15
1783727596128 0.001866162205405999 16
1783727596129 0.0017915335923316888 17
1783727596130 0.0017345675572869369 18
1783727596131 0.0017664208764472278 19
1783727596133 0.001652660504769301 20
1783727596134 0.0016330982455110643 21
1783727596135 0.0015694602712756022 22
1783727596136 0.0015746363148355159 23
1783727596137 0.0017458457979228114 24
1783727596138 0.0017432790882594418 25
1783727596140 0.0015238762599619803 26
1783727596141 0.0014980383797228568 27
1783727596142 0.001541529303358402 28
1783727596143 0.0016960723102965858 29
1783727596144 0.0015993569033889799 30
1783727596145 0.001504580359760439 31
1783727596146 0.001486744309295318 32
1783727596148 0.0014468213035434018 33
1783727596149 0.00142148569560959 34
1783727596150 0.0014552772718889172 35
1783727596151 0.0014181148356874472 36
1783727596152 0.0014018832889269106 37
1783727596154 0.0013291486652451568 38
1783727596155 0.0013515274313976988 39
1783727596156 0.0012906870158622041 40
1783727596157 0.001498266891358071 41
1783727596158 0.0013501895672379761 42
1783727596159 0.0011937551137816626 43
1783727596161 0.0011582191624620465 44
1783727596162 0.001135311021716916 45
1783727596163 0.001125079304401879 46
1783727596164 0.0011108780599897727 47
1783727596165 0.0011214260394626762 48
1783727596166 0.0010995632371486863 49
1783727596167 0.001132854837778723 50
1783727596169 0.0011141407037939643 51
1783727596170 0.0011267359006160405 52
1783727596171 0.0010655782162211835 53
1783727596172 0.0010478053219412685 54
1783727596173 0.0010504159985430307 55
1783727596174 0.0010389021744049388 56
1783727596176 0.0010250968528998782 57
1783727596177 0.001019825534458505 58
1783727596178 0.0010056544267717982 59
1783727596179 0.00099427515611751 60
1783727596180 0.0009944130037183641 61
1783727596181 0.0009826704517763574 62
1783727596183 0.0009325041088595753 63
1783727596184 0.0009111705578106922 64
1783727596185 0.0008931623851822224 65
1783727596186 0.0008948983697337099 66
1783727596187 0.0008859428489813581 67
1783727596188 0.0008788991345500108 68
1783727596190 0.0008761775100720115 69
1783727596191 0.0008700364726973931 70
1783727596192 0.0008801814929029206 71
1783727596193 0.0008806606048892718 72
1783727596194 0.0008566499788139481 73
1783727596195 0.0008487353562668432 74
1783727596197 0.0008462590455746977 75
1783727596198 0.0008435443480266259 76
1783727596199 0.0008305243270297069 77
1783727596200 0.00081084320168884 78
1783727596201 0.0008025827890378423 79
1783727596202 0.0007993959786108462 80
1783727596203 0.0007955941629188601 81
1783727596205 0.000791901538541424 82
1783727596206 0.0007868136249453528 83
1783727596207 0.0007880533284333068 84
1783727596208 0.0007820969344902551 85
1783727596209 0.000782708620899939 86
1783727596210 0.0007789168389717815 87
1783727596212 0.0007662755405181088 88
1783727596213 0.0007636684674071148 89
1783727596214 0.0007603079763066489 90
1783727596215 0.0007609895485802553 91
1783727596216 0.0007599478803604143 92
1783727596217 0.0007582188515516463 93
1783727596219 0.0007546190237917472 94
1783727596220 0.0007506646858382737 95
1783727596221 0.0007509614897571737 96
1783727596222 0.000749905043412582 97
1783727596223 0.0007483650620270055 98
1783727596224 0.0007478542352328077 99
1783727596225 0.0007435472259385279 100
1783727596227 0.0007458654415677301 101
1783727596228 0.0007427830468805042 102
1783727596229 0.0007410886499565095 103
1783727596230 0.0007405700550589245 104
1783727596231 0.0007416807080153375 105
1783727596232 0.0007408180156198796 106
1783727596234 0.0007400756476272363 107
1783727596235 0.0007392593525582925 108
1783727596236 0.0007373600279242964 109
1783727596237 0.0007371849157789257 110
