1783727596485 0.0 1
1783727596486 0.0 2
1783727596487 0.0 3
1783727596488 0.0 4
1783727596489 0.0 5
1783727596490 0.0 6
1783727596491 0.0 7
1783727596492 0.0 8
1783727596493 0.0 9
1783727596495 0.0 10
1783727596496 0.0 11
1783727596497 0.0 12
1783727596498 0.0 13
1783727596499 0.0 14
1783727596500 0.0 15
1783727596501 0.0 16
1783727596502 0.0 17
1783727596503 0.0 18
1783727596504 0.0 19
1783727596505 0.0 20
1783727596507 0.0 21
1783727596508 0.0 22
1783727596509 0.0 23
1783727596510 0.0 24
1783727596511 0.0 25
1783727596512 0.0 26
1783727596513 0.0 27
1783727596514 0.0 28
1783727596515 0.0 29
1783727596516 0.0 30
1783727596517 0.0 31
1783727596518 0.0 32
1783727596519 0.0 33
1783727596520 0.0 34
1783727596521 0.0 35
1783727596522 0.0 36
1783727596523 0.0 37
1783727596525 0.0 38
1783727596526 0.0 39
1783727596527 0.0 40
1783727596528 0.0 41
1783727596529 0.0 42
1783727596530 0.0 43
1783727596531 0.0 44
1783727596532 0.0 45
1783727596533 0.0 46
1783727596535 0.0 47
1783727596536 0.0 48
1783727596537 0.0 49
1783727596538 0.0 50
1783727596539 0.0 51
1783727596540 0.0 52
1783727596541 0.0 53
1783727596542 0.0 54
1783727596543 0.0 55
1783727596544 0.0 56
1783727596545 0.0 57
1783727596546 0.0 58
1783727596547 0.0 59
1783727596548 0.0 60
1783727596549 0.0 61
1783727596550 0.0 62
1783727596551 0.0 63
1783727596552 0.0 64
1783727596553 0.0 65
1783727596554 0.0 66
1783727596555 0.0 67
1783727596556 0.0 68
1783727596557 0.0 69
1783727596558 0.0 70
1783727596559 0.0 71
1783727596560 0.0 72
1783727596561 0.0 73
1783727596562 0.0 74
1783727596563 0.0 75
1783727596564 0.0 76
1783727596565 0.0 77
1783727596567 0.0 78
1783727596568 0.0 79
1783727596569 0.0 80
1783727596570 0.0 81
1783727596571 0.0 82
1783727596572 0.0 83
1783727596572 0.0 84
1783727596573 0.0 85
1783727596574 0.0 86
1783727596575 0.0 87
1783727596576 0.0 88
1783727596577 0.0 89
1783727596578 0.0 90
1783727596579 0.0 91
1783727596580 0.0 92
1783727596582 0.0 93
1783727596583 0.0 94
1783727596584 0.0 95
1783727596585 0.0 96
1783727596586 0.0 97
1783727596587 0.0 98
1783727596588 0.0 99
1783727596589 0.0 100
1783727596590 0.0 101
1783727596591 0.0 102
1783727596592 0.0 103
1783727596593 0.0 104
1783727596594 0.0 105
1783727596595 0.0 106
1783727596597 0.0 107
1783727596598 0.0 108
1783727596599 0.0 109
1783727596600 0.0 110
