1782581350268 0.12746989902108907 1
1782581350269 0.044386693267151715 2
1782581350270 0.02117264802567661 3
1782581350271 0.012670021741651 4
1782581350272 0.008682662805076688 5
1782581350273 0.006599427871406078 6
1782581350274 0.00519002900691703 7
1782581350276 0.004257522684056312 8
1782581350277 0.003637766723986715 9
1782581350278 0.0031624121725326404 10
1782581350279 0.0028636860084952785 11
1782581350280 0.0025799979933071883 12
1782581350281 0.0023863203736254946 13
1782581350282 0.00227037827600725 14
1782581350283 0.0020775254181353373 15
1782581350284 0.0019893913104897364 16
1782581350285 0.0019850909995147957 17
1782581350286 0.0018087651298264974 18
1782581350287 0.001657865532906726 19
1782581350288 0.0016115999245084822 20
1782581350289 0.0015744670014828444 21
1782581350291 0.0015836273931199684 22
1782581350292 0.0014887870734673924 23
1782581350293 0.001487541380629409 24
1782581350294 0.0014698581985430792 25
1782581350295 0.0013973245753732045 26
1782581350296 0.0013291245602886192 27
1782581350297 0.0012687917138100601 28
1782581350298 0.0013250819793029223 29
1782581350299 0.001260568138823146 30
1782581350300 0.001226854322012514 31
1782581350301 0.0011899229770642706 32
1782581350302 0.0011830196213850285 33
1782581350303 0.0011783357465901644 34
1782581350304 0.0011287970541161486 35
1782581350305 0.0011342571457498708 36
1782581350307 0.0011076342129672412 37
1782581350308 0.0010947637293429579 38
1782581350309 0.0011408459090307588 39
1782581350310 0.0011095586980809458 40
1782581350311 0.0010726159495970933 41
1782581350312 0.0010834755044925259 42
1782581350313 0.0010646025893947808 43
1782581350314 0.0009551025429391302 44
1782581350315 0.0009211433066957397 45
1782581350316 0.0009041993478604126 46
1782581350317 0.0008908961194538279 47
1782581350318 0.0008814254555181833 48
1782581350319 0.0008743696360033937 49
1782581350320 0.0008671001722541405 50
1782581350321 0.0008596370422310429 51
1782581350322 0.0008431597945309477 52
1782581350323 0.0008354058137047105 53
1782581350325 0.0008302610561804613 54
1782581350326 0.0008260021342721302 55
1782581350327 0.0008237240128073608 56
1782581350328 0.0008183195151286782 57
1782581350329 0.000809906336471613 58
1782581350330 0.0008035893018677598 59
1782581350331 0.000800104734589695 60
1782581350332 0.0007967452248703921 61
1782581350333 0.0007940135561148053 62
1782581350334 0.0007907156915098313 63
1782581350335 0.0007873136714624707 64
1782581350336 0.0007829080380179221 65
1782581350337 0.0007806458622508217 66
1782581350338 0.0007788064214037149 67
1782581350339 0.0007769634327996755 68
1782581350340 0.0007750950493937126 69
1782581350341 0.0007732342476811028 70
1782581350343 0.0007712992091910564 71
1782581350344 0.0007686040097541991 72
1782581350345 0.0007674819043677417 73
