1782581350423 0.0 1
1782581350424 0.0 2
1782581350425 0.0 3
1782581350426 0.0 4
1782581350427 0.0 5
1782581350428 0.0 6
1782581350429 0.0 7
1782581350430 0.0 8
1782581350431 0.0 9
1782581350433 0.0 10
1782581350434 0.0 11
1782581350435 0.0 12
1782581350436 0.0 13
1782581350437 0.0 14
1782581350438 0.0 15
1782581350439 0.0 16
1782581350440 0.0 17
1782581350441 0.0 18
1782581350442 0.0 19
1782581350443 0.0 20
1782581350444 0.0 21
1782581350445 0.0 22
1782581350446 0.0 23
1782581350447 0.0 24
1782581350448 0.0 25
1782581350449 0.0 26
1782581350450 0.0 27
1782581350451 0.0 28
1782581350452 0.0 29
1782581350453 0.0 30
1782581350455 0.0 31
1782581350456 0.0 32
1782581350457 0.0 33
1782581350458 0.0 34
1782581350459 0.0 35
1782581350460 0.0 36
1782581350461 0.0 37
1782581350462 0.0 38
1782581350463 0.0 39
1782581350464 0.0 40
1782581350465 0.0 41
1782581350466 0.0 42
1782581350467 0.0 43
1782581350468 0.0 44
1782581350469 0.0 45
1782581350470 0.0 46
1782581350471 0.0 47
1782581350472 0.0 48
1782581350473 0.0 49
1782581350474 0.0 50
1782581350475 0.0 51
1782581350477 0.0 52
1782581350478 0.0 53
1782581350479 0.0 54
1782581350480 0.0 55
1782581350481 0.0 56
1782581350482 0.0 57
1782581350483 0.0 58
1782581350484 0.0 59
1782581350485 0.0 60
1782581350486 0.0 61
1782581350487 0.0 62
1782581350488 0.0 63
1782581350489 0.0 64
1782581350490 0.0 65
1782581350491 0.0 66
1782581350492 0.0 67
1782581350493 0.0 68
1782581350494 0.0 69
1782581350495 0.0 70
1782581350496 0.0 71
1782581350498 0.0 72
1782581350499 0.0 73
