1782581350500 0.0 1
1782581350501 0.0 2
1782581350502 0.0 3
1782581350503 0.0 4
1782581350504 0.0 5
1782581350505 0.0 6
1782581350506 0.0 7
1782581350507 0.0 8
1782581350508 0.0 9
1782581350509 0.0 10
1782581350510 0.0 11
1782581350511 0.0 12
1782581350512 0.0 13
1782581350513 0.0 14
1782581350514 0.0 15
1782581350515 0.0 16
1782581350516 0.0 17
1782581350517 0.0 18
1782581350519 0.0 19
1782581350520 0.0 20
1782581350521 0.0 21
1782581350521 0.0 22
1782581350522 0.0 23
1782581350523 0.0 24
1782581350524 0.0 25
1782581350525 0.0 26
1782581350526 0.0 27
1782581350527 0.0 28
1782581350528 0.0 29
1782581350529 0.0 30
1782581350530 0.0 31
1782581350531 0.0 32
1782581350532 0.0 33
1782581350533 0.0 34
1782581350534 0.0 35
1782581350535 0.0 36
1782581350536 0.0 37
1782581350537 0.0 38
1782581350538 0.0 39
1782581350538 0.0 40
1782581350539 0.0 41
1782581350540 0.0 42
1782581350541 0.0 43
1782581350542 0.0 44
1782581350543 0.0 45
1782581350544 0.0 46
1782581350545 0.0 47
1782581350546 0.0 48
1782581350547 0.0 49
1782581350548 0.0 50
1782581350548 0.0 51
1782581350549 0.0 52
1782581350550 0.0 53
1782581350551 0.0 54
1782581350553 0.0 55
1782581350553 0.0 56
1782581350554 0.0 57
1782581350555 0.0 58
1782581350556 0.0 59
1782581350557 0.0 60
1782581350558 0.0 61
1782581350559 0.0 62
1782581350559 0.0 63
1782581350560 0.0 64
1782581350561 0.0 65
1782581350562 0.0 66
1782581350563 0.0 67
1782581350565 0.0 68
1782581350566 0.0 69
1782581350567 0.0 70
1782581350568 0.0 71
1782581350569 0.0 72
1782581350570 0.0 73
