1780314202406 0.1647063569786648 1
1780314202407 0.057360065262764694 2
1780314202408 0.02505728913626323 3
1780314202410 0.014246196780974666 4
1780314202411 0.009715421899454669 5
1780314202412 0.0072624253167305145 6
1780314202413 0.0058015859152267995 7
1780314202415 0.00478063882716621 8
1780314202416 0.004105907492339611 9
1780314202417 0.0036262813436527116 10
1780314202418 0.0032427324113086797 11
1780314202419 0.002894498669775203 12
1780314202421 0.0026997728452746133 13
1780314202422 0.0024514496049960143 14
1780314202423 0.0022849975119849358 15
1780314202424 0.002173787259137801 16
1780314202426 0.0020439970212464686 17
1780314202427 0.0020071078649683233 18
1780314202428 0.0019595749021391385 19
1780314202429 0.0018063860278440794 20
1780314202431 0.0017985901870512559 21
1780314202432 0.0017146145767280056 22
1780314202433 0.0016829393263227152 23
1780314202434 0.0016233984622279725 24
1780314202436 0.0015962013852307184 25
1780314202437 0.001535751077729704 26
1780314202438 0.0015225124723656335 27
1780314202439 0.001560188900718155 28
1780314202440 0.0015107726273223914 29
1780314202442 0.0014699283218457518 30
1780314202443 0.001456114366131563 31
1780314202444 0.0013886850722580372 32
1780314202445 0.0014174430417673042 33
1780314202446 0.0013772863766159085 34
1780314202448 0.0013622556247961863 35
1780314202449 0.0013309893495412931 36
1780314202450 0.001297041406602754 37
1780314202451 0.0013074538578318122 38
1780314202453 0.001288147581362864 39
1780314202454 0.0012823833677733396 40
1780314202455 0.0013144019217482612 41
1780314202456 0.0013009546578056567 42
1780314202457 0.0013018918654173226 43
1780314202459 0.0012441575170669239 44
1780314202460 0.0012071829908866978 45
1780314202461 0.0012170353143422592 46
1780314202462 0.0012138088861320285 47
1780314202464 0.0011696511783156893 48
1780314202465 0.0011570352286071283 49
1780314202466 0.0011723814896564969 50
1780314202467 0.0011932744930163608 51
1780314202469 0.001173309833635964 52
1780314202470 0.0011554756298210122 53
1780314202471 0.0011828743383982025 54
1780314202472 0.0011822593245597091 55
1780314202473 0.0012043031650440146 56
1780314202475 0.001121863950356783 57
1780314202476 0.001163402932191578 58
1780314202477 0.0011387070218916052 59
1780314202478 0.0011434591625099225 60
1780314202479 0.0011258215442164026 61
1780314202481 0.0010855591484869366 62
1780314202482 0.0010725229688735756 63
1780314202483 0.0011159754839051553 64
1780314202484 0.0010598879691921562 65
1780314202486 0.0010309637123403566 66
1780314202487 0.001042291601334 67
1780314202488 0.0010777377673851637 68
1780314202489 0.0010448232167012369 69
1780314202490 0.0010484268786967732 70
1780314202492 0.0010537380366561896 71
1780314202493 0.0010756419759369842 72
1780314202494 0.0010931400627062734 73
1780314202495 0.0010429340592357525 74
1780314202496 0.0009936062395354383 75
