1785240510540 0.0 1
1785240510541 0.0 2
1785240510542 0.0 3
1785240510543 0.0 4
1785240510544 0.0 5
1785240510546 0.0 6
1785240510547 0.0 7
1785240510548 0.0 8
1785240510549 0.0 9
1785240510551 0.0 10
1785240510552 0.0 11
1785240510553 0.0 12
1785240510554 0.0 13
1785240510556 0.0 14
1785240510557 0.0 15
1785240510558 0.0 16
1785240510559 0.0 17
1785240510561 0.0 18
1785240510562 0.0 19
1785240510563 0.0 20
1785240510564 0.0 21
1785240510566 0.0 22
1785240510567 0.0 23
1785240510568 0.0 24
1785240510569 0.0 25
1785240510571 0.0 26
1785240510572 0.0 27
1785240510573 0.0 28
1785240510574 0.0 29
1785240510576 0.0 30
1785240510577 0.0 31
1785240510578 0.0 32
1785240510579 0.0 33
1785240510581 0.0 34
1785240510582 0.0 35
1785240510583 0.0 36
1785240510584 0.0 37
1785240510585 0.0 38
1785240510587 0.0 39
1785240510588 0.0 40
1785240510589 0.0 41
1785240510590 0.0 42
1785240510592 0.0 43
1785240510593 0.0 44
1785240510594 0.0 45
1785240510595 0.0 46
1785240510597 0.0 47
1785240510598 0.0 48
1785240510599 0.0 49
1785240510600 0.0 50
