1785240510602 0.0 1
1785240510603 0.0 2
1785240510604 0.0 3
1785240510605 0.0 4
1785240510607 0.0 5
1785240510608 0.0 6
1785240510609 0.0 7
1785240510611 0.0 8
1785240510612 0.0 9
1785240510613 0.0 10
1785240510614 0.0 11
1785240510616 0.0 12
1785240510617 0.0 13
1785240510618 0.0 14
1785240510619 0.0 15
1785240510621 0.0 16
1785240510622 0.0 17
1785240510623 0.0 18
1785240510624 0.0 19
1785240510625 0.0 20
1785240510627 0.0 21
1785240510628 0.0 22
1785240510629 0.0 23
1785240510631 0.0 24
1785240510632 0.0 25
1785240510633 0.0 26
1785240510634 0.0 27
1785240510635 0.0 28
1785240510636 0.0 29
1785240510638 0.0 30
1785240510639 0.0 31
1785240510640 0.0 32
1785240510641 0.0 33
1785240510643 0.0 34
1785240510644 0.0 35
1785240510645 0.0 36
1785240510646 0.0 37
1785240510648 0.0 38
1785240510649 0.0 39
1785240510650 0.0 40
1785240510651 0.0 41
1785240510652 0.0 42
1785240510654 0.0 43
1785240510655 0.0 44
1785240510656 0.0 45
1785240510657 0.0 46
1785240510659 0.0 47
1785240510660 0.0 48
1785240510661 0.0 49
1785240510662 0.0 50
