1780314156856 0.14409350980073213 1
1780314156858 0.05692627668380737 2
1780314156861 0.029702460654079915 3
1780314156863 0.018357386072166262 4
1780314156868 0.012661692555993795 5
1780314156870 0.00928550262702629 6
1780314156872 0.007294152134563774 7
1780314156876 0.005946270356653258 8
1780314156878 0.004874229017877952 9
1780314156881 0.004234570498811081 10
1780314156883 0.0037725063448306173 11
1780314156885 0.0033539255324285477 12
1780314156887 0.003077939208596945 13
1780314156890 0.0027914675866486504 14
1780314156892 0.002513621163670905 15
1780314156894 0.0023646558489417656 16
1780314156896 0.002236469433410093 17
1780314156899 0.0021373346290783956 18
1780314156901 0.002134556836099364 19
1780314156903 0.002048341467161663 20
1780314156905 0.0018402531088213437 21
1780314156908 0.0017352501003188082 22
1780314156910 0.0016968272617668846 23
1780314156912 0.0016722060061874799 24
1780314156914 0.0016238270010217092 25
1780314156917 0.0015745669830357655 26
1780314156919 0.0015643984886992257 27
1780314156921 0.0015329580442630685 28
1780314156923 0.0014908304464188405 29
1780314156926 0.0014568039802543354 30
1780314156928 0.0014255503260937985 31
1780314156931 0.00140499295128393 32
1780314156933 0.0014205162682628726 33
1780314156936 0.0014321562337863724 34
1780314156938 0.001349181073019281 35
1780314156941 0.0013064185337862 36
1780314156943 0.0013110610320291017 37
1780314156945 0.001247284118726384 38
1780314156948 0.001267806489340728 39
1780314156950 0.0012644877618004102 40
1780314156953 0.0012513433085405267 41
1780314156955 0.001234748909046175 42
1780314156957 0.0012414010007341858 43
1780314156959 0.001204567628883524 44
1780314156962 0.0012087053790310164 45
1780314156964 0.0011933102062903344 46
1780314156966 0.0011859828008164185 47
1780314156968 0.0011641345870884833 48
1780314156970 0.0011558648457867093 49
1780314156973 0.0011049893405288458 50
1780314156975 0.00103204016253585 51
1780314156977 0.0010176878375204978 52
1780314156979 0.0010063590177014704 53
1780314156982 0.0010042674580472521 54
1780314156984 0.0009992322850303026 55
1780314156986 0.0010012266498961252 56
1780314156988 0.0010082242409407626 57
1780314156991 0.0010077652351901634 58
1780314156993 0.0010067543236800703 59
1780314156995 0.0009910355488682398 60
1780314156998 0.0009684298363572452 61
1780314157000 0.0009434425045037642 62
1780314157003 0.0009339795076812151 63
1780314157005 0.0009298060109722428 64
1780314157008 0.0009241786794882501 65
1780314157010 0.0009224802313110559 66
1780314157012 0.0009206341573735699 67
1780314157015 0.0009206331500172382 68
1780314157017 0.0009206113852997077 69
1780314157020 0.0009183701461006422 70
1780314157022 0.0009096256735938368 71
1780314157025 0.0008998362838246976 72
1780314157027 0.0008947957487180247 73
1780314157029 0.0008921569793164962 74
1780314157031 0.0008894356774908374 75
1780314157033 0.0008900151056150207 76
1780314157036 0.0008872071940277238 77
1780314157038 0.0008864807104691863 78
1780314157040 0.0008846915722460835 79
1780314157042 0.0008817481783262338 80
1780314157045 0.0008792221188923577 81
1780314157047 0.0008734032514985301 82
1780314157049 0.0008730444217871991 83
1780314157051 0.0008715223378385418 84
1780314157053 0.000871136865534936 85
1780314157056 0.0008690929212389164 86
1780314157058 0.0008686641386520933 87
1780314157060 0.0008681653212261153 88
1780314157062 0.0008664364085416309 89
1780314157065 0.0008655034424373298 90
1780314157067 0.0008635893756581936 91
1780314157069 0.0008632224078974105 92
1780314157072 0.0008608818212451297 93
1780314157074 0.0008608258648382616 94
1780314157076 0.0008598815065488452 95
