1783890359789 0.0 1
1783890359791 0.0 2
1783890359792 0.0 3
1783890359793 0.0 4
1783890359794 0.0 5
1783890359795 0.0 6
1783890359796 0.0 7
1783890359798 0.0 8
1783890359799 0.0 9
1783890359800 0.0 10
1783890359801 0.0 11
1783890359802 0.0 12
1783890359803 0.0 13
1783890359805 0.0 14
1783890359806 0.0 15
1783890359807 0.0 16
1783890359808 0.0 17
1783890359809 0.0 18
1783890359810 0.0 19
1783890359812 0.0 20
1783890359813 0.0 21
1783890359814 0.0 22
1783890359815 0.0 23
1783890359817 0.0 24
1783890359818 0.0 25
1783890359819 0.0 26
1783890359820 0.0 27
1783890359821 0.0 28
1783890359822 0.0 29
1783890359824 0.0 30
1783890359825 0.0 31
1783890359826 0.0 32
1783890359827 0.0 33
1783890359828 0.0 34
1783890359829 0.0 35
1783890359831 0.0 36
1783890359832 0.0 37
1783890359833 0.0 38
1783890359834 0.0 39
1783890359835 0.0 40
1783890359836 0.0 41
1783890359838 0.0 42
1783890359839 0.0 43
1783890359840 0.0 44
1783890359841 0.0 45
1783890359842 0.0 46
1783890359844 0.0 47
1783890359845 0.0 48
1783890359846 0.0 49
1783890359847 0.0 50
1783890359848 0.0 51
1783890359849 0.0 52
1783890359850 0.0 53
1783890359852 0.0 54
1783890359853 0.0 55
1783890359854 0.0 56
1783890359855 0.0 57
1783890359856 0.0 58
1783890359857 0.0 59
1783890359859 0.0 60
1783890359860 0.0 61
1783890359861 0.0 62
1783890359862 0.0 63
1783890359863 0.0 64
1783890359864 0.0 65
1783890359866 0.0 66
1783890359867 0.0 67
1783890359868 0.0 68
1783890359869 0.0 69
1783890359870 0.0 70
1783890359871 0.0 71
1783890359873 0.0 72
1783890359874 0.0 73
1783890359875 0.0 74
1783890359876 0.0 75
