1783890359521 0.025591809225734324 1
1783890359523 0.00377842351939762 2
1783890359524 0.0036152228227001614 3
1783890359525 0.0037359850987559186 4
1783890359527 0.003301385037484579 5
1783890359528 0.003011686001555063 6
1783890359529 0.002928353562601842 7
1783890359530 0.002776221685780911 8
1783890359532 0.0029546682015643456 9
1783890359533 0.002581867949775187 10
1783890359534 0.0025371354265371336 11
1783890359536 0.0026593938904989046 12
1783890359537 0.0022058744927926453 13
1783890359538 0.002201276419946225 14
1783890359540 0.0021576101378013844 15
1783890359541 0.001987260956520913 16
1783890359542 0.002300118509447202 17
1783890359543 0.002082083249115385 18
1783890359545 0.0019282083561120089 19
1783890359546 0.001694874259264907 20
1783890359547 0.0018687076393689495 21
1783890359549 0.0017144229376572185 22
1783890359550 0.00171803371864371 23
1783890359551 0.001611356895591598 24
1783890359552 0.0017148599089705386 25
1783890359554 0.0015555153427703771 26
1783890359555 0.0015244645899656461 27
1783890359556 0.0017727598917554133 28
1783890359558 0.0017466327267175075 29
1783890359559 0.0014990620531898458 30
1783890359560 0.0014602543268847513 31
1783890359561 0.0014094973288592883 32
1783890359563 0.001410987170165754 33
1783890359564 0.0014450695003324653 34
1783890359565 0.0013902943727589446 35
1783890359566 0.0013915733806061327 36
1783890359567 0.0013842209494760026 37
1783890359569 0.0015017943108978215 38
1783890359570 0.0013947377288423012 39
1783890359571 0.001381045575835742 40
1783890359572 0.0014910740409686696 41
1783890359573 0.0012476008471276146 42
1783890359574 0.0011310385171964298 43
1783890359576 0.0010644574875186663 44
1783890359577 0.0010325882412143984 45
1783890359578 0.0010146401741803856 46
1783890359579 0.0010073662290960783 47
1783890359580 0.0009934161222918193 48
1783890359581 0.0009973431180696935 49
1783890359583 0.0009823190282622818 50
1783890359584 0.0009752759540424449 51
1783890359585 0.0009804852097295225 52
1783890359586 0.0009235873875149992 53
1783890359587 0.0008716012790682726 54
1783890359589 0.0008569003522279672 55
1783890359590 0.0008428638670011423 56
1783890359591 0.0008290702463273192 57
1783890359592 0.0008228683631023159 58
1783890359593 0.0008149309248256031 59
1783890359594 0.0007890485923417145 60
1783890359596 0.0007784920820267871 61
1783890359597 0.0007727186704869383 62
1783890359598 0.0007654411333351163 63
1783890359599 0.0007612148324551526 64
1783890359600 0.0007556486215617042 65
1783890359602 0.0007509765491704457 66
1783890359603 0.0007371217854961287 67
1783890359604 0.0007320895958400798 68
1783890359605 0.0007284946254367242 69
1783890359606 0.000725473307975335 70
1783890359607 0.0007219446222006809 71
1783890359609 0.0007190463395818369 72
1783890359610 0.0007157825951435371 73
1783890359611 0.0007088466112327296 74
1783890359612 0.000706786984228529 75
