1782558528580 0.11033484991639853 1
1782558528582 0.28208824375644326 2
1782558528583 0.2256193513609469 3
1782558528584 0.21013435170054437 4
1782558528585 0.24635709825903176 5
1782558528586 0.13688753990456462 6
1782558528587 0.07538537402637303 7
1782558528589 0.09702147048898041 8
1782558528590 0.1250440959353 9
1782558528591 0.07567387172020971 10
1782558528592 0.2587575548235327 11
1782558528593 0.27763051229529084 12
1782558528594 0.18631404886953531 13
1782558528595 0.09931018087081611 14
1782558528597 0.06237402891740203 15
1782558528598 0.04232011595740914 16
1782558528599 0.03832263981923461 17
1782558528600 0.034185258327052 18
1782558528601 0.03356485906988382 19
1782558528602 0.033167063100263475 20
1782558528603 0.030107417115941643 21
1782558528604 0.031077797058969736 22
1782558528605 0.037534613907337186 23
1782558528606 0.12655585983768106 24
1782558528607 0.10079607366584241 25
1782558528608 0.13777135107666255 26
1782558528609 0.060705443220213054 27
1782558528610 0.06260356969200075 28
1782558528611 0.040818883627653124 29
1782558528612 0.02959324361756444 30
1782558528613 0.031775589901953935 31
1782558528614 0.041529334587976335 32
1782558528615 0.04788366058841348 33
1782558528617 0.04842042262200266 34
1782558528618 0.05610130385495722 35
1782558528619 0.07206523921340705 36
1782558528620 0.08920789328869433 37
1782558528621 0.06474489246495069 38
1782558528622 0.03064464972820133 39
1782558528623 0.01926746598444879 40
1782558528624 0.016507624736987053 41
1782558528625 0.015812568156979977 42
1782558528626 0.01551608209963888 43
1782558528627 0.014205365856178105 44
1782558528628 0.013410860484000295 45
1782558528629 0.013041438951622695 46
1782558528630 0.012970464704558253 47
1782558528631 0.012885566265322269 48
1782558528632 0.013850040424149484 49
1782558528633 0.016628765687346458 50
1782558528634 0.019397713236976415 51
1782558528635 0.037472271765582266 52
1782558528636 0.04196876649977639 53
1782558528637 0.029461599248461427 54
1782558528638 0.03002142600249499 55
1782558528639 0.017902912460267543 56
1782558528640 0.01252519067376852 57
1782558528641 0.01121560179395601 58
1782558528643 0.010891888379119337 59
1782558528644 0.010477190690580755 60
1782558528645 0.01023262126604095 61
1782558528646 0.010056939157657326 62
1782558528647 0.009932814869098366 63
1782558528648 0.009759954472538085 64
1782558528649 0.009811888076364994 65
1782558528650 0.009852178320288658 66
1782558528651 0.009824658741708845 67
1782558528652 0.009910268727689981 68
1782558528653 0.011095633709337561 69
1782558528654 0.009986721586901694 70
1782558528655 0.009867789603304119 71
1782558528656 0.010782056245952845 72
1782558528657 0.017071625704411418 73
1782558528658 0.011875942777842284 74
1782558528659 0.009854973454494029 75
1782558528660 0.009707885116804392 76
1782558528661 0.010820443269331008 77
1782558528662 0.011516134471166879 78
1782558528663 0.010048742108047008 79
1782558528664 0.008894439437426627 80
1782558528665 0.009196082991547883 81
1782558528667 0.009365134213585407 82
1782558528668 0.008455515301320701 83
1782558528669 0.00843722402700223 84
1782558528670 0.008336365561699494 85
1782558528671 0.008464761141221971 86
1782558528672 0.009874797675292939 87
1782558528673 0.012394532506586984 88
1782558528674 0.010364337307401002 89
1782558528675 0.008285294335801155 90
1782558528676 0.008561876236926764 91
1782558528677 0.010702033138368278 92
1782558528678 0.009381588007090613 93
1782558528679 0.008292467817664146 94
1782558528680 0.0091858482779935 95
1782558528681 0.010145863728830591 96
1782558528682 0.011672805030830204 97
1782558528683 0.0103054685133975 98
1782558528684 0.007967097447253763 99
1782558528685 0.007391475448384881 100
1782558528686 0.007773526662494987 101
1782558528687 0.007649822678649798 102
1782558528688 0.00831790776923299 103
1782558528689 0.009170777772087604 104
1782558528691 0.009826500604394823 105
1782558528692 0.009931226561311632 106
1782558528693 0.008835853615310044 107
1782558528694 0.007688807498198003 108
1782558528695 0.007234393408289179 109
1782558528696 0.007761089723790065 110
1782558528697 0.0067636823374778035 111
1782558528698 0.006718992766691372 112
1782558528699 0.006653641749871895 113
1782558528700 0.007035556244663894 114
1782558528701 0.007474083926063031 115
1782558528702 0.010694234397960826 116
1782558528703 0.008157072112662717 117
1782558528704 0.008938220714917407 118
1782558528705 0.0066401905601378534 119
1782558528706 0.008257188731222413 120
1782558528707 0.00836791143519804 121
1782558528708 0.00772023100988008 122
1782558528709 0.00776238038786687 123
1782558528710 0.007129675603937358 124
1782558528711 0.006139676422462798 125
1782558528712 0.006038621892221272 126
1782558528713 0.009669830746133812 127
1782558528714 0.006756954971933737 128
1782558528716 0.0066125416383147236 129
1782558528717 0.006202115172636695 130
1782558528718 0.00626479382161051 131
1782558528719 0.006912081408663653 132
1782558528720 0.006737062623142265 133
1782558528721 0.007232521363184787 134
1782558528722 0.007406606725417078 135
1782558528723 0.006924428025959059 136
1782558528724 0.00623417034454178 137
1782558528725 0.005744876520475372 138
1782558528726 0.005884670320083388 139
1782558528727 0.006357691988232546 140
1782558528728 0.007075033985311166 141
1782558528729 0.00696439023304265 142
1782558528730 0.006874972903169692 143
1782558528731 0.007347414332907647 144
1782558528732 0.007681311726919375 145
1782558528733 0.00677723684173543 146
1782558528734 0.0059334729827241976 147
1782558528735 0.006336399820283987 148
1782558528736 0.005656711728661321 149
1782558528737 0.005681484858505428 150
1782558528738 0.005647787420311943 151
1782558528739 0.005432714002672583 152
1782558528740 0.0052693419787101445 153
1782558528741 0.005506857912405394 154
1782558528742 0.0074208025517873465 155
1782558528744 0.006296268294099718 156
1782558528745 0.00657968174200505 157
1782558528746 0.006313894897466525 158
1782558528747 0.005241660496103577 159
1782558528748 0.0051660170289687815 160
1782558528749 0.005733703593141399 161
1782558528750 0.005005494015058502 162
1782558528751 0.005265305387438275 163
1782558528752 0.007287230208748952 164
1782558528753 0.008063287825207226 165
1782558528754 0.0073121490509947765 166
1782558528755 0.006219306585844606 167
1782558528756 0.0053105955437058585 168
1782558528757 0.005493448335328139 169
1782558528758 0.005231467409757897 170
1782558528759 0.005280411432031542 171
1782558528760 0.004890150735736825 172
1782558528761 0.005424021504877601 173
1782558528762 0.006195281627005897 174
1782558528763 0.006186116838944144 175
1782558528764 0.005895268788153771 176
1782558528765 0.008325800630263985 177
1782558528766 0.007060189567273483 178
1782558528767 0.005194728335773106 179
1782558528769 0.004955799973104149 180
1782558528770 0.005207590130739845 181
1782558528771 0.005317866057739593 182
1782558528772 0.004837241538625676 183
1782558528773 0.0045692835413501595 184
1782558528774 0.005104076479910873 185
1782558528775 0.009642046405642759 186
1782558528776 0.009816075501148588 187
1782558528777 0.00601425202738028 188
1782558528778 0.004650945119501557 189
1782558528779 0.005166693220089656 190
1782558528780 0.004680808744742535 191
1782558528781 0.004463958944543264 192
1782558528782 0.005261439669993706 193
1782558528783 0.004504322901484556 194
1782558528784 0.0044585221240413375 195
1782558528785 0.004720206935890019 196
1782558528786 0.005220308460411616 197
1782558528787 0.0052312905053258875 198
1782558528788 0.005049878116988111 199
1782558528789 0.005870724230189808 200
1782558528790 0.005739795376139227 201
1782558528791 0.0050827779551036656 202
1782558528792 0.004432669497327879 203
1782558528793 0.004294258437294047 204
1782558528795 0.004210352663940284 205
1782558528796 0.004168030402506701 206
1782558528797 0.004126313670130912 207
1782558528798 0.0041017940797610205 208
1782558528799 0.004083426214929204 209
1782558528800 0.004103174801857676 210
1782558528801 0.004077966544136871 211
1782558528802 0.004079505316331051 212
1782558528803 0.004143605316930916 213
1782558528804 0.004254741411132273 214
1782558528805 0.0046469829624402334 215
1782558528806 0.00453541578957811 216
1782558528807 0.004338036683911924 217
1782558528808 0.0040917103327228685 218
1782558528809 0.004076353314158041 219
1782558528810 0.004059342207910959 220
1782558528811 0.00401887657790212 221
1782558528812 0.004006099127000198 222
1782558528813 0.004006063676497433 223
1782558528814 0.004002107410342432 224
1782558528815 0.004003530094050803 225
1782558528816 0.003993100834195502 226
1782558528817 0.0039901167931384405 227
1782558528818 0.004001324938726612 228
1782558528819 0.004006127085303888 229
1782558528820 0.004260704456828535 230
1782558528821 0.00437317938049091 231
1782558528822 0.004106798931024969 232
1782558528823 0.004045492835284676 233
1782558528825 0.0040055499112349935 234
1782558528826 0.004023141839134041 235
1782558528827 0.004008921875210945 236
1782558528828 0.00398407345666783 237
1782558528829 0.00397638217167696 238
1782558528829 0.003988805791886989 239
1782558528830 0.003989862672169693 240
1782558528831 0.0039896402918384415 241
1782558528832 0.003992516966536641 242
1782558528833 0.0040151502925436944 243
1782558528834 0.004036084464751184 244
1782558528835 0.004064144618168939 245
1782558528836 0.00402162622573087 246
1782558528837 0.0040155690297251564 247
1782558528838 0.004028871292539407 248
1782558528839 0.004107279406453017 249
1782558528840 0.0040901511974516325 250
1782558528841 0.004001296055503189 251
1782558528841 0.004007479998108465 252
1782558528842 0.0039804498030571265 253
1782558528843 0.003962101172364782 254
1782558528844 0.003960979750554543 255
1782558528845 0.003976904606970493 256
1782558528846 0.004013637495227158 257
1782558528847 0.004005300756543875 258
1782558528848 0.003983889303344768 259
1782558528848 0.004028127357014455 260
1782558528849 0.00398281854839297 261
1782558528850 0.004260818143666256 262
1782558528851 0.004031885220611002 263
1782558528852 0.0039511615576338956 264
1782558528853 0.003945953217044007 265
1782558528854 0.003934872163808905 266
1782558528855 0.003929233086528257 267
1782558528856 0.003925374097598251 268
1782558528857 0.00392370506800944 269
1782558528858 0.003922416486311704 270
1782558528859 0.0039210052939597515 271
1782558528860 0.003920111799088772 272
1782558528861 0.0039213185163680464 273
1782558528861 0.003921852650237269 274
1782558528862 0.003927007789316122 275
1782558528863 0.003945726544770878 276
1782558528864 0.003944953780155629 277
1782558528865 0.00393078778142808 278
1782558528866 0.003925287216843571 279
1782558528867 0.003920778420579154 280
1782558528868 0.003921730459260289 281
1782558528869 0.003918513479584362 282
1782558528870 0.003917908864968922 283
1782558528871 0.003927810688619502 284
1782558528872 0.003932070170412772 285
1782558528873 0.003918701305228751 286
1782558528874 0.0039302179237711244 287
1782558528874 0.003923445224645547 288
1782558528875 0.003910593324108049 289
1782558528876 0.0039090169564588 290
1782558528877 0.003907252674980555 291
1782558528878 0.0039061542312265373 292
1782558528879 0.0039054538606433198 293
1782558528880 0.0039051843684865164 294
1782558528881 0.003904762093734462 295
1782558528882 0.0039043226666399277 296
1782558528883 0.003904220983677078 297
1782558528884 0.0039049769748817197 298
1782558528885 0.0039132028713356705 299
1782558528886 0.003905754789302591 300
