1782558529481 0.0 1
1782558529482 0.0 2
1782558529483 0.0 3
1782558529484 0.0 4
1782558529485 0.0 5
1782558529486 0.0 6
1782558529487 0.0 7
1782558529488 0.0 8
1782558529489 0.0 9
1782558529490 0.0 10
1782558529491 0.0 11
1782558529492 0.0 12
1782558529493 0.0 13
1782558529493 0.0 14
1782558529494 0.0 15
1782558529495 0.0 16
1782558529496 0.0 17
1782558529497 0.0 18
1782558529498 0.0 19
1782558529499 0.0 20
1782558529500 0.0 21
1782558529501 0.0 22
1782558529502 0.0 23
1782558529503 0.0 24
1782558529504 0.0 25
1782558529505 0.0 26
1782558529506 0.0 27
1782558529507 0.0 28
1782558529507 0.0 29
1782558529508 0.0 30
1782558529509 0.0 31
1782558529510 0.0 32
1782558529511 0.0 33
1782558529512 0.0 34
1782558529513 0.0 35
1782558529514 0.0 36
1782558529515 0.0 37
1782558529516 0.0 38
1782558529517 0.0 39
1782558529518 0.0 40
1782558529519 0.0 41
1782558529520 0.0 42
1782558529520 0.0 43
1782558529521 0.0 44
1782558529522 0.0 45
1782558529523 0.0 46
1782558529524 0.0 47
1782558529525 0.0 48
1782558529526 0.0 49
1782558529527 0.0 50
1782558529528 0.0 51
1782558529529 0.0 52
1782558529530 0.0 53
1782558529531 0.0 54
1782558529532 0.0 55
1782558529533 0.0 56
1782558529533 0.0 57
1782558529534 0.0 58
1782558529535 0.0 59
1782558529536 0.0 60
1782558529537 0.0 61
1782558529538 0.0 62
1782558529539 0.0 63
1782558529540 0.0 64
1782558529541 0.0 65
1782558529542 0.0 66
1782558529543 0.0 67
1782558529544 0.0 68
1782558529545 0.0 69
1782558529546 0.0 70
1782558529547 0.0 71
1782558529548 0.0 72
1782558529549 0.0 73
1782558529550 0.0 74
1782558529550 0.0 75
1782558529551 0.0 76
1782558529552 0.0 77
1782558529553 0.0 78
1782558529554 0.0 79
1782558529555 0.0 80
1782558529556 0.0 81
1782558529557 0.0 82
1782558529557 0.0 83
1782558529558 0.0 84
1782558529559 0.0 85
1782558529560 0.0 86
1782558529561 0.0 87
1782558529562 0.0 88
1782558529563 0.0 89
1782558529564 0.0 90
1782558529565 0.0 91
1782558529566 0.0 92
1782558529567 0.0 93
1782558529567 0.0 94
1782558529568 0.0 95
1782558529569 0.0 96
1782558529570 0.0 97
1782558529571 0.0 98
1782558529572 0.0 99
1782558529573 0.0 100
1782558529573 0.0 101
1782558529574 0.0 102
1782558529575 0.0 103
1782558529576 0.0 104
1782558529577 0.0 105
1782558529578 0.0 106
1782558529579 0.0 107
1782558529580 0.0 108
1782558529581 0.0 109
1782558529582 0.0 110
1782558529583 0.0 111
1782558529584 0.0 112
1782558529585 0.0 113
1782558529586 0.0 114
1782558529586 0.0 115
1782558529587 0.0 116
1782558529588 0.0 117
1782558529589 0.0 118
1782558529590 0.0 119
1782558529591 0.0 120
1782558529592 0.0 121
1782558529593 0.0 122
1782558529594 0.0 123
1782558529595 0.0 124
1782558529596 0.0 125
1782558529597 0.0 126
1782558529598 0.0 127
1782558529599 0.0 128
1782558529600 0.0 129
1782558529601 0.0 130
1782558529602 0.0 131
1782558529603 0.0 132
1782558529604 0.0 133
1782558529605 0.0 134
1782558529606 0.0 135
1782558529607 0.0 136
1782558529608 0.0 137
1782558529609 0.0 138
1782558529610 0.0 139
1782558529611 0.0 140
1782558529612 0.0 141
1782558529614 0.0 142
1782558529615 0.0 143
1782558529616 0.0 144
1782558529617 0.0 145
1782558529618 0.0 146
1782558529619 0.0 147
1782558529620 0.0 148
1782558529621 0.0 149
1782558529622 0.0 150
1782558529623 0.0 151
1782558529624 0.0 152
1782558529625 0.0 153
1782558529626 0.0 154
1782558529627 0.0 155
1782558529628 0.0 156
1782558529629 0.0 157
1782558529630 0.0 158
1782558529631 0.0 159
1782558529632 0.0 160
1782558529633 0.0 161
1782558529634 0.0 162
1782558529635 0.0 163
1782558529636 0.0 164
1782558529637 0.0 165
1782558529638 0.0 166
1782558529639 0.0 167
1782558529640 0.0 168
1782558529642 0.0 169
1782558529643 0.0 170
1782558529644 0.0 171
1782558529645 0.0 172
1782558529646 0.0 173
1782558529647 0.0 174
1782558529648 0.0 175
1782558529649 0.0 176
1782558529650 0.0 177
1782558529650 0.0 178
1782558529652 0.0 179
1782558529653 0.0 180
1782558529654 0.0 181
1782558529655 0.0 182
1782558529656 0.0 183
1782558529657 0.0 184
1782558529658 0.0 185
1782558529659 0.0 186
1782558529660 0.0 187
1782558529661 0.0 188
1782558529662 0.0 189
1782558529663 0.0 190
1782558529664 0.0 191
1782558529665 0.0 192
1782558529666 0.0 193
1782558529667 0.0 194
1782558529668 0.0 195
1782558529669 0.0 196
1782558529670 0.0 197
1782558529671 0.0 198
1782558529672 0.0 199
1782558529674 0.0 200
1782558529675 0.0 201
1782558529676 0.0 202
1782558529677 0.0 203
1782558529678 0.0 204
1782558529679 0.0 205
1782558529680 0.0 206
1782558529681 0.0 207
1782558529682 0.0 208
1782558529683 0.0 209
1782558529684 0.0 210
1782558529685 0.0 211
1782558529686 0.0 212
1782558529687 0.0 213
1782558529688 0.0 214
1782558529689 0.0 215
1782558529690 0.0 216
1782558529691 0.0 217
1782558529692 0.0 218
1782558529693 0.0 219
1782558529694 0.0 220
1782558529695 0.0 221
1782558529696 0.0 222
1782558529697 0.0 223
1782558529698 0.0 224
1782558529700 0.0 225
1782558529701 0.0 226
1782558529702 0.0 227
1782558529703 0.0 228
1782558529704 0.0 229
1782558529705 0.0 230
1782558529706 0.0 231
1782558529707 0.0 232
1782558529708 0.0 233
1782558529709 0.0 234
1782558529710 0.0 235
1782558529711 0.0 236
1782558529712 0.0 237
1782558529713 0.0 238
1782558529714 0.0 239
1782558529715 0.0 240
1782558529716 0.0 241
1782558529717 0.0 242
1782558529718 0.0 243
1782558529719 0.0 244
1782558529720 0.0 245
1782558529721 0.0 246
1782558529723 0.0 247
1782558529724 0.0 248
1782558529725 0.0 249
1782558529726 0.0 250
1782558529727 0.0 251
1782558529728 0.0 252
1782558529728 0.0 253
1782558529730 0.0 254
1782558529731 0.0 255
1782558529732 0.0 256
1782558529733 0.0 257
1782558529734 0.0 258
1782558529735 0.0 259
1782558529736 0.0 260
1782558529737 0.0 261
1782558529738 0.0 262
1782558529739 0.0 263
1782558529740 0.0 264
1782558529741 0.0 265
1782558529742 0.0 266
1782558529743 0.0 267
1782558529744 0.0 268
1782558529745 0.0 269
1782558529746 0.0 270
1782558529747 0.0 271
1782558529748 0.0 272
1782558529749 0.0 273
1782558529750 0.0 274
1782558529751 0.0 275
1782558529752 0.0 276
1782558529753 0.0 277
1782558529754 0.0 278
1782558529755 0.0 279
1782558529757 0.0 280
1782558529758 0.0 281
1782558529759 0.0 282
1782558529760 0.0 283
1782558529761 0.0 284
1782558529762 0.0 285
1782558529763 0.0 286
1782558529764 0.0 287
1782558529765 0.0 288
1782558529766 0.0 289
1782558529767 0.0 290
1782558529768 0.0 291
1782558529769 0.0 292
1782558529770 0.0 293
1782558529771 0.0 294
1782558529772 0.0 295
1782558529773 0.0 296
1782558529774 0.0 297
1782558529775 0.0 298
1782558529775 0.0 299
1782558529776 0.0 300
