1782558529171 0.0 1
1782558529172 0.0 2
1782558529173 0.0 3
1782558529174 0.0 4
1782558529175 0.0 5
1782558529176 0.0 6
1782558529177 0.0 7
1782558529179 0.0 8
1782558529179 0.0 9
1782558529180 0.0 10
1782558529181 0.0 11
1782558529182 0.0 12
1782558529183 0.0 13
1782558529185 0.0 14
1782558529186 0.0 15
1782558529187 0.0 16
1782558529188 0.0 17
1782558529189 0.0 18
1782558529190 0.0 19
1782558529191 0.0 20
1782558529192 0.0 21
1782558529193 0.0 22
1782558529194 0.0 23
1782558529195 0.0 24
1782558529196 0.0 25
1782558529197 0.0 26
1782558529198 0.0 27
1782558529199 0.0 28
1782558529200 0.0 29
1782558529201 0.0 30
1782558529202 0.0 31
1782558529203 0.0 32
1782558529204 0.0 33
1782558529205 0.0 34
1782558529206 0.0 35
1782558529207 0.0 36
1782558529208 0.0 37
1782558529210 0.0 38
1782558529211 0.0 39
1782558529212 0.0 40
1782558529213 0.0 41
1782558529214 0.0 42
1782558529215 0.0 43
1782558529216 0.0 44
1782558529217 0.0 45
1782558529218 0.0 46
1782558529219 0.0 47
1782558529220 0.0 48
1782558529221 0.0 49
1782558529222 0.0 50
1782558529223 0.0 51
1782558529224 0.0 52
1782558529225 0.0 53
1782558529226 0.0 54
1782558529227 0.0 55
1782558529228 0.0 56
1782558529229 0.0 57
1782558529230 0.0 58
1782558529231 0.0 59
1782558529232 0.0 60
1782558529233 0.0 61
1782558529234 0.0 62
1782558529236 0.0 63
1782558529237 0.0 64
1782558529238 0.0 65
1782558529239 0.0 66
1782558529240 0.0 67
1782558529241 0.0 68
1782558529242 0.0 69
1782558529243 0.0 70
1782558529244 0.0 71
1782558529245 0.0 72
1782558529246 0.0 73
1782558529247 0.0 74
1782558529248 0.0 75
1782558529249 0.0 76
1782558529250 0.0 77
1782558529251 0.0 78
1782558529253 0.0 79
1782558529254 0.0 80
1782558529255 0.0 81
1782558529256 0.0 82
1782558529257 0.0 83
1782558529258 0.0 84
1782558529259 0.0 85
1782558529260 0.0 86
1782558529261 0.0 87
1782558529262 0.0 88
1782558529263 0.0 89
1782558529264 0.0 90
1782558529265 0.0 91
1782558529266 0.0 92
1782558529267 0.0 93
1782558529268 0.0 94
1782558529269 0.0 95
1782558529271 0.0 96
1782558529272 0.0 97
1782558529273 0.0 98
1782558529274 0.0 99
1782558529275 0.0 100
1782558529276 0.0 101
1782558529277 0.0 102
1782558529278 0.0 103
1782558529279 0.0 104
1782558529280 0.0 105
1782558529281 0.0 106
1782558529282 0.0 107
1782558529283 0.0 108
1782558529284 0.0 109
1782558529285 0.0 110
1782558529286 0.0 111
1782558529287 0.0 112
1782558529288 0.0 113
1782558529289 0.0 114
1782558529290 0.0 115
1782558529291 0.0 116
1782558529292 0.0 117
1782558529293 0.0 118
1782558529295 0.0 119
1782558529296 0.0 120
1782558529297 0.0 121
1782558529298 0.0 122
1782558529299 0.0 123
1782558529300 0.0 124
1782558529301 0.0 125
1782558529302 0.0 126
1782558529303 0.0 127
1782558529304 0.0 128
1782558529305 0.0 129
1782558529306 0.0 130
1782558529307 0.0 131
1782558529308 0.0 132
1782558529309 0.0 133
1782558529310 0.0 134
1782558529311 0.0 135
1782558529312 0.0 136
1782558529313 0.0 137
1782558529314 0.0 138
1782558529315 0.0 139
1782558529316 0.0 140
1782558529318 0.0 141
1782558529319 0.0 142
1782558529320 0.0 143
1782558529321 0.0 144
1782558529322 0.0 145
1782558529323 0.0 146
1782558529324 0.0 147
1782558529325 0.0 148
1782558529326 0.0 149
1782558529327 0.0 150
1782558529328 0.0 151
1782558529329 0.0 152
1782558529330 0.0 153
1782558529331 0.0 154
1782558529332 0.0 155
1782558529333 0.0 156
1782558529334 0.0 157
1782558529335 0.0 158
1782558529336 0.0 159
1782558529337 0.0 160
1782558529338 0.0 161
1782558529339 0.0 162
1782558529341 0.0 163
1782558529342 0.0 164
1782558529343 0.0 165
1782558529344 0.0 166
1782558529345 0.0 167
1782558529346 0.0 168
1782558529347 0.0 169
1782558529348 0.0 170
1782558529349 0.0 171
1782558529350 0.0 172
1782558529351 0.0 173
1782558529352 0.0 174
1782558529353 0.0 175
1782558529354 0.0 176
1782558529355 0.0 177
1782558529356 0.0 178
1782558529357 0.0 179
1782558529358 0.0 180
1782558529359 0.0 181
1782558529360 0.0 182
1782558529362 0.0 183
1782558529363 0.0 184
1782558529364 0.0 185
1782558529365 0.0 186
1782558529366 0.0 187
1782558529367 0.0 188
1782558529368 0.0 189
1782558529369 0.0 190
1782558529370 0.0 191
1782558529371 0.0 192
1782558529372 0.0 193
1782558529373 0.0 194
1782558529374 0.0 195
1782558529375 0.0 196
1782558529376 0.0 197
1782558529377 0.0 198
1782558529378 0.0 199
1782558529379 0.0 200
1782558529380 0.0 201
1782558529381 0.0 202
1782558529382 0.0 203
1782558529383 0.0 204
1782558529384 0.0 205
1782558529385 0.0 206
1782558529386 0.0 207
1782558529388 0.0 208
1782558529389 0.0 209
1782558529390 0.0 210
1782558529391 0.0 211
1782558529392 0.0 212
1782558529393 0.0 213
1782558529394 0.0 214
1782558529395 0.0 215
1782558529396 0.0 216
1782558529397 0.0 217
1782558529398 0.0 218
1782558529399 0.0 219
1782558529400 0.0 220
1782558529401 0.0 221
1782558529402 0.0 222
1782558529403 0.0 223
1782558529404 0.0 224
1782558529405 0.0 225
1782558529406 0.0 226
1782558529407 0.0 227
1782558529408 0.0 228
1782558529409 0.0 229
1782558529410 0.0 230
1782558529411 0.0 231
1782558529412 0.0 232
1782558529414 0.0 233
1782558529414 0.0 234
1782558529415 0.0 235
1782558529416 0.0 236
1782558529417 0.0 237
1782558529418 0.0 238
1782558529419 0.0 239
1782558529420 0.0 240
1782558529421 0.0 241
1782558529422 0.0 242
1782558529423 0.0 243
1782558529424 0.0 244
1782558529425 0.0 245
1782558529426 0.0 246
1782558529427 0.0 247
1782558529428 0.0 248
1782558529429 0.0 249
1782558529430 0.0 250
1782558529431 0.0 251
1782558529432 0.0 252
1782558529433 0.0 253
1782558529434 0.0 254
1782558529435 0.0 255
1782558529436 0.0 256
1782558529437 0.0 257
1782558529438 0.0 258
1782558529439 0.0 259
1782558529440 0.0 260
1782558529441 0.0 261
1782558529442 0.0 262
1782558529443 0.0 263
1782558529444 0.0 264
1782558529445 0.0 265
1782558529446 0.0 266
1782558529447 0.0 267
1782558529448 0.0 268
1782558529449 0.0 269
1782558529450 0.0 270
1782558529451 0.0 271
1782558529452 0.0 272
1782558529453 0.0 273
1782558529454 0.0 274
1782558529455 0.0 275
1782558529456 0.0 276
1782558529457 0.0 277
1782558529458 0.0 278
1782558529459 0.0 279
1782558529460 0.0 280
1782558529461 0.0 281
1782558529462 0.0 282
1782558529463 0.0 283
1782558529464 0.0 284
1782558529465 0.0 285
1782558529466 0.0 286
1782558529467 0.0 287
1782558529468 0.0 288
1782558529469 0.0 289
1782558529470 0.0 290
1782558529471 0.0 291
1782558529472 0.0 292
1782558529473 0.0 293
1782558529474 0.0 294
1782558529475 0.0 295
1782558529476 0.0 296
1782558529477 0.0 297
1782558529478 0.0 298
1782558529479 0.0 299
1782558529480 0.0 300
