1782229739329 0.0 1
1782229739331 0.0 2
1782229739332 0.0 3
1782229739333 0.0 4
1782229739334 0.0 5
1782229739335 0.0 6
1782229739336 0.0 7
1782229739337 0.0 8
1782229739338 0.0 9
1782229739339 0.0 10
1782229739340 0.0 11
1782229739342 0.0 12
1782229739343 0.0 13
1782229739344 0.0 14
1782229739345 0.0 15
1782229739346 0.0 16
1782229739348 0.0 17
1782229739349 0.0 18
1782229739350 0.0 19
1782229739351 0.0 20
1782229739352 0.0 21
1782229739353 0.0 22
1782229739354 0.0 23
1782229739355 0.0 24
1782229739356 0.0 25
1782229739357 0.0 26
1782229739358 0.0 27
1782229739359 0.0 28
1782229739360 0.0 29
1782229739361 0.0 30
1782229739363 0.0 31
1782229739364 0.0 32
1782229739365 0.0 33
1782229739366 0.0 34
1782229739367 0.0 35
1782229739368 0.0 36
1782229739369 0.0 37
1782229739370 0.0 38
1782229739371 0.0 39
1782229739372 0.0 40
1782229739373 0.0 41
1782229739374 0.0 42
1782229739375 0.0 43
1782229739376 0.0 44
1782229739378 0.0 45
1782229739379 0.0 46
1782229739380 0.0 47
1782229739381 0.0 48
1782229739382 0.0 49
1782229739383 0.0 50
1782229739384 0.0 51
1782229739385 0.0 52
1782229739386 0.0 53
1782229739387 0.0 54
1782229739388 0.0 55
1782229739389 0.0 56
1782229739390 0.0 57
1782229739391 0.0 58
1782229739392 0.0 59
1782229739394 0.0 60
1782229739395 0.0 61
1782229739396 0.0 62
1782229739397 0.0 63
1782229739398 0.0 64
1782229739399 0.0 65
1782229739400 0.0 66
1782229739401 0.0 67
1782229739402 0.0 68
1782229739403 0.0 69
1782229739404 0.0 70
1782229739405 0.0 71
1782229739406 0.0 72
