1782229739059 0.15874536238610745 1
1782229739061 0.05764831451699138 2
1782229739062 0.028829733664169906 3
1782229739063 0.017591475509107113 4
1782229739064 0.012007780033163726 5
1782229739066 0.008652047575451434 6
1782229739067 0.006559171001426876 7
1782229739068 0.00527842590585351 8
1782229739069 0.004358690141234547 9
1782229739071 0.003651067423634231 10
1782229739072 0.00325519151519984 11
1782229739073 0.0030489550600759684 12
1782229739075 0.0026986681402195243 13
1782229739076 0.0024201349198119714 14
1782229739077 0.0022504989599110557 15
1782229739078 0.0021117063582642005 16
1782229739080 0.0020464422900113278 17
1782229739081 0.0018705592211335897 18
1782229739082 0.0017530566797358915 19
1782229739083 0.0017383919449639506 20
1782229739085 0.001656564682489261 21
1782229739086 0.001635212989349384 22
1782229739087 0.0015724592836340889 23
1782229739088 0.0014622538503317628 24
1782229739090 0.0014708006499859038 25
1782229739091 0.0014820302242878824 26
1782229739092 0.0014024489307485055 27
1782229739093 0.0013438929268158972 28
1782229739095 0.0013115118339192121 29
1782229739096 0.0013118375548219774 30
1782229739097 0.0012775263561343308 31
1782229739098 0.0012562170278397388 32
1782229739100 0.0012195419786439742 33
1782229739101 0.0011932821555819828 34
1782229739102 0.0011868552989471937 35
1782229739103 0.001137604721589014 36
1782229739105 0.0011985031604854158 37
1782229739106 0.0011994494135433341 38
1782229739107 0.0012200990782730513 39
1782229739108 0.0011538331596239004 40
1782229739110 0.0010878430157026742 41
1782229739111 0.0010922551348630804 42
1782229739112 0.0010688784234662307 43
1782229739113 0.001064625977887772 44
1782229739115 0.0010853966882132227 45
1782229739116 0.001038831306868815 46
1782229739117 0.0010217085968906759 47
1782229739118 0.0010103396327758674 48
1782229739120 0.0009950369386933745 49
1782229739121 0.0009274494944111211 50
1782229739122 0.0008885824527533259 51
1782229739124 0.000870031048252713 52
1782229739125 0.0008567808012594469 53
1782229739126 0.000847761842815089 54
1782229739127 0.0008402378066966775 55
1782229739129 0.0008374773942341563 56
1782229739130 0.0008237103598366957 57
1782229739131 0.0008117333787959069 58
1782229739132 0.0008046048270261963 59
1782229739134 0.000799857049023558 60
1782229739135 0.0007953220662602689 61
1782229739136 0.000790594874015369 62
1782229739137 0.0007866784349607769 63
1782229739139 0.0007802361198992003 64
1782229739140 0.0007754231594299199 65
1782229739141 0.0007722778181050671 66
1782229739142 0.0007698723418798181 67
1782229739144 0.0007670230658186483 68
1782229739145 0.0007645756872079801 69
1782229739146 0.0007621766873853631 70
1782229739147 0.0007582027156968252 71
1782229739149 0.0007558782000705832 72
