1782229739240 0.0 1
1782229739242 0.0 2
1782229739243 0.0 3
1782229739244 0.0 4
1782229739245 0.0 5
1782229739247 0.0 6
1782229739248 0.0 7
1782229739249 0.0 8
1782229739250 0.0 9
1782229739252 0.0 10
1782229739253 0.0 11
1782229739254 0.0 12
1782229739255 0.0 13
1782229739257 0.0 14
1782229739258 0.0 15
1782229739259 0.0 16
1782229739260 0.0 17
1782229739262 0.0 18
1782229739263 0.0 19
1782229739264 0.0 20
1782229739265 0.0 21
1782229739267 0.0 22
1782229739268 0.0 23
1782229739269 0.0 24
1782229739270 0.0 25
1782229739272 0.0 26
1782229739273 0.0 27
1782229739274 0.0 28
1782229739275 0.0 29
1782229739277 0.0 30
1782229739278 0.0 31
1782229739279 0.0 32
1782229739280 0.0 33
1782229739282 0.0 34
1782229739283 0.0 35
1782229739284 0.0 36
1782229739286 0.0 37
1782229739287 0.0 38
1782229739288 0.0 39
1782229739289 0.0 40
1782229739291 0.0 41
1782229739292 0.0 42
1782229739293 0.0 43
1782229739294 0.0 44
1782229739296 0.0 45
1782229739297 0.0 46
1782229739298 0.0 47
1782229739299 0.0 48
1782229739301 0.0 49
1782229739302 0.0 50
1782229739303 0.0 51
1782229739304 0.0 52
1782229739306 0.0 53
1782229739307 0.0 54
1782229739308 0.0 55
1782229739309 0.0 56
1782229739311 0.0 57
1782229739312 0.0 58
1782229739313 0.0 59
1782229739314 0.0 60
1782229739316 0.0 61
1782229739317 0.0 62
1782229739318 0.0 63
1782229739319 0.0 64
1782229739321 0.0 65
1782229739322 0.0 66
1782229739323 0.0 67
1782229739324 0.0 68
1782229739325 0.0 69
1782229739326 0.0 70
1782229739327 0.0 71
1782229739328 0.0 72
