1781175713609 0.15696675308048724 1
1781175713610 0.05610474664717913 2
1781175713611 0.026264126235619186 3
1781175713612 0.015281685418449343 4
1781175713614 0.010405643645208329 5
1781175713615 0.007672343901358545 6
1781175713616 0.006112954886630178 7
1781175713617 0.004976266640005634 8
1781175713618 0.00414076671586372 9
1781175713619 0.0037080308399163185 10
1781175713620 0.003345599498716183 11
1781175713621 0.0029785788664594293 12
1781175713623 0.0026950106548611075 13
1781175713624 0.002535947939613834 14
1781175713625 0.0025275475234957413 15
1781175713626 0.0023058192088501526 16
1781175713627 0.0022943041651160455 17
1781175713628 0.002113509683404118 18
1781175713629 0.0020233834453392773 19
1781175713630 0.001908886941091623 20
1781175713631 0.001829830725910142 21
1781175713633 0.001763718812726438 22
1781175713634 0.001739776082104072 23
1781175713635 0.0016711850464344025 24
1781175713636 0.001608200594491791 25
1781175713637 0.0016996522464614828 26
1781175713638 0.0016557200292299967 27
1781175713639 0.0016313501819968223 28
1781175713640 0.0015831696402165108 29
1781175713642 0.0015763088276435156 30
1781175713643 0.0014965035769273526 31
1781175713644 0.0015438817665562965 32
1781175713645 0.001443547987146303 33
1781175713646 0.0014319926370808388 34
1781175713647 0.001476765062107006 35
1781175713648 0.0014255801649414935 36
1781175713649 0.0013857711067248601 37
1781175713651 0.0014101460009987932 38
1781175713652 0.0013620914665807503 39
1781175713653 0.0013935385768127162 40
1781175713654 0.0013992670117295347 41
1781175713655 0.001419114249292761 42
1781175713656 0.0013428022274456454 43
1781175713657 0.0013097008718614233 44
1781175713657 0.0012532665941398591 45
1781175713658 0.00125585605885135 46
1781175713659 0.0012571320674032904 47
1781175713660 0.001291174180150847 48
1781175713661 0.0012401130000216653 49
1781175713662 0.001195822342269821 50
1781175713663 0.0011432890118157958 51
1781175713664 0.0011241035468992778 52
1781175713665 0.001129266429343261 53
1781175713666 0.0011147791704570408 54
1781175713667 0.0011077139641565736 55
1781175713668 0.001088723804205074 56
1781175713669 0.0010692698517959797 57
1781175713670 0.0010660452857700876 58
1781175713671 0.0010641432527336292 59
1781175713672 0.0010563026001182152 60
1781175713673 0.0010543008802778786 61
1781175713674 0.0010428941671125358 62
1781175713675 0.0010340446742338827 63
1781175713676 0.0010375844534428324 64
1781175713677 0.0010372428242408204 65
1781175713677 0.0010287054310902021 66
1781175713678 0.0010268168592301662 67
1781175713679 0.0010191356750874547 68
1781175713680 0.00102129634047742 69
1781175713681 0.0010193942435580538 70
