1781175713451 0.15697694323956968 1
1781175713452 0.05612958539277315 2
1781175713454 0.02630580618046224 3
1781175713455 0.015328076370060444 4
1781175713456 0.010457921244669705 5
1781175713457 0.007728720384184271 6
1781175713458 0.0061757292971014975 7
1781175713459 0.005043023595353588 8
1781175713461 0.004214201022405177 9
1781175713462 0.0037847994873300194 10
1781175713463 0.003429903507931158 11
1781175713464 0.0030692201235797256 12
1781175713465 0.0027860807219985875 13
1781175713466 0.002630135950166732 14
1781175713467 0.0026374774216674267 15
1781175713468 0.0024104432394960896 16
1781175713470 0.002408777227974497 17
1781175713471 0.002226511518820189 18
1781175713472 0.002135660762432963 19
1781175713473 0.0020211722308886237 20
1781175713474 0.0019475659404997714 21
1781175713475 0.001889594709209632 22
1781175713476 0.0018651658773887903 23
1781175713477 0.0017995546228485183 24
1781175713479 0.0017306917806854472 25
1781175713480 0.001826903179171495 26
1781175713481 0.001792684045212809 27
1781175713482 0.0017710105943842792 28
1781175713483 0.0017341326468158513 29
1781175713484 0.0017205864685820415 30
1781175713485 0.0016393392314785161 31
1781175713487 0.0016996881438535638 32
1781175713488 0.0015847924452100414 33
1781175713489 0.0015883551827573683 34
1781175713490 0.0016384059855772649 35
1781175713491 0.001580789471481694 36
1781175713492 0.0015413403439742978 37
1781175713493 0.0015797730184567626 38
1781175713495 0.0015245927299838513 39
1781175713496 0.001556403602589853 40
1781175713497 0.0015675047491095029 41
1781175713498 0.0015896831286954694 42
1781175713499 0.001522804030246334 43
1781175713500 0.001471492246055277 44
1781175713501 0.0014307909285707866 45
1781175713502 0.0014241754179238342 46
1781175713504 0.0014303696774004492 47
1781175713505 0.0014603872627776582 48
1781175713506 0.0014059217636531686 49
1781175713507 0.0013603362078720238 50
1781175713508 0.0013047015998745336 51
1781175713509 0.0012873203375784214 52
1781175713510 0.0012915513089683372 53
1781175713511 0.0012837986036902294 54
1781175713513 0.001269281532149762 55
1781175713514 0.0012516118650091812 56
1781175713515 0.0012338976628961972 57
1781175713516 0.0012300012605555822 58
1781175713517 0.0012277336390980054 59
1781175713518 0.0012223935620568227 60
1781175713519 0.0012208752016886137 61
1781175713520 0.0012036052880284843 62
1781175713522 0.0012003863143036143 63
1781175713523 0.0012001079667243175 64
1781175713524 0.0012015115583199076 65
1781175713525 0.0011957485236052889 66
1781175713526 0.0011906667103176005 67
1781175713527 0.0011846085519937332 68
1781175713528 0.00118632418292691 69
1781175713529 0.0011829091592517216 70
