1781175713682 1.8990077553130686 1
1781175713683 2.314526380300522 2
1781175713684 2.589207380414009 3
1781175713685 2.1613997560739517 4
1781175713686 1.948527545928955 5
1781175713687 1.7510870623588561 6
1781175713688 1.6712666860222816 7
1781175713689 1.555133570432663 8
1781175713690 1.5206094366312026 9
1781175713691 1.4306886082887649 10
1781175713692 1.4282909697294235 11
1781175713693 1.4076862990856172 12
1781175713694 1.3055500853061677 13
1781175713695 1.2538013872504234 14
1781175713696 1.3657957488298416 15
1781175713697 1.218632051050663 16
1781175713698 1.2549186903238296 17
1781175713699 1.1699685940146447 18
1781175713700 1.1012846514582635 19
1781175713701 1.0462947216629983 20
1781175713702 1.0448362857103348 21
1781175713703 1.0663040971755982 22
1781175713704 1.016004257798195 23
1781175713705 0.9968091571331024 24
1781175713706 0.9131161090731621 25
1781175713706 0.9121133548021316 26
1781175713707 0.9453744879364967 27
1781175713708 0.9295580503344536 28
1781175713709 0.9701384580135346 29
1781175713710 0.8962701487541199 30
1781175713711 0.858689490556717 31
1781175713712 0.9073951733112335 32
1781175713713 0.7976615399122238 33
1781175713714 0.8570674622058868 34
1781175713715 0.8606854683160782 35
1781175713716 0.8034824533760547 36
1781175713717 0.7835796774923801 37
1781175713718 0.8319028536975384 38
1781175713719 0.7765211595594883 39
1781175713720 0.7588029883801937 40
1781175713721 0.7647169817984104 41
1781175713722 0.7753130984306336 42
1781175713723 0.8181900000572204 43
1781175713724 0.7354153622686863 44
1781175713724 0.8069288037717343 45
1781175713725 0.7650879855453968 46
1781175713726 0.7874437125027179 47
1781175713727 0.7691504040360451 48
1781175713728 0.753676207959652 49
1781175713729 0.7477902726829052 50
1781175713730 0.7336935444176197 51
1781175713731 0.74189448133111 52
1781175713732 0.7376585274934768 53
1781175713733 0.7682701598107815 54
1781175713734 0.7343980421125889 55
1781175713735 0.7404002758860588 56
1781175713736 0.748308215290308 57
1781175713737 0.7452544391155242 58
1781175713738 0.7435926586389542 59
1781175713739 0.7549589020013809 60
1781175713740 0.7571559993922711 61
1781175713742 0.730505077689886 62
1781175713743 0.7560983702540398 63
1781175713744 0.7387431977689266 64
1781175713745 0.7466760674118995 65
1781175713745 0.7592867897450923 66
1781175713747 0.7447720319032669 67
1781175713748 0.7521494376659393 68
1781175713749 0.7501265721023083 69
1781175713750 0.7432496146857739 70
