1782553911156 0.0 1
1782553911157 0.0 2
1782553911158 0.0 3
1782553911159 0.0 4
1782553911160 0.0 5
1782553911161 0.0 6
1782553911162 0.0 7
1782553911163 0.0 8
1782553911164 0.0 9
1782553911165 0.0 10
1782553911166 0.0 11
1782553911167 0.0 12
1782553911168 0.0 13
1782553911169 0.0 14
1782553911170 0.0 15
1782553911171 0.0 16
1782553911172 0.0 17
1782553911173 0.0 18
1782553911174 0.0 19
1782553911174 0.0 20
1782553911175 0.0 21
1782553911177 0.0 22
1782553911178 0.0 23
1782553911178 0.0 24
1782553911179 0.0 25
1782553911180 0.0 26
1782553911181 0.0 27
1782553911182 0.0 28
1782553911183 0.0 29
1782553911184 0.0 30
1782553911185 0.0 31
1782553911186 0.0 32
1782553911187 0.0 33
1782553911188 0.0 34
1782553911188 0.0 35
1782553911189 0.0 36
1782553911190 0.0 37
1782553911191 0.0 38
1782553911192 0.0 39
1782553911193 0.0 40
1782553911194 0.0 41
1782553911195 0.0 42
1782553911196 0.0 43
1782553911197 0.0 44
1782553911198 0.0 45
1782553911199 0.0 46
1782553911199 0.0 47
1782553911200 0.0 48
1782553911201 0.0 49
1782553911202 0.0 50
1782553911203 0.0 51
1782553911204 0.0 52
1782553911205 0.0 53
1782553911206 0.0 54
1782553911207 0.0 55
1782553911208 0.0 56
1782553911209 0.0 57
1782553911210 0.0 58
1782553911211 0.0 59
1782553911212 0.0 60
1782553911213 0.0 61
1782553911214 0.0 62
1782553911214 0.0 63
1782553911215 0.0 64
1782553911216 0.0 65
1782553911217 0.0 66
1782553911218 0.0 67
1782553911219 0.0 68
1782553911220 0.0 69
1782553911221 0.0 70
1782553911222 0.0 71
1782553911223 0.0 72
1782553911224 0.0 73
1782553911225 0.0 74
