1782553911080 0.0 1
1782553911081 0.0 2
1782553911082 0.0 3
1782553911083 0.0 4
1782553911084 0.0 5
1782553911085 0.0 6
1782553911086 0.0 7
1782553911087 0.0 8
1782553911088 0.0 9
1782553911089 0.0 10
1782553911090 0.0 11
1782553911091 0.0 12
1782553911092 0.0 13
1782553911093 0.0 14
1782553911094 0.0 15
1782553911095 0.0 16
1782553911096 0.0 17
1782553911098 0.0 18
1782553911099 0.0 19
1782553911100 0.0 20
1782553911101 0.0 21
1782553911102 0.0 22
1782553911103 0.0 23
1782553911104 0.0 24
1782553911105 0.0 25
1782553911106 0.0 26
1782553911107 0.0 27
1782553911108 0.0 28
1782553911109 0.0 29
1782553911110 0.0 30
1782553911111 0.0 31
1782553911112 0.0 32
1782553911113 0.0 33
1782553911114 0.0 34
1782553911115 0.0 35
1782553911116 0.0 36
1782553911117 0.0 37
1782553911118 0.0 38
1782553911119 0.0 39
1782553911120 0.0 40
1782553911121 0.0 41
1782553911122 0.0 42
1782553911123 0.0 43
1782553911124 0.0 44
1782553911125 0.0 45
1782553911126 0.0 46
1782553911127 0.0 47
1782553911129 0.0 48
1782553911130 0.0 49
1782553911131 0.0 50
1782553911132 0.0 51
1782553911133 0.0 52
1782553911134 0.0 53
1782553911135 0.0 54
1782553911136 0.0 55
1782553911137 0.0 56
1782553911138 0.0 57
1782553911139 0.0 58
1782553911140 0.0 59
1782553911141 0.0 60
1782553911142 0.0 61
1782553911143 0.0 62
1782553911144 0.0 63
1782553911145 0.0 64
1782553911146 0.0 65
1782553911147 0.0 66
1782553911148 0.0 67
1782553911149 0.0 68
1782553911150 0.0 69
1782553911151 0.0 70
1782553911152 0.0 71
1782553911153 0.0 72
1782553911154 0.0 73
1782553911155 0.0 74
