1782553910926 0.23422783978283404 1
1782553910927 0.09099004877731204 2
1782553910928 0.025759591255337 3
1782553910929 0.014236317034810781 4
1782553910930 0.00981163974152878 5
1782553910932 0.007656337367370725 6
1782553910933 0.006364290127530694 7
1782553910934 0.005238871095934882 8
1782553910935 0.004612028758274391 9
1782553910936 0.004072267452720553 10
1782553910937 0.003618825499434024 11
1782553910938 0.0032685689971549436 12
1782553910939 0.002981252939789556 13
1782553910940 0.0027509413880761713 14
1782553910941 0.0027252579771447926 15
1782553910942 0.002521022415603511 16
1782553910943 0.002324856423365418 17
1782553910944 0.002154692655312829 18
1782553910945 0.002142052594863344 19
1782553910946 0.002049813219346106 20
1782553910947 0.001943154085020069 21
1782553910948 0.0018936964045860804 22
1782553910949 0.001886770595156122 23
1782553910950 0.0019162043696269392 24
1782553910951 0.0017998315348813777 25
1782553910953 0.0018153232890472282 26
1782553910954 0.0016497810973669402 27
1782553910955 0.001591432154091308 28
1782553910956 0.0016001482235151344 29
1782553910957 0.0015957127949513962 30
1782553910958 0.0015716274024453014 31
1782553910959 0.0015631314630445558 32
1782553910960 0.0015981595931225457 33
1782553910961 0.0017137224347970913 34
1782553910962 0.0017522691676276736 35
1782553910963 0.0015389519411837683 36
1782553910964 0.001495996876474237 37
1782553910965 0.0014638800603279378 38
1782553910966 0.0014396207360550762 39
1782553910967 0.0014324476208275882 40
1782553910968 0.001369577498480794 41
1782553910969 0.00141524300823221 42
1782553910970 0.001429855059250258 43
1782553910971 0.001354015418983181 44
1782553910972 0.0012656053146201884 45
1782553910973 0.0012473890822002431 46
1782553910974 0.0012322518903965828 47
1782553910975 0.0012236102590395604 48
1782553910976 0.0012142733629298163 49
1782553910978 0.0012093498195463327 50
1782553910979 0.0012211027606826973 51
1782553910980 0.0011947428621351718 52
1782553910981 0.0011638496493105777 53
1782553910982 0.0011558095078362384 54
1782553910983 0.0011519402627891396 55
1782553910984 0.001145761405568919 56
1782553910985 0.0011407726624747738 57
1782553910986 0.001137375129328575 58
1782553910987 0.0011227175054227701 59
1782553910988 0.001117079099858529 60
1782553910989 0.0011124555751302978 61
1782553910990 0.001108326200483134 62
1782553910991 0.0011064594108029268 63
1782553910992 0.0011029858329857235 64
1782553910993 0.0011003489768336295 65
1782553910994 0.0010922890109941364 66
1782553910995 0.0010894093898241408 67
1782553910996 0.0010869194475526455 68
1782553910997 0.0010854595739510841 69
1782553910998 0.001083829870185582 70
1782553910999 0.0010823026904108702 71
1782553911000 0.001080494108100538 72
1782553911001 0.0010763166521064705 73
1782553911002 0.0010747863176948159 74
