1780314179417 0.27856365904212 1
1780314179419 0.23433711759746076 2
1780314179422 0.22187309309840203 3
1780314179424 0.20349922016263008 4
1780314179427 0.16922257550060749 5
1780314179429 0.14260754108428955 6
1780314179431 0.12958827137947082 7
1780314179434 0.12011272080242634 8
1780314179436 0.11234329201281071 9
1780314179438 0.10561414424329996 10
1780314179441 0.09949435718357563 11
1780314179443 0.09306224685162306 12
1780314179446 0.0851211864873767 13
1780314179448 0.07835916908457875 14
1780314179450 0.07275970168411731 15
1780314179453 0.06735540051013231 16
1780314179455 0.06134046221151948 17
1780314179457 0.05629506979137659 18
1780314179460 0.052159832883626224 19
1780314179462 0.04531907822936773 20
1780314179464 0.030968005312606694 21
1780314179467 0.021774205779656768 22
1780314179469 0.016589822419919072 23
1780314179471 0.01346271031536162 24
1780314179474 0.011350532621145248 25
1780314179476 0.009800767309498042 26
1780314179478 0.008585289525799454 27
1780314179481 0.007612851392477751 28
1780314179483 0.006847836929373443 29
1780314179485 0.0061967062752228234 30
1780314179488 0.0055932354589458555 31
1780314179490 0.005126414996339008 32
1780314179492 0.004707560744136572 33
1780314179494 0.004337987889302894 34
1780314179497 0.004010252761654556 35
1780314179499 0.0037215072032995523 36
1780314179501 0.0034600447281263767 37
1780314179504 0.0032320955261820926 38
1780314179506 0.0030183658935129644 39
1780314179508 0.0028216951683862133 40
1780314179511 0.0026842779444996266 41
1780314179513 0.0025724209583131595 42
1780314179515 0.0024558260216144844 43
1780314179518 0.0022887222218560053 44
1780314179520 0.002156604217016138 45
1780314179522 0.002050119784544222 46
1780314179525 0.001987438536598347 47
1780314179527 0.0019057305349269881 48
1780314179529 0.0018253089088830165 49
1780314179532 0.0017707876724307426 50
1780314179534 0.0017073659421293996 51
1780314179536 0.0016277422552229838 52
1780314179539 0.0015632221297710203 53
1780314179541 0.0015095437655691058 54
1780314179543 0.0014763960035634226 55
1780314179546 0.0014411462246789596 56
1780314179548 0.0014415243532857858 57
1780314179550 0.0013829962624004111 58
1780314179553 0.00133506762329489 59
1780314179555 0.0012939915149763693 60
1780314179557 0.0012687785872549284 61
1780314179559 0.0012308970486628822 62
1780314179562 0.0012117669887084048 63
1780314179564 0.0011827560963865835 64
1780314179567 0.0011624342163850088 65
1780314179569 0.001145440681866603 66
1780314179571 0.0011319536696828437 67
1780314179574 0.001113020821940154 68
1780314179576 0.001081964238983346 69
1780314179578 0.001053655158757465 70
1780314179581 0.001062248593516415 71
1780314179583 0.0010850575679796747 72
1780314179586 0.0010780013697512913 73
1780314179588 0.0010309404824511148 74
1780314179590 0.0010009433094819542 75
1780314179592 0.0009684467580518685 76
1780314179595 0.0009546191184199415 77
1780314179597 0.000947466294237529 78
1780314179599 0.0009483435182482936 79
1780314179611 0.0009434152801986784 80
1780314179613 0.0009420169214718044 81
1780314179616 0.0009501072310376912 82
1780314179618 0.000933778883118066 83
1780314179621 0.0009231724010169273 84
1780314179623 0.0009179455099365441 85
1780314179625 0.0009066407426871592 86
1780314179628 0.0008925780358549673 87
1780314179630 0.0008913760416908189 88
1780314179632 0.0008799642707890598 89
1780314179635 0.0008583950436150189 90
1780314179637 0.000842844392391271 91
1780314179639 0.0008392989701678744 92
1780314179642 0.0008513756902539171 93
1780314179644 0.0008484798397694249 94
1780314179646 0.0008400049603369552 95
1780314179649 0.0008401559379854007 96
1780314179651 0.0008335696598078357 97
1780314179653 0.0008415888757735957 98
1780314179656 0.0008278554565913509 99
1780314179658 0.0008061264430580195 100
1780314179660 0.0007910619195899926 101
1780314179663 0.0007945929844572674 102
1780314179665 0.0007956850432674401 103
1780314179667 0.0007800559409224661 104
1780314179670 0.0007646850351738976 105
1780314179672 0.0007666852908732835 106
1780314179674 0.0007650651974108768 107
1780314179677 0.0007649242086336017 108
1780314179679 0.0007421664264984428 109
1780314179681 0.0007057548053126083 110
1780314179684 0.0006920612377871294 111
1780314179686 0.0006857481907354668 112
1780314179688 0.0006824730007792823 113
1780314179691 0.0006779245514189824 114
1780314179693 0.0006751209279173054 115
1780314179695 0.0006731340218539117 116
1780314179698 0.0006702034698537318 117
1780314179700 0.0006632173354591942 118
1780314179702 0.0006574118309799814 119
