1780570781762 859.214111328125 1
1780570788455 486.8306579589844 2
1780570792337 402.4064636230469 3
1780570796293 331.2781677246094 4
1780570800376 280.4041748046875 5
1780570804208 240.64234924316406 6
1780570808013 209.8832550048828 7
1780570811385 184.3580780029297 8
1780570815193 172.04612731933594 9
1780570819297 158.95758056640625 10
1780570823177 146.97032165527344 11
1780570826829 132.7352294921875 12
1780570830557 121.78895568847656 13
1780570834321 113.2645492553711 14
1780570838249 106.05131530761719 15
1780570842377 102.3611068725586 16
1780570846417 98.43512725830078 17
1780570850153 91.7982177734375 18
1780570853949 87.49372100830078 19
1780570857841 82.65215301513672 20
1780570862029 78.39906311035156 21
1780570866193 74.2504653930664 22
1780570869797 70.39102935791016 23
1780570873825 66.6366195678711 24
1780570877297 64.32742309570312 25
1780570880981 61.44240188598633 26
1780570884705 58.762088775634766 27
1780570888329 56.85478210449219 28
1780570891877 54.48208999633789 29
1780570896001 53.01128387451172 30
1780570899885 52.030094146728516 31
1780570903777 50.244171142578125 32
1780570907494 49.31296920776367 33
1780570911473 48.09992218017578 34
1780570915401 46.180580139160156 35
1780570919173 45.17918395996094 36
1780570922949 43.774234771728516 37
1780570926609 42.41373825073242 38
1780570930187 41.185760498046875 39
1780570933793 40.274662017822266 40
1780570937521 39.13710403442383 41
1780570941141 38.09284973144531 42
1780570945017 37.3758430480957 43
1780570948846 36.14030456542969 44
1780570952689 35.47178268432617 45
1780570956513 34.44227600097656 46
1780570960697 34.000152587890625 47
1780570965005 33.106101989746094 48
1780570968773 32.647254943847656 49
1780570972961 32.145103454589844 50
1780570977129 31.41973114013672 51
1780570981241 30.557903289794922 52
1780570985233 29.872121810913086 53
1780570989053 29.544538497924805 54
1780570992821 29.017486572265625 55
1780570996705 28.60312271118164 56
1780571000445 27.965682983398438 57
1780571004169 27.1975154876709 58
1780571008146 26.566225051879883 59
1780571012249 25.864011764526367 60
1780571016233 25.517274856567383 61
1780571019957 25.0030460357666 62
1780571023773 24.49300765991211 63
1780571027701 24.107141494750977 64
1780571031505 23.801342010498047 65
1780571035813 23.583316802978516 66
1780571039697 23.350875854492188 67
1780571043445 23.082317352294922 68
1780571047441 22.84642219543457 69
1780571051153 22.468652725219727 70
1780571055073 22.242958068847656 71
1780571058848 21.967561721801758 72
1780571062861 21.591428756713867 73
1780571067161 21.392414093017578 74
1780571070929 21.17966651916504 75
1780571074533 20.97831916809082 76
1780571078461 20.694725036621094 77
1780571082069 20.42626953125 78
1780571085729 20.274930953979492 79
1780571089897 20.21782875061035 80
1780571093866 20.067466735839844 81
1780571097830 19.88404655456543 82
1780571102130 19.73969268798828 83
1780571106153 19.610883712768555 84
1780571110717 19.56438446044922 85
1780571114385 19.45098114013672 86
1780571118289 19.258625030517578 87
1780571122141 19.14238166809082 88
1780571126334 18.969425201416016 89
1780571130077 18.774429321289062 90
1780571134038 18.637348175048828 91
1780571138385 18.442644119262695 92
1780571142261 18.201845169067383 93
1780571146229 18.060138702392578 94
1780571150354 17.975929260253906 95
1780571154306 17.776042938232422 96
1780571158242 17.690702438354492 97
1780571162146 17.577285766601562 98
1780571166245 17.4654541015625 99
1780571170265 17.30904769897461 100
1780571174134 17.16614532470703 101
1780571177949 17.017934799194336 102
1780571181921 16.847034454345703 103
1780571186205 16.725967407226562 104
1780571190046 16.572044372558594 105
1780571193889 16.49937629699707 106
1780571198190 16.356037139892578 107
1780571202321 16.258106231689453 108
1780571206418 16.14044761657715 109
1780571210337 16.064844131469727 110
1780571214506 15.949743270874023 111
1780571218478 15.853738784790039 112
1780571222582 15.828200340270996 113
1780571226966 15.743704795837402 114
1780571230912 15.650589942932129 115
1780571234994 15.512650489807129 116
1780571239108 15.450109481811523 117
1780571243354 15.351827621459961 118
1780571247230 15.278898239135742 119
1780571251224 15.19095516204834 120
1780571255258 15.098067283630371 121
1780571259138 15.008077621459961 122
1780571263113 14.970131874084473 123
1780571267165 14.91742992401123 124
1780571271635 14.807317733764648 125
1780571275490 14.717082977294922 126
1780571279370 14.587794303894043 127
1780571283154 14.442339897155762 128
1780571287102 14.373838424682617 129
1780571291304 14.23720645904541 130
1780571295978 14.08544635772705 131
1780571300366 13.968958854675293 132
1780571304414 13.862306594848633 133
1780571308361 13.739931106567383 134
1780571312489 13.635648727416992 135
1780571316644 13.567468643188477 136
1780571320506 13.458620071411133 137
1780571324426 13.373213768005371 138
1780571328582 13.288178443908691 139
1780571332750 13.186500549316406 140
1780571337027 13.163241386413574 141
1780571341438 13.030101776123047 142
1780571345286 12.917351722717285 143
1780571349206 12.837149620056152 144
1780571353486 12.730047225952148 145
1780571357314 12.644455909729004 146
1780571361194 12.548084259033203 147
1780571365033 12.42564868927002 148
1780571368910 12.329747200012207 149
1780571373130 12.200035095214844 150
1780571377262 12.085740089416504 151
1780571381666 12.015960693359375 152
1780571386054 11.95960521697998 153
1780571389946 11.828216552734375 154
1780571393813 11.697389602661133 155
1780571397714 11.579355239868164 156
1780571401558 11.463664054870605 157
1780571405546 11.40842056274414 158
1780571409298 11.2952880859375 159
1780571413150 11.201361656188965 160
1780571416938 11.093789100646973 161
1780571420762 11.00185489654541 162
1780571424570 10.918143272399902 163
1780571428294 10.798011779785156 164
1780571432026 10.68196964263916 165
1780571435886 10.601941108703613 166
1780571439650 10.465606689453125 167
1780571443465 10.38713264465332 168
1780571447290 10.267599105834961 169
1780571451129 10.1605806350708 170
1780571455006 10.034789085388184 171
1780571458793 9.93165397644043 172
1780571462697 9.804237365722656 173
1780571466513 9.671339988708496 174
1780571470382 9.524792671203613 175
1780571474430 9.406183242797852 176
1780571478254 9.29310417175293 177
1780571481986 9.187503814697266 178
1780571486174 9.046387672424316 179
1780571489965 8.935251235961914 180
1780571493918 8.840058326721191 181
1780571498105 8.724700927734375 182
1780571502134 8.614180564880371 183
1780571506624 8.529069900512695 184
1780571511370 8.406620979309082 185
1780571515574 8.279787063598633 186
1780571519394 8.191161155700684 187
1780571523166 8.078315734863281 188
1780571527630 7.979007244110107 189
1780571532022 7.87559175491333 190
1780571536150 7.77123498916626 191
1780571540050 7.640721797943115 192
1780571544042 7.568913459777832 193
1780571548198 7.43048620223999 194
1780571552234 7.301547050476074 195
1780571556334 7.1870269775390625 196
1780571560158 7.08939790725708 197
1780571564018 6.979108810424805 198
1780571568137 6.85892391204834 199
1780571572202 6.767375946044922 200
1780571576346 6.605954170227051 201
1780571580851 6.460389137268066 202
1780571585110 6.3007426261901855 203
1780571589474 6.139205455780029 204
1780571593379 5.980302810668945 205
1780571597526 5.884809970855713 206
1780571601586 5.7473602294921875 207
1780571605646 5.674160480499268 208
1780571609582 5.5197343826293945 209
1780571614022 5.43269157409668 210
1780571618382 5.289784908294678 211
1780571622232 5.119498252868652 212
1780571626102 5.016279697418213 213
1780571629983 4.875133037567139 214
1780571633838 4.76438570022583 215
1780571638002 4.6213531494140625 216
1780571641986 4.491425514221191 217
1780571646138 4.39293909072876 218
1780571650054 4.284482955932617 219
1780571653946 4.128963947296143 220
1780571657863 3.9602694511413574 221
1780571662110 3.821075439453125 222
1780571666130 3.6079604625701904 223
1780571670282 3.4135985374450684 224
1780571674610 3.245445489883423 225
1780571679036 3.1122443675994873 226
1780571683526 2.924537420272827 227
1780571687428 2.7485458850860596 228
1780571691662 2.546799898147583 229
1780571695718 2.385550022125244 230
1780571699777 2.083629846572876 231
1780571703816 1.93263840675354 232
1780571707758 1.707321286201477 233
1780571711646 1.5078785419464111 234
1780571715590 1.1888378858566284 235
1780571719594 1.061824083328247 236
1780571723494 0.9290107488632202 237
1780571727434 0.609809398651123 238
1780571731806 4.949959020450478e-06 239
1780571735678 4.964071194990538e-06 240
