1780570781765 243.359619140625 1
1780570788459 220.44810485839844 2
1780570792341 203.86929321289062 3
1780570796297 190.44834899902344 4
1780570800381 183.40341186523438 5
1780570804212 176.87388610839844 6
1780570808017 170.64520263671875 7
1780570811389 168.92715454101562 8
1780570815197 163.8949432373047 9
1780570819301 156.6053466796875 10
1780570823182 150.54354858398438 11
1780570826833 148.07760620117188 12
1780570830561 143.62867736816406 13
1780570834325 143.3532257080078 14
1780570838253 139.69065856933594 15
1780570842381 134.71197509765625 16
1780570846422 131.12326049804688 17
1780570850158 129.0790557861328 18
1780570853953 128.5741424560547 19
1780570857845 124.75982666015625 20
1780570862034 124.15811920166016 21
1780570866197 123.05787658691406 22
1780570869802 120.46870422363281 23
1780570873829 119.9767074584961 24
1780570877301 117.85887145996094 25
1780570880986 113.99232482910156 26
1780570884709 113.07565307617188 27
1780570888333 112.17977905273438 28
1780570891881 107.8905029296875 29
1780570896006 106.43093872070312 30
1780570899889 104.86093139648438 31
1780570903781 104.10128784179688 32
1780570907499 101.40542602539062 33
1780570911478 99.70046997070312 34
1780570915405 98.59888458251953 35
1780570919177 97.32225036621094 36
1780570922953 96.10874938964844 37
1780570926613 93.6634750366211 38
1780570930191 93.11561584472656 39
1780570933797 91.584716796875 40
1780570937525 90.36774444580078 41
1780570941144 89.50460815429688 42
1780570945021 87.53730773925781 43
1780570948850 86.42356872558594 44
1780570952693 85.62229919433594 45
1780570956518 84.92581176757812 46
1780570960702 83.15737915039062 47
1780570965010 82.3204116821289 48
1780570968777 81.08930206298828 49
1780570972970 80.21534729003906 50
1780570977134 79.83487701416016 51
1780570981245 78.97727966308594 52
1780570985237 77.04779052734375 53
1780570989058 76.02765655517578 54
1780570992825 75.0080795288086 55
1780570996710 73.5115966796875 56
1780571000450 72.51985168457031 57
1780571004174 71.51337432861328 58
1780571008150 71.50444030761719 59
1780571012253 70.77577209472656 60
1780571016238 69.55570220947266 61
1780571019961 68.33104705810547 62
1780571023778 67.05181884765625 63
1780571027706 66.51066589355469 64
1780571031510 65.36634826660156 65
1780571035817 64.4527587890625 66
1780571039701 63.72030258178711 67
1780571043450 63.027122497558594 68
1780571047446 62.628021240234375 69
1780571051158 62.2050895690918 70
1780571055077 61.23723602294922 71
1780571058852 60.41450500488281 72
1780571062866 59.917686462402344 73
1780571067165 58.86222839355469 74
1780571070934 58.563514709472656 75
1780571074538 57.67439270019531 76
1780571078466 56.74530792236328 77
1780571082074 56.14713668823242 78
1780571085734 55.580474853515625 79
1780571089901 55.07441711425781 80
1780571093870 54.058231353759766 81
1780571097834 53.91107940673828 82
1780571102134 53.36619567871094 83
1780571106158 52.549556732177734 84
1780571110722 51.90643310546875 85
1780571114390 51.5045166015625 86
1780571118294 50.856903076171875 87
1780571122146 50.43181610107422 88
1780571126339 50.04621887207031 89
1780571130082 48.849483489990234 90
1780571134042 47.97051239013672 91
1780571138389 47.20685577392578 92
1780571142266 46.99296569824219 93
1780571146234 46.09064483642578 94
1780571150358 45.17479705810547 95
1780571154310 45.004913330078125 96
1780571158246 44.42070770263672 97
1780571162150 43.85460662841797 98
1780571166250 43.08479690551758 99
1780571170270 42.408714294433594 100
1780571174138 42.33978271484375 101
1780571177954 41.4765510559082 102
1780571181926 41.11570739746094 103
1780571186209 40.896026611328125 104
1780571190051 40.325401306152344 105
1780571193893 40.02915573120117 106
1780571198194 39.366390228271484 107
1780571202325 38.05803680419922 108
1780571206422 37.781280517578125 109
1780571210341 37.47149658203125 110
1780571214511 36.29511260986328 111
1780571218482 35.814388275146484 112
1780571222586 35.081817626953125 113
1780571226970 34.80323028564453 114
1780571230916 33.864166259765625 115
1780571234998 33.28205108642578 116
1780571239112 32.729949951171875 117
1780571243358 32.352867126464844 118
1780571247235 32.31797409057617 119
1780571251228 31.77164077758789 120
1780571255266 31.019882202148438 121
1780571259143 30.922645568847656 122
1780571263118 30.295446395874023 123
1780571267169 30.022050857543945 124
1780571271640 29.607900619506836 125
1780571275494 29.362342834472656 126
1780571279374 29.114349365234375 127
1780571283158 29.032085418701172 128
1780571287106 28.436687469482422 129
1780571291308 28.361597061157227 130
1780571295982 27.544849395751953 131
1780571300370 26.95115852355957 132
1780571304418 26.611255645751953 133
1780571308366 26.585498809814453 134
1780571312494 26.303356170654297 135
1780571316649 25.628934860229492 136
1780571320511 25.226152420043945 137
1780571324430 24.614933013916016 138
1780571328586 24.4735050201416 139
1780571332754 23.979473114013672 140
1780571337032 23.392560958862305 141
1780571341442 23.220592498779297 142
1780571345290 22.4271240234375 143
1780571349210 22.282028198242188 144
1780571353490 21.63693618774414 145
1780571357318 21.175079345703125 146
1780571361199 20.631343841552734 147
1780571365038 19.570188522338867 148
1780571368914 18.996522903442383 149
1780571373134 18.40679931640625 150
1780571377266 17.88870620727539 151
1780571381671 17.416885375976562 152
1780571386059 16.25326156616211 153
1780571389950 15.887434005737305 154
1780571393817 15.683564186096191 155
1780571397718 15.22527027130127 156
1780571401563 14.457660675048828 157
1780571405550 12.88469123840332 158
1780571409302 12.178162574768066 159
1780571413161 11.828346252441406 160
1780571416943 10.745748519897461 161
1780571420766 10.526601791381836 162
1780571424574 10.231374740600586 163
1780571428298 10.15019416809082 164
1780571432030 9.726633071899414 165
1780571435890 9.272988319396973 166
1780571439654 9.088676452636719 167
1780571443470 8.826033592224121 168
1780571447294 8.511460304260254 169
1780571451134 8.26781177520752 170
1780571455010 7.88531494140625 171
1780571458797 7.375441551208496 172
1780571462702 6.923978805541992 173
1780571466518 6.868541717529297 174
1780571470387 6.2690863609313965 175
1780571474435 6.17966365814209 176
1780571478258 5.848453521728516 177
1780571481990 5.773309707641602 178
1780571486178 5.649419784545898 179
1780571489969 5.485713958740234 180
1780571493922 5.155237197875977 181
1780571498114 4.621942043304443 182
1780571502138 4.316505432128906 183
1780571506628 3.988724708557129 184
1780571511374 3.6818037033081055 185
1780571515579 3.5162715911865234 186
1780571519399 3.425218343734741 187
1780571523170 3.3560938835144043 188
1780571527635 3.205029010772705 189
1780571532026 3.149428367614746 190
1780571536154 2.667753219604492 191
1780571540055 2.457902431488037 192
1780571544047 2.2846927642822266 193
1780571548203 2.1881351470947266 194
1780571552238 1.9908947944641113 195
1780571556338 1.7533650398254395 196
1780571560163 1.635789394378662 197
1780571564022 1.462508201599121 198
1780571568141 1.389289379119873 199
1780571572206 1.3127682209014893 200
1780571576350 1.1860389709472656 201
1780571580857 1.1297262907028198 202
1780571585113 1.0872416496276855 203
1780571589478 1.0608479976654053 204
1780571593383 0.9329971671104431 205
1780571597531 0.8562843203544617 206
1780571601590 0.8005599975585938 207
1780571605650 0.7403478622436523 208
1780571609587 0.7125182747840881 209
1780571614027 0.6706392765045166 210
1780571618386 0.6180660128593445 211
1780571622237 0.5452345013618469 212
1780571626106 0.49724653363227844 213
1780571629987 0.4434167742729187 214
1780571633843 0.419913113117218 215
1780571638007 0.3821555972099304 216
1780571641991 0.36710071563720703 217
1780571646142 0.32047080993652344 218
1780571650058 0.287593811750412 219
1780571653950 0.25040701031684875 220
1780571657868 0.22093713283538818 221
1780571662114 0.20018091797828674 222
1780571666135 0.17882224917411804 223
1780571670286 0.16555416584014893 224
1780571674615 0.1431354582309723 225
1780571679040 0.10989178717136383 226
1780571683531 0.0993744507431984 227
1780571687432 0.0822657123208046 228
1780571691667 0.06803663074970245 229
1780571695723 0.056947484612464905 230
1780571699781 0.04463234543800354 231
1780571703820 0.0331781841814518 232
1780571707763 0.023816777393221855 233
1780571711651 0.014331803657114506 234
1780571715595 0.007130269426852465 235
1780571719599 0.0036819581873714924 236
1780571723499 0.0007952805026434362 237
1780571727439 0.00022262152924668044 238
1780571731811 2.5121380531345494e-07 239
1780571735683 2.5141497417280334e-07 240
