1780570781780 0.3949459195137024 1
1780570788475 0.4112391471862793 2
1780570792360 0.49947619438171387 3
1780570796315 0.5305161476135254 4
1780570800406 0.5509962439537048 5
1780570804230 0.574673056602478 6
1780570808035 0.5892910957336426 7
1780570811407 0.5999014973640442 8
1780570815215 0.6098875403404236 9
1780570819319 0.6243463754653931 10
1780570823200 0.6333245038986206 11
1780570826851 0.6333699226379395 12
1780570830579 0.6378594636917114 13
1780570834343 0.637932300567627 14
1780570838271 0.6467310190200806 15
1780570842399 0.6529258489608765 16
1780570846439 0.655848503112793 17
1780570850175 0.6603082418441772 18
1780570853971 0.6710553169250488 19
1780570857863 0.6742292046546936 20
1780570862051 0.6748769283294678 21
1780570866215 0.6762639880180359 22
1780570869820 0.6885416507720947 23
1780570873847 0.6905351877212524 24
1780570877319 0.6959423422813416 25
1780570881004 0.696820855140686 26
1780570884727 0.6996123790740967 27
1780570888352 0.6996862888336182 28
1780570891899 0.7024109363555908 29
1780570896023 0.7024716734886169 30
1780570899906 0.703837513923645 31
1780570903799 0.7073874473571777 32
1780570907518 0.7243298888206482 33
1780570911495 0.7243439555168152 34
1780570915423 0.724346935749054 35
1780570919195 0.7263922691345215 36
1780570922970 0.7273561954498291 37
1780570926631 0.7293046116828918 38
1780570930209 0.7293212413787842 39
1780570933814 0.7294743657112122 40
1780570937567 0.7298620939254761 41
1780570941161 0.7301658391952515 42
1780570945039 0.7326745390892029 43
1780570948871 0.7340551018714905 44
1780570952730 0.737883448600769 45
1780570956536 0.7384774684906006 46
1780570960719 0.7384982109069824 47
1780570965027 0.7391945123672485 48
1780570968795 0.7393263578414917 49
1780570972988 0.7434902787208557 50
1780570977151 0.7473877668380737 51
1780570981262 0.7476915121078491 52
1780570985254 0.7485211491584778 53
1780570989075 0.7487285137176514 54
1780570992843 0.7487573623657227 55
1780570996727 0.7491871118545532 56
1780571000467 0.7492237091064453 57
1780571004192 0.7537688612937927 58
1780571008167 0.7573678493499756 59
1780571012269 0.7573840022087097 60
1780571016256 0.7614750266075134 61
1780571019979 0.761564314365387 62
1780571023795 0.7618790864944458 63
1780571027723 0.7624292373657227 64
1780571031527 0.7632189393043518 65
1780571035835 0.7664046883583069 66
1780571039719 0.7665733098983765 67
1780571043467 0.7666520476341248 68
1780571047463 0.7670378684997559 69
1780571051176 0.7709331512451172 70
1780571055094 0.7756495475769043 71
1780571058884 0.7757114171981812 72
1780571062883 0.776469886302948 73
1780571067182 0.7792006731033325 74
1780571070952 0.7806167006492615 75
1780571074556 0.7811334133148193 76
1780571078485 0.7820218801498413 77
1780571082091 0.7821155786514282 78
1780571085752 0.7821327447891235 79
1780571089918 0.7826068997383118 80
1780571093888 0.7827437520027161 81
1780571097852 0.7827629446983337 82
1780571102152 0.7828289270401001 83
1780571106175 0.7869188785552979 84
1780571110740 0.7871942520141602 85
1780571114408 0.7872167229652405 86
1780571118312 0.7872249484062195 87
1780571122164 0.7891004085540771 88
1780571126356 0.7918540835380554 89
1780571130100 0.7920886874198914 90
1780571134060 0.7920935153961182 91
1780571138408 0.7923258543014526 92
1780571142284 0.7927089929580688 93
1780571146252 0.7942472696304321 94
1780571150375 0.7947521805763245 95
1780571154328 0.7954186201095581 96
1780571158264 0.7958611249923706 97
1780571162168 0.7959991693496704 98
1780571166266 0.796082615852356 99
1780571170287 0.7960844039916992 100
1780571174156 0.7961225509643555 101
1780571177972 0.7968879342079163 102
1780571181944 0.7975747585296631 103
1780571186227 0.7976604700088501 104
1780571190068 0.800092875957489 105
1780571193911 0.8009531497955322 106
1780571198212 0.8010010719299316 107
1780571202343 0.8035822510719299 108
1780571206440 0.8040013909339905 109
1780571210359 0.8043120503425598 110
1780571214529 0.8048146963119507 111
1780571218500 0.8048431873321533 112
1780571222604 0.8052508234977722 113
1780571226988 0.8058925271034241 114
1780571230948 0.8067439794540405 115
1780571235016 0.8078621029853821 116
1780571239130 0.8082138895988464 117
1780571243377 0.8084080815315247 118
1780571247253 0.812122106552124 119
1780571251245 0.8144151568412781 120
1780571255293 0.8147810697555542 121
1780571259164 0.8148728609085083 122
1780571263135 0.8149294853210449 123
1780571267187 0.8160796165466309 124
1780571271658 0.8162168264389038 125
1780571275512 0.8168591856956482 126
1780571279392 0.8172814249992371 127
1780571283176 0.8190951943397522 128
1780571287124 0.8193832039833069 129
1780571291325 0.8201087713241577 130
1780571296000 0.8202254772186279 131
1780571300388 0.8203774690628052 132
1780571304436 0.8217214345932007 133
1780571308383 0.822105884552002 134
1780571312511 0.8223000764846802 135
1780571316666 0.8223303556442261 136
1780571320528 0.8228404521942139 137
1780571324449 0.8228809833526611 138
1780571328604 0.8234364986419678 139
1780571332772 0.8234886527061462 140
1780571337050 0.8243342638015747 141
1780571341460 0.8249430656433105 142
1780571345307 0.8250373601913452 143
1780571349227 0.8257791996002197 144
1780571353507 0.8258121013641357 145
1780571357335 0.8258127570152283 146
1780571361217 0.8258326649665833 147
1780571365056 0.826725959777832 148
1780571368932 0.8272380828857422 149
1780571373152 0.8272454738616943 150
1780571377284 0.8272586464881897 151
1780571381688 0.8279613256454468 152
1780571386077 0.8281077742576599 153
1780571389968 0.8283385038375854 154
1780571393849 0.8285835981369019 155
1780571397736 0.8294545412063599 156
1780571401580 0.8305920958518982 157
1780571405568 0.830880880355835 158
1780571409319 0.8317676782608032 159
1780571413179 0.8331232070922852 160
1780571416961 0.833186686038971 161
1780571420784 0.8350111246109009 162
1780571424592 0.8352117538452148 163
1780571428316 0.8356000185012817 164
1780571432049 0.8366068005561829 165
1780571435908 0.8373860716819763 166
1780571439672 0.837891697883606 167
1780571443487 0.8379417657852173 168
1780571447312 0.8379478454589844 169
1780571451152 0.8379526138305664 170
1780571455028 0.8390487432479858 171
1780571458813 0.840499222278595 172
1780571462720 0.8416078090667725 173
1780571466536 0.8416576981544495 174
1780571470404 0.8424860239028931 175
1780571474452 0.8424929976463318 176
1780571478276 0.843034029006958 177
1780571482008 0.8437247276306152 178
1780571486196 0.844493567943573 179
1780571489986 0.8445186614990234 180
1780571493940 0.8445223569869995 181
1780571498130 0.8448024392127991 182
1780571502158 0.8448221683502197 183
1780571506660 0.846531867980957 184
1780571511392 0.8466272354125977 185
1780571515597 0.8499037623405457 186
1780571519417 0.851561427116394 187
1780571523188 0.8517906069755554 188
1780571527652 0.8518158197402954 189
1780571532044 0.851825475692749 190
1780571536172 0.8523716330528259 191
1780571540072 0.854233980178833 192
1780571544064 0.854241132736206 193
1780571548221 0.8547438979148865 194
1780571552255 0.8564366698265076 195
1780571556355 0.8573334217071533 196
1780571560181 0.8582689762115479 197
1780571564040 0.8593645095825195 198
1780571568159 0.8624227046966553 199
1780571572223 0.8624321222305298 200
1780571576368 0.8625420928001404 201
1780571580889 0.8625532388687134 202
1780571585129 0.8628988265991211 203
1780571589496 0.8628988862037659 204
1780571593401 0.8685347437858582 205
1780571597549 0.8685988187789917 206
1780571601608 0.8692116141319275 207
1780571605668 0.8693913221359253 208
1780571609605 0.8708149194717407 209
1780571614044 0.8715568780899048 210
1780571618403 0.8719781637191772 211
1780571622255 0.8763997554779053 212
1780571626123 0.8764966130256653 213
1780571630005 0.8765429854393005 214
1780571633861 0.8767012357711792 215
1780571638023 0.8793047070503235 216
1780571642008 0.8820425271987915 217
1780571646160 0.8821366429328918 218
1780571650075 0.8821755647659302 219
1780571653968 0.8847297430038452 220
1780571657886 0.8879042267799377 221
1780571662132 0.8914538025856018 222
1780571666152 0.898021936416626 223
1780571670304 0.9046379923820496 224
1780571674633 0.9048333168029785 225
1780571679073 0.9075958132743835 226
1780571683548 0.9095593690872192 227
1780571687465 0.9097299575805664 228
1780571691684 0.9104270935058594 229
1780571695741 0.9154168963432312 230
1780571699799 0.9406263828277588 231
1780571703851 0.9449517130851746 232
1780571707783 0.9458044171333313 233
1780571711668 0.9461312890052795 234
1780571715612 0.9742714166641235 235
1780571719617 0.9747529625892639 236
1780571723517 0.9834328293800354 237
1780571727472 0.9835615754127502 238
1780571731829 1.0 239
1780571735701 1.0 240
