1780570781776 5.636414527893066 1
1780570788472 5.239554405212402 2
1780570792356 4.897453308105469 3
1780570796311 4.845229625701904 4
1780570800402 4.608732223510742 5
1780570804226 4.510592460632324 6
1780570808031 4.439849853515625 7
1780570811403 4.37968635559082 8
1780570815211 4.3813605308532715 9
1780570819315 4.126161575317383 10
1780570823195 4.1012983322143555 11
1780570826847 4.021766662597656 12
1780570830575 4.014394283294678 13
1780570834339 3.977440357208252 14
1780570838267 3.9541993141174316 15
1780570842395 3.869598388671875 16
1780570846435 3.815680503845215 17
1780570850171 3.7527594566345215 18
1780570853967 3.725933074951172 19
1780570857859 3.6735239028930664 20
1780570862047 3.6463818550109863 21
1780570866211 3.6208271980285645 22
1780570869815 3.6075329780578613 23
1780570873843 3.5811767578125 24
1780570877315 3.5605225563049316 25
1780570881000 3.527958631515503 26
1780570884723 3.5196995735168457 27
1780570888348 3.4369611740112305 28
1780570891895 3.435936450958252 29
1780570896019 3.403047561645508 30
1780570899902 3.3622303009033203 31
1780570903795 3.349696159362793 32
1780570907514 3.3359436988830566 33
1780570911491 3.3207788467407227 34
1780570915419 3.2941670417785645 35
1780570919191 3.2601168155670166 36
1780570922966 3.2177071571350098 37
1780570926627 3.18666934967041 38
1780570930205 3.1947875022888184 39
1780570933810 3.1929805278778076 40
1780570937547 3.1575536727905273 41
1780570941157 3.143639087677002 42
1780570945035 3.136378288269043 43
1780570948867 3.1284890174865723 44
1780570952713 3.1005289554595947 45
1780570956532 3.0780463218688965 46
1780570960715 3.0485446453094482 47
1780570965023 3.0060877799987793 48
1780570968791 2.9958908557891846 49
1780570972984 2.978358268737793 50
1780570977147 2.9623982906341553 51
1780570981258 2.939701557159424 52
1780570985250 2.931251049041748 53
1780570989071 2.867750883102417 54
1780570992839 2.8586456775665283 55
1780570996723 2.8173208236694336 56
1780571000463 2.808185577392578 57
1780571004188 2.8043956756591797 58
1780571008163 2.783777952194214 59
1780571012265 2.770549774169922 60
1780571016252 2.7517549991607666 61
1780571019975 2.724916934967041 62
1780571023791 2.7049405574798584 63
1780571027719 2.688706398010254 64
1780571031523 2.6818315982818604 65
1780571035831 2.666348934173584 66
1780571039715 2.639035701751709 67
1780571043463 2.6278531551361084 68
1780571047459 2.5978457927703857 69
1780571051172 2.5949249267578125 70
1780571055090 2.5637335777282715 71
1780571058881 2.557314872741699 72
1780571062879 2.541192054748535 73
1780571067178 2.5116703510284424 74
1780571070947 2.4955148696899414 75
1780571074551 2.4796056747436523 76
1780571078481 2.4711318016052246 77
1780571082087 2.465207576751709 78
1780571085747 2.4413907527923584 79
1780571089914 2.424593925476074 80
1780571093884 2.412069797515869 81
1780571097848 2.395395278930664 82
1780571102148 2.392014503479004 83
1780571106171 2.3800253868103027 84
1780571110736 2.3755698204040527 85
1780571114404 2.3589234352111816 86
1780571118308 2.344823122024536 87
1780571122160 2.3338730335235596 88
1780571126352 2.331300735473633 89
1780571130096 2.3205149173736572 90
1780571134056 2.3008511066436768 91
1780571138404 2.285301685333252 92
1780571142280 2.277156352996826 93
1780571146248 2.264301300048828 94
1780571150371 2.256206512451172 95
1780571154324 2.235504627227783 96
1780571158260 2.2161002159118652 97
1780571162164 2.1891512870788574 98
1780571166262 2.1742630004882812 99
1780571170283 2.161619186401367 100
1780571174152 2.153618335723877 101
1780571177968 2.152538299560547 102
1780571181940 2.136932373046875 103
1780571186223 2.128201961517334 104
1780571190064 2.1183180809020996 105
1780571193907 2.085300922393799 106
1780571198208 2.0650758743286133 107
1780571202339 2.0617921352386475 108
1780571206436 2.049842357635498 109
1780571210355 2.0407395362854004 110
1780571214525 2.0225648880004883 111
1780571218496 1.9987001419067383 112
1780571222600 1.9900871515274048 113
1780571226984 1.9909923076629639 114
1780571230945 1.9710890054702759 115
1780571235012 1.9440195560455322 116
1780571239126 1.929719090461731 117
1780571243372 1.9195435047149658 118
1780571247249 1.9115533828735352 119
1780571251241 1.8943376541137695 120
1780571255287 1.8783760070800781 121
1780571259157 1.8690593242645264 122
1780571263131 1.8560960292816162 123
1780571267183 1.8477193117141724 124
1780571271654 1.842971920967102 125
1780571275508 1.8362550735473633 126
1780571279388 1.8176746368408203 127
1780571283172 1.8011585474014282 128
1780571287120 1.7972010374069214 129
1780571291321 1.7943291664123535 130
1780571295996 1.7781057357788086 131
1780571300384 1.7554211616516113 132
1780571304432 1.7408277988433838 133
1780571308379 1.7391040325164795 134
1780571312507 1.7301167249679565 135
1780571316662 1.718973994255066 136
1780571320524 1.6996643543243408 137
1780571324444 1.686727523803711 138
1780571328600 1.6824395656585693 139
1780571332768 1.6531356573104858 140
1780571337046 1.6295462846755981 141
1780571341456 1.6127206087112427 142
1780571345303 1.6029670238494873 143
1780571349223 1.5913786888122559 144
1780571353503 1.5702753067016602 145
1780571357331 1.552504301071167 146
1780571361212 1.5425955057144165 147
1780571365052 1.5191340446472168 148
1780571368928 1.5043747425079346 149
1780571373148 1.4922229051589966 150
1780571377280 1.4910759925842285 151
1780571381684 1.470003604888916 152
1780571386072 1.4456162452697754 153
1780571389964 1.4372069835662842 154
1780571393845 1.4184337854385376 155
1780571397732 1.399247407913208 156
1780571401576 1.3802509307861328 157
1780571405563 1.3046956062316895 158
1780571409315 1.2566092014312744 159
1780571413175 1.228739619255066 160
1780571416956 1.200758934020996 161
1780571420780 1.1778711080551147 162
1780571424588 1.1587328910827637 163
1780571428312 1.147437572479248 164
1780571432045 1.1209254264831543 165
1780571435904 1.0566083192825317 166
1780571439668 1.042120099067688 167
1780571443483 1.0326337814331055 168
1780571447308 1.0016158819198608 169
1780571451147 0.9951159954071045 170
1780571455024 0.9726083278656006 171
1780571458810 0.9243332147598267 172
1780571462716 0.9025962948799133 173
1780571466532 0.8794125318527222 174
1780571470400 0.8546525239944458 175
1780571474448 0.8395103216171265 176
1780571478272 0.8322670459747314 177
1780571482003 0.8231952786445618 178
1780571486192 0.8116781711578369 179
1780571489982 0.7538671493530273 180
1780571493936 0.7531270980834961 181
1780571498126 0.7287061810493469 182
1780571502154 0.6860964298248291 183
1780571506656 0.6563892364501953 184
1780571511388 0.645477294921875 185
1780571515593 0.6415455341339111 186
1780571519413 0.6320010423660278 187
1780571523184 0.6254188418388367 188
1780571527648 0.5846356749534607 189
1780571532040 0.5770658850669861 190
1780571536168 0.5560085773468018 191
1780571540068 0.54355788230896 192
1780571544060 0.5227100849151611 193
1780571548216 0.5134304761886597 194
1780571552251 0.4846698045730591 195
1780571556351 0.4687332212924957 196
1780571560177 0.4509718418121338 197
1780571564036 0.42654842138290405 198
1780571568155 0.40803050994873047 199
1780571572219 0.3898223042488098 200
1780571576364 0.3793177604675293 201
1780571580885 0.36685076355934143 202
1780571585126 0.3637535274028778 203
1780571589492 0.3505367040634155 204
1780571593397 0.33567067980766296 205
1780571597544 0.3217887580394745 206
1780571601604 0.30881834030151367 207
1780571605664 0.3006133437156677 208
1780571609601 0.2954987585544586 209
1780571614040 0.2844838500022888 210
1780571618399 0.26739299297332764 211
1780571622251 0.2532503008842468 212
1780571626119 0.239652618765831 213
1780571630001 0.22924603521823883 214
1780571633857 0.22258177399635315 215
1780571638019 0.21180927753448486 216
1780571642004 0.20630604028701782 217
1780571646156 0.19130206108093262 218
1780571650071 0.18074288964271545 219
1780571653964 0.1682816445827484 220
1780571657882 0.16064977645874023 221
1780571662128 0.1514325588941574 222
1780571666148 0.14306730031967163 223
1780571670300 0.13277414441108704 224
1780571674628 0.1265743374824524 225
1780571679069 0.10977955162525177 226
1780571683544 0.1020006537437439 227
1780571687461 0.09414660930633545 228
1780571691680 0.08468189090490341 229
1780571695737 0.0772174745798111 230
1780571699795 0.06688840687274933 231
1780571703839 0.05763617157936096 232
1780571707779 0.04888980835676193 233
1780571711664 0.03689483180642128 234
1780571715608 0.026193805038928986 235
1780571719612 0.016696881502866745 236
1780571723513 0.00534954434260726 237
1780571727468 0.0026708520017564297 238
1780571731825 0.0001590212486917153 239
1780571735697 0.00015878648264333606 240
