1780570781782 0.7464197874069214 1
1780570788478 0.7801856994628906 2
1780570792363 0.7905075550079346 3
1780570796318 0.8042173385620117 4
1780570800409 0.8151922225952148 5
1780570804233 0.821745753288269 6
1780570808037 0.8266409635543823 7
1780570811409 0.8316543102264404 8
1780570815218 0.8358837366104126 9
1780570819322 0.8407591581344604 10
1780570823202 0.8462381362915039 11
1780570826854 0.8496963381767273 12
1780570830582 0.8546777367591858 13
1780570834346 0.8572587966918945 14
1780570838274 0.8600625991821289 15
1780570842402 0.8627746105194092 16
1780570846442 0.865630030632019 17
1780570850178 0.8676698207855225 18
1780570853974 0.8694442510604858 19
1780570857865 0.8716919422149658 20
1780570862054 0.872438907623291 21
1780570866218 0.8735822439193726 22
1780570869822 0.8759560585021973 23
1780570873850 0.8785234689712524 24
1780570877322 0.8790055513381958 25
1780570881007 0.8818857669830322 26
1780570884730 0.8825291991233826 27
1780570888355 0.8853837251663208 28
1780570891901 0.8872343301773071 29
1780570896026 0.8880821466445923 30
1780570899909 0.8887650966644287 31
1780570903802 0.8902726173400879 32
1780570907520 0.890880823135376 33
1780570911498 0.8924738168716431 34
1780570915425 0.8928312063217163 35
1780570919198 0.8948208093643188 36
1780570922973 0.8983441591262817 37
1780570926634 0.8994723558425903 38
1780570930211 0.9000815153121948 39
1780570933817 0.9008530378341675 40
1780570937570 0.9027765393257141 41
1780570941164 0.9033534526824951 42
1780570945041 0.9044443964958191 43
1780570948874 0.9050729274749756 44
1780570952733 0.9061532020568848 45
1780570956539 0.9087144136428833 46
1780570960722 0.9108066558837891 47
1780570965030 0.9115887880325317 48
1780570968798 0.9123402833938599 49
1780570972990 0.9134219884872437 50
1780570977154 0.9147047996520996 51
1780570981265 0.915219247341156 52
1780570985257 0.9165890216827393 53
1780570989078 0.9179428815841675 54
1780570992846 0.9187915325164795 55
1780570996730 0.9200415015220642 56
1780571000470 0.9215471744537354 57
1780571004194 0.9227297306060791 58
1780571008170 0.9232326149940491 59
1780571012271 0.9240200519561768 60
1780571016258 0.9247982501983643 61
1780571019981 0.9252078533172607 62
1780571023798 0.9256621599197388 63
1780571027726 0.9263044595718384 64
1780571031530 0.9265837669372559 65
1780571035837 0.9269671440124512 66
1780571039722 0.9270233511924744 67
1780571043470 0.9276218414306641 68
1780571047466 0.9291571974754333 69
1780571051178 0.930004358291626 70
1780571055097 0.9300863742828369 71
1780571058887 0.9318337440490723 72
1780571062886 0.9322731494903564 73
1780571067185 0.9330771565437317 74
1780571070954 0.9333606958389282 75
1780571074558 0.9340534210205078 76
1780571078487 0.9343067407608032 77
1780571082094 0.9354575872421265 78
1780571085754 0.9360944032669067 79
1780571089921 0.9363893866539001 80
1780571093891 0.9370139241218567 81
1780571097854 0.9373643398284912 82
1780571102155 0.9377337098121643 83
1780571106178 0.9386851787567139 84
1780571110742 0.9395371079444885 85
1780571114410 0.9403609037399292 86
1780571118314 0.9414730072021484 87
1780571122166 0.9420011043548584 88
1780571126359 0.9425493478775024 89
1780571130103 0.9439842700958252 90
1780571134063 0.9444786310195923 91
1780571138411 0.9451719522476196 92
1780571142287 0.9465956687927246 93
1780571146254 0.9478312730789185 94
1780571150378 0.9484487771987915 95
1780571154331 0.9495083093643188 96
1780571158267 0.9499581456184387 97
1780571162171 0.9503785371780396 98
1780571166269 0.9516373872756958 99
1780571170290 0.9518377780914307 100
1780571174159 0.9522407650947571 101
1780571177974 0.9527455568313599 102
1780571181947 0.9535828828811646 103
1780571186230 0.9542214870452881 104
1780571190071 0.955603301525116 105
1780571193914 0.9561036825180054 106
1780571198215 0.9569563269615173 107
1780571202346 0.9575670957565308 108
1780571206442 0.9585300087928772 109
1780571210362 0.9594695568084717 110
1780571214531 0.9595738053321838 111
1780571218503 0.9598989486694336 112
1780571222607 0.9602078795433044 113
1780571226991 0.9605512022972107 114
1780571230951 0.9611339569091797 115
1780571235019 0.9613726735115051 116
1780571239132 0.9617053270339966 117
1780571243379 0.962506890296936 118
1780571247255 0.963833212852478 119
1780571251248 0.9644445776939392 120
1780571255295 0.9647287130355835 121
1780571259167 0.9654200077056885 122
1780571263138 0.9665959477424622 123
1780571267189 0.9670644998550415 124
1780571271660 0.9679470062255859 125
1780571275515 0.9682029485702515 126
1780571279395 0.968262255191803 127
1780571283179 0.9693624377250671 128
1780571287127 0.9697993397712708 129
1780571291328 0.970012366771698 130
1780571296003 0.9712492823600769 131
1780571300391 0.9718177318572998 132
1780571304439 0.9722543954849243 133
1780571308386 0.9722617864608765 134
1780571312514 0.9732258915901184 135
1780571316670 0.9736194014549255 136
1780571320531 0.974810004234314 137
1780571324452 0.9750781059265137 138
1780571328607 0.9752429127693176 139
1780571332774 0.9761413335800171 140
1780571337053 0.9767172336578369 141
1780571341463 0.9768061637878418 142
1780571345310 0.9773685932159424 143
1780571349230 0.97847580909729 144
1780571353510 0.9786293506622314 145
1780571357338 0.9790560603141785 146
1780571361219 0.9794996976852417 147
1780571365058 0.9806711673736572 148
1780571368934 0.9806778430938721 149
1780571373155 0.9809289574623108 150
1780571377287 0.9811414480209351 151
1780571381691 0.9824808835983276 152
1780571386079 0.9839106798171997 153
1780571389971 0.984021782875061 154
1780571393852 0.984641969203949 155
1780571397739 0.9848520755767822 156
1780571401583 0.985658586025238 157
1780571405570 0.9860363006591797 158
1780571409322 0.9864599704742432 159
1780571413182 0.9870379567146301 160
1780571416963 0.9879453182220459 161
1780571420787 0.9884320497512817 162
1780571424595 0.9887086153030396 163
1780571428319 0.9891036152839661 164
1780571432051 0.9895687103271484 165
1780571435911 0.9896656274795532 166
1780571439675 0.9899625182151794 167
1780571443490 0.9900709390640259 168
1780571447315 0.9909290075302124 169
1780571451154 0.9912928342819214 170
1780571455031 0.9918209910392761 171
1780571458816 0.9919488430023193 172
1780571462723 0.9919537305831909 173
1780571466539 0.9921766519546509 174
1780571470407 0.992243766784668 175
1780571474455 0.9923092126846313 176
1780571478279 0.9928508996963501 177
1780571482010 0.9929121136665344 178
1780571486199 0.993446409702301 179
1780571489988 0.9934709072113037 180
1780571493942 0.9938132166862488 181
1780571498133 0.9943403005599976 182
1780571502160 0.9947839975357056 183
1780571506679 0.9950888156890869 184
1780571511395 0.9954797029495239 185
1780571515599 0.9956809282302856 186
1780571519419 0.9960013628005981 187
1780571523191 0.9960454702377319 188
1780571527655 0.996397852897644 189
1780571532047 0.9965122938156128 190
1780571536175 0.9967969059944153 191
1780571540075 0.9970666766166687 192
1780571544067 0.9972609877586365 193
1780571548223 0.9974490404129028 194
1780571552258 0.997594952583313 195
1780571556358 0.998045802116394 196
1780571560184 0.9981124401092529 197
1780571564043 0.9984126091003418 198
1780571568162 0.9984865188598633 199
1780571572242 0.998664140701294 200
1780571576371 0.9987195730209351 201
1780571580891 0.9987719058990479 202
1780571585132 0.9988263845443726 203
1780571589499 0.9988822937011719 204
1780571593404 0.9989926815032959 205
1780571597551 0.9990440011024475 206
1780571601611 0.999104380607605 207
1780571605671 0.9991894960403442 208
1780571609608 0.9992302656173706 209
1780571614047 0.999312162399292 210
1780571618406 0.9993669986724854 211
1780571622258 0.9994240999221802 212
1780571626126 0.9995080232620239 213
1780571630008 0.999546229839325 214
1780571633863 0.9995653629302979 215
1780571638026 0.999602198600769 216
1780571642011 0.9996089935302734 217
1780571646163 0.9996632933616638 218
1780571650078 0.9997004270553589 219
1780571653971 0.9997430443763733 220
1780571657889 0.9997756481170654 221
1780571662135 0.9998072385787964 222
1780571666155 0.999823808670044 223
1780571670307 0.9998334050178528 224
1780571674636 0.9998601675033569 225
1780571679075 0.9998931884765625 226
1780571683552 0.9999013543128967 227
1780571687467 0.9999154806137085 228
1780571691687 0.9999310970306396 229
1780571695744 0.9999455809593201 230
1780571699802 0.99995356798172 231
1780571703854 0.9999650716781616 232
1780571707786 0.9999750852584839 233
1780571711671 0.9999864101409912 234
1780571715615 0.9999927282333374 235
1780571719620 0.9999955892562866 236
1780571723519 0.9999991655349731 237
1780571727493 0.9999998211860657 238
1780571731832 1.0 239
1780571735704 1.0 240
