1780570781771 15.599939346313477 1
1780570788465 14.847478866577148 2
1780570792348 14.278261184692383 3
1780570796304 13.800237655639648 4
1780570800387 13.54265022277832 5
1780570804219 13.299381256103516 6
1780570808024 13.063077926635742 7
1780570811396 12.997161865234375 8
1780570815204 12.802129745483398 9
1780570819308 12.51418685913086 10
1780570823188 12.269618034362793 11
1780570826840 12.168699264526367 12
1780570830568 11.984498977661133 13
1780570834332 11.973014831542969 14
1780570838260 11.819079399108887 15
1780570842388 11.606548309326172 16
1780570846429 11.450899124145508 17
1780570850165 11.361225128173828 18
1780570853960 11.338897705078125 19
1780570857852 11.169591903686523 20
1780570862041 11.14262580871582 21
1780570866204 11.093111038208008 22
1780570869809 10.975820541381836 23
1780570873836 10.953365325927734 24
1780570877308 10.856239318847656 25
1780570880993 10.676702499389648 26
1780570884716 10.633702278137207 27
1780570888340 10.5914945602417 28
1780570891888 10.38703441619873 29
1780570896012 10.31646728515625 30
1780570899896 10.240161895751953 31
1780570903788 10.203001976013184 32
1780570907506 10.070000648498535 33
1780570911484 9.98501205444336 34
1780570915412 9.929691314697266 35
1780570919184 9.86507797241211 36
1780570922959 9.803119659423828 37
1780570926620 9.677988052368164 38
1780570930198 9.649621963500977 39
1780570933803 9.569990158081055 40
1780570937541 9.506193161010742 41
1780570941151 9.460687637329102 42
1780570945028 9.35611343383789 43
1780570948857 9.296426773071289 44
1780570952700 9.2532320022583 45
1780570956525 9.215519905090332 46
1780570960709 9.119062423706055 47
1780570965017 9.073041915893555 48
1780570968784 9.004959106445312 49
1780570972977 8.956300735473633 50
1780570977141 8.935035705566406 51
1780570981252 8.88691520690918 52
1780570985243 8.777669906616211 53
1780570989065 8.719366073608398 54
1780570992832 8.660703659057617 55
1780570996716 8.573890686035156 56
1780571000457 8.51585865020752 57
1780571004181 8.45655632019043 58
1780571008157 8.45602798461914 59
1780571012259 8.412832260131836 60
1780571016245 8.340003967285156 61
1780571019968 8.26624870300293 62
1780571023784 8.188508033752441 63
1780571027713 8.155406951904297 64
1780571031517 8.084944725036621 65
1780571035824 8.028247833251953 66
1780571039708 7.982499599456787 67
1780571043457 7.938961982727051 68
1780571047453 7.913784027099609 69
1780571051165 7.887020111083984 70
1780571055083 7.825422286987305 71
1780571058858 7.772676944732666 72
1780571062873 7.740650177001953 73
1780571067172 7.672171592712402 74
1780571070941 7.652679920196533 75
1780571074545 7.594366073608398 76
1780571078473 7.532948017120361 77
1780571082081 7.493134498596191 78
1780571085741 7.455230712890625 79
1780571089908 7.421195030212402 80
1780571093877 7.352415561676025 81
1780571097841 7.342410087585449 82
1780571102141 7.305216312408447 83
1780571106165 7.249107360839844 84
1780571110729 7.204611778259277 85
1780571114397 7.176663398742676 86
1780571118301 7.131401062011719 87
1780571122153 7.101536273956299 88
1780571126345 7.074334621429443 89
1780571130089 6.989238262176514 90
1780571134049 6.926074981689453 91
1780571138397 6.870722770690918 92
1780571142273 6.855137825012207 93
1780571146241 6.789009094238281 94
1780571150365 6.721220016479492 95
1780571154317 6.708569526672363 96
1780571158253 6.664878845214844 97
1780571162157 6.62227725982666 98
1780571166256 6.563900947570801 99
1780571170277 6.512182712554932 100
1780571174145 6.506893157958984 101
1780571177961 6.4402289390563965 102
1780571181933 6.41213846206665 103
1780571186216 6.3949995040893555 104
1780571190057 6.350228309631348 105
1780571193900 6.3268585205078125 106
1780571198201 6.274227142333984 107
1780571202332 6.169119358062744 108
1780571206429 6.146623611450195 109
1780571210348 6.121392250061035 110
1780571214518 6.024540424346924 111
1780571218489 5.9845075607299805 112
1780571222593 5.922986030578613 113
1780571226977 5.899415969848633 114
1780571230922 5.819292068481445 115
1780571235005 5.769046306610107 116
1780571239119 5.7209367752075195 117
1780571243366 5.687957763671875 118
1780571247242 5.684889793395996 119
1780571251235 5.636509895324707 120
1780571255272 5.569549560546875 121
1780571259150 5.560810089111328 122
1780571263124 5.50412654876709 123
1780571267176 5.479166507720947 124
1780571271647 5.441309928894043 125
1780571275501 5.418702125549316 126
1780571279381 5.395771026611328 127
1780571283165 5.388141632080078 128
1780571287113 5.332603454589844 129
1780571291315 5.325560569763184 130
1780571295989 5.248318195343018 131
1780571300377 5.191445350646973 132
1780571304425 5.158595085144043 133
1780571308372 5.156103134155273 134
1780571312500 5.128674507141113 135
1780571316656 5.062501907348633 136
1780571320517 5.022550582885742 137
1780571324437 4.961343765258789 138
1780571328593 4.9470624923706055 139
1780571332761 4.896866321563721 140
1780571337039 4.836583614349365 141
1780571341449 4.81877326965332 142
1780571345297 4.7357258796691895 143
1780571349217 4.720378875732422 144
1780571353497 4.651545524597168 145
1780571357325 4.601615905761719 146
1780571361205 4.542158126831055 147
1780571365045 4.423673629760742 148
1780571368921 4.358407974243164 149
1780571373141 4.290298938751221 150
1780571377273 4.229436874389648 151
1780571381678 4.173354148864746 152
1780571386066 4.03153133392334 153
1780571389957 3.9859044551849365 154
1780571393823 3.9602479934692383 155
1780571397725 3.9019572734832764 156
1780571401570 3.802267551422119 157
1780571405557 3.589524030685425 158
1780571409309 3.489710569381714 159
1780571413168 3.4392027854919434 160
1780571416950 3.277981758117676 161
1780571420773 3.244462728500366 162
1780571424581 3.1986474990844727 163
1780571428305 3.1859350204467773 164
1780571432038 3.1187539100646973 165
1780571435897 3.0451226234436035 166
1780571439661 3.014702081680298 167
1780571443476 2.9708468914031982 168
1780571447301 2.9173269271850586 169
1780571451141 2.875373363494873 170
1780571455017 2.807511806488037 171
1780571458804 2.7157139778137207 172
1780571462709 2.6313300132751465 173
1780571466525 2.6207756996154785 174
1780571470393 2.503343343734741 175
1780571474441 2.4856836795806885 176
1780571478265 2.418109893798828 177
1780571481997 2.402254819869995 178
1780571486185 2.3765201568603516 179
1780571489975 2.342154026031494 180
1780571493929 2.2701661586761475 181
1780571498120 2.149869918823242 182
1780571502147 2.077397346496582 183
1780571506650 1.9971671104431152 184
1780571511381 1.9187308549880981 185
1780571515586 1.875165343284607 186
1780571519406 1.8506908416748047 187
1780571523177 1.8319178819656372 188
1780571527641 1.789957046508789 189
1780571532033 1.774226188659668 190
1780571536161 1.633265495300293 191
1780571540061 1.5674171447753906 192
1780571544053 1.5112580060958862 193
1780571548209 1.4792289733886719 194
1780571552245 1.4105639457702637 195
1780571556344 1.324084997177124 196
1780571560170 1.2789052724838257 197
1780571564029 1.2093392610549927 198
1780571568148 1.1786777973175049 199
1780571572213 1.1457608938217163 200
1780571576357 1.089040756225586 201
1780571580863 1.0628530979156494 202
1780571585120 1.0426673889160156 203
1780571589485 1.0299694538116455 204
1780571593390 0.9658714532852173 205
1780571597538 0.9253412485122681 206
1780571601597 0.8947367668151855 207
1780571605657 0.8604065179824829 208
1780571609594 0.8440601825714111 209
1780571614033 0.8189115524291992 210
1780571618393 0.7861717939376831 211
1780571622244 0.7383967638015747 212
1780571626113 0.7051570415496826 213
1780571629994 0.665894627571106 214
1780571633850 0.6479949951171875 215
1780571638013 0.6181867718696594 216
1780571641998 0.6058850288391113 217
1780571646149 0.5660839080810547 218
1780571650065 0.536277174949646 219
1780571653957 0.5003950595855713 220
1780571657875 0.4700385332107544 221
1780571662121 0.44741570949554443 222
1780571666141 0.4228721857070923 223
1780571670293 0.40688228607177734 224
1780571674622 0.37833166122436523 225
1780571679047 0.33149459958076477 226
1780571683538 0.3152315616607666 227
1780571687439 0.28681492805480957 228
1780571691674 0.2608382999897003 229
1780571695730 0.23863491415977478 230
1780571699788 0.21126234531402588 231
1780571703831 0.1821487843990326 232
1780571707772 0.15432676672935486 233
1780571711657 0.11971303820610046 234
1780571715602 0.08444084227085114 235
1780571719606 0.060678787529468536 236
1780571723506 0.02820071578025818 237
1780571727461 0.014918973669409752 238
1780571731818 0.0005011264001950622 239
1780571735690 0.0005013227346353233 240
