1780570781770 95.89488983154297 1
1780570788464 57.0410041809082 2
1780570792347 50.04265213012695 3
1780570796302 48.273616790771484 4
1780570800386 45.67881774902344 5
1780570804218 38.26411819458008 6
1780570808022 35.06159210205078 7
1780570811395 32.485164642333984 8
1780570815203 30.987268447875977 9
1780570819307 30.207199096679688 10
1780570823187 28.7302303314209 11
1780570826839 27.79517936706543 12
1780570830566 24.695058822631836 13
1780570834331 24.582719802856445 14
1780570838259 23.935422897338867 15
1780570842387 23.194734573364258 16
1780570846427 22.956375122070312 17
1780570850163 21.582178115844727 18
1780570853959 21.57938003540039 19
1780570857851 20.44074058532715 20
1780570862039 19.68565559387207 21
1780570866203 19.53702163696289 22
1780570869807 18.748550415039062 23
1780570873835 18.74313735961914 24
1780570877307 18.626550674438477 25
1780570880992 17.574750900268555 26
1780570884715 17.247726440429688 27
1780570888339 16.97595977783203 28
1780570891886 16.525630950927734 29
1780570896011 16.40975570678711 30
1780570899894 16.304288864135742 31
1780570903787 16.087980270385742 32
1780570907505 15.810898780822754 33
1780570911483 15.618382453918457 34
1780570915410 15.1884126663208 35
1780570919183 15.11817455291748 36
1780570922958 15.078879356384277 37
1780570926619 14.35473346710205 38
1780570930196 14.300532341003418 39
1780570933802 14.300068855285645 40
1780570937539 14.086357116699219 41
1780570941149 13.924882888793945 42
1780570945027 13.88585090637207 43
1780570948855 13.31882095336914 44
1780570952699 13.08544921875 45
1780570956524 13.04445743560791 46
1780570960707 13.035375595092773 47
1780570965015 13.007574081420898 48
1780570968783 12.968332290649414 49
1780570972976 12.826018333435059 50
1780570977139 12.579204559326172 51
1780570981250 12.578920364379883 52
1780570985242 12.565848350524902 53
1780570989063 12.491583824157715 54
1780570992831 12.36738109588623 55
1780570996715 12.364577293395996 56
1780571000455 12.337991714477539 57
1780571004179 11.379240989685059 58
1780571008155 11.00351619720459 59
1780571012258 10.688150405883789 60
1780571016243 10.676349639892578 61
1780571019967 10.671810150146484 62
1780571023783 10.485614776611328 63
1780571027711 10.441303253173828 64
1780571031515 10.42833423614502 65
1780571035823 10.357675552368164 66
1780571039707 10.274177551269531 67
1780571043455 10.111879348754883 68
1780571047451 10.110987663269043 69
1780571051164 9.935873985290527 70
1780571055082 9.812213897705078 71
1780571058857 9.764169692993164 72
1780571062871 9.716257095336914 73
1780571067170 9.710012435913086 74
1780571070939 9.702296257019043 75
1780571074543 9.601033210754395 76
1780571078471 9.356674194335938 77
1780571082079 9.341791152954102 78
1780571085739 9.327741622924805 79
1780571089906 9.327336311340332 80
1780571093876 9.245960235595703 81
1780571097840 9.074966430664062 82
1780571102140 8.777099609375 83
1780571106163 8.752776145935059 84
1780571110727 8.724828720092773 85
1780571114396 8.724801063537598 86
1780571118300 8.650014877319336 87
1780571122151 8.647409439086914 88
1780571126344 8.643524169921875 89
1780571130088 8.583301544189453 90
1780571134048 8.418771743774414 91
1780571138395 8.412444114685059 92
1780571142271 8.407864570617676 93
1780571146240 8.334507942199707 94
1780571150363 8.334489822387695 95
1780571154316 8.276793479919434 96
1780571158252 8.259601593017578 97
1780571162156 8.253575325012207 98
1780571166255 8.164155006408691 99
1780571170275 8.162010192871094 100
1780571174144 8.160331726074219 101
1780571177959 8.151406288146973 102
1780571181932 8.116917610168457 103
1780571186215 8.085335731506348 104
1780571190056 8.054834365844727 105
1780571193899 8.051472663879395 106
1780571198200 7.980666637420654 107
1780571202331 7.9160614013671875 108
1780571206427 7.892286777496338 109
1780571210347 7.65873384475708 110
1780571214516 7.610710620880127 111
1780571218488 7.5510759353637695 112
1780571222592 7.50730037689209 113
1780571226976 7.49058723449707 114
1780571230921 7.451667785644531 115
1780571235004 7.151863098144531 116
1780571239117 7.145143985748291 117
1780571243364 7.107651710510254 118
1780571247240 7.1033172607421875 119
1780571251233 7.10231351852417 120
1780571255271 7.038740158081055 121
1780571259149 6.985741138458252 122
1780571263123 6.972114562988281 123
1780571267175 6.971174716949463 124
1780571271645 6.9262166023254395 125
1780571275500 6.8088274002075195 126
1780571279380 6.7449164390563965 127
1780571283164 6.735592365264893 128
1780571287112 6.729127407073975 129
1780571291313 6.638986110687256 130
1780571295988 6.635411739349365 131
1780571300376 6.627403736114502 132
1780571304424 6.597773551940918 133
1780571308371 6.565162658691406 134
1780571312499 6.563126087188721 135
1780571316654 6.5330915451049805 136
1780571320516 6.514151096343994 137
1780571324436 6.5055718421936035 138
1780571328592 6.487720489501953 139
1780571332760 6.429802417755127 140
1780571337037 6.429709434509277 141
1780571341448 6.401101112365723 142
1780571345295 6.3607258796691895 143
1780571349215 6.3599772453308105 144
1780571353495 6.275881767272949 145
1780571357323 6.248178482055664 146
1780571361204 6.244519233703613 147
1780571365043 6.239516258239746 148
1780571368920 6.203943252563477 149
1780571373140 6.197607517242432 150
1780571377272 6.175194263458252 151
1780571381676 6.09273624420166 152
1780571386064 6.091607570648193 153
1780571389956 6.091339588165283 154
1780571393822 6.019084930419922 155
1780571397724 5.999075889587402 156
1780571401568 5.992489337921143 157
1780571405555 5.970764636993408 158
1780571409307 5.970602035522461 159
1780571413166 5.969794273376465 160
1780571416948 5.96939754486084 161
1780571420772 5.752884387969971 162
1780571424580 5.739913463592529 163
1780571428304 5.730130195617676 164
1780571432036 5.715744495391846 165
1780571435896 5.7092413902282715 166
1780571439660 5.675118446350098 167
1780571443475 5.674907207489014 168
1780571447300 5.674601078033447 169
1780571451139 5.666486740112305 170
1780571455015 5.6005449295043945 171
1780571458802 5.600221633911133 172
1780571462708 5.578710556030273 173
1780571466524 5.567957401275635 174
1780571470392 5.548239231109619 175
1780571474440 5.540046215057373 176
1780571478264 5.383412837982178 177
1780571481995 5.3604960441589355 178
1780571486184 5.340975761413574 179
1780571489974 5.249261856079102 180
1780571493927 5.237809181213379 181
1780571498119 5.187488555908203 182
1780571502144 5.127556800842285 183
1780571506649 5.124986171722412 184
1780571511380 5.087280750274658 185
1780571515584 5.075987339019775 186
1780571519405 5.074965000152588 187
1780571523176 5.07496452331543 188
1780571527640 5.0746588706970215 189
1780571532032 5.035140514373779 190
1780571536160 5.012864112854004 191
1780571540060 4.995774269104004 192
1780571544052 4.995003700256348 193
1780571548208 4.957503795623779 194
1780571552243 4.944100856781006 195
1780571556343 4.890121936798096 196
1780571560168 4.885988712310791 197
1780571564028 4.882430076599121 198
1780571568147 4.872702598571777 199
1780571572212 4.864324569702148 200
1780571576356 4.837565898895264 201
1780571580862 4.783804893493652 202
1780571585118 4.770359516143799 203
1780571589484 4.769929885864258 204
1780571593388 4.769852161407471 205
1780571597536 4.75468635559082 206
1780571601596 4.716294288635254 207
1780571605656 4.715587615966797 208
1780571609593 4.711479663848877 209
1780571614032 4.655105113983154 210
1780571618391 4.6499810218811035 211
1780571622243 4.649087429046631 212
1780571626111 4.647224426269531 213
1780571629993 4.469515800476074 214
1780571633848 4.44468355178833 215
1780571638012 4.443514347076416 216
1780571641996 4.393527507781982 217
1780571646148 4.393385887145996 218
1780571650063 4.345805644989014 219
1780571653956 4.345755100250244 220
1780571657874 4.33978271484375 221
1780571662120 4.273869037628174 222
1780571666140 4.27385950088501 223
1780571670292 4.20629358291626 224
1780571674620 3.9906039237976074 225
1780571679045 3.9050285816192627 226
1780571683536 3.810556173324585 227
1780571687437 3.794313430786133 228
1780571691672 3.793191909790039 229
1780571695729 3.7357325553894043 230
1780571699787 3.5050761699676514 231
1780571703829 3.374990940093994 232
1780571707771 3.3487496376037598 233
1780571711656 3.338634729385376 234
1780571715600 2.8292014598846436 235
1780571719604 2.821383237838745 236
1780571723504 2.816967725753784 237
1780571727459 2.6053826808929443 238
1780571731816 0.00675617391243577 239
1780571735689 0.0067641097120940685 240
