1780570781766 18.60287094116211 1
1780570788460 17.200227737426758 2
1780570792343 16.41362190246582 3
1780570796298 15.787975311279297 4
1780570800382 15.307202339172363 5
1780570804214 14.926770210266113 6
1780570808018 14.586901664733887 7
1780570811390 14.30403995513916 8
1780570815199 13.99020004272461 9
1780570819303 13.719626426696777 10
1780570823183 13.465720176696777 11
1780570826834 13.247237205505371 12
1780570830562 13.03376579284668 13
1780570834327 12.82013988494873 14
1780570838255 12.638065338134766 15
1780570842383 12.44540023803711 16
1780570846423 12.263285636901855 17
1780570850159 12.111598014831543 18
1780570853955 11.95083999633789 19
1780570857847 11.801301956176758 20
1780570862035 11.660029411315918 21
1780570866199 11.526363372802734 22
1780570869803 11.394495010375977 23
1780570873831 11.274035453796387 24
1780570877303 11.146098136901855 25
1780570880988 11.023633003234863 26
1780570884711 10.899518013000488 27
1780570888335 10.777338027954102 28
1780570891882 10.66689682006836 29
1780570896007 10.55093002319336 30
1780570899890 10.432496070861816 31
1780570903783 10.32696533203125 32
1780570907501 10.21890640258789 33
1780570911479 10.11385726928711 34
1780570915406 10.022963523864746 35
1780570919179 9.926664352416992 36
1780570922954 9.831585884094238 37
1780570926615 9.740778923034668 38
1780570930192 9.65080738067627 39
1780570933798 9.559395790100098 40
1780570937527 9.467022895812988 41
1780570941146 9.38234806060791 42
1780570945023 9.293212890625 43
1780570948852 9.214587211608887 44
1780570952694 9.132431983947754 45
1780570956519 9.052105903625488 46
1780570960703 8.96872329711914 47
1780570965011 8.891457557678223 48
1780570968779 8.809720993041992 49
1780570972972 8.731074333190918 50
1780570977135 8.654200553894043 51
1780570981246 8.579407691955566 52
1780570985238 8.508015632629395 53
1780570989059 8.43281364440918 54
1780570992827 8.36192512512207 55
1780570996711 8.29213809967041 56
1780571000451 8.225101470947266 57
1780571004175 8.159226417541504 58
1780571008151 8.093282699584961 59
1780571012254 8.031232833862305 60
1780571016239 7.965388298034668 61
1780571019962 7.901392936706543 62
1780571023779 7.83960485458374 63
1780571027707 7.775091171264648 64
1780571031511 7.711783409118652 65
1780571035818 7.6481451988220215 66
1780571039703 7.584118843078613 67
1780571043451 7.521501541137695 68
1780571047447 7.456539630889893 69
1780571051159 7.396650314331055 70
1780571055078 7.335138320922852 71
1780571058853 7.2778849601745605 72
1780571062867 7.220879077911377 73
1780571067166 7.161600589752197 74
1780571070935 7.104214668273926 75
1780571074539 7.04680061340332 76
1780571078467 6.992952346801758 77
1780571082075 6.938005447387695 78
1780571085735 6.882082939147949 79
1780571089902 6.824617385864258 80
1780571093872 6.769410133361816 81
1780571097835 6.71471643447876 82
1780571102136 6.659612655639648 83
1780571106159 6.605559825897217 84
1780571110723 6.548600673675537 85
1780571114391 6.49542760848999 86
1780571118295 6.4432373046875 87
1780571122147 6.392128944396973 88
1780571126340 6.341583251953125 89
1780571130084 6.290919780731201 90
1780571134043 6.240708827972412 91
1780571138391 6.193875789642334 92
1780571142267 6.1466522216796875 93
1780571146235 6.098084926605225 94
1780571150359 6.048420429229736 95
1780571154312 6.001241207122803 96
1780571158248 5.952741622924805 97
1780571162152 5.904289245605469 98
1780571166251 5.856761455535889 99
1780571170271 5.81178617477417 100
1780571174140 5.766273021697998 101
1780571177955 5.721292018890381 102
1780571181928 5.676397323608398 103
1780571186211 5.6298017501831055 104
1780571190052 5.585550308227539 105
1780571193895 5.539751052856445 106
1780571198195 5.495926856994629 107
1780571202327 5.450174808502197 108
1780571206423 5.406086444854736 109
1780571210343 5.3603291511535645 110
1780571214512 5.317487716674805 111
1780571218484 5.274320125579834 112
1780571222588 5.229278087615967 113
1780571226972 5.184945583343506 114
1780571230917 5.142066478729248 115
1780571235000 5.099935054779053 116
1780571239114 5.055169582366943 117
1780571243360 5.01253080368042 118
1780571247236 4.96862268447876 119
1780571251230 4.924673557281494 120
1780571255267 4.882481098175049 121
1780571259144 4.840072154998779 122
1780571263119 4.79524040222168 123
1780571267171 4.75180196762085 124
1780571271641 4.710890293121338 125
1780571275496 4.669034957885742 126
1780571279376 4.628666400909424 127
1780571283160 4.588601589202881 128
1780571287108 4.54627799987793 129
1780571291310 4.506554126739502 130
1780571295984 4.4682135581970215 131
1780571300372 4.428586959838867 132
1780571304420 4.388224124908447 133
1780571308367 4.349046230316162 134
1780571312495 4.309386253356934 135
1780571316650 4.2674665451049805 136
1780571320512 4.22833776473999 137
1780571324432 4.186962127685547 138
1780571328588 4.145613670349121 139
1780571332756 4.105917930603027 140
1780571337033 4.062873840332031 141
1780571341444 4.023698806762695 142
1780571345291 3.984391212463379 143
1780571349211 3.9435410499572754 144
1780571353491 3.9048187732696533 145
1780571357319 3.863543748855591 146
1780571361200 3.8223185539245605 147
1780571365039 3.7833175659179688 148
1780571368916 3.7450907230377197 149
1780571373136 3.707076072692871 150
1780571377268 3.6688947677612305 151
1780571381672 3.6288528442382812 152
1780571386060 3.588665246963501 153
1780571389952 3.5499703884124756 154
1780571393818 3.5134806632995605 155
1780571397720 3.4754271507263184 156
1780571401564 3.4375391006469727 157
1780571405551 3.3983688354492188 158
1780571409303 3.3600454330444336 159
1780571413162 3.321052074432373 160
1780571416944 3.283649206161499 161
1780571420768 3.24416184425354 162
1780571424575 3.2046010494232178 163
1780571428300 3.1666300296783447 164
1780571432032 3.1279282569885254 165
1780571435892 3.0876433849334717 166
1780571439656 3.0506529808044434 167
1780571443471 3.0102362632751465 168
1780571447296 2.9725987911224365 169
1780571451135 2.9324426651000977 170
1780571455011 2.8943893909454346 171
1780571458799 2.854008913040161 172
1780571462704 2.816370725631714 173
1780571466519 2.779435634613037 174
1780571470388 2.7426228523254395 175
1780571474436 2.7037720680236816 176
1780571478260 2.6646549701690674 177
1780571481991 2.6257243156433105 178
1780571486180 2.588379383087158 179
1780571489970 2.5500738620758057 180
1780571493923 2.5106475353240967 181
1780571498115 2.471771240234375 182
1780571502140 2.432663917541504 183
1780571506645 2.3906500339508057 184
1780571511376 2.352471113204956 185
1780571515580 2.3143041133880615 186
1780571519400 2.2725956439971924 187
1780571523172 2.2348580360412598 188
1780571527636 2.194207191467285 189
1780571532028 2.1552836894989014 190
1780571536156 2.1162195205688477 191
1780571540056 2.0771372318267822 192
1780571544048 2.035080671310425 193
1780571548204 1.9963834285736084 194
1780571552239 1.9564824104309082 195
1780571556339 1.914493203163147 196
1780571560164 1.8728135824203491 197
1780571564024 1.8316457271575928 198
1780571568143 1.7914502620697021 199
1780571572208 1.747398853302002 200
1780571576352 1.7113956212997437 201
1780571580858 1.6737157106399536 202
1780571585115 1.6362566947937012 203
1780571589480 1.5992146730422974 204
1780571593384 1.5607775449752808 205
1780571597532 1.5190106630325317 206
1780571601592 1.480753779411316 207
1780571605652 1.4373544454574585 208
1780571609588 1.39790678024292 209
1780571614028 1.3541927337646484 210
1780571618387 1.3170710802078247 211
1780571622239 1.279388666152954 212
1780571626107 1.2366856336593628 213
1780571629989 1.1959760189056396 214
1780571633844 1.1523081064224243 215
1780571638008 1.1108061075210571 216
1780571641992 1.0698498487472534 217
1780571646144 1.0225424766540527 218
1780571650059 0.975023090839386 219
1780571653952 0.9291912317276001 220
1780571657869 0.8866900205612183 221
1780571662116 0.842660665512085 222
1780571666136 0.8002357482910156 223
1780571670288 0.7587611675262451 224
1780571674616 0.7086049318313599 225
1780571679042 0.6569163203239441 226
1780571683532 0.6128940582275391 227
1780571687434 0.5674456357955933 228
1780571691668 0.5230045914649963 229
1780571695724 0.4700693190097809 230
1780571699783 0.4251604378223419 231
1780571703822 0.37083131074905396 232
1780571707764 0.31986746191978455 233
1780571711652 0.26594245433807373 234
1780571715596 0.22223715484142303 235
1780571719600 0.16221390664577484 236
1780571723500 0.08172272890806198 237
1780571727440 0.045230913907289505 238
1780571731812 0.0008008510922081769 239
1780571735685 0.0007991938036866486 240
