1780570781767 10.971266746520996 1
1780570788462 8.577113151550293 2
1780570792344 7.838186264038086 3
1780570796300 7.014702320098877 4
1780570800383 6.404158592224121 5
1780570804215 5.9497246742248535 6
1780570808020 5.523523807525635 7
1780570811392 5.130829811096191 8
1780570815200 4.939245223999023 9
1780570819304 4.704101085662842 10
1780570823184 4.48785924911499 11
1780570826836 4.235834121704102 12
1780570830564 4.038193702697754 13
1780570834328 3.851015567779541 14
1780570838256 3.7065231800079346 15
1780570842384 3.6312098503112793 16
1780570846424 3.5505449771881104 17
1780570850160 3.412238597869873 18
1780570853956 3.3145759105682373 19
1780570857848 3.2035348415374756 20
1780570862036 3.106644630432129 21
1780570866200 3.0036613941192627 22
1780570869805 2.9133992195129395 23
1780570873832 2.809157371520996 24
1780570877304 2.742215871810913 25
1780570880989 2.672395706176758 26
1780570884712 2.609786033630371 27
1780570888336 2.5689592361450195 28
1780570891884 2.4993157386779785 29
1780570896008 2.46242618560791 30
1780570899891 2.4498488903045654 31
1780570903784 2.403535842895508 32
1780570907502 2.387718915939331 33
1780570911480 2.367896795272827 34
1780570915408 2.31658935546875 35
1780570919180 2.290374279022217 36
1780570922955 2.2600769996643066 37
1780570926616 2.2285070419311523 38
1780570930194 2.2075302600860596 39
1780570933799 2.1935184001922607 40
1780570937528 2.1873936653137207 41
1780570941147 2.1621906757354736 42
1780570945024 2.1535773277282715 43
1780570948853 2.1152758598327637 44
1780570952696 2.095320463180542 45
1780570956521 2.0741515159606934 46
1780570960704 2.0733425617218018 47
1780570965013 2.0494258403778076 48
1780570968780 2.0475471019744873 49
1780570972973 2.042351245880127 50
1780570977137 2.0317888259887695 51
1780570981248 2.012526512145996 52
1780570985239 1.996864676475525 53
1780570989060 1.9999569654464722 54
1780570992828 1.9917032718658447 55
1780570996712 1.9824038743972778 56
1780571000453 1.9618293046951294 57
1780571004177 1.9412946701049805 58
1780571008153 1.924565315246582 59
1780571012255 1.8973650932312012 60
1780571016241 1.8896998167037964 61
1780571019964 1.8785966634750366 62
1780571023780 1.8645609617233276 63
1780571027709 1.8615738153457642 64
1780571031513 1.8608895540237427 65
1780571035820 1.862156867980957 66
1780571039704 1.8656740188598633 67
1780571043453 1.8656032085418701 68
1780571047448 1.8741248846054077 69
1780571051161 1.866326928138733 70
1780571055079 1.8664745092391968 71
1780571058855 1.8583780527114868 72
1780571062869 1.849593997001648 73
1780571067167 1.8544989824295044 74
1780571070936 1.852276086807251 75
1780571074541 1.852626919746399 76
1780571078469 1.8444905281066895 77
1780571082077 1.8429566621780396 78
1780571085737 1.8446015119552612 79
1780571089904 1.8542473316192627 80
1780571093873 1.8563014268875122 81
1780571097837 1.8579380512237549 82
1780571102137 1.8644341230392456 83
1780571106160 1.8693854808807373 84
1780571110725 1.8848768472671509 85
1780571114393 1.8890331983566284 86
1780571118297 1.8890862464904785 87
1780571122149 1.889976143836975 88
1780571126341 1.8882055282592773 89
1780571130085 1.8889378309249878 90
1780571134045 1.889605164527893 91
1780571138392 1.881911039352417 92
1780571142269 1.8750985860824585 93
1780571146237 1.8737001419067383 94
1780571150360 1.8772196769714355 95
1780571154313 1.87358820438385 96
1780571158249 1.8755149841308594 97
1780571162153 1.8781764507293701 98
1780571166253 1.879349708557129 99
1780571170273 1.8734896183013916 100
1780571174141 1.8706990480422974 101
1780571177957 1.8668850660324097 102
1780571181929 1.862566590309143 103
1780571186212 1.863002061843872 104
1780571190053 1.8588361740112305 105
1780571193896 1.8611221313476562 106
1780571198197 1.8576140403747559 107
1780571202328 1.8592456579208374 108
1780571206425 1.857316493988037 109
1780571210344 1.860006332397461 110
1780571214514 1.8549257516860962 111
1780571218485 1.852479100227356 112
1780571222589 1.8560514450073242 113
1780571226973 1.8569260835647583 114
1780571230919 1.8541293144226074 115
1780571235001 1.8493047952651978 116
1780571239115 1.8522694110870361 117
1780571243361 1.850118637084961 118
1780571247238 1.8527507781982422 119
1780571251231 1.8547266721725464 120
1780571255269 1.8534557819366455 121
1780571259146 1.85293447971344 122
1780571263120 1.8589389324188232 123
1780571267172 1.8621283769607544 124
1780571271643 1.8586925268173218 125
1780571275497 1.858782172203064 126
1780571279377 1.8545724153518677 127
1780571283161 1.8495248556137085 128
1780571287109 1.8513472080230713 129
1780571291311 1.8469913005828857 130
1780571295985 1.8393135070800781 131
1780571300373 1.834223985671997 132
1780571304421 1.8327322006225586 133
1780571308368 1.8278553485870361 134
1780571312496 1.8242418766021729 135
1780571316651 1.8263084888458252 136
1780571320513 1.8215290307998657 137
1780571324433 1.8220911026000977 138
1780571328589 1.8224071264266968 139
1780571332757 1.819663166999817 140
1780571337035 1.823883295059204 141
1780571341445 1.819126009941101 142
1780571345292 1.8148090839385986 143
1780571349212 1.8139632940292358 144
1780571353493 1.8083863258361816 145
1780571357320 1.8080588579177856 146
1780571361201 1.807476282119751 147
1780571365041 1.8021150827407837 148
1780571368917 1.7973309755325317 149
1780571373137 1.7919450998306274 150
1780571377269 1.786940097808838 151
1780571381673 1.7854975461959839 152
1780571386062 1.7839305400848389 153
1780571389953 1.7787061929702759 154
1780571393819 1.7700923681259155 155
1780571397721 1.7646390199661255 156
1780571401566 1.759045958518982 157
1780571405553 1.755799412727356 158
1780571409304 1.7503185272216797 159
1780571413164 1.7460964918136597 160
1780571416946 1.7392126321792603 161
1780571420769 1.7358545064926147 162
1780571424577 1.7322946786880493 163
1780571428301 1.7252990007400513 164
1780571432033 1.7193946838378906 165
1780571435893 1.716655969619751 166
1780571439657 1.7076530456542969 167
1780571443472 1.7048109769821167 168
1780571447297 1.6969119310379028 169
1780571451137 1.6930466890335083 170
1780571455013 1.6849303245544434 171
1780571458800 1.6809297800064087 172
1780571462705 1.6723027229309082 173
1780571466521 1.661973476409912 174
1780571470389 1.6512449979782104 175
1780571474437 1.6433547735214233 176
1780571478261 1.6359416246414185 177
1780571481993 1.6280208826065063 178
1780571486181 1.6180037260055542 179
1780571489972 1.609628677368164 180
1780571493925 1.6022098064422607 181
1780571498116 1.593418836593628 182
1780571502141 1.5847773551940918 183
1780571506646 1.580605387687683 184
1780571511377 1.569915533065796 185
1780571515581 1.5597691535949707 186
1780571519402 1.5541757345199585 187
1780571523173 1.5426548719406128 188
1780571527637 1.5349349975585938 189
1780571532029 1.5243653059005737 190
1780571536157 1.5141239166259766 191
1780571540057 1.5031120777130127 192
1780571544049 1.495740532875061 193
1780571548205 1.483642339706421 194
1780571552241 1.472602367401123 195
1780571556341 1.4635810852050781 196
1780571560166 1.4535363912582397 197
1780571564025 1.4424455165863037 198
1780571568144 1.4291285276412964 199
1780571572209 1.4197226762771606 200
1780571576353 1.4006808996200562 201
1780571580859 1.3836504220962524 202
1780571585116 1.3659049272537231 203
1780571589481 1.3468377590179443 204
1780571593386 1.3293761014938354 205
1780571597534 1.314823865890503 206
1780571601593 1.2951740026474 207
1780571605653 1.2807313203811646 208
1780571609590 1.2605968713760376 209
1780571614029 1.2465730905532837 210
1780571618389 1.224607229232788 211
1780571622240 1.2023909091949463 212
1780571626109 1.1843270063400269 213
1780571629990 1.1629042625427246 214
1780571633846 1.143197774887085 215
1780571638009 1.1202833652496338 216
1780571641993 1.0965514183044434 217
1780571646145 1.0773011445999146 218
1780571650061 1.056648850440979 219
1780571653953 1.0345367193222046 220
1780571657871 1.0085313320159912 221
1780571662117 0.9818539023399353 222
1780571666137 0.9514361619949341 223
1780571670289 0.9206502437591553 224
1780571674618 0.8951147794723511 225
1780571679043 0.8682877421379089 226
1780571683533 0.8352589011192322 227
1780571687435 0.7997918128967285 228
1780571691670 0.7608830332756042 229
1780571695726 0.7239608764648438 230
1780571699784 0.6792771816253662 231
1780571703823 0.6376810073852539 232
1780571707766 0.5911340713500977 233
1780571711653 0.5418627262115479 234
1780571715597 0.48085957765579224 235
1780571719602 0.4149450659751892 236
1780571723502 0.34185653924942017 237
1780571727457 0.23581306636333466 238
1780571731814 0.0009279718506149948 239
1780571735686 0.000930348236579448 240
