1780570781777 0.7295368909835815 1
1780570788473 0.7588819265365601 2
1780570792357 0.7784071564674377 3
1780570796312 0.7891665101051331 4
1780570800403 0.7997482419013977 5
1780570804227 0.8074477910995483 6
1780570808032 0.8134632110595703 7
1780570811404 0.8183797001838684 8
1780570815212 0.8256174921989441 9
1780570819316 0.830953061580658 10
1780570823197 0.8351388573646545 11
1780570826848 0.8384948968887329 12
1780570830576 0.8423332571983337 13
1780570834340 0.8462782502174377 14
1780570838268 0.8492951989173889 15
1780570842396 0.8526709079742432 16
1780570846437 0.8557776212692261 17
1780570850173 0.8586006164550781 18
1780570853968 0.8616749048233032 19
1780570857860 0.864384651184082 20
1780570862049 0.866592526435852 21
1780570866212 0.8685611486434937 22
1780570869817 0.870792806148529 23
1780570873844 0.8723011612892151 24
1780570877316 0.8741874098777771 25
1780570881001 0.8760926723480225 26
1780570884724 0.8776583075523376 27
1780570888349 0.8797398209571838 28
1780570891896 0.8813405632972717 29
1780570896021 0.8830092549324036 30
1780570899904 0.8843421936035156 31
1780570903796 0.8860968351364136 32
1780570907515 0.8880382776260376 33
1780570911492 0.8894813656806946 34
1780570915420 0.8909358978271484 35
1780570919192 0.8925610184669495 36
1780570922967 0.8941850662231445 37
1780570926628 0.8954101800918579 38
1780570930206 0.8964678645133972 39
1780570933811 0.8976166248321533 40
1780570937565 0.8988795876502991 41
1780570941159 0.9000272750854492 42
1780570945036 0.9014337062835693 43
1780570948868 0.9026981592178345 44
1780570952714 0.903891921043396 45
1780570956533 0.9050724506378174 46
1780570960717 0.9062508344650269 47
1780570965025 0.907400369644165 48
1780570968792 0.9085855484008789 49
1780570972985 0.9094437956809998 50
1780570977149 0.9106197357177734 51
1780570981260 0.9116467833518982 52
1780570985251 0.9126125574111938 53
1780570989073 0.9137075543403625 54
1780570992840 0.9145718812942505 55
1780570996725 0.9155385494232178 56
1780571000465 0.9165036678314209 57
1780571004189 0.9174896478652954 58
1780571008165 0.9184245467185974 59
1780571012266 0.9194105267524719 60
1780571016253 0.9202608466148376 61
1780571019976 0.9211767315864563 62
1780571023793 0.922029435634613 63
1780571027721 0.9228178858757019 64
1780571031525 0.9236062169075012 65
1780571035832 0.9244489073753357 66
1780571039716 0.9252116084098816 67
1780571043465 0.9260416030883789 68
1780571047461 0.9268176555633545 69
1780571051173 0.9276627898216248 70
1780571055091 0.9284746050834656 71
1780571058882 0.9293030500411987 72
1780571062881 0.9301131367683411 73
1780571067180 0.9309101104736328 74
1780571070949 0.9316635131835938 75
1780571074553 0.9323657155036926 76
1780571078482 0.9330980777740479 77
1780571082089 0.9338057041168213 78
1780571085749 0.9345360398292542 79
1780571089916 0.9351688027381897 80
1780571093885 0.9358757734298706 81
1780571097849 0.9365613460540771 82
1780571102149 0.9372245669364929 83
1780571106173 0.9379380941390991 84
1780571110737 0.9385204911231995 85
1780571114405 0.939140260219574 86
1780571118309 0.9398075342178345 87
1780571122161 0.9404708743095398 88
1780571126354 0.9411017298698425 89
1780571130097 0.9417610168457031 90
1780571134057 0.9423896074295044 91
1780571138405 0.9430461525917053 92
1780571142282 0.9437116980552673 93
1780571146249 0.9443143010139465 94
1780571150373 0.9449352025985718 95
1780571154325 0.9455279111862183 96
1780571158261 0.9460802674293518 97
1780571162165 0.946701169013977 98
1780571166264 0.9472562670707703 99
1780571170285 0.9478374123573303 100
1780571174153 0.9483846426010132 101
1780571177969 0.9489860534667969 102
1780571181941 0.9495528936386108 103
1780571186225 0.950073778629303 104
1780571190065 0.9506235122680664 105
1780571193908 0.9511231184005737 106
1780571198209 0.9516515135765076 107
1780571202340 0.9521980285644531 108
1780571206437 0.9527249932289124 109
1780571210356 0.9532355070114136 110
1780571214526 0.9537603855133057 111
1780571218497 0.9542309641838074 112
1780571222601 0.9547178149223328 113
1780571226985 0.955225944519043 114
1780571230946 0.9557418823242188 115
1780571235013 0.9562365412712097 116
1780571239127 0.9567911624908447 117
1780571243374 0.9572925567626953 118
1780571247250 0.9577743411064148 119
1780571251243 0.9582625031471252 120
1780571255289 0.9587115049362183 121
1780571259158 0.9591248631477356 122
1780571263132 0.9595630168914795 123
1780571267184 0.9599876403808594 124
1780571271655 0.9604825377464294 125
1780571275509 0.9609338045120239 126
1780571279389 0.9613946080207825 127
1780571283174 0.9618937373161316 128
1780571287121 0.9623292088508606 129
1780571291322 0.9627746343612671 130
1780571295997 0.9632381200790405 131
1780571300385 0.9636984467506409 132
1780571304433 0.9641237854957581 133
1780571308381 0.9645519852638245 134
1780571312509 0.9649821519851685 135
1780571316664 0.9654253721237183 136
1780571320526 0.9658344388008118 137
1780571324446 0.9662482142448425 138
1780571328601 0.9666798710823059 139
1780571332769 0.967082679271698 140
1780571337047 0.9674806594848633 141
1780571341457 0.9679392576217651 142
1780571345305 0.9683367609977722 143
1780571349225 0.9687458276748657 144
1780571353505 0.9691447019577026 145
1780571357333 0.9695301055908203 146
1780571361214 0.9699376225471497 147
1780571365053 0.9703584909439087 148
1780571368929 0.9707253575325012 149
1780571373149 0.9711233973503113 150
1780571377281 0.9715307354927063 151
1780571381686 0.9719496965408325 152
1780571386074 0.9722821712493896 153
1780571389966 0.972656786441803 154
1780571393847 0.9730488657951355 155
1780571397733 0.9734556078910828 156
1780571401578 0.9738328456878662 157
1780571405565 0.9741687774658203 158
1780571409317 0.9745457172393799 159
1780571413176 0.9748989343643188 160
1780571416958 0.9752687811851501 161
1780571420781 0.9756660461425781 162
1780571424589 0.9760084748268127 163
1780571428313 0.9763862490653992 164
1780571432046 0.9767497181892395 165
1780571435905 0.9770971536636353 166
1780571439669 0.9774492383003235 167
1780571443485 0.9777923822402954 168
1780571447310 0.9781240820884705 169
1780571451149 0.9784668684005737 170
1780571455025 0.9787949323654175 171
1780571458811 0.9791074395179749 172
1780571462717 0.9794363379478455 173
1780571466533 0.9797471165657043 174
1780571470402 0.9801226258277893 175
1780571474449 0.9804553985595703 176
1780571478273 0.9808146953582764 177
1780571482005 0.9811825156211853 178
1780571486193 0.981555700302124 179
1780571489983 0.9818845391273499 180
1780571493937 0.9821919798851013 181
1780571498128 0.982538104057312 182
1780571502155 0.982865571975708 183
1780571506657 0.98319411277771 184
1780571511389 0.9835342764854431 185
1780571515594 0.9838399291038513 186
1780571519414 0.9841981530189514 187
1780571523185 0.9844834804534912 188
1780571527650 0.9847727417945862 189
1780571532041 0.9850815534591675 190
1780571536169 0.9854057431221008 191
1780571540070 0.9857948422431946 192
1780571544062 0.9860749840736389 193
1780571548218 0.9863747954368591 194
1780571552253 0.9867113828659058 195
1780571556352 0.9870544672012329 196
1780571560178 0.9873627424240112 197
1780571564038 0.9876476526260376 198
1780571568156 0.9879791140556335 199
1780571572220 0.9882691502571106 200
1780571576366 0.9886096715927124 201
1780571580886 0.9889293909072876 202
1780571585127 0.989241898059845 203
1780571589494 0.9895443320274353 204
1780571593399 0.9898827075958252 205
1780571597546 0.9901787042617798 206
1780571601605 0.9905503988265991 207
1780571605665 0.9908217191696167 208
1780571609602 0.9911754727363586 209
1780571614042 0.9914568662643433 210
1780571618401 0.9917348623275757 211
1780571622252 0.992074728012085 212
1780571626121 0.9923452734947205 213
1780571630002 0.9926332831382751 214
1780571633858 0.9928966760635376 215
1780571638021 0.9932211637496948 216
1780571642006 0.9935394525527954 217
1780571646157 0.9938417077064514 218
1780571650073 0.9941355586051941 219
1780571653965 0.9944207668304443 220
1780571657883 0.9947444200515747 221
1780571662129 0.9950534701347351 222
1780571666150 0.9953707456588745 223
1780571670302 0.9956995844841003 224
1780571674630 0.9959923624992371 225
1780571679070 0.9962324500083923 226
1780571683546 0.9965313076972961 227
1780571687462 0.9967916011810303 228
1780571691682 0.9971017241477966 229
1780571695739 0.9974116683006287 230
1780571699796 0.9978218674659729 231
1780571703849 0.9982004761695862 232
1780571707781 0.9984952807426453 233
1780571711665 0.9988232254981995 234
1780571715610 0.9991902709007263 235
1780571719614 0.9995414614677429 236
1780571723514 0.9997945427894592 237
1780571727469 0.9998608231544495 238
1780571731826 1.0 239
1780571735698 1.0 240
