1780570781768 7.288710117340088 1
1780570788463 7.286710262298584 2
1780570792345 7.1574177742004395 3
1780570796301 7.156973361968994 4
1780570800384 7.1544671058654785 5
1780570804217 7.056787490844727 6
1780570808021 6.976070880889893 7
1780570811393 6.939961910247803 8
1780570815201 6.914120197296143 9
1780570819305 6.846232891082764 10
1780570823186 6.747427463531494 11
1780570826837 6.717090129852295 12
1780570830565 6.708174228668213 13
1780570834329 6.696977138519287 14
1780570838257 6.6184892654418945 15
1780570842385 6.587758541107178 16
1780570846426 6.489688396453857 17
1780570850162 6.359434127807617 18
1780570853957 6.35258150100708 19
1780570857849 6.3518476486206055 20
1780570862038 6.341020584106445 21
1780570866201 5.472919464111328 22
1780570869806 5.4433207511901855 23
1780570873833 5.19346284866333 24
1780570877305 4.800200462341309 25
1780570880991 4.624600887298584 26
1780570884713 3.9171643257141113 27
1780570888337 3.7668943405151367 28
1780570891885 3.715172052383423 29
1780570896010 3.6468472480773926 30
1780570899893 3.6251742839813232 31
1780570903786 3.514604091644287 32
1780570907504 3.511512517929077 33
1780570911482 3.323655128479004 34
1780570915409 3.2985053062438965 35
1780570919181 3.213099479675293 36
1780570922957 2.9904625415802 37
1780570926617 2.9746713638305664 38
1780570930195 2.8312199115753174 39
1780570933801 2.698462963104248 40
1780570937529 1.9892168045043945 41
1780570941148 1.8313087224960327 42
1780570945025 1.7930587530136108 43
1780570948854 1.7917238473892212 44
1780570952697 1.6896710395812988 45
1780570956522 1.536600947380066 46
1780570960706 1.5186152458190918 47
1780570965014 1.5129929780960083 48
1780570968781 1.5026179552078247 49
1780570972974 1.4092271327972412 50
1780570977138 1.4092237949371338 51
1780570981249 1.3793154954910278 52
1780570985240 1.3787033557891846 53
1780570989062 1.1177414655685425 54
1780570992829 1.095055103302002 55
1780570996714 1.0926635265350342 56
1780571000454 1.0163599252700806 57
1780571004178 1.002472996711731 58
1780571008154 0.9874222278594971 59
1780571012256 0.9860106706619263 60
1780571016242 0.967108428478241 61
1780571019965 0.9651109576225281 62
1780571023782 0.9197806119918823 63
1780571027710 0.919364333152771 64
1780571031514 0.8580743670463562 65
1780571035821 0.8576440215110779 66
1780571039705 0.8531637191772461 67
1780571043454 0.8507872223854065 68
1780571047450 0.8256122469902039 69
1780571051162 0.8191941380500793 70
1780571055081 0.7931240797042847 71
1780571058856 0.7929015159606934 72
1780571062870 0.7928837537765503 73
1780571067169 0.72747403383255 74
1780571070938 0.7135265469551086 75
1780571074542 0.6931177377700806 76
1780571078470 0.6875706315040588 77
1780571082078 0.6835809946060181 78
1780571085738 0.6814620494842529 79
1780571089905 0.6778327822685242 80
1780571093874 0.6382328271865845 81
1780571097838 0.6316894888877869 82
1780571102139 0.6306241750717163 83
1780571106162 0.6197764277458191 84
1780571110726 0.6197102665901184 85
1780571114394 0.6195504665374756 86
1780571118298 0.6155720949172974 87
1780571122150 0.6050007343292236 88
1780571126343 0.6042783260345459 89
1780571130087 0.5888763666152954 90
1780571134047 0.5880367159843445 91
1780571138393 0.5863518118858337 92
1780571142270 0.5821670293807983 93
1780571146238 0.5566188097000122 94
1780571150362 0.5317336916923523 95
1780571154314 0.5310702323913574 96
1780571158250 0.5291054844856262 97
1780571162154 0.5282298922538757 98
1780571166254 0.5228273868560791 99
1780571170274 0.522666871547699 100
1780571174142 0.5200700163841248 101
1780571177958 0.5197460055351257 102
1780571181930 0.5187254548072815 103
1780571186214 0.47647807002067566 104
1780571190055 0.47553330659866333 105
1780571193897 0.4737471044063568 106
1780571198198 0.4607023000717163 107
1780571202329 0.45662784576416016 108
1780571206426 0.4560464918613434 109
1780571210345 0.4328753650188446 110
1780571214515 0.4309481084346771 111
1780571218486 0.41321679949760437 112
1780571222590 0.4094436764717102 113
1780571226974 0.3880895674228668 114
1780571230920 0.38808196783065796 115
1780571235002 0.36353492736816406 116
1780571239116 0.3630703389644623 117
1780571243363 0.36233410239219666 118
1780571247239 0.3587792217731476 119
1780571251232 0.3584083616733551 120
1780571255270 0.3583260774612427 121
1780571259147 0.35768923163414 122
1780571263122 0.35588571429252625 123
1780571267173 0.3550766706466675 124
1780571271644 0.3540947437286377 125
1780571275498 0.3534967005252838 126
1780571279378 0.3534940183162689 127
1780571283163 0.3464328944683075 128
1780571287111 0.313130259513855 129
1780571291312 0.3113113343715668 130
1780571295986 0.31099802255630493 131
1780571300374 0.30019712448120117 132
1780571304423 0.2982754111289978 133
1780571308370 0.282932311296463 134
1780571312498 0.2826926112174988 135
1780571316653 0.2820611298084259 136
1780571320515 0.2734198272228241 137
1780571324434 0.2660944163799286 138
1780571328590 0.26044976711273193 139
1780571332758 0.26037511229515076 140
1780571337036 0.25999152660369873 141
1780571341446 0.2561704218387604 142
1780571345294 0.2538009583950043 143
1780571349214 0.23937629163265228 144
1780571353494 0.23905980587005615 145
1780571357322 0.22499346733093262 146
1780571361203 0.2243575006723404 147
1780571365042 0.2235349714756012 148
1780571368918 0.22325704991817474 149
1780571373138 0.2224723994731903 150
1780571377271 0.21692782640457153 151
1780571381675 0.21270295977592468 152
1780571386063 0.21261633932590485 153
1780571389955 0.2122008204460144 154
1780571393821 0.20871005952358246 155
1780571397722 0.20870135724544525 156
1780571401567 0.1933618038892746 157
1780571405554 0.19312767684459686 158
1780571409306 0.18970108032226562 159
1780571413165 0.18599219620227814 160
1780571416947 0.18582306802272797 161
1780571420770 0.18556803464889526 162
1780571424578 0.185090109705925 163
1780571428302 0.18494738638401031 164
1780571432035 0.17040780186653137 165
1780571435895 0.1700781285762787 166
1780571439658 0.1687963306903839 167
1780571443474 0.16793735325336456 168
1780571447298 0.16734591126441956 169
1780571451138 0.1495354324579239 170
1780571455014 0.14858639240264893 171
1780571458801 0.13597530126571655 172
1780571462706 0.12277819961309433 173
1780571466522 0.12225721031427383 174
1780571470391 0.12182284891605377 175
1780571474439 0.12056536972522736 176
1780571478263 0.12030050903558731 177
1780571481994 0.11218138784170151 178
1780571486183 0.10840798914432526 179
1780571489973 0.10649550706148148 180
1780571493926 0.10304532945156097 181
1780571498118 0.10285930335521698 182
1780571502143 0.10270851105451584 183
1780571506647 0.10040953755378723 184
1780571511379 0.09835194796323776 185
1780571515583 0.0943887010216713 186
1780571519403 0.0943886935710907 187
1780571523175 0.09295009821653366 188
1780571527639 0.09294324368238449 189
1780571532031 0.09292005002498627 190
1780571536158 0.08955322206020355 191
1780571540059 0.08947352319955826 192
1780571544051 0.08178023248910904 193
1780571548207 0.07025522738695145 194
1780571552242 0.07020838558673859 195
1780571556342 0.06718771904706955 196
1780571560167 0.06169307604432106 197
1780571564027 0.06125151738524437 198
1780571568145 0.061217211186885834 199
1780571572210 0.06116130203008652 200
1780571576355 0.06111864000558853 201
1780571580860 0.06108691543340683 202
1780571585117 0.055901724845170975 203
1780571589483 0.05423787608742714 204
1780571593387 0.054231684654951096 205
1780571597535 0.05402359366416931 206
1780571601595 0.0540047287940979 207
1780571605655 0.0536714531481266 208
1780571609591 0.05359920486807823 209
1780571614031 0.051953934133052826 210
1780571618390 0.0514770932495594 211
1780571622241 0.05108991265296936 212
1780571626110 0.041037607938051224 213
1780571629991 0.04101807251572609 214
1780571633847 0.04095716401934624 215
1780571638010 0.02293354459106922 216
1780571641995 0.022894971072673798 217
1780571646147 0.022025760263204575 218
1780571650062 0.021666735410690308 219
1780571653955 0.020534398034214973 220
1780571657872 0.01625954359769821 221
1780571662119 0.015126851387321949 222
1780571666139 0.013912605121731758 223
1780571670291 0.01390955038368702 224
1780571674619 0.013872763141989708 225
1780571679044 0.013825305737555027 226
1780571683535 0.012664645910263062 227
1780571687436 0.012030908837914467 228
1780571691671 0.0070744906552135944 229
1780571695727 0.006010092329233885 230
1780571699786 0.005648094695061445 231
1780571703824 0.0055152652785182 232
1780571707769 0.004392444156110287 233
1780571711655 0.004356972873210907 234
1780571715599 0.004245529882609844 235
1780571719603 0.0039127846248447895 236
1780571723503 0.0004140859527979046 237
1780571727458 0.00023611918732058257 238
1780571731815 0.00010048502736026421 239
1780571735687 9.124186908593401e-05 240
