1780570781773 4.823863983154297 1
1780570788468 3.3312227725982666 2
1780570792351 3.114887237548828 3
1780570796307 2.5745291709899902 4
1780570800390 2.3159611225128174 5
1780570804222 2.2029364109039307 6
1780570808027 2.0118606090545654 7
1780570811399 1.9242898225784302 8
1780570815207 1.845076322555542 9
1780570819311 1.7189677953720093 10
1780570823191 1.632881760597229 11
1780570826843 1.555920958518982 12
1780570830571 1.4801554679870605 13
1780570834335 1.4167109727859497 14
1780570838263 1.3422768115997314 15
1780570842391 1.310821294784546 16
1780570846431 1.2769452333450317 17
1780570850167 1.2537291049957275 18
1780570853963 1.2209638357162476 19
1780570857855 1.1812548637390137 20
1780570862043 1.1524710655212402 21
1780570866207 1.1248779296875 22
1780570869811 1.0987440347671509 23
1780570873839 1.050675868988037 24
1780570877311 1.0332354307174683 25
1780570880996 1.01133131980896 26
1780570884719 0.9786630272865295 27
1780570888343 0.9553346633911133 28
1780570891890 0.9273418188095093 29
1780570896015 0.9061468839645386 30
1780570899898 0.8944690227508545 31
1780570903791 0.8845446109771729 32
1780570907509 0.8800500631332397 33
1780570911487 0.8700512647628784 34
1780570915414 0.8506575226783752 35
1780570919187 0.8418642282485962 36
1780570922962 0.8309086561203003 37
1780570926623 0.8206726908683777 38
1780570930201 0.8090271949768066 39
1780570933806 0.8007245063781738 40
1780570937543 0.7979936599731445 41
1780570941153 0.7880042791366577 42
1780570945031 0.7836394309997559 43
1780570948859 0.7725017666816711 44
1780570952703 0.7587305307388306 45
1780570956528 0.751589298248291 46
1780570960711 0.7509398460388184 47
1780570965019 0.7416035532951355 48
1780570968787 0.7390102744102478 49
1780570972980 0.7318859696388245 50
1780570977143 0.7280710339546204 51
1780570981254 0.7206839919090271 52
1780570985246 0.7166343331336975 53
1780570989067 0.7134218215942383 54
1780570992835 0.7084810733795166 55
1780570996719 0.7045106291770935 56
1780571000459 0.6948946714401245 57
1780571004183 0.6874903440475464 58
1780571008159 0.6786831617355347 59
1780571012261 0.6632429361343384 60
1780571016247 0.6571358442306519 61
1780571019971 0.6548683047294617 62
1780571023787 0.647746205329895 63
1780571027715 0.6456856727600098 64
1780571031519 0.6436160802841187 65
1780571035827 0.6422832608222961 66
1780571039711 0.6406375765800476 67
1780571043459 0.6392924785614014 68
1780571047455 0.6389486789703369 69
1780571051168 0.6354272365570068 70
1780571055086 0.6335988640785217 71
1780571058877 0.6300534009933472 72
1780571062875 0.6257060170173645 73
1780571067174 0.625521719455719 74
1780571070943 0.624121904373169 75
1780571074547 0.6222764253616333 76
1780571078477 0.6193690299987793 77
1780571082083 0.6186555027961731 78
1780571085743 0.6194390654563904 79
1780571089910 0.6195494532585144 80
1780571093880 0.618706226348877 81
1780571097844 0.6196154356002808 82
1780571102144 0.6217150688171387 83
1780571106167 0.6229346990585327 84
1780571110731 0.6271916031837463 85
1780571114400 0.6280319094657898 86
1780571118304 0.6282272934913635 87
1780571122156 0.6275830864906311 88
1780571126348 0.6270022988319397 89
1780571130092 0.6270189881324768 90
1780571134052 0.6263799071311951 91
1780571138400 0.6239694952964783 92
1780571142276 0.6211552023887634 93
1780571146244 0.619159996509552 94
1780571150367 0.6207075119018555 95
1780571154320 0.6194201707839966 96
1780571158256 0.6183220148086548 97
1780571162160 0.6179268956184387 98
1780571166259 0.6193906664848328 99
1780571170279 0.6173847913742065 100
1780571174148 0.6157220602035522 101
1780571177964 0.615086555480957 102
1780571181936 0.6130054593086243 103
1780571186219 0.6126330494880676 104
1780571190060 0.6110588908195496 105
1780571193903 0.6109241247177124 106
1780571198204 0.6096349954605103 107
1780571202335 0.6102667450904846 108
1780571206432 0.6087741255760193 109
1780571210351 0.6097989082336426 110
1780571214520 0.6084033846855164 111
1780571218492 0.6040799021720886 112
1780571222596 0.6051504015922546 113
1780571226980 0.605426549911499 114
1780571230941 0.6045587062835693 115
1780571235008 0.6027916073799133 116
1780571239122 0.6044239401817322 117
1780571243368 0.6037047505378723 118
1780571247244 0.6047983169555664 119
1780571251237 0.6050655245780945 120
1780571255283 0.6043437719345093 121
1780571259153 0.6034595966339111 122
1780571263127 0.6049838066101074 123
1780571267179 0.6051129102706909 124
1780571271650 0.6054424047470093 125
1780571275504 0.6056053638458252 126
1780571279384 0.6043174266815186 127
1780571283168 0.6031087636947632 128
1780571287116 0.6040913462638855 129
1780571291317 0.6028951406478882 130
1780571295992 0.6002294421195984 131
1780571300380 0.5983095765113831 132
1780571304428 0.5979440808296204 133
1780571308375 0.5960878729820251 134
1780571312503 0.594887912273407 135
1780571316658 0.5949186682701111 136
1780571320520 0.5931256413459778 137
1780571324440 0.5935400724411011 138
1780571328596 0.5936267375946045 139
1780571332764 0.5924816131591797 140
1780571337042 0.5940980315208435 141
1780571341452 0.5928324460983276 142
1780571345299 0.5918651819229126 143
1780571349219 0.5925574898719788 144
1780571353499 0.5908545255661011 145
1780571357327 0.5901069045066833 146
1780571361208 0.590203046798706 147
1780571365047 0.5883728265762329 148
1780571368924 0.5861806273460388 149
1780571373144 0.584719181060791 150
1780571377276 0.5836483836174011 151
1780571381680 0.582996129989624 152
1780571386068 0.5823739767074585 153
1780571389960 0.5808280110359192 154
1780571393826 0.5782771110534668 155
1780571397728 0.576618492603302 156
1780571401572 0.5742421746253967 157
1780571405559 0.572655200958252 158
1780571409311 0.5708793997764587 159
1780571413171 0.5693144202232361 160
1780571416952 0.5671256184577942 161
1780571420776 0.5662972331047058 162
1780571424584 0.5650379061698914 163
1780571428308 0.5622795820236206 164
1780571432041 0.5603815317153931 165
1780571435900 0.559222936630249 166
1780571439664 0.5566133260726929 167
1780571443479 0.555106520652771 168
1780571447304 0.5519078969955444 169
1780571451143 0.5503237247467041 170
1780571455020 0.5478494167327881 171
1780571458806 0.5466980934143066 172
1780571462712 0.5436245203018188 173
1780571466528 0.5399631857872009 174
1780571470396 0.5365985035896301 175
1780571474444 0.5338631272315979 176
1780571478268 0.5309385061264038 177
1780571481999 0.528367817401886 178
1780571486188 0.5256572365760803 179
1780571489978 0.5223099589347839 180
1780571493932 0.5206934809684753 181
1780571498123 0.5173305869102478 182
1780571502149 0.5141944289207458 183
1780571506652 0.5126619935035706 184
1780571511384 0.5091997385025024 185
1780571515588 0.5073176026344299 186
1780571519409 0.5049159526824951 187
1780571523180 0.500041663646698 188
1780571527644 0.49613121151924133 189
1780571532036 0.492228239774704 190
1780571536164 0.48798951506614685 191
1780571540064 0.48399725556373596 192
1780571544056 0.48101526498794556 193
1780571548212 0.4766042232513428 194
1780571552247 0.47205546498298645 195
1780571556347 0.46915581822395325 196
1780571560173 0.46534761786460876 197
1780571564032 0.4610345661640167 198
1780571568151 0.45665499567985535 199
1780571572215 0.4531521201133728 200
1780571576360 0.44768384099006653 201
1780571580865 0.44196537137031555 202
1780571585122 0.4367888867855072 203
1780571589488 0.4308643639087677 204
1780571593393 0.4248843491077423 205
1780571597540 0.41965076327323914 206
1780571601600 0.4131931960582733 207
1780571605660 0.4083726704120636 208
1780571609597 0.40199920535087585 209
1780571614036 0.3977467119693756 210
1780571618395 0.3917078673839569 211
1780571622247 0.3845440447330475 212
1780571626115 0.37611302733421326 213
1780571629997 0.36916837096214294 214
1780571633853 0.3618713915348053 215
1780571638016 0.3539273142814636 216
1780571642000 0.34596753120422363 217
1780571646152 0.3392275869846344 218
1780571650067 0.331114798784256 219
1780571653960 0.323137104511261 220
1780571657878 0.31402209401130676 221
1780571662124 0.3053331971168518 222
1780571666144 0.29445821046829224 223
1780571670296 0.283769428730011 224
1780571674624 0.27496734261512756 225
1780571679065 0.2645168900489807 226
1780571683540 0.2518971562385559 227
1780571687457 0.2388855665922165 228
1780571691676 0.2241448014974594 229
1780571695733 0.2094247192144394 230
1780571699791 0.19484391808509827 231
1780571703835 0.17972508072853088 232
1780571707775 0.16255292296409607 233
1780571711660 0.14298862218856812 234
1780571715604 0.12172362208366394 235
1780571719608 0.09679392725229263 236
1780571723508 0.05965942144393921 237
1780571727463 0.04108832776546478 238
1780571731820 0.0002683521306607872 239
1780571735693 0.0002684716018848121 240
