1780570781760 466.43548583984375 1
1780570785947 369.4146423339844 2
1780570792335 330.8441467285156 3
1780570796291 298.46624755859375 4
1780570800375 275.3236999511719 5
1780570804207 258.20770263671875 6
1780570808011 243.28704833984375 7
1780570811383 230.9309539794922 8
1780570815191 220.121826171875 9
1780570819295 210.3567352294922 10
1780570823175 201.4665069580078 11
1780570826827 193.43157958984375 12
1780570830555 186.18606567382812 13
1780570834319 179.18629455566406 14
1780570838247 173.45901489257812 15
1780570842375 168.07366943359375 16
1780570846415 162.99453735351562 17
1780570850151 158.3341827392578 18
1780570853947 153.80897521972656 19
1780570857839 149.5333709716797 20
1780570862027 145.60751342773438 21
1780570866191 141.87904357910156 22
1780570869795 138.32240295410156 23
1780570873823 134.99520874023438 24
1780570877295 131.75526428222656 25
1780570880979 128.66220092773438 26
1780570884703 125.61046600341797 27
1780570888327 122.75057220458984 28
1780570891875 120.02926635742188 29
1780570895999 117.38567352294922 30
1780570899883 114.83873748779297 31
1780570903775 112.42317962646484 32
1780570907493 110.12724304199219 33
1780570911471 107.89704132080078 34
1780570915399 105.82637786865234 35
1780570919171 103.78446960449219 36
1780570922947 101.76802062988281 37
1780570926607 99.84901428222656 38
1780570930185 98.01127624511719 39
1780570933791 96.19357299804688 40
1780570937519 94.40921783447266 41
1780570941139 92.7035140991211 42
1780570945015 91.001708984375 43
1780570948844 89.38301086425781 44
1780570952687 87.79166412353516 45
1780570956512 86.24270629882812 46
1780570960695 84.73674774169922 47
1780570965003 83.25817108154297 48
1780570968771 81.8036117553711 49
1780570972959 80.40286254882812 50
1780570977128 79.0233383178711 51
1780570981239 77.656494140625 52
1780570985231 76.37379455566406 53
1780570989051 75.1121826171875 54
1780570992819 73.888671875 55
1780570996703 72.6894760131836 56
1780571000443 71.5010757446289 57
1780571004167 70.34159088134766 58
1780571008144 69.20518493652344 59
1780571012247 68.10069274902344 60
1780571016232 67.01838684082031 61
1780571019955 65.96114349365234 62
1780571023771 64.93599700927734 63
1780571027700 63.91749572753906 64
1780571031504 62.934513092041016 65
1780571035811 61.96174621582031 66
1780571039695 60.99959182739258 67
1780571043444 60.053462982177734 68
1780571047440 59.11231994628906 69
1780571051151 58.19361114501953 70
1780571055071 57.28797912597656 71
1780571058847 56.42116928100586 72
1780571062860 55.56209182739258 73
1780571067159 54.727684020996094 74
1780571070928 53.90079116821289 75
1780571074532 53.08963394165039 76
1780571078460 52.303531646728516 77
1780571082068 51.53241729736328 78
1780571085728 50.765625 79
1780571089896 50.01363754272461 80
1780571093864 49.270774841308594 81
1780571097828 48.53935623168945 82
1780571102128 47.8265495300293 83
1780571106152 47.12801742553711 84
1780571110716 46.43693161010742 85
1780571114384 45.7590217590332 86
1780571118288 45.08395004272461 87
1780571122140 44.43132400512695 88
1780571126332 43.781002044677734 89
1780571130076 43.14376449584961 90
1780571134035 42.51705551147461 91
1780571138384 41.90568161010742 92
1780571142260 41.297325134277344 93
1780571146228 40.697391510009766 94
1780571150352 40.10734176635742 95
1780571154304 39.52522659301758 96
1780571158240 38.95268630981445 97
1780571162144 38.38817596435547 98
1780571166244 37.83361053466797 99
1780571170264 37.28682327270508 100
1780571174132 36.749412536621094 101
1780571177948 36.21843719482422 102
1780571181920 35.69063186645508 103
1780571186204 35.16544723510742 104
1780571190044 34.65364456176758 105
1780571193887 34.15262222290039 106
1780571198188 33.65593719482422 107
1780571202319 33.16120529174805 108
1780571206416 32.67539596557617 109
1780571210336 32.19275665283203 110
1780571214504 31.716421127319336 111
1780571218476 31.25012969970703 112
1780571222580 30.79027557373047 113
1780571226964 30.331838607788086 114
1780571230911 29.878637313842773 115
1780571234992 29.429262161254883 116
1780571239107 28.985639572143555 117
1780571243353 28.548404693603516 118
1780571247228 28.119901657104492 119
1780571251223 27.692419052124023 120
1780571255256 27.27391815185547 121
1780571259136 26.85966682434082 122
1780571263112 26.449983596801758 123
1780571267163 26.047147750854492 124
1780571271634 25.64722442626953 125
1780571275488 25.254961013793945 126
1780571279368 24.86399269104004 127
1780571283152 24.47600555419922 128
1780571287100 24.096134185791016 129
1780571291303 23.72040557861328 130
1780571295976 23.348005294799805 131
1780571300364 22.976762771606445 132
1780571304412 22.61542320251465 133
1780571308360 22.255258560180664 134
1780571312488 21.898670196533203 135
1780571316643 21.546674728393555 136
1780571320504 21.196809768676758 137
1780571324424 20.85066795349121 138
1780571328580 20.507280349731445 139
1780571332748 20.169736862182617 140
1780571337025 19.833494186401367 141
1780571341436 19.49937629699707 142
1780571345284 19.16890525817871 143
1780571349204 18.841978073120117 144
1780571353484 18.517871856689453 145
1780571357312 18.196044921875 146
1780571361192 17.877086639404297 147
1780571365032 17.56110954284668 148
1780571368908 17.256101608276367 149
1780571373128 16.953481674194336 150
1780571377260 16.653942108154297 151
1780571381664 16.35657501220703 152
1780571386052 16.060924530029297 153
1780571389944 15.766084671020508 154
1780571393800 15.47777271270752 155
1780571397712 15.192545890808105 156
1780571401556 14.910917282104492 157
1780571405544 14.631742477416992 158
1780571409296 14.353520393371582 159
1780571413148 14.078237533569336 160
1780571416936 13.807211875915527 161
1780571420760 13.537776947021484 162
1780571424568 13.27031135559082 163
1780571428292 13.004202842712402 164
1780571432024 12.740254402160645 165
1780571435884 12.480449676513672 166
1780571439648 12.222563743591309 167
1780571443464 11.967904090881348 168
1780571447288 11.715852737426758 169
1780571451128 11.46562671661377 170
1780571455004 11.216480255126953 171
1780571458792 10.970890998840332 172
1780571462696 10.72853946685791 173
1780571466512 10.48741626739502 174
1780571470380 10.248590469360352 175
1780571474428 10.010998725891113 176
1780571478252 9.776691436767578 177
1780571481984 9.544880867004395 178
1780571486172 9.317643165588379 179
1780571489964 9.093780517578125 180
1780571493916 8.870427131652832 181
1780571498104 8.648637771606445 182
1780571502132 8.429373741149902 183
1780571506623 8.213520050048828 184
1780571511368 7.998755931854248 185
1780571515572 7.788884162902832 186
1780571519392 7.5801544189453125 187
1780571523164 7.374374866485596 188
1780571527628 7.170570373535156 189
1780571532020 6.968937397003174 190
1780571536148 6.770956039428711 191
1780571540048 6.5738444328308105 192
1780571544040 6.3787922859191895 193
1780571548196 6.186741352081299 194
1780571552232 5.996381759643555 195
1780571556332 5.807353496551514 196
1780571560156 5.620198726654053 197
1780571564016 5.435575008392334 198
1780571568135 5.251702785491943 199
1780571572200 5.0690155029296875 200
1780571576344 4.890782356262207 201
1780571580848 4.715812683105469 202
1780571585108 4.543031215667725 203
1780571589472 4.371459484100342 204
1780571593376 4.2032670974731445 205
1780571597525 4.0361552238464355 206
1780571601584 3.870107412338257 207
1780571605644 3.7062602043151855 208
1780571609580 3.543247699737549 209
1780571614020 3.387782573699951 210
1780571618380 3.2343392372131348 211
1780571622231 3.0825796127319336 212
1780571626100 2.9320223331451416 213
1780571629981 2.7827045917510986 214
1780571633836 2.6347150802612305 215
1780571638000 2.488924980163574 216
1780571641984 2.347003936767578 217
1780571646136 2.2061705589294434 218
1780571650052 2.0671770572662354 219
1780571653944 1.9336625337600708 220
1780571657862 1.8033547401428223 221
1780571662108 1.6741139888763428 222
1780571666128 1.5456082820892334 223
1780571670280 1.423315405845642 224
1780571674609 1.3033515214920044 225
1780571679035 1.1854627132415771 226
1780571683524 1.0732966661453247 227
1780571687427 0.9616616368293762 228
1780571691660 0.8524768948554993 229
1780571695716 0.7450845241546631 230
1780571699775 0.6421788930892944 231
1780571703815 0.5441529154777527 232
1780571707756 0.451754629611969 233
1780571711644 0.364340603351593 234
1780571715588 0.28061529994010925 235
1780571719592 0.19849273562431335 236
1780571723492 0.12354449182748795 237
1780571727432 0.05765363201498985 238
1780571731804 1.502494455962733e-06 239
1780571735676 1.504258648310497e-06 240
