1780570781781 0.9103772640228271 1
1780570788477 0.9103913903236389 2
1780570792362 0.912088930606842 3
1780570796316 0.951745867729187 4
1780570800407 0.9523142576217651 5
1780570804231 0.9837858080863953 6
1780570808036 0.9838082194328308 7
1780570811408 0.989360511302948 8
1780570815216 0.9905957579612732 9
1780570819320 0.9907031059265137 10
1780570823201 0.9934861660003662 11
1780570826853 0.9958732724189758 12
1780570830580 0.9959336519241333 13
1780570834344 0.9961166977882385 14
1780570838272 0.9968898296356201 15
1780570842400 0.9976303577423096 16
1780570846441 0.9977151155471802 17
1780570850177 0.9979479908943176 18
1780570853972 0.9979775547981262 19
1780570857864 0.9980506896972656 20
1780570862053 0.9980550408363342 21
1780570866216 0.998684823513031 22
1780570869821 0.9986990094184875 23
1780570873849 0.9988157153129578 24
1780570877321 0.9989882707595825 25
1780570881005 0.9990609288215637 26
1780570884728 0.999326229095459 27
1780570888353 0.9993769526481628 28
1780570891900 0.9993939399719238 29
1780570896025 0.9994160532951355 30
1780570899908 0.9994229674339294 31
1780570903801 0.9994296431541443 32
1780570907519 0.9994540810585022 33
1780570911496 0.9994840025901794 34
1780570915424 0.9994840621948242 35
1780570919196 0.9995078444480896 36
1780570922971 0.9995094537734985 37
1780570926632 0.9995333552360535 38
1780570930210 0.9995583295822144 39
1780570933815 0.9996134042739868 40
1780570937569 0.9996483325958252 41
1780570941163 0.9997019171714783 42
1780570945040 0.9997142553329468 43
1780570948872 0.9997146725654602 44
1780570952731 0.9997462630271912 45
1780570956537 0.9997901320457458 46
1780570960721 0.9997950196266174 47
1780570965029 0.9997965693473816 48
1780570968796 0.9997993111610413 49
1780570972989 0.9998235106468201 50
1780570977153 0.9998235106468201 51
1780570981264 0.9998309016227722 52
1780570985256 0.9998310804367065 53
1780570989077 0.9998889565467834 54
1780570992845 0.9998934268951416 55
1780570996729 0.9998939037322998 56
1780571000469 0.9999082088470459 57
1780571004193 0.9999106526374817 58
1780571008169 0.9999133348464966 59
1780571012270 0.9999135732650757 60
1780571016257 0.9999168515205383 61
1780571019980 0.999917209148407 62
1780571023797 0.9999248385429382 63
1780571027725 0.999924898147583 64
1780571031529 0.9999345541000366 65
1780571035836 0.9999346137046814 66
1780571039720 0.9999353289604187 67
1780571043469 0.9999356865882874 68
1780571047465 0.9999394416809082 69
1780571051177 0.9999403357505798 70
1780571055096 0.9999440908432007 71
1780571058886 0.9999441504478455 72
1780571062885 0.9999441504478455 73
1780571067184 0.9999529719352722 74
1780571070953 0.9999547600746155 75
1780571074557 0.9999573230743408 76
1780571078486 0.9999579787254333 77
1780571082093 0.9999584555625916 78
1780571085753 0.9999587535858154 79
1780571089920 0.9999591708183289 80
1780571093889 0.9999638199806213 81
1780571097853 0.9999645352363586 82
1780571102153 0.9999646544456482 83
1780571106177 0.9999658465385437 84
1780571110741 0.9999658465385437 85
1780571114409 0.9999659061431885 86
1780571118313 0.9999663233757019 87
1780571122165 0.9999674558639526 88
1780571126358 0.9999675750732422 89
1780571130102 0.9999691843986511 90
1780571134062 0.9999692440032959 91
1780571138409 0.9999694228172302 92
1780571142286 0.9999698996543884 93
1780571146253 0.9999724626541138 94
1780571150377 0.9999748468399048 95
1780571154330 0.9999749064445496 96
1780571158265 0.9999751448631287 97
1780571162169 0.9999752044677734 98
1780571166267 0.9999756813049316 99
1780571170289 0.9999757409095764 100
1780571174157 0.9999759793281555 101
1780571177973 0.9999781250953674 102
1780571181945 0.9999781847000122 103
1780571186229 0.9999797940254211 104
1780571190070 0.9999799132347107 105
1780571193912 0.9999810457229614 106
1780571198213 0.999981164932251 107
1780571202344 0.9999814629554749 108
1780571206441 0.9999815225601196 109
1780571210360 0.9999833703041077 110
1780571214530 0.9999834895133972 111
1780571218501 0.9999848008155823 112
1780571222605 0.9999850988388062 113
1780571226989 0.9999865889549255 114
1780571230950 0.9999865889549255 115
1780571235017 0.9999882578849792 116
1780571239131 0.9999882578849792 117
1780571243378 0.999988317489624 118
1780571247254 0.9999885559082031 119
1780571251247 0.9999885559082031 120
1780571255294 0.9999886155128479 121
1780571259166 0.9999886155128479 122
1780571263136 0.9999887347221375 123
1780571267188 0.9999887943267822 124
1780571271659 0.999988853931427 125
1780571275513 0.9999889135360718 126
1780571279393 0.9999889135360718 127
1780571283178 0.9999893307685852 128
1780571287125 0.9999912977218628 129
1780571291326 0.9999913573265076 130
1780571296001 0.9999914169311523 131
1780571300389 0.9999920129776001 132
1780571304437 0.9999920725822449 133
1780571308385 0.9999929070472717 134
1780571312513 0.9999929070472717 135
1780571316668 0.9999929070472717 136
1780571320530 0.9999933838844299 137
1780571324451 0.9999936819076538 138
1780571328605 0.9999939799308777 139
1780571332773 0.9999939799308777 140
1780571337051 0.9999939799308777 141
1780571341461 0.999994158744812 142
1780571345309 0.9999942779541016 143
1780571349229 0.9999949336051941 144
1780571353509 0.9999949336051941 145
1780571357337 0.9999955296516418 146
1780571361218 0.9999955296516418 147
1780571365057 0.9999955296516418 148
1780571368933 0.9999955892562866 149
1780571373153 0.9999955892562866 150
1780571377285 0.9999958276748657 151
1780571381690 0.9999960064888 152
1780571386078 0.9999960064888 153
1780571389970 0.9999960064888 154
1780571393850 0.9999961256980896 155
1780571397737 0.9999961256980896 156
1780571401582 0.9999966621398926 157
1780571405569 0.9999966621398926 158
1780571409321 0.9999967813491821 159
1780571413180 0.9999969005584717 160
1780571416962 0.9999969601631165 161
1780571420785 0.9999969601631165 162
1780571424593 0.9999969601631165 163
1780571428317 0.9999969601631165 164
1780571432050 0.9999974370002747 165
1780571435909 0.9999974370002747 166
1780571439673 0.9999974966049194 167
1780571443489 0.9999974966049194 168
1780571447314 0.9999974966049194 169
1780571451153 0.9999980330467224 170
1780571455029 0.9999980330467224 171
1780571458815 0.9999983310699463 172
1780571462721 0.9999986886978149 173
1780571466537 0.9999986886978149 174
1780571470406 0.9999986886978149 175
1780571474454 0.9999986886978149 176
1780571478278 0.9999986886978149 177
1780571482009 0.9999988675117493 178
1780571486197 0.999998927116394 179
1780571489987 0.9999989867210388 180
1780571493941 0.9999990463256836 181
1780571498131 0.9999990463256836 182
1780571502159 0.9999990463256836 183
1780571506677 0.9999991059303284 184
1780571511393 0.9999991655349731 185
1780571515598 0.9999992251396179 186
1780571519418 0.9999992251396179 187
1780571523189 0.9999992251396179 188
1780571527654 0.9999992251396179 189
1780571532045 0.9999992251396179 190
1780571536173 0.9999992847442627 191
1780571540074 0.9999992847442627 192
1780571544066 0.9999994039535522 193
1780571548222 0.9999995827674866 194
1780571552257 0.9999995827674866 195
1780571556356 0.9999995827674866 196
1780571560182 0.9999996423721313 197
1780571564042 0.9999996423721313 198
1780571568160 0.9999996423721313 199
1780571572224 0.9999996423721313 200
1780571576370 0.9999996423721313 201
1780571580890 0.9999996423721313 202
1780571585131 0.9999997019767761 203
1780571589498 0.9999997615814209 204
1780571593403 0.9999997615814209 205
1780571597550 0.9999997615814209 206
1780571601609 0.9999997615814209 207
1780571605670 0.9999997615814209 208
1780571609606 0.9999997615814209 209
1780571614046 0.9999997615814209 210
1780571618405 0.9999997615814209 211
1780571622256 0.9999997615814209 212
1780571626125 0.9999998211860657 213
1780571630006 0.9999998211860657 214
1780571633862 0.9999998211860657 215
1780571638025 0.9999999403953552 216
1780571642010 0.9999999403953552 217
1780571646161 0.9999999403953552 218
1780571650077 0.9999999403953552 219
1780571653970 0.9999999403953552 220
1780571657887 1.0 221
1780571662133 1.0 222
1780571666154 1.0 223
1780571670306 1.0 224
1780571674635 1.0 225
1780571679074 1.0 226
1780571683550 1.0 227
1780571687466 1.0 228
1780571691686 1.0 229
1780571695743 1.0 230
1780571699801 1.0 231
1780571703852 1.0 232
1780571707785 1.0 233
1780571711670 1.0 234
1780571715614 1.0 235
1780571719618 1.0 236
1780571723518 1.0 237
1780571727491 1.0 238
1780571731830 1.0 239
1780571735703 1.0 240
