1780570781772 6.9684295654296875 1
1780570788467 6.135496139526367 2
1780570792349 5.8248796463012695 3
1780570796305 5.446605205535889 4
1780570800388 5.235595703125 5
1780570804221 5.093815326690674 6
1780570808025 4.941699028015137 7
1780570811397 4.848302364349365 8
1780570815205 4.744918346405029 9
1780570819309 4.5735602378845215 10
1780570823190 4.488980293273926 11
1780570826841 4.424048900604248 12
1780570830569 4.354457378387451 13
1780570834333 4.287392616271973 14
1780570838262 4.195923328399658 15
1780570842389 4.130067348480225 16
1780570846430 4.046328544616699 17
1780570850166 3.997758388519287 18
1780570853962 3.9448764324188232 19
1780570857853 3.8908865451812744 20
1780570862042 3.846993923187256 21
1780570866205 3.8082616329193115 22
1780570869810 3.7657358646392822 23
1780570873837 3.71766996383667 24
1780570877310 3.678480625152588 25
1780570880995 3.6413943767547607 26
1780570884718 3.598191976547241 27
1780570888341 3.5542476177215576 28
1780570891889 3.518246650695801 29
1780570896014 3.4828007221221924 30
1780570899897 3.4387848377227783 31
1780570903790 3.4098470211029053 32
1780570907508 3.37013578414917 33
1780570911486 3.337017774581909 34
1780570915413 3.309504747390747 35
1780570919185 3.282790184020996 36
1780570922961 3.250802516937256 37
1780570926621 3.2252109050750732 38
1780570930199 3.1981279850006104 39
1780570933805 3.1722123622894287 40
1780570937542 3.1432294845581055 41
1780570941152 3.1201019287109375 42
1780570945029 3.094651222229004 43
1780570948858 3.070643424987793 44
1780570952701 3.03894305229187 45
1780570956526 3.01159405708313 46
1780570960710 2.984722852706909 47
1780570965018 2.9625935554504395 48
1780570968786 2.939089298248291 49
1780570972978 2.9092047214508057 50
1780570977142 2.8872313499450684 51
1780570981253 2.8614721298217773 52
1780570985245 2.8410284519195557 53
1780570989066 2.814391613006592 54
1780570992833 2.7909536361694336 55
1780570996718 2.7684390544891357 56
1780571000458 2.7466909885406494 57
1780571004182 2.726867437362671 58
1780571008158 2.706465721130371 59
1780571012260 2.68404483795166 60
1780571016246 2.662553310394287 61
1780571019969 2.643868923187256 62
1780571023786 2.6231698989868164 63
1780571027714 2.600499391555786 64
1780571031518 2.5806095600128174 65
1780571035825 2.5548603534698486 66
1780571039710 2.5338172912597656 67
1780571043458 2.514838218688965 68
1780571047454 2.4925930500030518 69
1780571051166 2.473076343536377 70
1780571055085 2.4498610496520996 71
1780571058860 2.432182788848877 72
1780571062874 2.4129879474639893 73
1780571067173 2.393122673034668 74
1780571070942 2.376275062561035 75
1780571074546 2.3520405292510986 76
1780571078475 2.336073398590088 77
1780571082082 2.317847490310669 78
1780571085742 2.300992250442505 79
1780571089909 2.2809600830078125 80
1780571093878 2.2629811763763428 81
1780571097842 2.245607852935791 82
1780571102143 2.22873592376709 83
1780571106166 2.2119626998901367 84
1780571110730 2.1933858394622803 85
1780571114398 2.1758551597595215 86
1780571118302 2.1599619388580322 87
1780571122154 2.1447622776031494 88
1780571126347 2.1295080184936523 89
1780571130091 2.113966464996338 90
1780571134051 2.097846746444702 91
1780571138399 2.0842292308807373 92
1780571142274 2.0688865184783936 93
1780571146242 2.0528054237365723 94
1780571150366 2.037318468093872 95
1780571154318 2.0232393741607666 96
1780571158254 2.006854772567749 97
1780571162158 1.9905049800872803 98
1780571166258 1.9758813381195068 99
1780571170278 1.9627734422683716 100
1780571174146 1.9480934143066406 101
1780571177962 1.935401201248169 102
1780571181934 1.9203181266784668 103
1780571186218 1.9053748846054077 104
1780571190059 1.8912378549575806 105
1780571193902 1.87669038772583 106
1780571198202 1.8631558418273926 107
1780571202334 1.8485490083694458 108
1780571206430 1.8325737714767456 109
1780571210350 1.8183560371398926 110
1780571214519 1.8052537441253662 111
1780571218490 1.7851446866989136 112
1780571222594 1.771058440208435 113
1780571226979 1.757078766822815 114
1780571230924 1.7426114082336426 115
1780571235006 1.7284191846847534 116
1780571239120 1.7144907712936401 117
1780571243367 1.7008908987045288 118
1780571247243 1.686334252357483 119
1780571251236 1.6730929613113403 120
1780571255282 1.6587176322937012 121
1780571259151 1.6438127756118774 122
1780571263126 1.6291717290878296 123
1780571267177 1.6125750541687012 124
1780571271648 1.598839521408081 125
1780571275502 1.5853246450424194 126
1780571279383 1.5724546909332275 127
1780571283167 1.55966055393219 128
1780571287115 1.5445458889007568 129
1780571291316 1.5321859121322632 130
1780571295990 1.5190579891204834 131
1780571300378 1.50551176071167 132
1780571304427 1.4920238256454468 133
1780571308374 1.4781651496887207 134
1780571312502 1.4649937152862549 135
1780571316657 1.4505746364593506 136
1780571320519 1.4373308420181274 137
1780571324439 1.4228405952453613 138
1780571328594 1.4095879793167114 139
1780571332762 1.3968068361282349 140
1780571337040 1.3818317651748657 141
1780571341451 1.368861436843872 142
1780571345298 1.355689525604248 143
1780571349218 1.3420385122299194 144
1780571353498 1.3292807340621948 145
1780571357326 1.3140546083450317 146
1780571361207 1.3000737428665161 147
1780571365046 1.2867662906646729 148
1780571368922 1.2738715410232544 149
1780571373142 1.2612229585647583 150
1780571377275 1.2486523389816284 151
1780571381679 1.2341570854187012 152
1780571386067 1.220152497291565 153
1780571389959 1.2066110372543335 154
1780571393824 1.1946594715118408 155
1780571397726 1.1825823783874512 156
1780571401571 1.1689294576644897 157
1780571405558 1.1552164554595947 158
1780571409310 1.141457438468933 159
1780571413169 1.1276532411575317 160
1780571416951 1.115591049194336 161
1780571420774 1.1022064685821533 162
1780571424582 1.088269591331482 163
1780571428306 1.0750812292099 164
1780571432039 1.0613481998443604 165
1780571435899 1.0470715761184692 166
1780571439662 1.0351641178131104 167
1780571443478 1.0211678743362427 168
1780571447303 1.0076086521148682 169
1780571451142 0.9935508966445923 170
1780571455018 0.9805845618247986 171
1780571458805 0.9657320380210876 172
1780571462710 0.9525579810142517 173
1780571466527 0.9393619298934937 174
1780571470395 0.9272701740264893 175
1780571474443 0.9138316512107849 176
1780571478267 0.8994434475898743 177
1780571481998 0.8869828581809998 178
1780571486187 0.8746867775917053 179
1780571489977 0.8608291745185852 180
1780571493930 0.848657488822937 181
1780571498121 0.8348891139030457 182
1780571502148 0.8210744261741638 183
1780571506651 0.8061596155166626 184
1780571511383 0.7938409447669983 185
1780571515587 0.7816674709320068 186
1780571519407 0.7667855620384216 187
1780571523179 0.7521807551383972 188
1780571527643 0.7361781001091003 189
1780571532035 0.7229450345039368 190
1780571536163 0.7081212401390076 191
1780571540063 0.694384753704071 192
1780571544055 0.6789885759353638 193
1780571548211 0.6651785969734192 194
1780571552246 0.6501285433769226 195
1780571556346 0.6344043612480164 196
1780571560171 0.6189606785774231 197
1780571564031 0.6038252711296082 198
1780571568150 0.5900072455406189 199
1780571572214 0.5744203925132751 200
1780571576359 0.5633264780044556 201
1780571580864 0.5506112575531006 202
1780571585121 0.5387408137321472 203
1780571589487 0.5268022418022156 204
1780571593392 0.5140818357467651 205
1780571597539 0.4998626410961151 206
1780571601599 0.4871515929698944 207
1780571605659 0.47300103306770325 208
1780571609595 0.45997750759124756 209
1780571614035 0.4461781680583954 210
1780571618394 0.4345504343509674 211
1780571622245 0.4221624732017517 212
1780571626114 0.40461933612823486 213
1780571629995 0.3912210762500763 214
1780571633851 0.37609317898750305 215
1780571638014 0.3621526062488556 216
1780571641999 0.34879830479621887 217
1780571646151 0.3326391577720642 218
1780571650066 0.31593942642211914 219
1780571653959 0.30003732442855835 220
1780571657876 0.28557339310646057 221
1780571662123 0.27104076743125916 222
1780571666143 0.2562306225299835 223
1780571670295 0.24236755073070526 224
1780571674623 0.22521136701107025 225
1780571679048 0.20651941001415253 226
1780571683539 0.1907903403043747 227
1780571687440 0.17555387318134308 228
1780571691675 0.16016893088817596 229
1780571695731 0.14158032834529877 230
1780571699790 0.12759517133235931 231
1780571703832 0.11034843325614929 232
1780571707774 0.09362927824258804 233
1780571711659 0.07531604170799255 234
1780571715603 0.06210655719041824 235
1780571719607 0.043489113450050354 236
1780571723507 0.014891489408910275 237
1780571727462 0.007941093295812607 238
1780571731819 0.00024576709256507456 239
1780571735691 0.0002455611538607627 240
