1780570781774 2.223614454269409 1
1780570788469 2.2093729972839355 2
1780570792352 2.1827187538146973 3
1780570796308 2.1892080307006836 4
1780570800399 2.191476345062256 5
1780570804223 2.175652027130127 6
1780570808028 2.1821064949035645 7
1780570811400 2.138437271118164 8
1780570815208 2.07418155670166 9
1780570819312 2.1866750717163086 10
1780570823193 2.1553444862365723 11
1780570826844 2.1620230674743652 12
1780570830572 2.1445870399475098 13
1780570834336 2.1414618492126465 14
1780570838264 2.0609378814697266 15
1780570842392 2.0386369228363037 16
1780570846433 2.0032715797424316 17
1780570850169 1.927704930305481 18
1780570853964 1.9170787334442139 19
1780570857856 1.923139214515686 20
1780570862045 1.9372599124908447 21
1780570866208 1.9410161972045898 22
1780570869813 1.940597653388977 23
1780570873840 1.8145782947540283 24
1780570877312 1.6643301248550415 25
1780570880997 1.593131184577942 26
1780570884720 1.388207197189331 27
1780570888344 1.3846317529678345 28
1780570891892 1.3757127523422241 29
1780570896016 1.3331209421157837 30
1780570899900 1.3140017986297607 31
1780570903792 1.3038239479064941 32
1780570907510 1.2632421255111694 33
1780570911488 1.2071547508239746 34
1780570915416 1.2074828147888184 35
1780570919188 1.1958144903182983 36
1780570922963 1.197988748550415 37
1780570926624 1.1789149045944214 38
1780570930202 1.0600121021270752 39
1780570933807 0.9651623964309692 40
1780570937545 0.8258286118507385 41
1780570941155 0.7566378712654114 42
1780570945032 0.7454472184181213 43
1780570948860 0.7458975315093994 44
1780570952710 0.710982084274292 45
1780570956529 0.6401671767234802 46
1780570960713 0.6276071667671204 47
1780570965021 0.6245262622833252 48
1780570968788 0.6201159358024597 49
1780570972981 0.5730239748954773 50
1780570977145 0.5730608701705933 51
1780570981256 0.5565531253814697 52
1780570985247 0.5563650131225586 53
1780570989069 0.4703543186187744 54
1780570992836 0.4609867036342621 55
1780570996720 0.4602299630641937 56
1780571000461 0.42114123702049255 57
1780571004185 0.4170522689819336 58
1780571008161 0.4105430245399475 59
1780571012263 0.4090665280818939 60
1780571016249 0.39939796924591064 61
1780571019972 0.39876997470855713 62
1780571023789 0.3807341158390045 63
1780571027717 0.38019904494285583 64
1780571031521 0.3580215573310852 65
1780571035828 0.35731351375579834 66
1780571039712 0.35596734285354614 67
1780571043461 0.35478782653808594 68
1780571047457 0.3384106159210205 69
1780571051169 0.33564600348472595 70
1780571055087 0.31935515999794006 71
1780571058878 0.3192303478717804 72
1780571062877 0.3192451000213623 73
1780571067176 0.2879542112350464 74
1780571070945 0.28194451332092285 75
1780571074549 0.2707340717315674 76
1780571078478 0.2685544490814209 77
1780571082085 0.2671789526939392 78
1780571085745 0.26610904932022095 79
1780571089912 0.26546013355255127 80
1780571093881 0.25311893224716187 81
1780571097845 0.2502039074897766 82
1780571102145 0.2497650682926178 83
1780571106169 0.24466192722320557 84
1780571110733 0.24463000893592834 85
1780571114401 0.2445145696401596 86
1780571118305 0.24244296550750732 87
1780571122157 0.2383478283882141 88
1780571126350 0.23794057965278625 89
1780571130093 0.23113086819648743 90
1780571134053 0.2306825965642929 91
1780571138401 0.2294379472732544 92
1780571142277 0.22886182367801666 93
1780571146245 0.2151409536600113 94
1780571150369 0.2059648036956787 95
1780571154321 0.20558199286460876 96
1780571158257 0.20485816895961761 97
1780571162161 0.20451496541500092 98
1780571166260 0.2020655870437622 99
1780571170281 0.20177742838859558 100
1780571174149 0.20161902904510498 101
1780571177965 0.2015555053949356 102
1780571181937 0.2010088860988617 103
1780571186220 0.18307329714298248 104
1780571190061 0.18249060213565826 105
1780571193904 0.1816304475069046 106
1780571198205 0.1760978102684021 107
1780571202336 0.17443913221359253 108
1780571206433 0.1742652952671051 109
1780571210352 0.16578009724617004 110
1780571214522 0.16450481116771698 111
1780571218493 0.1606290340423584 112
1780571222597 0.15876418352127075 113
1780571226981 0.14937956631183624 114
1780571230942 0.14939270913600922 115
1780571235009 0.1374688744544983 116
1780571239123 0.13734805583953857 117
1780571243370 0.1369408369064331 118
1780571247246 0.13563990592956543 119
1780571251238 0.13542473316192627 120
1780571255285 0.1352939009666443 121
1780571259154 0.13517704606056213 122
1780571263128 0.13450463116168976 123
1780571267180 0.1346764862537384 124
1780571271651 0.13410861790180206 125
1780571275505 0.13365405797958374 126
1780571279385 0.13365890085697174 127
1780571283170 0.1304626762866974 128
1780571287117 0.11955813318490982 129
1780571291318 0.11925512552261353 130
1780571295993 0.11899126321077347 131
1780571300381 0.11483437567949295 132
1780571304429 0.11391133069992065 133
1780571308376 0.10731357336044312 134
1780571312504 0.10726898163557053 135
1780571316660 0.1068916767835617 136
1780571320522 0.10375334322452545 137
1780571324441 0.10063739120960236 138
1780571328597 0.09868032485246658 139
1780571332765 0.09867095947265625 140
1780571337043 0.09847192466259003 141
1780571341453 0.0973091870546341 142
1780571345301 0.09622744470834732 143
1780571349221 0.09016016125679016 144
1780571353501 0.09006856381893158 145
1780571357329 0.08501878380775452 146
1780571361210 0.08464071154594421 147
1780571365049 0.08453286439180374 148
1780571368925 0.08458847552537918 149
1780571373145 0.084072545170784 150
1780571377277 0.08234423398971558 151
1780571381682 0.08078493177890778 152
1780571386070 0.08076373487710953 153
1780571389962 0.08069375157356262 154
1780571393827 0.07916685938835144 155
1780571397729 0.07918384671211243 156
1780571401574 0.07429086416959763 157
1780571405561 0.07410269975662231 158
1780571409313 0.07204373180866241 159
1780571413172 0.0703694298863411 160
1780571416954 0.07028885185718536 161
1780571420777 0.07015116512775421 162
1780571424585 0.0699610561132431 163
1780571428309 0.06994021683931351 164
1780571432042 0.06464844942092896 165
1780571435901 0.06451250612735748 166
1780571439665 0.06413405388593674 167
1780571443480 0.06378450244665146 168
1780571447305 0.06365452706813812 169
1780571451145 0.055692821741104126 170
1780571455021 0.05533120036125183 171
1780571458807 0.051058463752269745 172
1780571462713 0.04619511961936951 173
1780571466529 0.04602960869669914 174
1780571470398 0.04584308713674545 175
1780571474445 0.04522603377699852 176
1780571478269 0.04515790939331055 177
1780571482001 0.04202637821435928 178
1780571486189 0.040147945284843445 179
1780571489979 0.03928624838590622 180
1780571493933 0.03788183256983757 181
1780571498124 0.037795960903167725 182
1780571502151 0.037703849375247955 183
1780571506654 0.03699494153261185 184
1780571511385 0.03620269522070885 185
1780571515590 0.03519473597407341 186
1780571519410 0.03519460931420326 187
1780571523181 0.03411949425935745 188
1780571527646 0.03412753343582153 189
1780571532037 0.03410891816020012 190
1780571536165 0.033288490027189255 191
1780571540066 0.03327464312314987 192
1780571544057 0.03000803291797638 193
1780571548214 0.026245523244142532 194
1780571552249 0.026240408420562744 195
1780571556348 0.02484244853258133 196
1780571560174 0.022767696529626846 197
1780571564033 0.022461406886577606 198
1780571568152 0.02244590036571026 199
1780571572217 0.022418998181819916 200
1780571576361 0.022405609488487244 201
1780571580867 0.02237727679312229 202
1780571585123 0.020265940576791763 203
1780571589489 0.01999705284833908 204
1780571593394 0.0199907049536705 205
1780571597542 0.019941437989473343 206
1780571601601 0.019922075793147087 207
1780571605661 0.019803699105978012 208
1780571609598 0.0198172926902771 209
1780571614038 0.019153278321027756 210
1780571618397 0.018927183002233505 211
1780571622248 0.01880103535950184 212
1780571626117 0.014500673860311508 213
1780571629998 0.01450083777308464 214
1780571633854 0.014497531577944756 215
1780571638017 0.008354241028428078 216
1780571642002 0.008346321061253548 217
1780571646153 0.00792892836034298 218
1780571650069 0.007748407311737537 219
1780571653961 0.007323324214667082 220
1780571657879 0.0057600196450948715 221
1780571662125 0.005331747233867645 222
1780571666146 0.004943567328155041 223
1780571670298 0.004943151958286762 224
1780571674626 0.0049499636515975 225
1780571679066 0.004905694164335728 226
1780571683542 0.004468579776585102 227
1780571687458 0.004216269589960575 228
1780571691678 0.002492576837539673 229
1780571695734 0.0020885237026959658 230
1780571699792 0.0019588295836001635 231
1780571703837 0.0019103937083855271 232
1780571707776 0.001410693395882845 233
1780571711661 0.0013970574364066124 234
1780571715606 0.001344831078313291 235
1780571719610 0.0011543724685907364 236
1780571723510 0.00012356789375189692 237
1780571727465 6.906969792908058e-05 238
1780571731822 3.5095981729682535e-05 239
1780571735694 3.4850578231271356e-05 240
