1780570781778 0.09932288527488708 1
1780570788474 0.09136008471250534 2
1780570792358 0.08301302045583725 3
1780570796314 0.08377937227487564 4
1780570800405 0.07869864255189896 5
1780570804229 0.07671960443258286 6
1780570808033 0.07656437903642654 7
1780570811405 0.07501301169395447 8
1780570815214 0.07156848907470703 9
1780570819317 0.06990835815668106 10
1780570823198 0.06888758391141891 11
1780570826850 0.06827282160520554 12
1780570830577 0.06759697198867798 13
1780570834342 0.06534972041845322 14
1780570838270 0.06492144614458084 15
1780570842397 0.0642467811703682 16
1780570846438 0.06362932920455933 17
1780570850174 0.06251699477434158 18
1780570853970 0.06112321466207504 19
1780570857861 0.06013639643788338 20
1780570862050 0.05960160866379738 21
1780570866214 0.05936215817928314 22
1780570869818 0.058650869876146317 23
1780570873846 0.05854255333542824 24
1780570877318 0.05823170393705368 25
1780570881003 0.057550955563783646 26
1780570884726 0.05744291841983795 27
1780570888350 0.056990690529346466 28
1780570891897 0.05679086223244667 29
1780570896022 0.05657321587204933 30
1780570899905 0.05625859275460243 31
1780570903798 0.05571799352765083 32
1780570907516 0.05449187010526657 33
1780570911494 0.054243288934230804 34
1780570915421 0.05370250344276428 35
1780570919194 0.05304918438196182 36
1780570922969 0.052594732493162155 37
1780570926630 0.052647899836301804 38
1780570930207 0.052669309079647064 39
1780570933813 0.05259884148836136 40
1780570937566 0.05233333632349968 41
1780570941160 0.05221359059214592 42
1780570945037 0.051754824817180634 43
1780570948870 0.051166974008083344 44
1780570952729 0.050841908901929855 45
1780570956535 0.05051076039671898 46
1780570960718 0.050240907818078995 47
1780570965026 0.049978990107774734 48
1780570968794 0.04972892999649048 49
1780570972986 0.04965652525424957 50
1780570977150 0.04917408153414726 51
1780570981261 0.04899384826421738 52
1780570985253 0.04888658598065376 53
1780570989074 0.04851946234703064 54
1780570992842 0.048411767929792404 55
1780570996726 0.04820878803730011 56
1780571000466 0.04810497164726257 57
1780571004190 0.04784156009554863 58
1780571008166 0.04760858789086342 59
1780571012268 0.04737294465303421 60
1780571016254 0.04723005369305611 61
1780571019977 0.04701537638902664 62
1780571023794 0.04686473682522774 63
1780571027722 0.046722039580345154 64
1780571031526 0.04655656963586807 65
1780571035833 0.0463843047618866 66
1780571039718 0.04630287364125252 67
1780571043466 0.04608641937375069 68
1780571047462 0.045920923352241516 69
1780571051174 0.04559486359357834 70
1780571055093 0.045295197516679764 71
1780571058883 0.04505916312336922 72
1780571062882 0.04481843113899231 73
1780571067181 0.04465402290225029 74
1780571070950 0.044450487941503525 75
1780571074554 0.04435700923204422 76
1780571078483 0.04418386146426201 77
1780571082090 0.044056959450244904 78
1780571085750 0.043847642838954926 79
1780571089917 0.04380105808377266 80
1780571093887 0.043663255870342255 81
1780571097850 0.04353591799736023 82
1780571102151 0.043386656790971756 83
1780571106174 0.0430808886885643 84
1780571110738 0.04303315281867981 85
1780571114406 0.042995091527700424 86
1780571118310 0.042815256863832474 87
1780571122162 0.04267871752381325 88
1780571126355 0.04254193976521492 89
1780571130099 0.04234740138053894 90
1780571134059 0.04218931868672371 91
1780571138407 0.04201371967792511 92
1780571142283 0.041793715208768845 93
1780571146250 0.04167412221431732 94
1780571150374 0.041512951254844666 95
1780571154327 0.041379205882549286 96
1780571158263 0.041291262954473495 97
1780571162167 0.04105636849999428 98
1780571166265 0.04088782146573067 99
1780571170286 0.04069897532463074 100
1780571174155 0.04058123007416725 101
1780571177970 0.040327467024326324 102
1780571181943 0.04015364497900009 103
1780571186226 0.040082115679979324 104
1780571190067 0.03991271182894707 105
1780571193910 0.03981200233101845 106
1780571198211 0.03963685408234596 107
1780571202342 0.03948651999235153 108
1780571206438 0.03936776518821716 109
1780571210358 0.0392373763024807 110
1780571214527 0.039095766842365265 111
1780571218499 0.03897617384791374 112
1780571222603 0.03889298066496849 113
1780571226987 0.03868597745895386 114
1780571230947 0.03855861723423004 115
1780571235015 0.03845418244600296 116
1780571239128 0.03815136104822159 117
1780571243375 0.037968046963214874 118
1780571247251 0.03781287744641304 119
1780571251244 0.03758247196674347 120
1780571255290 0.03747577965259552 121
1780571259159 0.0373886376619339 122
1780571263134 0.03728194534778595 123
1780571267185 0.03717733919620514 124
1780571271656 0.03700149431824684 125
1780571275511 0.036868222057819366 126
1780571279391 0.03670118376612663 127
1780571283175 0.0364781990647316 128
1780571287123 0.036372408270835876 129
1780571291324 0.03620177507400513 130
1780571295998 0.035978078842163086 131
1780571300387 0.03580494225025177 132
1780571304435 0.035689447075128555 133
1780571308382 0.03557763993740082 134
1780571312510 0.0353894978761673 135
1780571316665 0.03526433929800987 136
1780571320527 0.035084377974271774 137
1780571324447 0.0349702425301075 138
1780571328603 0.03473471477627754 139
1780571332770 0.03458255156874657 140
1780571337048 0.03447224572300911 141
1780571341459 0.03423835709691048 142
1780571345306 0.03407493978738785 143
1780571349226 0.03388125076889992 144
1780571353506 0.03377309441566467 145
1780571357334 0.03366439417004585 146
1780571361215 0.03352225199341774 147
1780571365054 0.033292002975940704 148
1780571368930 0.033160384744405746 149
1780571373151 0.03292157128453255 150
1780571377283 0.03272064030170441 151
1780571381687 0.03250984102487564 152
1780571386075 0.03246384114027023 153
1780571389967 0.032318584620952606 154
1780571393848 0.032116178423166275 155
1780571397735 0.03182398900389671 156
1780571401579 0.03161713853478432 157
1780571405566 0.031523045152425766 158
1780571409318 0.03134055435657501 159
1780571413178 0.031156836077570915 160
1780571416959 0.031000111252069473 161
1780571420782 0.030710604041814804 162
1780571424590 0.03059064783155918 163
1780571428315 0.030327297747135162 164
1780571432047 0.030109236016869545 165
1780571435907 0.030006280168890953 166
1780571439671 0.029837699607014656 167
1780571443486 0.029711274430155754 168
1780571447311 0.0295886043459177 169
1780571451150 0.029414499178528786 170
1780571455027 0.029276259243488312 171
1780571458812 0.02916080504655838 172
1780571462719 0.02900358848273754 173
1780571466535 0.02888377383351326 174
1780571470403 0.028601326048374176 175
1780571474451 0.028430292382836342 176
1780571478275 0.02815621718764305 177
1780571482006 0.027862340211868286 178
1780571486195 0.02743239887058735 179
1780571489984 0.027232078835368156 180
1780571493938 0.027065716683864594 181
1780571498129 0.026806706562638283 182
1780571502156 0.026617545634508133 183
1780571506659 0.02637511119246483 184
1780571511391 0.026118414476513863 185
1780571515595 0.025881018489599228 186
1780571519415 0.025544194504618645 187
1780571523187 0.025427741929888725 188
1780571527651 0.025272425264120102 189
1780571532043 0.02507668547332287 190
1780571536171 0.02482493780553341 191
1780571540071 0.024380983784794807 192
1780571544063 0.02429095283150673 193
1780571548219 0.02402995340526104 194
1780571552254 0.02367180399596691 195
1780571556354 0.02333158254623413 196
1780571560179 0.023095931857824326 197
1780571564039 0.022922728210687637 198
1780571568158 0.02257802151143551 199
1780571572222 0.02242271415889263 200
1780571576367 0.022026902064681053 201
1780571580888 0.02177325263619423 202
1780571585128 0.02144867181777954 203
1780571589495 0.021087273955345154 204
1780571593400 0.020602669566869736 205
1780571597547 0.02040719799697399 206
1780571601607 0.020037246868014336 207
1780571605667 0.019929980859160423 208
1780571609604 0.019555553793907166 209
1780571614043 0.019358253106474876 210
1780571618402 0.019032586365938187 211
1780571622253 0.018491428345441818 212
1780571626122 0.01826450414955616 213
1780571630004 0.01795824244618416 214
1780571633859 0.017760125920176506 215
1780571638022 0.017353137955069542 216
1780571642007 0.016897086054086685 217
1780571646159 0.01665390469133854 218
1780571650074 0.016389984637498856 219
1780571653967 0.015954846516251564 220
1780571657885 0.01536851841956377 221
1780571662131 0.014958013780415058 222
1780571666151 0.01428831648081541 223
1780571670303 0.013587488792836666 224
1780571674632 0.012984971515834332 225
1780571679071 0.012701948173344135 226
1780571683547 0.012042446993291378 227
1780571687463 0.011702165938913822 228
1780571691683 0.011059347540140152 229
1780571695740 0.010450861416757107 230
1780571699798 0.00854588020592928 231
1780571703850 0.007651699706912041 232
1780571707782 0.006678102072328329 233
1780571711667 0.005719080567359924 234
1780571715611 0.003529422217980027 235
1780571719616 0.0024761853273957968 236
1780571723515 0.0016240556724369526 237
1780571727470 0.001476079924032092 238
1780571731828 0.0 239
1780571735700 0.0 240
