1780570781763 53.12529754638672 1
1780570788457 53.09614562988281 2
1780570792338 51.2286262512207 3
1780570796294 51.222267150878906 4
1780570800377 51.186397552490234 5
1780570804210 49.798248291015625 6
1780570808014 48.66556167602539 7
1780570811386 48.16307067871094 8
1780570815194 47.80506134033203 9
1780570819298 46.87090301513672 10
1780570823178 45.527774810791016 11
1780570826830 45.119300842285156 12
1780570830558 44.99959945678711 13
1780570834322 44.84950256347656 14
1780570838250 43.80439758300781 15
1780570842378 43.3985595703125 16
1780570846418 42.11605453491211 17
1780570850154 40.44240188598633 18
1780570853950 40.35529327392578 19
1780570857842 40.345970153808594 20
1780570862030 40.20854187011719 21
1780570866194 29.952848434448242 22
1780570869798 29.62973976135254 23
1780570873826 26.972055435180664 24
1780570877298 23.04192352294922 25
1780570880982 21.386932373046875 26
1780570884706 15.34417724609375 27
1780570888330 14.189493179321289 28
1780570891878 13.80250358581543 29
1780570896002 13.299495697021484 30
1780570899886 13.141888618469238 31
1780570903778 12.352441787719727 32
1780570907496 12.330720901489258 33
1780570911474 11.046683311462402 34
1780570915402 10.880136489868164 35
1780570919174 10.32400894165039 36
1780570922950 8.942866325378418 37
1780570926610 8.848669052124023 38
1780570930188 8.015806198120117 39
1780570933794 7.281702518463135 40
1780570937522 3.9569835662841797 41
1780570941142 3.353691816329956 42
1780570945018 3.215059757232666 43
1780570948847 3.2102744579315186 44
1780570952690 2.8549880981445312 45
1780570956515 2.361142635345459 46
1780570960699 2.306192398071289 47
1780570965007 2.2891476154327393 48
1780570968774 2.2578606605529785 49
1780570972963 1.9859211444854736 50
1780570977131 1.9859116077423096 51
1780570981242 1.9025113582611084 52
1780570985234 1.9008228778839111 53
1780570989055 1.2493460178375244 54
1780570992822 1.199145793914795 55
1780570996707 1.193913459777832 56
1780571000447 1.0329875946044922 57
1780571004171 1.0049521923065186 58
1780571008147 0.9750027060508728 59
1780571012250 0.9722170829772949 60
1780571016235 0.9352987408638 61
1780571019958 0.9314391613006592 62
1780571023775 0.8459963798522949 63
1780571027703 0.8452308177947998 64
1780571031507 0.7362916469573975 65
1780571035814 0.7355532646179199 66
1780571039699 0.7278883457183838 67
1780571043447 0.7238389253616333 68
1780571047443 0.6816356182098389 69
1780571051155 0.6710790395736694 70
1780571055074 0.6290457844734192 71
1780571058850 0.6286928057670593 72
1780571062863 0.6286646723747253 73
1780571067162 0.5292184948921204 74
1780571070931 0.5091201066970825 75
1780571074535 0.48041218519210815 76
1780571078463 0.4727533459663391 77
1780571082071 0.4672829508781433 78
1780571085731 0.4643905460834503 79
1780571089898 0.45945724844932556 80
1780571093867 0.4073411226272583 81
1780571097831 0.3990316390991211 82
1780571102131 0.3976868689060211 83
1780571106155 0.3841228485107422 84
1780571110719 0.38404083251953125 85
1780571114387 0.3838427662849426 86
1780571118291 0.3789290189743042 87
1780571122143 0.3660258650779724 88
1780571126335 0.3651522994041443 89
1780571130079 0.3467753529548645 90
1780571134039 0.3457871675491333 91
1780571138387 0.3438084125518799 92
1780571142263 0.33891844749450684 93
1780571146231 0.30982452630996704 94
1780571150355 0.2827407121658325 95
1780571154307 0.28203558921813965 96
1780571158243 0.2799525856971741 97
1780571162147 0.2790268063545227 98
1780571166247 0.27334845066070557 99
1780571170267 0.27318063378334045 100
1780571174135 0.27047279477119446 101
1780571177951 0.27013587951660156 102
1780571181923 0.2690761089324951 103
1780571186207 0.22703135013580322 104
1780571190047 0.22613191604614258 105
1780571193891 0.22443631291389465 106
1780571198191 0.2122465968132019 107
1780571202323 0.20850899815559387 108
1780571206419 0.20797841250896454 109
1780571210339 0.1873810887336731 110
1780571214507 0.18571627140045166 111
1780571218479 0.17074811458587646 112
1780571222583 0.16764412820339203 113
1780571226967 0.15061350166797638 114
1780571230914 0.1506076157093048 115
1780571234995 0.13215765357017517 116
1780571239110 0.13182006776332855 117
1780571243356 0.13128601014614105 118
1780571247231 0.12872253358364105 119
1780571251226 0.12845656275749207 120
1780571255263 0.12839758396148682 121
1780571259139 0.1279415786266327 122
1780571263115 0.12665463984012604 123
1780571267166 0.12607944011688232 124
1780571271637 0.12538307905197144 125
1780571275491 0.12495991587638855 126
1780571279371 0.12495801597833633 127
1780571283155 0.12001574039459229 128
1780571287103 0.098050557076931 129
1780571291306 0.09691473841667175 130
1780571295979 0.09671976417303085 131
1780571300367 0.09011831134557724 132
1780571304415 0.08896821737289429 133
1780571308363 0.08005069196224213 134
1780571312491 0.0799151062965393 135
1780571316646 0.07955847680568695 136
1780571320507 0.07475840300321579 137
1780571324427 0.07080623507499695 138
1780571328583 0.06783408671617508 139
1780571332751 0.06779520213603973 140
1780571337028 0.06759558618068695 141
1780571341439 0.06562328338623047 142
1780571345287 0.06441492587327957 143
1780571349207 0.057301007211208344 144
1780571353487 0.05714959278702736 145
1780571357315 0.050622060894966125 146
1780571361195 0.050336286425590515 147
1780571365035 0.04996788501739502 148
1780571368911 0.04984371364116669 149
1780571373131 0.04949396848678589 150
1780571377263 0.047057680785655975 151
1780571381667 0.0452425479888916 152
1780571386055 0.04520570486783981 153
1780571389947 0.045029185712337494 154
1780571393814 0.04355988651514053 155
1780571397715 0.04355625808238983 156
1780571401559 0.03738878667354584 157
1780571405547 0.0372982993721962 158
1780571409299 0.03598649799823761 159
1780571413151 0.03459309786558151 160
1780571416939 0.034530214965343475 161
1780571420763 0.03443549573421478 162
1780571424571 0.03425835072994232 163
1780571428295 0.03420553356409073 164
1780571432027 0.029038820415735245 165
1780571435887 0.02892656996846199 166
1780571439651 0.02849220298230648 167
1780571443467 0.028202952817082405 168
1780571447291 0.02800465188920498 169
1780571451131 0.022360846400260925 170
1780571455007 0.02207791805267334 171
1780571458794 0.018489282578229904 172
1780571462699 0.015074485912919044 173
1780571466515 0.014946824871003628 174
1780571470383 0.0148408068343997 175
1780571474431 0.01453600823879242 176
1780571478255 0.01447221264243126 177
1780571481987 0.012584663927555084 178
1780571486175 0.011752291582524776 179
1780571489967 0.011341292411088943 180
1780571493919 0.010618340224027634 181
1780571498107 0.010580035857856274 182
1780571502135 0.010549038648605347 183
1780571506626 0.010082075372338295 184
1780571511371 0.00967310555279255 185
1780571515575 0.008909227326512337 186
1780571519396 0.008909225463867188 187
1780571523167 0.008639720268547535 188
1780571527631 0.008638447150588036 189
1780571532023 0.00863413605839014 190
1780571536151 0.008019779808819294 191
1780571540051 0.00800551101565361 192
1780571544043 0.006688006222248077 193
1780571548199 0.004935797303915024 194
1780571552235 0.0049292175099253654 195
1780571556335 0.004514189437031746 196
1780571560159 0.0038060355000197887 197
1780571564019 0.003751748241484165 198
1780571568139 0.0037475470453500748 199
1780571572203 0.003740705084055662 200
1780571576347 0.0037354882806539536 201
1780571580853 0.0037316111847758293 202
1780571585111 0.0031250028405338526 203
1780571589475 0.002941747196018696 204
1780571593380 0.002941075712442398 205
1780571597528 0.0029185486491769552 206
1780571601587 0.002916510682553053 207
1780571605647 0.0028806249611079693 208
1780571609583 0.0028728749603033066 209
1780571614023 0.0026992112398147583 210
1780571618383 0.0026498911902308464 211
1780571622234 0.002610179129987955 212
1780571626103 0.0016840852331370115 213
1780571629984 0.0016824823105707765 214
1780571633840 0.001677489373832941 215
1780571638004 0.0005259474273771048 216
1780571641988 0.0005241796607151628 217
1780571646139 0.00048513407818973064 218
1780571650055 0.00046944740461185575 219
1780571653947 0.0004216615343466401 220
1780571657865 0.00026437273481860757 221
1780571662111 0.00022882162011228502 222
1780571666131 0.00019356058328412473 223
1780571670283 0.00019347560009919107 224
1780571674612 0.00019245356088504195 225
1780571679038 0.00019113908638246357 226
1780571683528 0.0001603932469151914 227
1780571687430 0.00014474276395048946 228
1780571691664 5.004841659683734e-05 229
1780571695719 3.6121207813266665e-05 230
1780571699778 3.190097413607873e-05 231
1780571703818 3.0418148526223376e-05 232
1780571707759 1.9293565856060013e-05 233
1780571711647 1.8983213522005826e-05 234
1780571715592 1.8024524251814e-05 235
1780571719595 1.53098826558562e-05 236
1780571723496 1.714671782337973e-07 237
1780571727435 5.575227390863802e-08 238
1780571731807 1.0097240377149319e-08 239
1780571735679 8.325079292603732e-09 240
