1782213670427 0.11575117828324437 1
1782213670429 0.04004707072861493 2
1782213670430 0.019361875085160137 3
1782213670431 0.011796061494387687 4
1782213670432 0.008229092904366552 5
1782213670433 0.00620103303459473 6
1782213670435 0.00500245142262429 7
1782213670436 0.004145711758174003 8
1782213670437 0.00352363434038125 9
1782213670438 0.0031343497906345876 10
1782213670440 0.0027887048019329085 11
1782213670441 0.0026356625370681287 12
1782213670442 0.0024759377434384077 13
1782213670443 0.002321850031148642 14
1782213670444 0.002156454531068448 15
1782213670446 0.0019927224999992175 16
1782213670447 0.0019132226915098726 17
1782213670448 0.0018876535992603748 18
1782213670449 0.001779691580159124 19
1782213670450 0.0016965620638802648 20
1782213670452 0.0015997764651547186 21
1782213670453 0.001592512105125934 22
1782213670454 0.0015832084543944802 23
1782213670455 0.001481498645589454 24
1782213670456 0.0014474093851458746 25
1782213670458 0.0014628008674480953 26
1782213670459 0.0014158975407190155 27
1782213670460 0.0013954325248778333 28
1782213670461 0.0013263159092457499 29
1782213670462 0.0013145674036059063 30
1782213670464 0.0012779330297780689 31
1782213670465 0.0012710838989005424 32
1782213670466 0.001301186624696129 33
1782213670467 0.0013013796487939544 34
1782213670468 0.0012743150749156484 35
1782213670470 0.0011900549012352712 36
1782213670471 0.0011467177621670998 37
1782213670472 0.0011526390314975288 38
1782213670473 0.0011546476000512485 39
1782213670474 0.0012355645866773558 40
1782213670476 0.0011549461680988315 41
1782213670477 0.0011395389284734848 42
1782213670478 0.0011374912597239017 43
1782213670479 0.0011866570333950222 44
1782213670480 0.0011156107903661904 45
1782213670482 0.0010510307094955351 46
1782213670483 0.0010306816603406332 47
1782213670484 0.0010131862569687656 48
1782213670485 0.0010141836386173963 49
1782213670486 0.0010110384263680317 50
1782213670488 0.0009700128680560738 51
1782213670489 0.0009118932408455294 52
1782213670490 0.0008913180058152648 53
1782213670491 0.0008780062122241361 54
1782213670492 0.0008692647214775206 55
1782213670494 0.0008617401761875954 56
1782213670495 0.0008559043826971901 57
1782213670496 0.0008451307136783725 58
1782213670497 0.0008350403668373474 59
1782213670498 0.0008297763512746314 60
1782213670500 0.0008251555885726703 61
1782213670501 0.0008209119655293762 62
1782213670502 0.0008172099405055632 63
1782213670503 0.0008135388772643637 64
1782213670504 0.0008068295733028208 65
1782213670506 0.0008020417558873305 66
1782213670507 0.0007994171726022614 67
1782213670508 0.0007968246536984224 68
1782213670509 0.0007943794204766163 69
1782213670510 0.0007920964220465976 70
1782213670512 0.0007896181604883168 71
1782213670513 0.0007855817554809619 72
1782213670514 0.0007837655822731903 73
