1782213670603 0.0 1
1782213670604 0.0 2
1782213670605 0.0 3
1782213670606 0.0 4
1782213670608 0.0 5
1782213670609 0.0 6
1782213670610 0.0 7
1782213670611 0.0 8
1782213670613 0.0 9
1782213670614 0.0 10
1782213670615 0.0 11
1782213670616 0.0 12
1782213670617 0.0 13
1782213670619 0.0 14
1782213670620 0.0 15
1782213670621 0.0 16
1782213670622 0.0 17
1782213670623 0.0 18
1782213670625 0.0 19
1782213670626 0.0 20
1782213670627 0.0 21
1782213670628 0.0 22
1782213670629 0.0 23
1782213670631 0.0 24
1782213670632 0.0 25
1782213670633 0.0 26
1782213670634 0.0 27
1782213670635 0.0 28
1782213670636 0.0 29
1782213670637 0.0 30
1782213670638 0.0 31
1782213670639 0.0 32
1782213670640 0.0 33
1782213670641 0.0 34
1782213670642 0.0 35
1782213670643 0.0 36
1782213670645 0.0 37
1782213670646 0.0 38
1782213670647 0.0 39
1782213670648 0.0 40
1782213670649 0.0 41
1782213670650 0.0 42
1782213670651 0.0 43
1782213670652 0.0 44
1782213670653 0.0 45
1782213670654 0.0 46
1782213670655 0.0 47
1782213670656 0.0 48
1782213670657 0.0 49
1782213670658 0.0 50
1782213670659 0.0 51
1782213670661 0.0 52
1782213670662 0.0 53
1782213670663 0.0 54
1782213670664 0.0 55
1782213670665 0.0 56
1782213670666 0.0 57
1782213670667 0.0 58
1782213670668 0.0 59
1782213670669 0.0 60
1782213670670 0.0 61
1782213670671 0.0 62
1782213670672 0.0 63
1782213670673 0.0 64
1782213670674 0.0 65
1782213670675 0.0 66
1782213670676 0.0 67
1782213670677 0.0 68
1782213670678 0.0 69
1782213670679 0.0 70
1782213670680 0.0 71
1782213670682 0.0 72
1782213670683 0.0 73
