1782213670683 0.0 1
1782213670685 0.0 2
1782213670686 0.0 3
1782213670687 0.0 4
1782213670688 0.0 5
1782213670689 0.0 6
1782213670690 0.0 7
1782213670691 0.0 8
1782213670692 0.0 9
1782213670693 0.0 10
1782213670694 0.0 11
1782213670695 0.0 12
1782213670696 0.0 13
1782213670697 0.0 14
1782213670698 0.0 15
1782213670699 0.0 16
1782213670700 0.0 17
1782213670701 0.0 18
1782213670702 0.0 19
1782213670703 0.0 20
1782213670704 0.0 21
1782213670705 0.0 22
1782213670706 0.0 23
1782213670707 0.0 24
1782213670709 0.0 25
1782213670710 0.0 26
1782213670711 0.0 27
1782213670712 0.0 28
1782213670713 0.0 29
1782213670714 0.0 30
1782213670715 0.0 31
1782213670716 0.0 32
1782213670717 0.0 33
1782213670718 0.0 34
1782213670719 0.0 35
1782213670720 0.0 36
1782213670721 0.0 37
1782213670722 0.0 38
1782213670723 0.0 39
1782213670725 0.0 40
1782213670726 0.0 41
1782213670727 0.0 42
1782213670728 0.0 43
1782213670729 0.0 44
1782213670730 0.0 45
1782213670731 0.0 46
1782213670732 0.0 47
1782213670733 0.0 48
1782213670734 0.0 49
1782213670735 0.0 50
1782213670736 0.0 51
1782213670737 0.0 52
1782213670738 0.0 53
1782213670739 0.0 54
1782213670741 0.0 55
1782213670742 0.0 56
1782213670743 0.0 57
1782213670744 0.0 58
1782213670745 0.0 59
1782213670746 0.0 60
1782213670747 0.0 61
1782213670748 0.0 62
1782213670749 0.0 63
1782213670750 0.0 64
1782213670751 0.0 65
1782213670752 0.0 66
1782213670753 0.0 67
1782213670754 0.0 68
1782213670755 0.0 69
1782213670756 0.0 70
1782213670757 0.0 71
1782213670758 0.0 72
1782213670759 0.0 73
