1782745969318 0.10680417113006115 1
1782745969319 0.017897211075760425 2
1782745969320 0.0075515447254292664 3
1782745969321 0.004617109202081337 4
1782745969322 0.003224917895277031 5
1782745969323 0.0026303786458447575 6
1782745969324 0.002212602292711381 7
1782745969325 0.002022625574609265 8
1782745969326 0.001857887168880552 9
1782745969328 0.0017365201373468154 10
1782745969329 0.001569076710875379 11
1782745969330 0.001562827464658767 12
1782745969331 0.0016492931864922867 13
1782745969332 0.0014605627495620865 14
1782745969333 0.0013637241198739504 15
1782745969334 0.0013435862169717439 16
1782745969335 0.0013534347174572758 17
1782745969336 0.00128291040971817 18
1782745969337 0.0012383036161190831 19
1782745969338 0.0011800758237222907 20
1782745969340 0.0011916101785027422 21
1782745969341 0.0012186273420229554 22
1782745969342 0.0011973787519673352 23
1782745969343 0.0011941099982504966 24
1782745969344 0.0010999061352049465 25
1782745969345 0.0010686451555375243 26
1782745969346 0.0010514090002834563 27
1782745969347 0.001055831969715655 28
1782745969348 0.0010379253356950357 29
1782745969349 0.0010736496922618243 30
1782745969350 0.0010678344377083703 31
1782745969351 0.001054112757992698 32
1782745969353 0.000992519605497364 33
1782745969354 0.0010115236669662408 34
1782745969355 0.0009816189037519507 35
1782745969356 0.0009960863072046777 36
1782745969357 0.0009904475688381354 37
1782745969358 0.0009884148610581178 38
1782745969359 0.0009963868599152193 39
1782745969360 0.000979477256332757 40
1782745969361 0.0008814876103133429 41
1782745969362 0.000818548533206922 42
1782745969363 0.0007983555920873187 43
1782745969365 0.000776653476204956 44
1782745969366 0.0007660537077390472 45
1782745969367 0.000754587077171891 46
1782745969368 0.0007471970355618396 47
1782745969369 0.0007421854713538778 48
1782745969370 0.0007287052937681438 49
1782745969371 0.0007194332425569883 50
1782745969372 0.0007134505895737675 51
1782745969373 0.000708204697475594 52
1782745969374 0.0007030948373358115 53
1782745969375 0.0006987702027981868 54
1782745969377 0.0006956342625562684 55
1782745969378 0.0006888868880196242 56
1782745969379 0.0006832785065853386 57
1782745969380 0.0006799249566029175 58
1782745969381 0.000676872027979698 59
1782745969382 0.0006741627598239575 60
1782745969383 0.0006712996974601993 61
1782745969384 0.0006687380249786656 62
1782745969385 0.000664635766443098 63
1782745969386 0.0006623438790848013 64
1782745969387 0.0006606037653182284 65
1782745969388 0.0006589530776182073 66
1782745969390 0.000657162564675673 67
1782745969391 0.0006554342260278645 68
1782745969392 0.0006538012127566617 69
1782745969393 0.0006514121327199973 70
1782745969394 0.0006504057275378728 71
