1782745969472 0.0 1
1782745969473 0.0 2
1782745969474 0.0 3
1782745969475 0.0 4
1782745969476 0.0 5
1782745969478 0.0 6
1782745969479 0.0 7
1782745969480 0.0 8
1782745969481 0.0 9
1782745969482 0.0 10
1782745969483 0.0 11
1782745969484 0.0 12
1782745969485 0.0 13
1782745969486 0.0 14
1782745969487 0.0 15
1782745969488 0.0 16
1782745969489 0.0 17
1782745969491 0.0 18
1782745969492 0.0 19
1782745969493 0.0 20
1782745969494 0.0 21
1782745969495 0.0 22
1782745969496 0.0 23
1782745969497 0.0 24
1782745969498 0.0 25
1782745969499 0.0 26
1782745969500 0.0 27
1782745969501 0.0 28
1782745969503 0.0 29
1782745969504 0.0 30
1782745969505 0.0 31
1782745969506 0.0 32
1782745969507 0.0 33
1782745969508 0.0 34
1782745969509 0.0 35
1782745969510 0.0 36
1782745969511 0.0 37
1782745969512 0.0 38
1782745969513 0.0 39
1782745969515 0.0 40
1782745969516 0.0 41
1782745969517 0.0 42
1782745969518 0.0 43
1782745969519 0.0 44
1782745969520 0.0 45
1782745969521 0.0 46
1782745969522 0.0 47
1782745969523 0.0 48
1782745969524 0.0 49
1782745969525 0.0 50
1782745969527 0.0 51
1782745969528 0.0 52
1782745969529 0.0 53
1782745969530 0.0 54
1782745969531 0.0 55
1782745969532 0.0 56
1782745969533 0.0 57
1782745969534 0.0 58
1782745969535 0.0 59
1782745969536 0.0 60
1782745969537 0.0 61
1782745969538 0.0 62
1782745969540 0.0 63
1782745969541 0.0 64
1782745969542 0.0 65
1782745969543 0.0 66
1782745969544 0.0 67
1782745969545 0.0 68
1782745969546 0.0 69
1782745969547 0.0 70
1782745969548 0.0 71
