1782212249215 0.1359577052295208 1
1782212249216 0.047372375251725315 2
1782212249217 0.02287069659680128 3
1782212249219 0.01387446818407625 4
1782212249220 0.009562959850300104 5
1782212249221 0.0071796817146241665 6
1782212249222 0.005801235070684925 7
1782212249223 0.004819386248709634 8
1782212249225 0.0040955287986435 9
1782212249226 0.003532471999060363 10
1782212249227 0.003179819789947942 11
1782212249228 0.002869091266184114 12
1782212249229 0.002631703959777951 13
1782212249231 0.0024673844181234018 14
1782212249232 0.0022940122801810505 15
1782212249233 0.002209733140771277 16
1782212249234 0.0021080371001153254 17
1782212249235 0.001975519882689696 18
1782212249237 0.0018672524290741421 19
1782212249238 0.0018941165029536932 20
1782212249239 0.0017900958564132452 21
1782212249240 0.0016812742242473177 22
1782212249241 0.0016139280860079453 23
1782212249243 0.0015818653677706607 24
1782212249244 0.0015660364643554203 25
1782212249245 0.0015277818561298773 26
1782212249246 0.00147758477833122 27
1782212249247 0.0014524918350798544 28
1782212249249 0.0014217972278129309 29
1782212249250 0.0013866721096565016 30
1782212249251 0.001375970603112364 31
1782212249252 0.001344364597753156 32
1782212249253 0.0013596115197287873 33
1782212249255 0.0013209115341305732 34
1782212249256 0.0012885857494256926 35
1782212249257 0.0012760709140275139 36
1782212249258 0.0012572824880771804 37
1782212249259 0.0012519887353118974 38
1782212249261 0.0012961145514418604 39
1782212249262 0.0012405832124932202 40
1782212249263 0.0011951360866078176 41
1782212249264 0.0011579099203663644 42
1782212249265 0.0011311087912326912 43
1782212249267 0.0010763406314799795 44
1782212249268 0.0010309351766773034 45
1782212249269 0.0010086052547558211 46
1782212249270 0.000995918921107659 47
1782212249271 0.0009852097847760889 48
1782212249273 0.0009774610699969345 49
1782212249274 0.0009731326726614498 50
1782212249275 0.0009582311553094769 51
1782212249276 0.0009410514284536475 52
1782212249277 0.0009322837094805437 53
1782212249279 0.0009261236157180974 54
1782212249280 0.0009201056552410592 55
1782212249281 0.0009153173147205962 56
1782212249282 0.0009106653408525744 57
1782212249283 0.0009008496356545947 58
1782212249285 0.0008938241615396691 59
1782212249286 0.0008897225365217309 60
1782212249287 0.0008864658288803185 61
1782212249288 0.0008832012434868375 62
1782212249289 0.0008797341839090222 63
1782212249291 0.0008766880710754777 64
1782212249292 0.0008705835452565225 65
1782212249293 0.0008678277997387341 66
