1782212249373 0.0 1
1782212249374 0.0 2
1782212249376 0.0 3
1782212249377 0.0 4
1782212249378 0.0 5
1782212249379 0.0 6
1782212249380 0.0 7
1782212249382 0.0 8
1782212249383 0.0 9
1782212249384 0.0 10
1782212249385 0.0 11
1782212249386 0.0 12
1782212249387 0.0 13
1782212249389 0.0 14
1782212249390 0.0 15
1782212249391 0.0 16
1782212249392 0.0 17
1782212249393 0.0 18
1782212249395 0.0 19
1782212249396 0.0 20
1782212249397 0.0 21
1782212249398 0.0 22
1782212249399 0.0 23
1782212249401 0.0 24
1782212249402 0.0 25
1782212249403 0.0 26
1782212249404 0.0 27
1782212249405 0.0 28
1782212249407 0.0 29
1782212249408 0.0 30
1782212249409 0.0 31
1782212249410 0.0 32
1782212249411 0.0 33
1782212249413 0.0 34
1782212249414 0.0 35
1782212249415 0.0 36
1782212249416 0.0 37
1782212249417 0.0 38
1782212249419 0.0 39
1782212249420 0.0 40
1782212249421 0.0 41
1782212249422 0.0 42
1782212249423 0.0 43
1782212249424 0.0 44
1782212249426 0.0 45
1782212249427 0.0 46
1782212249428 0.0 47
1782212249429 0.0 48
1782212249430 0.0 49
1782212249431 0.0 50
1782212249432 0.0 51
1782212249434 0.0 52
1782212249435 0.0 53
1782212249436 0.0 54
1782212249437 0.0 55
1782212249438 0.0 56
1782212249439 0.0 57
1782212249440 0.0 58
1782212249442 0.0 59
1782212249443 0.0 60
1782212249444 0.0 61
1782212249445 0.0 62
1782212249446 0.0 63
1782212249448 0.0 64
1782212249449 0.0 65
1782212249450 0.0 66
