1782212249451 0.0 1
1782212249452 0.0 2
1782212249454 0.0 3
1782212249455 0.0 4
1782212249456 0.0 5
1782212249457 0.0 6
1782212249458 0.0 7
1782212249459 0.0 8
1782212249461 0.0 9
1782212249462 0.0 10
1782212249463 0.0 11
1782212249464 0.0 12
1782212249465 0.0 13
1782212249467 0.0 14
1782212249468 0.0 15
1782212249469 0.0 16
1782212249470 0.0 17
1782212249471 0.0 18
1782212249473 0.0 19
1782212249474 0.0 20
1782212249475 0.0 21
1782212249476 0.0 22
1782212249477 0.0 23
1782212249479 0.0 24
1782212249480 0.0 25
1782212249481 0.0 26
1782212249482 0.0 27
1782212249483 0.0 28
1782212249484 0.0 29
1782212249485 0.0 30
1782212249487 0.0 31
1782212249488 0.0 32
1782212249489 0.0 33
1782212249490 0.0 34
1782212249491 0.0 35
1782212249492 0.0 36
1782212249494 0.0 37
1782212249495 0.0 38
1782212249496 0.0 39
1782212249497 0.0 40
1782212249498 0.0 41
1782212249500 0.0 42
1782212249501 0.0 43
1782212249502 0.0 44
1782212249503 0.0 45
1782212249504 0.0 46
1782212249505 0.0 47
1782212249507 0.0 48
1782212249508 0.0 49
1782212249509 0.0 50
1782212249510 0.0 51
1782212249511 0.0 52
1782212249512 0.0 53
1782212249513 0.0 54
1782212249514 0.0 55
1782212249516 0.0 56
1782212249517 0.0 57
1782212249518 0.0 58
1782212249519 0.0 59
1782212249520 0.0 60
1782212249522 0.0 61
1782212249523 0.0 62
1782212249524 0.0 63
1782212249525 0.0 64
1782212249526 0.0 65
1782212249528 0.0 66
