1782704747329 0.12623319935053587 1
1782704747331 0.04612288998439908 2
1782704747332 0.021961239855736493 3
1782704747333 0.012615260393358767 4
1782704747334 0.008587481824215502 5
1782704747335 0.006359822142403573 6
1782704747336 0.0050263720937073235 7
1782704747337 0.004056254610186443 8
1782704747338 0.00344504184438847 9
1782704747340 0.0029764996498124674 10
1782704747341 0.002673910104786046 11
1782704747342 0.0023950286215404046 12
1782704747343 0.0022248910495545715 13
1782704747344 0.002076222227769904 14
1782704747345 0.0019880793159245515 15
1782704747346 0.0018469697778346018 16
1782704747347 0.001766879107162822 17
1782704747348 0.0017104265105444938 18
1782704747350 0.0016459607926663012 19
1782704747351 0.0016153945421683602 20
1782704747352 0.0014811600133543834 21
1782704747353 0.0014102923739119433 22
1782704747354 0.0013267092502792365 23
1782704747355 0.0012921945870039053 24
1782704747356 0.001280611512484029 25
1782704747357 0.001290842497255653 26
1782704747358 0.0012387768836924805 27
1782704747359 0.001209183317841962 28
1782704747361 0.0012273396969249006 29
1782704747362 0.0012161694749374874 30
1782704747363 0.001200871314649703 31
1782704747364 0.0011662619555136188 32
1782704747365 0.0011158179957419633 33
1782704747366 0.0010992827954760286 34
1782704747367 0.0010797359690332088 35
1782704747368 0.0010841879776126006 36
1782704747369 0.0010823142501612893 37
1782704747370 0.0010439206787123112 38
1782704747372 0.0010219137443345972 39
1782704747373 0.0009818926504522097 40
1782704747374 0.0009874796737130965 41
1782704747375 0.000971663142045145 42
1782704747376 0.0009619360300712288 43
1782704747377 0.0009771820710011525 44
1782704747378 0.0009732450010778848 45
1782704747379 0.0009111467331240419 46
1782704747380 0.0008399038728384767 47
1782704747381 0.0008130203426117078 48
1782704747383 0.0007995341260539135 49
1782704747384 0.0007890650779154385 50
1782704747385 0.0007806011278808 51
1782704747386 0.0007729191519683809 52
1782704747387 0.0007629007888681372 53
1782704747388 0.0007553379503224278 54
1782704747389 0.0007503677119166241 55
1782704747390 0.0007461762306411402 56
1782704747391 0.0007425383774534567 57
1782704747393 0.0007389015021908563 58
1782704747394 0.0007368539204617264 59
1782704747395 0.0007317136859273887 60
1782704747396 0.0007258829499187414 61
1782704747397 0.0007226395048201084 62
1782704747398 0.0007199424968712265 63
1782704747399 0.0007173561306626652 64
1782704747400 0.0007149246174594737 65
1782704747401 0.0007124927116092294 66
1782704747402 0.00070894292970479 67
1782704747404 0.0007071438071943703 68
