1782704747480 0.0 1
1782704747481 0.0 2
1782704747482 0.0 3
1782704747483 0.0 4
1782704747484 0.0 5
1782704747485 0.0 6
1782704747486 0.0 7
1782704747487 0.0 8
1782704747489 0.0 9
1782704747490 0.0 10
1782704747491 0.0 11
1782704747492 0.0 12
1782704747493 0.0 13
1782704747494 0.0 14
1782704747495 0.0 15
1782704747496 0.0 16
1782704747497 0.0 17
1782704747498 0.0 18
1782704747500 0.0 19
1782704747501 0.0 20
1782704747502 0.0 21
1782704747503 0.0 22
1782704747504 0.0 23
1782704747505 0.0 24
1782704747506 0.0 25
1782704747507 0.0 26
1782704747508 0.0 27
1782704747509 0.0 28
1782704747511 0.0 29
1782704747512 0.0 30
1782704747513 0.0 31
1782704747514 0.0 32
1782704747515 0.0 33
1782704747516 0.0 34
1782704747517 0.0 35
1782704747518 0.0 36
1782704747519 0.0 37
1782704747520 0.0 38
1782704747522 0.0 39
1782704747523 0.0 40
1782704747524 0.0 41
1782704747525 0.0 42
1782704747526 0.0 43
1782704747527 0.0 44
1782704747528 0.0 45
1782704747529 0.0 46
1782704747530 0.0 47
1782704747531 0.0 48
1782704747533 0.0 49
1782704747534 0.0 50
1782704747535 0.0 51
1782704747536 0.0 52
1782704747537 0.0 53
1782704747538 0.0 54
1782704747539 0.0 55
1782704747540 0.0 56
1782704747541 0.0 57
1782704747542 0.0 58
1782704747544 0.0 59
1782704747545 0.0 60
1782704747546 0.0 61
1782704747547 0.0 62
1782704747548 0.0 63
1782704747549 0.0 64
1782704747550 0.0 65
1782704747551 0.0 66
1782704747552 0.0 67
1782704747553 0.0 68
