1782704747554 0.0 1
1782704747555 0.0 2
1782704747556 0.0 3
1782704747557 0.0 4
1782704747558 0.0 5
1782704747559 0.0 6
1782704747559 0.0 7
1782704747560 0.0 8
1782704747561 0.0 9
1782704747563 0.0 10
1782704747564 0.0 11
1782704747565 0.0 12
1782704747565 0.0 13
1782704747566 0.0 14
1782704747567 0.0 15
1782704747568 0.0 16
1782704747569 0.0 17
1782704747570 0.0 18
1782704747571 0.0 19
1782704747572 0.0 20
1782704747573 0.0 21
1782704747574 0.0 22
1782704747575 0.0 23
1782704747576 0.0 24
1782704747577 0.0 25
1782704747578 0.0 26
1782704747579 0.0 27
1782704747580 0.0 28
1782704747581 0.0 29
1782704747582 0.0 30
1782704747583 0.0 31
1782704747584 0.0 32
1782704747585 0.0 33
1782704747586 0.0 34
1782704747587 0.0 35
1782704747588 0.0 36
1782704747589 0.0 37
1782704747590 0.0 38
1782704747591 0.0 39
1782704747592 0.0 40
1782704747592 0.0 41
1782704747594 0.0 42
1782704747595 0.0 43
1782704747596 0.0 44
1782704747597 0.0 45
1782704747598 0.0 46
1782704747598 0.0 47
1782704747599 0.0 48
1782704747600 0.0 49
1782704747601 0.0 50
1782704747602 0.0 51
1782704747603 0.0 52
1782704747604 0.0 53
1782704747605 0.0 54
1782704747606 0.0 55
1782704747607 0.0 56
1782704747608 0.0 57
1782704747609 0.0 58
1782704747610 0.0 59
1782704747611 0.0 60
1782704747612 0.0 61
1782704747613 0.0 62
1782704747613 0.0 63
1782704747614 0.0 64
1782704747615 0.0 65
1782704747616 0.0 66
1782704747617 0.0 67
1782704747618 0.0 68
