1780314201003 0.08096982430045803 1
1780314201004 0.0259554299681137 2
1780314201005 0.013362935049614558 3
1780314201006 0.008776920605062818 4
1780314201008 0.006403113294315214 5
1780314201009 0.0049529408153224114 6
1780314201025 0.004171264962254403 7
1780314201026 0.003613122002085826 8
1780314201027 0.0031867576491398115 9
1780314201028 0.002808544842991978 10
1780314201030 0.0025641910125462648 11
1780314201031 0.0024117100265963623 12
1780314201032 0.0022158702253364027 13
1780314201033 0.0021290763373447894 14
1780314201034 0.0020108915499198097 15
1780314201036 0.0019228984153111621 16
1780314201037 0.0018589182126258188 17
1780314201038 0.0017968742414571656 18
1780314201039 0.0017693933007346156 19
1780314201041 0.001774403995780934 20
1780314201042 0.0017643193850138536 21
1780314201043 0.0016386764519362865 22
1780314201044 0.0015628125909036802 23
1780314201045 0.0015304035157896578 24
1780314201047 0.0014948865239906202 25
1780314201048 0.00147359111761034 26
1780314201049 0.0014478590472814781 27
1780314201050 0.0015049866977885054 28
1780314201052 0.0014244990470615448 29
1780314201053 0.001461394110568411 30
1780314201054 0.0013825629106577254 31
1780314201055 0.001363561217658571 32
1780314201056 0.001335953398302081 33
1780314201058 0.0013722942145250271 34
1780314201059 0.0013645470527990256 35
1780314201060 0.001356905473524724 36
1780314201061 0.0013493882508555544 37
1780314201063 0.0012659959771553985 38
1780314201064 0.0013044082291041074 39
1780314201065 0.0012444005557578446 40
1780314201066 0.0012819800827855942 41
1780314201067 0.001206339689512485 42
1780314201069 0.001233575067332519 43
1780314201070 0.0012016993128175575 44
1780314201071 0.0012246873558979133 45
1780314201072 0.0012204993749643715 46
1780314201073 0.0012057912931898803 47
1780314201075 0.0012022517576042446 48
1780314201076 0.0012077861687430414 49
1780314201077 0.001241803648614829 50
1780314201078 0.0011809524452473853 51
1780314201079 0.001166111284752939 52
1780314201081 0.0011497211191453971 53
1780314201082 0.0011417149613407672 54
1780314201083 0.0011325047945623132 55
1780314201084 0.001146911585055932 56
1780314201086 0.0011401127436935592 57
1780314201087 0.0011405446727925058 58
1780314201088 0.0010998366543693314 59
1780314201089 0.0010577251423455891 60
1780314201091 0.0010334961876651504 61
1780314201092 0.0010910554296666912 62
1780314201093 0.0011423032597425238 63
1780314201095 0.0011418994351818886 64
1780314201096 0.0010957935521825372 65
1780314201097 0.0010634314792090057 66
1780314201099 0.001025329314385696 67
1780314201100 0.0010759656837156701 68
1780314201101 0.0010307511801026217 69
1780314201103 0.001047613525709797 70
1780314201104 0.00102965289218749 71
1780314201105 0.0010146199683731538 72
1780314201106 0.0010033760466588622 73
1780314201108 0.001030128201940291 74
1780314201109 0.0010555262092869573 75
