1782211559347 0.0 1
1782211559348 0.0 2
1782211559350 0.0 3
1782211559351 0.0 4
1782211559352 0.0 5
1782211559354 0.0 6
1782211559355 0.0 7
1782211559356 0.0 8
1782211559357 0.0 9
1782211559358 0.0 10
1782211559360 0.0 11
1782211559361 0.0 12
1782211559362 0.0 13
1782211559363 0.0 14
1782211559364 0.0 15
1782211559366 0.0 16
1782211559367 0.0 17
1782211559368 0.0 18
1782211559369 0.0 19
1782211559370 0.0 20
1782211559371 0.0 21
1782211559373 0.0 22
1782211559374 0.0 23
1782211559375 0.0 24
1782211559376 0.0 25
1782211559377 0.0 26
1782211559379 0.0 27
1782211559380 0.0 28
1782211559381 0.0 29
1782211559382 0.0 30
1782211559383 0.0 31
1782211559385 0.0 32
1782211559386 0.0 33
1782211559387 0.0 34
1782211559388 0.0 35
1782211559389 0.0 36
1782211559391 0.0 37
1782211559392 0.0 38
1782211559393 0.0 39
1782211559394 0.0 40
1782211559395 0.0 41
1782211559397 0.0 42
1782211559398 0.0 43
1782211559399 0.0 44
1782211559400 0.0 45
1782211559401 0.0 46
1782211559402 0.0 47
1782211559403 0.0 48
1782211559404 0.0 49
1782211559405 0.0 50
1782211559407 0.0 51
1782211559408 0.0 52
1782211559409 0.0 53
1782211559410 0.0 54
1782211559411 0.0 55
1782211559412 0.0 56
1782211559413 0.0 57
1782211559414 0.0 58
1782211559415 0.0 59
1782211559416 0.0 60
1782211559417 0.0 61
1782211559418 0.0 62
1782211559419 0.0 63
1782211559421 0.0 64
1782211559422 0.0 65
