1782211559191 0.21199601903557777 1
1782211559192 0.07422468861564994 2
1782211559193 0.02959892211481929 3
1782211559195 0.01670731226913631 4
1782211559196 0.011496554631739854 5
1782211559197 0.008663717336021363 6
1782211559198 0.007050168451387435 7
1782211559200 0.00566414168686606 8
1782211559201 0.004722793026594445 9
1782211559202 0.004133590640267357 10
1782211559203 0.0035844057565554976 11
1782211559204 0.0032531668373849245 12
1782211559206 0.0030077835120027887 13
1782211559207 0.0027527488791383803 14
1782211559208 0.002549555450095795 15
1782211559209 0.002478842619457282 16
1782211559211 0.0024236515955999493 17
1782211559212 0.0023218133626505735 18
1782211559213 0.0022531434186385015 19
1782211559214 0.00218013955920469 20
1782211559215 0.0020667279182816855 21
1782211559217 0.0020108968528802507 22
1782211559218 0.0019162267388310283 23
1782211559219 0.0018319011185667477 24
1782211559220 0.0017860496384673752 25
1782211559221 0.0018985688936663792 26
1782211559223 0.0018306598762865178 27
1782211559224 0.0017309505060256925 28
1782211559225 0.0017533607615041547 29
1782211559226 0.0016679778674733826 30
1782211559227 0.001645139302854659 31
1782211559229 0.0016719323405413888 32
1782211559230 0.001586803668178618 33
1782211559231 0.0015463884065684396 34
1782211559232 0.0015169056938611903 35
1782211559233 0.001524056516645942 36
1782211559235 0.0015570092454436236 37
1782211559236 0.0016390580622828565 38
1782211559237 0.001529727976740105 39
1782211559238 0.0015216704156773631 40
1782211559239 0.0015215788298519328 41
1782211559241 0.0014949361977051013 42
1782211559242 0.001415186989470385 43
1782211559243 0.0013436085196735803 44
1782211559244 0.001314483359310543 45
1782211559246 0.0013000603356340434 46
1782211559247 0.0012865711218910292 47
1782211559248 0.0012999291020969394 48
1782211559249 0.0012850524747773306 49
1782211559250 0.001255475952057168 50
1782211559251 0.0012258382818254177 51
1782211559253 0.0012128406091505895 52
1782211559254 0.0012046059163549217 53
1782211559255 0.001200361162336776 54
1782211559256 0.0011937341550219572 55
1782211559258 0.001189952857530443 56
1782211559259 0.0011702220500592374 57
1782211559260 0.0011593805372831412 58
1782211559261 0.0011550550645188196 59
1782211559262 0.0011503217076824512 60
1782211559264 0.00114542264775082 61
1782211559265 0.0011403817816608352 62
1782211559266 0.001138711762105231 63
1782211559267 0.001128307388498797 64
1782211559268 0.0011239427228429122 65
