1782211559423 0.0 1
1782211559424 0.0 2
1782211559425 0.0 3
1782211559426 0.0 4
1782211559427 0.0 5
1782211559428 0.0 6
1782211559430 0.0 7
1782211559431 0.0 8
1782211559432 0.0 9
1782211559433 0.0 10
1782211559434 0.0 11
1782211559436 0.0 12
1782211559437 0.0 13
1782211559438 0.0 14
1782211559439 0.0 15
1782211559440 0.0 16
1782211559441 0.0 17
1782211559443 0.0 18
1782211559444 0.0 19
1782211559445 0.0 20
1782211559446 0.0 21
1782211559447 0.0 22
1782211559448 0.0 23
1782211559449 0.0 24
1782211559450 0.0 25
1782211559451 0.0 26
1782211559452 0.0 27
1782211559453 0.0 28
1782211559454 0.0 29
1782211559455 0.0 30
1782211559456 0.0 31
1782211559458 0.0 32
1782211559459 0.0 33
1782211559460 0.0 34
1782211559461 0.0 35
1782211559462 0.0 36
1782211559463 0.0 37
1782211559464 0.0 38
1782211559465 0.0 39
1782211559466 0.0 40
1782211559467 0.0 41
1782211559468 0.0 42
1782211559469 0.0 43
1782211559470 0.0 44
1782211559471 0.0 45
1782211559472 0.0 46
1782211559474 0.0 47
1782211559475 0.0 48
1782211559476 0.0 49
1782211559477 0.0 50
1782211559478 0.0 51
1782211559479 0.0 52
1782211559480 0.0 53
1782211559482 0.0 54
1782211559483 0.0 55
1782211559484 0.0 56
1782211559485 0.0 57
1782211559486 0.0 58
1782211559487 0.0 59
1782211559488 0.0 60
1782211559489 0.0 61
1782211559491 0.0 62
1782211559492 0.0 63
1782211559493 0.0 64
1782211559494 0.0 65
