1780314203280 0.10505792313876251 1
1780314203281 0.035019994263226786 2
1780314203283 0.017371633276343345 3
1780314203284 0.011005985127606739 4
1780314203285 0.007933402645479266 5
1780314203287 0.006109999685819881 6
1780314203288 0.004832325109358256 7
1780314203289 0.0041986577756082015 8
1780314203292 0.0036088679742533715 9
1780314203294 0.00315492948575411 10
1780314203295 0.002881527975841891 11
1780314203297 0.0025925869607211403 12
1780314203298 0.0024180597145459616 13
1780314203299 0.0022492520743981003 14
1780314203301 0.0021646547984952727 15
1780314203302 0.0021043171325194026 16
1780314203303 0.002035661151118499 17
1780314203304 0.0018498502383105613 18
1780314203305 0.0018184512155130506 19
1780314203307 0.001743698975769803 20
1780314203308 0.0017537779184446359 21
1780314203309 0.0016693108985540068 22
1780314203310 0.001589647950337773 23
1780314203312 0.0015471332456703142 24
1780314203313 0.0015655682698707096 25
1780314203314 0.0015901268806677157 26
1780314203315 0.0015178476318396862 27
1780314203317 0.0014339567300339696 28
1780314203318 0.001470702270550343 29
1780314203319 0.0014434125011272652 30
1780314203320 0.0014263154258514986 31
1780314203321 0.0014240358087287555 32
1780314203323 0.0013547439099056645 33
1780314203324 0.0013258660146675538 34
1780314203325 0.0013454425544599266 35
1780314203326 0.001349563189796754 36
1780314203327 0.0013335448140423978 37
1780314203329 0.0013194865835127227 38
1780314203330 0.001320993764056766 39
1780314203331 0.001273985707545459 40
1780314203333 0.001263246495485267 41
1780314203334 0.001238549228582997 42
1780314203335 0.0012723563796801804 43
1780314203336 0.001293392726741634 44
1780314203338 0.0013029187286520028 45
1780314203339 0.0012145498641378558 46
1780314203340 0.0011775849783589366 47
1780314203342 0.001193381575649255 48
1780314203343 0.0011726104911455573 49
1780314203344 0.0011990621938821277 50
1780314203346 0.0011863423213071655 51
1780314203347 0.0011196496590249203 52
1780314203348 0.0011130317308925442 53
1780314203350 0.001177727341503972 54
1780314203351 0.0012015287507286605 55
1780314203352 0.001200856080079878 56
1780314203354 0.0011310997644007634 57
1780314203355 0.0010893710953193173 58
1780314203356 0.0010943817641721884 59
1780314203358 0.0011162995661531264 60
1780314203359 0.0011550128077336315 61
1780314203361 0.0011149798601157576 62
1780314203362 0.0011011012349020652 63
1780314203363 0.0010465560103815126 64
1780314203364 0.0010527579152646164 65
1780314203366 0.0010465677499572241 66
1780314203367 0.0010601099013001658 67
1780314203368 0.001096454535824402 68
1780314203369 0.0010587935875567686 69
1780314203371 0.0010725893109944688 70
1780314203372 0.0010513790585415942 71
1780314203373 0.0010514617336715066 72
1780314203374 0.0010586360318484366 73
1780314203375 0.001036719650195058 74
1780314203377 0.0010183575200547542 75
