1784024538094 0.0 1
1784024538096 0.0 2
1784024538097 0.0 3
1784024538098 0.0 4
1784024538100 0.0 5
1784024538101 0.0 6
1784024538103 0.0 7
1784024538104 0.0 8
1784024538106 0.0 9
1784024538107 0.0 10
1784024538109 0.0 11
1784024538110 0.0 12
1784024538111 0.0 13
1784024538113 0.0 14
1784024538114 0.0 15
1784024538116 0.0 16
1784024538117 0.0 17
1784024538119 0.0 18
1784024538120 0.0 19
1784024538122 0.0 20
1784024538124 0.0 21
1784024538125 0.0 22
1784024538127 0.0 23
1784024538128 0.0 24
1784024538130 0.0 25
1784024538131 0.0 26
1784024538133 0.0 27
1784024538134 0.0 28
1784024538136 0.0 29
1784024538137 0.0 30
1784024538139 0.0 31
1784024538141 0.0 32
1784024538142 0.0 33
1784024538144 0.0 34
1784024538145 0.0 35
1784024538147 0.0 36
1784024538148 0.0 37
1784024538150 0.0 38
1784024538151 0.0 39
1784024538153 0.0 40
1784024538154 0.0 41
1784024538156 0.0 42
1784024538158 0.0 43
1784024538159 0.0 44
1784024538161 0.0 45
1784024538162 0.0 46
1784024538164 0.0 47
1784024538165 0.0 48
1784024538167 0.0 49
1784024538168 0.0 50
1784024538170 0.0 51
1784024538171 0.0 52
1784024538173 0.0 53
1784024538175 0.0 54
1784024538176 0.0 55
1784024538178 0.0 56
1784024538179 0.0 57
1784024538181 0.0 58
1784024538182 0.0 59
1784024538184 0.0 60
1784024538185 0.0 61
1784024538187 0.0 62
1784024538188 0.0 63
1784024538190 0.0 64
1784024538191 0.0 65
1784024538193 0.0 66
1784024538195 0.0 67
1784024538196 0.0 68
1784024538198 0.0 69
1784024538199 0.0 70
1784024538201 0.0 71
1784024538202 0.0 72
1784024538204 0.0 73
1784024538205 0.0 74
1784024538206 0.0 75
1784024538208 0.0 76
1784024538209 0.0 77
1784024538210 0.0 78
1784024538212 0.0 79
1784024538213 0.0 80
1784024538215 0.0 81
1784024538216 0.0 82
1784024538217 0.0 83
1784024538219 0.0 84
1784024538220 0.0 85
1784024538221 0.0 86
1784024538223 0.0 87
1784024538224 0.0 88
1784024538225 0.0 89
1784024538227 0.0 90
1784024538228 0.0 91
1784024538230 0.0 92
1784024538231 0.0 93
