1784024537964 0.0 1
1784024537966 0.0 2
1784024537967 0.0 3
1784024537969 0.0 4
1784024537970 0.0 5
1784024537971 0.0 6
1784024537972 0.0 7
1784024537974 0.0 8
1784024537975 0.0 9
1784024537977 0.0 10
1784024537978 0.0 11
1784024537980 0.0 12
1784024537981 0.0 13
1784024537982 0.0 14
1784024537984 0.0 15
1784024537985 0.0 16
1784024537986 0.0 17
1784024537988 0.0 18
1784024537989 0.0 19
1784024537990 0.0 20
1784024537992 0.0 21
1784024537993 0.0 22
1784024537994 0.0 23
1784024537996 0.0 24
1784024537997 0.0 25
1784024537999 0.0 26
1784024538000 0.0 27
1784024538001 0.0 28
1784024538003 0.0 29
1784024538004 0.0 30
1784024538006 0.0 31
1784024538007 0.0 32
1784024538009 0.0 33
1784024538010 0.0 34
1784024538012 0.0 35
1784024538013 0.0 36
1784024538015 0.0 37
1784024538016 0.0 38
1784024538017 0.0 39
1784024538019 0.0 40
1784024538020 0.0 41
1784024538021 0.0 42
1784024538023 0.0 43
1784024538024 0.0 44
1784024538026 0.0 45
1784024538027 0.0 46
1784024538029 0.0 47
1784024538031 0.0 48
1784024538032 0.0 49
1784024538034 0.0 50
1784024538035 0.0 51
1784024538037 0.0 52
1784024538038 0.0 53
1784024538040 0.0 54
1784024538041 0.0 55
1784024538043 0.0 56
1784024538044 0.0 57
1784024538045 0.0 58
1784024538047 0.0 59
1784024538048 0.0 60
1784024538050 0.0 61
1784024538051 0.0 62
1784024538053 0.0 63
1784024538054 0.0 64
1784024538056 0.0 65
1784024538057 0.0 66
1784024538058 0.0 67
1784024538059 0.0 68
1784024538061 0.0 69
1784024538062 0.0 70
1784024538064 0.0 71
1784024538065 0.0 72
1784024538066 0.0 73
1784024538067 0.0 74
1784024538069 0.0 75
1784024538070 0.0 76
1784024538072 0.0 77
1784024538073 0.0 78
1784024538074 0.0 79
1784024538076 0.0 80
1784024538077 0.0 81
1784024538079 0.0 82
1784024538080 0.0 83
1784024538081 0.0 84
1784024538082 0.0 85
1784024538084 0.0 86
1784024538085 0.0 87
1784024538087 0.0 88
1784024538088 0.0 89
1784024538089 0.0 90
1784024538091 0.0 91
1784024538092 0.0 92
1784024538093 0.0 93
