1784024537679 0.02065275265398668 1
1784024537681 0.00388776177278487 2
1784024537682 0.003902986914035864 3
1784024537684 0.0037243285006843506 4
1784024537685 0.003541004910948686 5
1784024537687 0.0033593653122079557 6
1784024537689 0.003104519645712571 7
1784024537690 0.0029201696458039804 8
1784024537692 0.0027922681414929685 9
1784024537693 0.0029570328486443033 10
1784024537695 0.003149259473284474 11
1784024537696 0.0026342540184850806 12
1784024537698 0.002669341475848341 13
1784024537699 0.0024742733989842236 14
1784024537701 0.002394961968966527 15
1784024537703 0.00224718295969069 16
1784024537704 0.0020922359931864775 17
1784024537706 0.002530758292414248 18
1784024537707 0.0020754243918054273 19
1784024537709 0.002055565558403032 20
1784024537710 0.0020389413635712116 21
1784024537712 0.001950488980364753 22
1784024537713 0.0019134474992461036 23
1784024537715 0.0019810526943183503 24
1784024537716 0.00176432491876767 25
1784024537718 0.0017691245580499526 26
1784024537719 0.0017250783374765889 27
1784024537721 0.0021055930413422176 28
1784024537722 0.001918377099209465 29
1784024537724 0.0017915796807210426 30
1784024537726 0.0016956765601935332 31
1784024537727 0.0018645501244463959 32
1784024537729 0.0015991343524365221 33
1784024537730 0.0014622724875516723 34
1784024537732 0.0013960424946708372 35
1784024537733 0.001343239672060008 36
1784024537735 0.0013240485689311754 37
1784024537736 0.0012893237971729832 38
1784024537738 0.001291304757251055 39
1784024537739 0.0013156075797451194 40
1784024537741 0.001388346748353797 41
1784024537742 0.0012555217942281161 42
1784024537744 0.001261988331534667 43
1784024537746 0.0012857017821806948 44
1784024537747 0.0013255334220593795 45
1784024537749 0.0012576507349149324 46
1784024537750 0.001194926086536725 47
1784024537752 0.0011637185060681078 48
1784024537753 0.001181598129987833 49
1784024537755 0.0011999588322942146 50
1784024537756 0.0010726950214302632 51
1784024537758 0.0010281723181833514 52
1784024537759 0.00100312120775925 53
1784024537761 0.0009874807223968674 54
1784024537763 0.000979476198190241 55
1784024537764 0.0009615243085863767 56
1784024537766 0.0009534044742031256 57
1784024537767 0.0009486180735257221 58
1784024537769 0.0009404395963792922 59
1784024537770 0.000936938619488501 60
1784024537772 0.0009197788539313478 61
1784024537773 0.0009203496084228391 62
1784024537775 0.0009410496864438755 63
1784024537776 0.0009215696546016261 64
1784024537778 0.0008855517523625167 65
1784024537779 0.000893123559144442 66
1784024537781 0.0008554643275419948 67
1784024537783 0.0008271887587034143 68
1784024537784 0.0008180750254541635 69
1784024537786 0.0008082998652389505 70
1784024537787 0.0008047716589499032 71
1784024537789 0.0008025219562841812 72
1784024537790 0.0007974058591935318 73
1784024537792 0.0007914159494976047 74
1784024537793 0.0007754231742728734 75
1784024537795 0.0007667507870792178 76
1784024537796 0.0007638363425212447 77
1784024537798 0.0007622506607731338 78
1784024537800 0.0007586613599414704 79
1784024537801 0.0007571633438783465 80
1784024537803 0.0007552747019508388 81
1784024537804 0.0007488845683838008 82
1784024537806 0.0007409966714476468 83
1784024537807 0.0007386507220508065 84
1784024537809 0.0007366551354789408 85
1784024537810 0.000735668644629186 86
1784024537812 0.000734137654872029 87
1784024537813 0.0007322738992661471 88
1784024537815 0.0007308955008193152 89
1784024537817 0.0007283873257983942 90
1784024537818 0.0007255813568190206 91
1784024537820 0.0007236812137853122 92
1784024537821 0.0007225656985247042 93
