1780857887813 0.25666538447141646 1
1780857887815 0.20168844640254974 2
1780857887816 0.1607509956508875 3
1780857887817 0.13097053907811643 4
1780857887819 0.10754588540643453 5
1780857887820 0.08872729167342186 6
1780857887821 0.07342127483338118 7
1780857887823 0.06109309889376163 8
1780857887824 0.05129134479910135 9
1780857887825 0.04352106852456927 10
1780857887827 0.03730758546851575 11
1780857887828 0.032288594087585804 12
1780857887829 0.028180952752009034 13
1780857887831 0.02474209377542138 14
1780857887832 0.021913626603782176 15
1780857887833 0.019472249778918923 16
1780857887835 0.017514457143843174 17
1780857887836 0.01570009347051382 18
1780857887837 0.014315454722382128 19
1780857887839 0.012892253291793167 20
1780857887840 0.011828867150470615 21
1780857887841 0.010791067781392485 22
1780857887842 0.009908565732184798 23
1780857887844 0.009171460764482617 24
1780857887845 0.00840964899631217 25
1780857887846 0.007919672650750727 26
1780857887848 0.00733531330479309 27
1780857887849 0.006981399899814278 28
1780857887850 0.00644896141719073 29
1780857887852 0.006267218872671947 30
1780857887853 0.0059681572194676845 31
1780857887854 0.005584021146642044 32
1780857887855 0.005486380790825933 33
1780857887857 0.005351992842042819 34
1780857887858 0.005076407191809267 35
1780857887859 0.004973848066292703 36
1780857887861 0.004799401587806642 37
1780857887862 0.004668830040027387 38
1780857887863 0.004708560577710159 39
1780857887865 0.004533802095102147 40
1780857887866 0.004431306387996301 41
1780857887867 0.004376573406043463 42
1780857887868 0.004277723698178307 43
1780857887870 0.004214320909813978 44
1780857887871 0.00420217597973533 45
1780857887872 0.004118112112628296 46
1780857887874 0.004081788276089356 47
1780857887875 0.004105574504937977 48
1780857887876 0.0040476999944075946 49
1780857887878 0.0039047012996161357 50
1780857887879 0.0038840894191525875 51
1780857887880 0.0039314039144665 52
1780857887881 0.0037292848489596507 53
1780857887883 0.003710045625048224 54
1780857887884 0.0037371450650971385 55
1780857887885 0.003647868057014421 56
1780857887887 0.0037516933467122726 57
1780857887888 0.0038061864991323093 58
1780857887889 0.0036718492826912554 59
1780857887890 0.003635458013450261 60
1780857887892 0.003675614853273146 61
1780857887893 0.003795990071957931 62
1780857887894 0.0036084595997817816 63
1780857887896 0.0036298269650433214 64
1780857887897 0.0036368631964433006 65
1780857887898 0.003446022245043423 66
1780857887900 0.003592802379280329 67
1780857887901 0.003628347335907165 68
1780857887902 0.0034859178931219504 69
1780857887903 0.003621021940198261 70
1780857887905 0.0033697029724135065 71
1780857887906 0.003455369635776151 72
1780857887907 0.0035297197400359437 73
1780857887909 0.0033996925145038403 74
1780857887910 0.003399077019712422 75
1780857887911 0.003454465315444395 76
1780857887912 0.0033255177160026505 77
1780857887914 0.0033978549085441046 78
1780857887915 0.003346671159379184 79
1780857887916 0.0034729411741136573 80
1780857887918 0.0033261745184427127 81
1780857887919 0.0034357991672004573 82
1780857887920 0.0032623412745306267 83
1780857887922 0.003261506023409311 84
1780857887923 0.0032575088014709765 85
1780857887924 0.0033260346637689507 86
1780857887925 0.0032727137574693186 87
1780857887927 0.0031550505582708865 88
1780857887928 0.003316090943699237 89
1780857887929 0.0032435139588778837 90
1780857887931 0.0033707122737541796 91
1780857887932 0.003160905158438254 92
1780857887933 0.0032699324379791505 93
1780857887935 0.0031662884034449235 94
1780857887936 0.003209277015994303 95
1780857887937 0.003292172984802164 96
1780857887938 0.003136670617386699 97
1780857887940 0.0032936075160978364 98
1780857887941 0.0032595878222491594 99
1780857887942 0.0032098037432297132 100
1780857887944 0.0031538649954018184 101
1780857887945 0.0031317215459421275 102
1780857887946 0.0033163585179136136 103
1780857887947 0.0031451200402807444 104
1780857887949 0.003198656624008436 105
1780857887950 0.00321692094032187 106
1780857887951 0.0032284334817086345 107
1780857887953 0.003218120124656707 108
1780857887954 0.00317974200588651 109
1780857887955 0.0032210039743222297 110
1780857887957 0.0032533213408896698 111
1780857887958 0.0032779442876926623 112
1780857887959 0.0032317065689130686 113
1780857887960 0.0031203896578517742 114
1780857887962 0.003216402562102303 115
1780857887963 0.003349974135635421 116
1780857887964 0.003143969896773342 117
1780857887966 0.0032414953972329384 118
1780857887967 0.0032079417529166676 119
1780857887968 0.0031702005863189697 120
1780857887969 0.003176941896090284 121
1780857887971 0.003130434015474748 122
1780857887972 0.003144632894836832 123
1780857887973 0.0032048053096514193 124
1780857887975 0.0031179819969111124 125
1780857887976 0.0031205691778450275 126
1780857887977 0.0031761784100672232 127
1780857887978 0.003154043664399069 128
1780857887980 0.0031520553838345223 129
1780857887981 0.0031991418288089333 130
1780857887982 0.0032570461530121975 131
1780857887984 0.0031608219945337625 132
1780857887985 0.0031433791635208765 133
1780857887986 0.0031118021431029773 134
1780857887987 0.0031729759252630174 135
1780857887989 0.003167914551740978 136
1780857887990 0.0031858493477921 137
1780857887991 0.0031984671007376166 138
1780857887993 0.003092373750405386 139
1780857887994 0.003245131902222056 140
1780857887995 0.0030611763295019046 141
1780857887997 0.0031341715110465886 142
1780857887998 0.0030602638772688805 143
1780857887999 0.003065170762129128 144
1780857888000 0.0030476696221739983 145
1780857888002 0.003158074751845561 146
1780857888003 0.0030655288987327368 147
1780857888004 0.0031473986158380286 148
1780857888006 0.0031952854493283666 149
1780857888007 0.0029313549798098393 150
1780857888008 0.003170495907252189 151
1780857888010 0.003139590035716537 152
1780857888011 0.003149217103200499 153
1780857888012 0.0031476185951032675 154
1780857888014 0.002966389960201923 155
1780857888015 0.00313544275413733 156
1780857888016 0.003155886059976183 157
1780857888017 0.0032739489278174006 158
1780857888019 0.0032342079078080135 159
1780857888020 0.003154834344459232 160
1780857888021 0.003175847493985202 161
1780857888023 0.003161290828429628 162
1780857888024 0.003119081851327792 163
1780857888025 0.0032532072474714367 164
1780857888026 0.0030513348933891393 165
1780857888028 0.0032418862386839466 166
