1780857888456 0.011978790548164397 1
1780857888468 0.005807870819699019 2
1780857888470 0.002718224599957466 3
1780857888471 0.0010976337397005408 4
1780857888472 0.0005818897107383236 5
1780857888474 0.00038852155892527663 6
1780857888475 0.0002803268556453986 7
1780857888477 0.0002173116825724719 8
1780857888478 0.00018338138394028648 9
1780857888479 0.00016812438872875645 10
1780857888481 0.0001675136997073423 11
1780857888482 0.00021249471468763657 12
1780857888483 0.00023027772476780228 13
1780857888485 0.0003009739452318172 14
1780857888486 0.00033242636589420727 15
1780857888487 0.00038285629314486867 16
1780857888488 0.00042535484357358655 17
1780857888490 0.00031329402601841137 18
1780857888491 0.00045597474705573406 19
1780857888492 0.0003310751117169275 20
1780857888494 0.0004226124937122222 21
1780857888495 0.00049079562384577 22
1780857888496 0.0004147195035693585 23
1780857888498 0.0005584987332258606 24
1780857888499 0.0004808239689373295 25
1780857888500 0.0007095013697835384 26
1780857888501 0.0006281832630702411 27
1780857888503 0.0008148252920000232 28
1780857888504 0.0007208507636823924 29
1780857888505 0.0008967506518820301 30
1780857888507 0.0009751953067825525 31
1780857888508 0.0007757537437646533 32
1780857888509 0.0009622392712117289 33
1780857888510 0.0011527495618793183 34
1780857888512 0.0010570269488016492 35
1780857888513 0.0011739148016567925 36
1780857888514 0.001106168687256286 37
1780857888516 0.0011604360531418934 38
1780857888517 0.0014647008669635398 39
1780857888518 0.0014077791980889743 40
1780857888519 0.0014112947864123272 41
1780857888521 0.0014177053832463572 42
1780857888522 0.001534426755606546 43
1780857888523 0.0016206702599083655 44
1780857888525 0.0016196032817242668 45
1780857888526 0.0018153912383058923 46
1780857888527 0.0018173544748788118 47
1780857888528 0.001758294351020595 48
1780857888530 0.0020422759382563525 49
1780857888531 0.0018835662358469563 50
1780857888532 0.0018529810160180205 51
1780857888534 0.002142826558301749 52
1780857888535 0.001790141924720956 53
1780857888536 0.0022167955882468958 54
1780857888537 0.002395667447708547 55
1780857888539 0.002235853673919337 56
1780857888540 0.002365692571802356 57
1780857888541 0.0029666538398669218 58
1780857888543 0.0029166583274491133 59
1780857888544 0.0025875167720369064 60
1780857888545 0.0030062900196571717 61
1780857888546 0.002984796745768108 62
1780857888548 0.003030430293219979 63
1780857888549 0.0029984355359556503 64
1780857888550 0.0038353919287328606 65
1780857888552 0.003028476063227572 66
1780857888553 0.0031945302468011504 67
1780857888554 0.0037660462417989037 68
1780857888555 0.003645407317853824 69
1780857888557 0.004006231244638911 70
1780857888558 0.002808242074679583 71
1780857888559 0.0033657356502953917 72
1780857888561 0.0037792717968841314 73
1780857888562 0.003655441461050941 74
1780857888563 0.0033301899072466765 75
1780857888564 0.003815227985214733 76
1780857888566 0.003480492276357836 77
1780857888567 0.003923321629481506 78
1780857888568 0.0031681207536530566 79
1780857888570 0.003998278454819228 80
1780857888571 0.003422743095725309 81
1780857888572 0.0035844154300866647 82
1780857888573 0.003440350830023817 83
1780857888575 0.0035404090828524202 84
1780857888576 0.003802143075117783 85
1780857888577 0.0037484791645692895 86
1780857888579 0.003486640061273647 87
1780857888580 0.0034434420744219097 88
1780857888581 0.003403873577772174 89
1780857888582 0.003689962519965775 90
1780857888584 0.00419609507171117 91
1780857888585 0.0034211028871868623 92
1780857888586 0.0033691580571394296 93
1780857888588 0.003510697635792894 94
1780857888589 0.0034678634941519705 95
1780857888590 0.004147058792332245 96
1780857888591 0.0035930774086955354 97
1780857888593 0.00396091584705573 98
1780857888594 0.0038624087189964487 99
1780857888595 0.0034300241637902217 100
1780857888597 0.0037106951100213336 101
1780857888598 0.0035259044926351634 102
1780857888599 0.003446218934514036 103
1780857888600 0.0034080947295660733 104
1780857888602 0.003414747790993715 105
1780857888603 0.004108067861634482 106
1780857888604 0.0037729704080265948 107
1780857888606 0.003841810045669263 108
1780857888607 0.0037776225108245853 109
1780857888608 0.004223823289321444 110
1780857888610 0.0040562149839024645 111
1780857888611 0.003724525686338893 112
1780857888612 0.0037972928563613094 113
1780857888613 0.0037766380998073145 114
1780857888615 0.0038332200731747436 115
1780857888616 0.004247357300300791 116
1780857888617 0.004392559596089996 117
1780857888619 0.0039809328889168685 118
1780857888620 0.003953867160489608 119
1780857888621 0.004066313723560597 120
1780857888622 0.003819884723634459 121
1780857888624 0.004192978221362864 122
1780857888625 0.00373887487254251 123
1780857888626 0.003970887588220649 124
1780857888628 0.003642757616980816 125
1780857888629 0.0037024218697479226 126
1780857888630 0.003583869912436057 127
1780857888631 0.0036778115084234743 128
1780857888633 0.003927903586882167 129
1780857888634 0.003864273636281723 130
1780857888635 0.0038007038057548924 131
1780857888637 0.0037059986013628075 132
1780857888638 0.00398892482786323 133
1780857888639 0.0036870857332178277 134
1780857888640 0.0038643276252332726 135
1780857888642 0.0038737856943771476 136
1780857888643 0.003908323544601444 137
1780857888644 0.004047760039647983 138
1780857888646 0.004033034253916412 139
1780857888647 0.004009529812938126 140
1780857888648 0.004006897484432556 141
1780857888650 0.004026730325895187 142
1780857888651 0.003967656327149598 143
1780857888652 0.0037301905669664846 144
1780857888654 0.003720084764863714 145
1780857888655 0.003715343526855577 146
1780857888656 0.0037410363081289686 147
1780857888657 0.003756472381865024 148
1780857888659 0.003768532608519308 149
1780857888660 0.0037727894467752777 150
1780857888661 0.0036757611702705616 151
1780857888663 0.003769262405803602 152
1780857888664 0.003813280101858254 153
1780857888665 0.003881334408724797 154
1780857888667 0.003910152323878719 155
1780857888668 0.003858854144345969 156
1780857888669 0.0038726052941274246 157
1780857888671 0.003936258840258233 158
1780857888672 0.0039712661914018095 159
1780857888673 0.0039635594125866196 160
1780857888674 0.004024601537021226 161
1780857888676 0.004054565581755014 162
1780857888677 0.0040561169195643745 163
1780857888678 0.004044324012138532 164
1780857888680 0.004032895259952056 165
1780857888681 0.004027329161326634 166
