1780857888242 0.25654559664428234 1
1780857888244 0.2015722893178463 2
1780857888245 0.16066944926977159 3
1780857888247 0.13092663381248712 4
1780857888248 0.10751679088920355 5
1780857888249 0.08870398044586182 6
1780857888250 0.07340165169909596 7
1780857888252 0.06107571393251419 8
1780857888253 0.051274840477854015 9
1780857888254 0.043504256140440706 10
1780857888256 0.03729083404876292 11
1780857888257 0.03226734463125467 12
1780857888258 0.02815792500972748 13
1780857888259 0.024711996419355273 14
1780857888261 0.02188038400374353 15
1780857888262 0.01943396411836147 16
1780857888263 0.017471921714022755 17
1780857888265 0.015668764053843917 18
1780857888266 0.014269857229664921 19
1780857888267 0.012859145756810903 20
1780857888268 0.011786605902016163 21
1780857888270 0.010741988206282258 22
1780857888271 0.009867093826178461 23
1780857888272 0.009115610895678401 24
1780857888274 0.00836156657896936 25
1780857888275 0.007848722506314515 26
1780857888276 0.007272494973149151 27
1780857888277 0.006899917374830693 28
1780857888279 0.006376876340946183 29
1780857888280 0.006177543788217008 30
1780857888281 0.005870637691114098 31
1780857888283 0.005506445791106671 32
1780857888284 0.0053901568532455715 33
1780857888285 0.005236717871157453 34
1780857888286 0.004970704498700798 35
1780857888288 0.004856456590350717 36
1780857888289 0.004688784723402933 37
1780857888290 0.004552786418935284 38
1780857888292 0.004562090485123917 39
1780857888293 0.004393024182645604 40
1780857888294 0.004290176929789596 41
1780857888295 0.00423480286845006 42
1780857888297 0.004124281032709405 43
1780857888298 0.0040522538934601475 44
1780857888299 0.004040215670247562 45
1780857888301 0.003936573000974022 46
1780857888302 0.0039000528183532877 47
1780857888303 0.003929745075874962 48
1780857888304 0.003843472398002632 49
1780857888306 0.0037163446622435004 50
1780857888307 0.003698791326605715 51
1780857888308 0.0037171212327666583 52
1780857888310 0.0035502706648549067 53
1780857888311 0.00348836604913231 54
1780857888312 0.0034975783072877676 55
1780857888313 0.003424282684864011 56
1780857888315 0.0035151240875711666 57
1780857888316 0.003509521124942694 58
1780857888317 0.003380183462286368 59
1780857888319 0.0033767063374398275 60
1780857888320 0.0033749858368537387 61
1780857888321 0.0034975104025215843 62
1780857888323 0.003305416556249838 63
1780857888324 0.0033299833876662887 64
1780857888325 0.003253324012621306 65
1780857888326 0.003143174631986767 66
1780857888328 0.0032733493388514036 67
1780857888329 0.003251742713910062 68
1780857888330 0.003121377151692286 69
1780857888331 0.003220398785488214 70
1780857888333 0.003088878782291431 71
1780857888334 0.0031187960613169707 72
1780857888335 0.0031517925637308507 73
1780857888337 0.0030341483530355617 74
1780857888338 0.0030660580313997344 75
1780857888339 0.0030729425136814827 76
1780857888340 0.0029774684851872736 77
1780857888342 0.003005522752937395 78
1780857888343 0.00302985908347182 79
1780857888344 0.003073113308928441 80
1780857888346 0.002983900194230955 81
1780857888347 0.003077357650909107 82
1780857888348 0.0029183061930234543 83
1780857888349 0.002907465092284838 84
1780857888351 0.002877294463396538 85
1780857888352 0.002951186747959582 86
1780857888353 0.002924049751018174 87
1780857888355 0.002810706346936058 88
1780857888356 0.0029757035820512103 89
1780857888357 0.0028745177219389006 90
1780857888358 0.002951102759980131 91
1780857888360 0.0028187948503182268 92
1780857888361 0.0029330166170257145 93
1780857888362 0.002815218626346905 94
1780857888363 0.002862490670522675 95
1780857888365 0.0028774671073188074 96
1780857888366 0.002777362872438971 97
1780857888367 0.002897515904332977 98
1780857888369 0.002873346941487398 99
1780857888370 0.002866801335767377 100
1780857888371 0.002782795478706248 101
1780857888372 0.0027791310954489745 102
1780857888374 0.00297173661107081 103
1780857888375 0.0028043105555116197 104
1780857888376 0.002857181814615615 105
1780857888378 0.0028061141454963946 106
1780857888379 0.002851136426033918 107
1780857888380 0.002833939116098918 108
1780857888381 0.0028019797446904703 109
1780857888383 0.0027986216498538854 110
1780857888384 0.0028476998492260462 111
1780857888385 0.002905491710698698 112
1780857888387 0.0028519772780418863 113
1780857888388 0.002742725840798812 114
1780857888389 0.0028330805446603337 115
1780857888390 0.002925238392344909 116
1780857888392 0.0027047139406204223 117
1780857888393 0.0028434020877466538 118
1780857888394 0.0028125550181721335 119
1780857888396 0.002763569210364949 120
1780857888397 0.002794953403936233 121
1780857888398 0.0027111361877177843 122
1780857888399 0.002770745415327838 123
1780857888401 0.0028077165567083283 124
1780857888402 0.002753706226940267 125
1780857888403 0.0027503269849694333 126
1780857888405 0.0028177914099069314 127
1780857888406 0.0027862625280977225 128
1780857888407 0.00275926501271897 129
1780857888408 0.0028127144651080016 130
1780857888410 0.0028769757671398112 131
1780857888411 0.0027902221342083065 132
1780857888412 0.002744486666051671 133
1780857888414 0.0027430935529991984 134
1780857888415 0.002786543160036672 135
1780857888416 0.0027805359801277517 136
1780857888418 0.0027950169771793296 137
1780857888419 0.002793691085244063 138
1780857888420 0.002689070313354023 139
1780857888421 0.002844178925297456 140
1780857888423 0.0026604865686385894 141
1780857888424 0.0027314984520489818 142
1780857888425 0.0026634982305404264 143
1780857888427 0.0026921516851871274 144
1780857888428 0.0026756611379096283 145
1780857888429 0.002786540405359119 146
1780857888430 0.0026914252655114977 147
1780857888432 0.0027717513831157703 148
1780857888433 0.0028184321700246073 149
1780857888434 0.0025540760421426966 150
1780857888435 0.0028029197885189204 151
1780857888437 0.0027626637948560528 152
1780857888438 0.002767889073002152 153
1780857888439 0.0027594851469621064 154
1780857888441 0.002575374721927801 155
1780857888442 0.0027495573376654647 156
1780857888443 0.0027686255291337145 157
1780857888445 0.0028803230462654027 158
1780857888446 0.0028370812826324253 159
1780857888447 0.002758478396863211 160
1780857888448 0.0027733873468241653 161
1780857888450 0.00275583426351659 162
1780857888451 0.002713470155140385 163
1780857888452 0.002848774837038945 164
1780857888454 0.002648045381938573 165
1780857888455 0.0028391533010290004 166
