1780314199035 0.1798286037830015 1
1780314199037 0.06272649274518093 2
1780314199038 0.026643920907129845 3
1780314199039 0.015097834526871641 4
1780314199040 0.010097858870479589 5
1780314199041 0.0075808146056563904 6
1780314199043 0.006079365294620705 7
1780314199044 0.00497764945612289 8
1780314199045 0.004115945812858021 9
1780314199046 0.0036391944202478045 10
1780314199047 0.0034026847177301535 11
1780314199049 0.0029405314426791543 12
1780314199050 0.002666211536658617 13
1780314199051 0.002449291253287811 14
1780314199052 0.0022483665597974323 15
1780314199053 0.0021981501449772622 16
1780314199055 0.002096148510463536 17
1780314199056 0.002019384586067948 18
1780314199057 0.0019139675942521231 19
1780314199058 0.0018319899189615776 20
1780314199059 0.0017721381404650553 21
1780314199061 0.0017493652701280856 22
1780314199062 0.0017675515045993961 23
1780314199063 0.0017218955506299002 24
1780314199064 0.0016522052260067237 25
1780314199065 0.0015836957808157118 26
1780314199067 0.0015105988989186395 27
1780314199068 0.0014765784491222198 28
1780314199069 0.001464023714167221 29
1780314199070 0.0014171055841870838 30
1780314199071 0.0014120561742553643 31
1780314199073 0.0014483686437112434 32
1780314199074 0.0014172572925114462 33
1780314199075 0.0014361115924354333 34
1780314199076 0.0013665683244956503 35
1780314199078 0.0013541323700337672 36
1780314199079 0.0012866902058400835 37
1780314199080 0.001286268525836931 38
1780314199082 0.0013510022559785283 39
1780314199083 0.001264812065831696 40
1780314199084 0.0012527603124908638 41
1780314199085 0.001244457662505738 42
1780314199086 0.0012417456608697344 43
1780314199087 0.0012344443344773025 44
1780314199089 0.0012339935139607406 45
1780314199090 0.001210824570262048 46
1780314199091 0.0011664318017210462 47
1780314199092 0.0011594642979616764 48
1780314199093 0.0011787959359935486 49
1780314199095 0.0012011877085266558 50
1780314199096 0.0012871476460835159 51
1780314199097 0.0012539333015714267 52
1780314199098 0.0011572177868705087 53
1780314199099 0.0011042429499866558 54
1780314199101 0.0010871587283569776 55
1780314199102 0.001104534671503643 56
1780314199103 0.0011110464118246454 57
1780314199104 0.001095204740401338 58
1780314199105 0.0011032584730249558 59
1780314199106 0.001064609752211254 60
1780314199108 0.0010823237243433445 61
1780314199109 0.0010961368782470041 62
1780314199110 0.0010819828725895301 63
1780314199111 0.0010589598642885298 64
1780314199112 0.0010392039238771153 65
1780314199114 0.0010231714603529932 66
1780314199115 0.00104639122964727 67
1780314199116 0.0010848780647696307 68
1780314199117 0.001041488534610835 69
1780314199118 0.0010212285262241494 70
1780314199120 0.0010297884521908902 71
1780314199121 0.0010115178402581174 72
1780314199122 0.0010148931922230986 73
1780314199123 0.0010167729182285258 74
1780314199124 0.0009968065043722163 75
