1780314192650 0.19886443346738816 1
1780314192652 0.15699536465108394 2
1780314192655 0.12519364118576048 3
1780314192657 0.10033667426556349 4
1780314192659 0.0808625678345561 5
1780314192662 0.06579897874966263 6
1780314192664 0.05404931984841824 7
1780314192666 0.044742933697998526 8
1780314192669 0.03733252441510558 9
1780314192671 0.03136414680629969 10
1780314192673 0.026572993118315937 11
1780314192676 0.022662765318527817 12
1780314192678 0.019475841568782924 13
1780314192681 0.016860545314848423 14
1780314192683 0.014681991226971149 15
1780314192685 0.012854218226857483 16
1780314192688 0.011325575946830212 17
1780314192690 0.010072109943721444 18
1780314192692 0.008982167898211628 19
1780314192695 0.008047532909549772 20
1780314192697 0.00726697874488309 21
1780314192699 0.006617263443768024 22
1780314192702 0.0060065148049034175 23
1780314192704 0.005493008156772703 24
1780314192706 0.00503136187326163 25
1780314192709 0.00465125386370346 26
1780314192711 0.004365215618163347 27
1780314192714 0.004036892047151923 28
1780314192716 0.003735933002317324 29
1780314192718 0.0034997851483058186 30
1780314192721 0.003279839619062841 31
1780314192723 0.0030890089500462637 32
1780314192725 0.0029192331980448217 33
1780314192728 0.002765875040786341 34
1780314192730 0.002640553595265374 35
1780314192732 0.002524016762035899 36
1780314192735 0.0024282035301439464 37
1780314192737 0.002338385080220178 38
1780314192750 0.0022426920087309553 39
1780314192753 0.0021451230079401282 40
1780314192755 0.0020519260116270742 41
1780314192757 0.0019883581588510425 42
1780314192760 0.0019335277256323025 43
1780314192762 0.0019099448359338566 44
1780314192764 0.001852690646192059 45
1780314192767 0.0017833618173608557 46
1780314192769 0.0017285687394905836 47
1780314192771 0.0016923347578267566 48
1780314192774 0.0016487900403444654 49
1780314192776 0.0016244944592472166 50
1780314192778 0.0016035957692656666 51
1780314192781 0.001556223553052405 52
1780314192783 0.0015221284446306526 53
1780314192785 0.001506306125666015 54
1780314192788 0.0014960398781113326 55
1780314192790 0.0014892624295316636 56
1780314192792 0.001456112765299622 57
1780314192795 0.0014546450432681012 58
1780314192797 0.0014202629304782021 59
1780314192799 0.0014014410084928386 60
1780314192802 0.0013846687191107776 61
1780314192804 0.0013632212062657345 62
1780314192807 0.001350786409821012 63
1780314192809 0.001345636105252197 64
1780314192811 0.0013485953101189808 65
1780314192814 0.0013195096589333844 66
1780314192816 0.001296895168343326 67
1780314192818 0.0012793521963612876 68
1780314192821 0.0012543083489435958 69
1780314192823 0.0012371980180614628 70
1780314192825 0.0012268342763127294 71
1780314192828 0.001219481856096536 72
1780314192830 0.001213211069625686 73
1780314192832 0.001207957780061406 74
1780314192835 0.0012020915078755933 75
1780314192837 0.0011975565985630965 76
1780314192839 0.0011956408846162958 77
1780314192842 0.001197178774382337 78
1780314192844 0.0012023624120047316 79
1780314192846 0.0012017347200162477 80
1780314192849 0.0011973889397631865 81
1780314192851 0.0011833621030382347 82
1780314192853 0.0011708687995997025 83
1780314192856 0.00116278140063514 84
1780314192858 0.0011568828846793622 85
1780314192860 0.0011506946936424357 86
1780314192863 0.001150033977610292 87
1780314192865 0.0011447391882393276 88
1780314192868 0.0011337132505286718 89
1780314192870 0.0011296926971408538 90
1780314192872 0.0011266301100840792 91
1780314192875 0.0011239568017481362 92
1780314192877 0.0011216086406057003 93
1780314192880 0.0011191669515392278 94
1780314192882 0.001116871501217247 95
1780314192884 0.0011146737973467679 96
1780314192887 0.0011110089117573807 97
1780314192889 0.0011088575535541168 98
