1782635101516 0.0 1
1782635101517 0.0 2
1782635101518 0.0 3
1782635101519 0.0 4
1782635101520 0.0 5
1782635101521 0.0 6
1782635101522 0.0 7
1782635101523 0.0 8
1782635101525 0.0 9
1782635101526 0.0 10
1782635101527 0.0 11
1782635101528 0.0 12
1782635101529 0.0 13
1782635101530 0.0 14
1782635101531 0.0 15
1782635101532 0.0 16
1782635101533 0.0 17
1782635101534 0.0 18
1782635101535 0.0 19
1782635101537 0.0 20
1782635101538 0.0 21
1782635101539 0.0 22
1782635101540 0.0 23
1782635101541 0.0 24
1782635101542 0.0 25
1782635101543 0.0 26
1782635101544 0.0 27
1782635101545 0.0 28
1782635101546 0.0 29
1782635101547 0.0 30
1782635101548 0.0 31
1782635101549 0.0 32
1782635101550 0.0 33
1782635101551 0.0 34
1782635101552 0.0 35
1782635101553 0.0 36
1782635101554 0.0 37
1782635101555 0.0 38
1782635101556 0.0 39
1782635101557 0.0 40
1782635101558 0.0 41
1782635101558 0.0 42
1782635101559 0.0 43
1782635101560 0.0 44
1782635101561 0.0 45
1782635101563 0.0 46
1782635101564 0.0 47
1782635101565 0.0 48
1782635101565 0.0 49
1782635101566 0.0 50
1782635101567 0.0 51
1782635101568 0.0 52
1782635101569 0.0 53
1782635101570 0.0 54
1782635101571 0.0 55
1782635101572 0.0 56
1782635101573 0.0 57
1782635101574 0.0 58
1782635101575 0.0 59
1782635101575 0.0 60
1782635101576 0.0 61
1782635101577 0.0 62
1782635101578 0.0 63
1782635101580 0.0 64
1782635101581 0.0 65
1782635101582 0.0 66
1782635101582 0.0 67
1782635101583 0.0 68
1782635101585 0.0 69
1782635101586 0.0 70
1782635101587 0.0 71
1782635101588 0.0 72
1782635101589 0.0 73
1782635101590 0.0 74
1782635101591 0.0 75
1782635101592 0.0 76
1782635101593 0.0 77
1782635101594 0.0 78
1782635101595 0.0 79
1782635101596 0.0 80
