1782635101341 0.1806286359205842 1
1782635101342 0.06451104504987598 2
1782635101343 0.028432429479435087 3
1782635101345 0.015707760704681276 4
1782635101346 0.010474025101866574 5
1782635101347 0.008019531578756869 6
1782635101348 0.006221363735385239 7
1782635101349 0.0051959727914072575 8
1782635101350 0.004313439496327192 9
1782635101351 0.003662728042108938 10
1782635101352 0.0032529288885416465 11
1782635101353 0.002895941047463566 12
1782635101354 0.0026702293974813075 13
1782635101355 0.002428959149401635 14
1782635101357 0.0022474381455685945 15
1782635101358 0.0021628155949292706 16
1782635101359 0.00194104303693166 17
1782635101360 0.0018243207197519951 18
1782635101361 0.0017051309312228113 19
1782635101362 0.001655400085146539 20
1782635101363 0.0016256334347417578 21
1782635101364 0.001576310215459671 22
1782635101365 0.0015398286070558243 23
1782635101367 0.001533628853940172 24
1782635101368 0.0014520442813227418 25
1782635101369 0.001475091632892145 26
1782635101370 0.0014348893603892065 27
1782635101371 0.0014137389246025123 28
1782635101372 0.0013679310977749992 29
1782635101373 0.0012682872492587195 30
1782635101374 0.0012373066645523067 31
1782635101375 0.0011865393733023666 32
1782635101376 0.0011384734243620187 33
1782635101378 0.0010849727141612675 34
1782635101379 0.0010561778528790455 35
1782635101380 0.0010376529340283013 36
1782635101381 0.001025195629845257 37
1782635101382 0.0010143873283232096 38
1782635101383 0.0009975547091744374 39
1782635101384 0.0009737832811515545 40
1782635101385 0.0009556444417830789 41
1782635101386 0.0009454145530617097 42
1782635101387 0.0009366170071007219 43
1782635101388 0.0009280807695904513 44
1782635101390 0.0009207178553333506 45
1782635101391 0.0009125273201061646 46
1782635101392 0.000906294178639655 47
1782635101393 0.0009052247442741646 48
1782635101394 0.0009085388673702255 49
1782635101395 0.000900478525654762 50
1782635101396 0.0008931575598398922 51
1782635101397 0.0008790039500308921 52
1782635101398 0.0008723613870097324 53
1782635101399 0.0008659516229818109 54
1782635101400 0.0008581577687436948 55
1782635101402 0.0008497195578092942 56
1782635101403 0.0008401183498062892 57
1782635101404 0.0008255084920529044 58
1782635101405 0.0008147222211846384 59
1782635101406 0.0008089561900123954 60
1782635101407 0.0008051054643874522 61
1782635101408 0.0008018183577951277 62
1782635101409 0.0007983150632935576 63
1782635101410 0.0007947588451497722 64
1782635101411 0.0007886861635779496 65
1782635101412 0.0007857284360943595 66
1782635101414 0.0007838295847614063 67
1782635101415 0.0007818045522435569 68
1782635101416 0.0007797892978123855 69
1782635101417 0.000777713087045413 70
1782635101418 0.0007758343621753739 71
1782635101419 0.0007724341002904112 72
1782635101420 0.0007711203027429292 73
1782635101421 0.0007700733936508186 74
1782635101422 0.000768956272113428 75
1782635101423 0.000767842621426098 76
1782635101424 0.0007668076479967567 77
1782635101426 0.0007657814766207593 78
1782635101427 0.0007638018818033743 79
1782635101428 0.0007631376376957633 80
