1782635101597 0.0 1
1782635101599 0.0 2
1782635101600 0.0 3
1782635101600 0.0 4
1782635101601 0.0 5
1782635101602 0.0 6
1782635101603 0.0 7
1782635101604 0.0 8
1782635101605 0.0 9
1782635101606 0.0 10
1782635101607 0.0 11
1782635101608 0.0 12
1782635101609 0.0 13
1782635101610 0.0 14
1782635101611 0.0 15
1782635101612 0.0 16
1782635101613 0.0 17
1782635101614 0.0 18
1782635101615 0.0 19
1782635101616 0.0 20
1782635101616 0.0 21
1782635101617 0.0 22
1782635101618 0.0 23
1782635101619 0.0 24
1782635101620 0.0 25
1782635101621 0.0 26
1782635101622 0.0 27
1782635101623 0.0 28
1782635101624 0.0 29
1782635101626 0.0 30
1782635101627 0.0 31
1782635101628 0.0 32
1782635101629 0.0 33
1782635101630 0.0 34
1782635101631 0.0 35
1782635101632 0.0 36
1782635101633 0.0 37
1782635101634 0.0 38
1782635101635 0.0 39
1782635101636 0.0 40
1782635101637 0.0 41
1782635101638 0.0 42
1782635101639 0.0 43
1782635101641 0.0 44
1782635101642 0.0 45
1782635101643 0.0 46
1782635101643 0.0 47
1782635101644 0.0 48
1782635101645 0.0 49
1782635101646 0.0 50
1782635101647 0.0 51
1782635101648 0.0 52
1782635101649 0.0 53
1782635101650 0.0 54
1782635101651 0.0 55
1782635101652 0.0 56
1782635101653 0.0 57
1782635101654 0.0 58
1782635101654 0.0 59
1782635101655 0.0 60
1782635101657 0.0 61
1782635101658 0.0 62
1782635101659 0.0 63
1782635101660 0.0 64
1782635101661 0.0 65
1782635101662 0.0 66
1782635101662 0.0 67
1782635101663 0.0 68
1782635101664 0.0 69
1782635101665 0.0 70
1782635101666 0.0 71
1782635101667 0.0 72
1782635101668 0.0 73
1782635101669 0.0 74
1782635101670 0.0 75
1782635101671 0.0 76
1782635101672 0.0 77
1782635101673 0.0 78
1782635101674 0.0 79
1782635101675 0.0 80
