1782546441047 0.0 1
1782546441048 0.0 2
1782546441049 0.0 3
1782546441050 0.0 4
1782546441051 0.0 5
1782546441052 0.0 6
1782546441053 0.0 7
1782546441054 0.0 8
1782546441055 0.0 9
1782546441056 0.0 10
1782546441057 0.0 11
1782546441058 0.0 12
1782546441059 0.0 13
1782546441060 0.0 14
1782546441061 0.0 15
1782546441062 0.0 16
1782546441063 0.0 17
1782546441064 0.0 18
1782546441065 0.0 19
1782546441066 0.0 20
1782546441067 0.0 21
1782546441069 0.0 22
1782546441070 0.0 23
1782546441071 0.0 24
1782546441072 0.0 25
1782546441073 0.0 26
1782546441074 0.0 27
1782546441075 0.0 28
1782546441076 0.0 29
1782546441077 0.0 30
1782546441078 0.0 31
1782546441079 0.0 32
1782546441080 0.0 33
1782546441081 0.0 34
1782546441082 0.0 35
1782546441083 0.0 36
1782546441084 0.0 37
1782546441085 0.0 38
1782546441086 0.0 39
1782546441087 0.0 40
1782546441088 0.0 41
1782546441089 0.0 42
1782546441090 0.0 43
1782546441091 0.0 44
1782546441092 0.0 45
1782546441093 0.0 46
1782546441094 0.0 47
1782546441095 0.0 48
1782546441096 0.0 49
1782546441097 0.0 50
1782546441098 0.0 51
1782546441099 0.0 52
1782546441100 0.0 53
1782546441101 0.0 54
1782546441103 0.0 55
1782546441104 0.0 56
1782546441104 0.0 57
1782546441105 0.0 58
1782546441106 0.0 59
1782546441107 0.0 60
1782546441108 0.0 61
1782546441109 0.0 62
1782546441110 0.0 63
1782546441111 0.0 64
1782546441112 0.0 65
1782546441113 0.0 66
1782546441114 0.0 67
