1782546440977 0.0 1
1782546440978 0.0 2
1782546440979 0.0 3
1782546440980 0.0 4
1782546440981 0.0 5
1782546440982 0.0 6
1782546440983 0.0 7
1782546440985 0.0 8
1782546440986 0.0 9
1782546440987 0.0 10
1782546440988 0.0 11
1782546440989 0.0 12
1782546440990 0.0 13
1782546440991 0.0 14
1782546440992 0.0 15
1782546440993 0.0 16
1782546440994 0.0 17
1782546440995 0.0 18
1782546440996 0.0 19
1782546440997 0.0 20
1782546440998 0.0 21
1782546440999 0.0 22
1782546441000 0.0 23
1782546441001 0.0 24
1782546441002 0.0 25
1782546441003 0.0 26
1782546441004 0.0 27
1782546441005 0.0 28
1782546441006 0.0 29
1782546441007 0.0 30
1782546441008 0.0 31
1782546441009 0.0 32
1782546441010 0.0 33
1782546441011 0.0 34
1782546441012 0.0 35
1782546441013 0.0 36
1782546441014 0.0 37
1782546441015 0.0 38
1782546441017 0.0 39
1782546441018 0.0 40
1782546441019 0.0 41
1782546441020 0.0 42
1782546441021 0.0 43
1782546441022 0.0 44
1782546441023 0.0 45
1782546441024 0.0 46
1782546441025 0.0 47
1782546441026 0.0 48
1782546441027 0.0 49
1782546441028 0.0 50
1782546441029 0.0 51
1782546441030 0.0 52
1782546441031 0.0 53
1782546441032 0.0 54
1782546441033 0.0 55
1782546441034 0.0 56
1782546441035 0.0 57
1782546441036 0.0 58
1782546441037 0.0 59
1782546441038 0.0 60
1782546441039 0.0 61
1782546441040 0.0 62
1782546441041 0.0 63
1782546441042 0.0 64
1782546441043 0.0 65
1782546441045 0.0 66
1782546441046 0.0 67
