1780314194401 0.2311792851984501 1
1780314194403 0.18867313362658023 2
1780314194406 0.15688349664211274 3
1780314194408 0.12988789431750775 4
1780314194411 0.1073489548265934 5
1780314194413 0.08872281733900308 6
1780314194415 0.07284501587972045 7
1780314194418 0.059074495788663625 8
1780314194420 0.04820217426866293 9
1780314194426 0.039683203604072334 10
1780314194428 0.03305893313139677 11
1780314194430 0.027966578248888253 12
1780314194433 0.023949633091688155 13
1780314194435 0.020517753288149834 14
1780314194437 0.01787873920518905 15
1780314194440 0.015561939710751175 16
1780314194442 0.013623241498135031 17
1780314194445 0.01201792419422418 18
1780314194447 0.010683545246720313 19
1780314194450 0.00957427847897634 20
1780314194452 0.00859831074718386 21
1780314194455 0.007750025894492865 22
1780314194458 0.007121794808190316 23
1780314194460 0.006386776964645833 24
1780314194463 0.005820327360415831 25
1780314194465 0.005350638839881867 26
1780314194468 0.004934207079932093 27
1780314194470 0.004535117793129757 28
1780314194473 0.004217798033496365 29
1780314194475 0.003934150608256459 30
1780314194478 0.0036759850231464952 31
1780314194480 0.0034370171127375217 32
1780314194482 0.003232253026217222 33
1780314194485 0.0030464551888871936 34
1780314194487 0.002903725329088047 35
1780314194490 0.002738877119263634 36
1780314194492 0.0026329292386071757 37
1780314194494 0.002513769611250609 38
1780314194497 0.0023941474634921176 39
1780314194499 0.002288323791581206 40
1780314194501 0.0021908125444315375 41
1780314194504 0.0020987511944258585 42
1780314194506 0.0020598326105391606 43
1780314194509 0.0019687233527656643 44
1780314194511 0.0019090410610078834 45
1780314194514 0.0018298034221515991 46
1780314194516 0.0017734146540169604 47
1780314194519 0.0017492975018103608 48
1780314194521 0.0017310550788533874 49
1780314194524 0.0016907245936454273 50
1780314194542 0.0016589351641596295 51
1780314194545 0.0016285277396673337 52
1780314194547 0.0015885344211710617 53
1780314194550 0.00153534140335978 54
1780314194552 0.0014936818247952032 55
1780314194554 0.00148632742871996 56
1780314194557 0.0014831194562430028 57
1780314194559 0.0014765406922379043 58
1780314194561 0.0014552942373848054 59
1780314194564 0.0014429820132500026 60
1780314194566 0.0014079932268941775 61
1780314194568 0.001377841250941856 62
1780314194571 0.0013595902250381187 63
1780314194573 0.0013486268861743157 64
1780314194575 0.001347305002855137 65
1780314194578 0.00134354960253404 66
1780314194580 0.0013323865570419003 67
1780314194582 0.001325138032261748 68
1780314194585 0.0013123844922665738 69
1780314194587 0.0012922776866616914 70
1780314194589 0.001278046901061316 71
1780314194592 0.0012583363668818492 72
1780314194594 0.0012415796720597427 73
1780314194597 0.001228415918594692 74
1780314194599 0.0012311801567557268 75
1780314194601 0.0012269994685630082 76
1780314194604 0.001220949619601015 77
1780314194606 0.001228629013785394 78
1780314194608 0.0011945081823068904 79
1780314194611 0.0011565859811526024 80
1780314194613 0.0011451048060553148 81
1780314194615 0.0011359404039831135 82
1780314194618 0.0011299241906090173 83
1780314194620 0.0011240796568017686 84
1780314194622 0.0011193059133074712 85
1780314194625 0.0011152552795101656 86
1780314194627 0.001112175271337037 87
1780314194629 0.0011050465174776037 88
1780314194632 0.0010992166875803378 89
