1782676741911 0.0 1
1782676741912 0.0 2
1782676741913 0.0 3
1782676741914 0.0 4
1782676741916 0.0 5
1782676741917 0.0 6
1782676741918 0.0 7
1782676741919 0.0 8
1782676741920 0.0 9
1782676741921 0.0 10
1782676741922 0.0 11
1782676741923 0.0 12
1782676741924 0.0 13
1782676741925 0.0 14
1782676741926 0.0 15
1782676741927 0.0 16
1782676741929 0.0 17
1782676741930 0.0 18
1782676741931 0.0 19
1782676741932 0.0 20
1782676741933 0.0 21
1782676741934 0.0 22
1782676741935 0.0 23
1782676741936 0.0 24
1782676741937 0.0 25
1782676741938 0.0 26
1782676741939 0.0 27
1782676741940 0.0 28
1782676741941 0.0 29
1782676741942 0.0 30
1782676741944 0.0 31
1782676741945 0.0 32
1782676741946 0.0 33
1782676741947 0.0 34
1782676741948 0.0 35
1782676741949 0.0 36
1782676741950 0.0 37
1782676741951 0.0 38
1782676741952 0.0 39
1782676741953 0.0 40
1782676741954 0.0 41
1782676741955 0.0 42
1782676741956 0.0 43
1782676741958 0.0 44
1782676741959 0.0 45
1782676741960 0.0 46
1782676741961 0.0 47
1782676741962 0.0 48
1782676741963 0.0 49
1782676741964 0.0 50
1782676741965 0.0 51
1782676741966 0.0 52
1782676741967 0.0 53
1782676741968 0.0 54
1782676741969 0.0 55
1782676741970 0.0 56
1782676741972 0.0 57
1782676741973 0.0 58
1782676741974 0.0 59
1782676741975 0.0 60
1782676741976 0.0 61
1782676741977 0.0 62
1782676741978 0.0 63
1782676741979 0.0 64
