1782676741773 0.09788146450184286 1
1782676741774 0.018259299588389694 2
1782676741775 0.00815051878336817 3
1782676741776 0.005348164957249537 4
1782676741777 0.003939525030436926 5
1782676741778 0.003155404398567043 6
1782676741779 0.0027352266432717444 7
1782676741780 0.002192489349690732 8
1782676741782 0.002044834986445494 9
1782676741783 0.0019189217063831166 10
1782676741784 0.0018301711534149945 11
1782676741785 0.0017555194534361362 12
1782676741786 0.0016486940228787716 13
1782676741787 0.0015019860143365804 14
1782676741788 0.0014053832575154955 15
1782676741789 0.0013801845369744116 16
1782676741790 0.0013654533625231124 17
1782676741791 0.0013355281963595188 18
1782676741792 0.001442128508206224 19
1782676741793 0.0013815298498957417 20
1782676741795 0.001245294333784841 21
1782676741796 0.0012670014274772257 22
1782676741797 0.0012302559304225725 23
1782676741798 0.0011953762971825199 24
1782676741799 0.0011805843184265542 25
1782676741800 0.0011234571623936062 26
1782676741801 0.0011097172544396016 27
1782676741802 0.00113481015090656 28
1782676741803 0.001094172142475145 29
1782676741804 0.001079522773361532 30
1782676741805 0.001063536609435687 31
1782676741806 0.0011847892130026595 32
1782676741807 0.001127561139219324 33
1782676741809 0.0010793412861676188 34
1782676741810 0.0010448970061406725 35
1782676741811 0.0010830702493694845 36
1782676741812 0.0010517008873284794 37
1782676741813 0.001018998186555109 38
1782676741814 0.0009576437470241217 39
1782676741815 0.0009404951491887914 40
1782676741816 0.0009574521989270579 41
1782676741817 0.0008943387948238524 42
1782676741818 0.0008366352455777815 43
1782676741819 0.0008133419238220086 44
1782676741821 0.0007999964658301906 45
1782676741822 0.0007929195995166082 46
1782676741823 0.0007902024636496208 47
1782676741824 0.0007857734733261168 48
1782676741825 0.000774665818134963 49
1782676741826 0.0007575306865692255 50
1782676741827 0.0007505008392763557 51
1782676741828 0.0007443493891696562 52
1782676741829 0.000739514363121998 53
1782676741830 0.0007356483232069877 54
1782676741831 0.0007337527543495526 55
1782676741832 0.0007299540431995411 56
1782676741833 0.0007213086325282347 57
1782676741834 0.0007171052453122683 58
1782676741836 0.0007140846373295063 59
1782676741837 0.0007115071946464013 60
1782676741838 0.0007088436514823116 61
1782676741839 0.0007061452929337975 62
1782676741840 0.0007021946402164758 63
1782676741841 0.0007000482883449876 64
