1782676741980 0.0 1
1782676741981 0.0 2
1782676741982 0.0 3
1782676741983 0.0 4
1782676741985 0.0 5
1782676741986 0.0 6
1782676741987 0.0 7
1782676741988 0.0 8
1782676741989 0.0 9
1782676741990 0.0 10
1782676741991 0.0 11
1782676741992 0.0 12
1782676741993 0.0 13
1782676741994 0.0 14
1782676741995 0.0 15
1782676741996 0.0 16
1782676741998 0.0 17
1782676741999 0.0 18
1782676742000 0.0 19
1782676742001 0.0 20
1782676742002 0.0 21
1782676742003 0.0 22
1782676742004 0.0 23
1782676742005 0.0 24
1782676742006 0.0 25
1782676742007 0.0 26
1782676742008 0.0 27
1782676742009 0.0 28
1782676742010 0.0 29
1782676742011 0.0 30
1782676742012 0.0 31
1782676742013 0.0 32
1782676742014 0.0 33
1782676742015 0.0 34
1782676742017 0.0 35
1782676742018 0.0 36
1782676742019 0.0 37
1782676742020 0.0 38
1782676742021 0.0 39
1782676742022 0.0 40
1782676742023 0.0 41
1782676742024 0.0 42
1782676742025 0.0 43
1782676742026 0.0 44
1782676742027 0.0 45
1782676742028 0.0 46
1782676742029 0.0 47
1782676742030 0.0 48
1782676742031 0.0 49
1782676742032 0.0 50
1782676742033 0.0 51
1782676742034 0.0 52
1782676742035 0.0 53
1782676742037 0.0 54
1782676742038 0.0 55
1782676742039 0.0 56
1782676742040 0.0 57
1782676742041 0.0 58
1782676742042 0.0 59
1782676742043 0.0 60
1782676742044 0.0 61
1782676742045 0.0 62
1782676742046 0.0 63
1782676742047 0.0 64
