1785295386347 0.06903237655758858 1
1785295386349 0.008544952633092179 2
1785295386350 0.005177672362187877 3
1785295386351 0.003883957155630924 4
1785295386352 0.003229447900666855 5
1785295386354 0.002922616001451388 6
1785295386355 0.002691822747583501 7
1785295386356 0.002415974020550493 8
1785295386358 0.002345401301572565 9
1785295386359 0.0021273425518302247 10
1785295386360 0.002098521856823936 11
1785295386361 0.0020118287912919185 12
1785295386363 0.0018885221368691418 13
1785295386364 0.0018956085731042548 14
1785295386365 0.0018217940357862972 15
1785295386366 0.0017847976576013025 16
1785295386368 0.0017751982602931093 17
1785295386369 0.0016911493842781055 18
1785295386370 0.001710255514481105 19
1785295386371 0.0018743282981449737 20
1785295386373 0.0017394753264670727 21
1785295386374 0.0018220894942351151 22
1785295386375 0.0016538657313503792 23
1785295386377 0.0015556777434539981 24
1785295386378 0.0015216725824575405 25
1785295386379 0.0014301586066721938 26
1785295386380 0.0013609153871948366 27
1785295386382 0.001331148024473805 28
1785295386383 0.0013124810276349307 29
1785295386384 0.0012910026501049287 30
1785295386385 0.001274964731055661 31
1785295386387 0.0012659719857038 32
1785295386388 0.0012605461034399922 33
1785295386389 0.0012914196250494569 34
1785295386390 0.0012850380386225878 35
1785295386392 0.0012894487817538903 36
1785295386393 0.0012586946909141261 37
1785295386394 0.0012080941384192557 38
1785295386395 0.0011616658927960089 39
1785295386397 0.0011467255034222036 40
1785295386398 0.0011352707278274466 41
1785295386399 0.0011263607874570881 42
1785295386400 0.0011116955450415843 43
1785295386402 0.0011059382421080954 44
1785295386403 0.0011010397646168712 45
1785295386404 0.0010965523088816553 46
1785295386405 0.0010918934490473475 47
1785295386407 0.00108437522125314 48
1785295386408 0.001081448434269987 49
1785295386409 0.0010790320369414984 50
1785295386411 0.0010762368523865007 51
1785295386412 0.0010735886129259597 52
