1785295386478 0.0 1
1785295386480 0.0 2
1785295386481 0.0 3
1785295386482 0.0 4
1785295386483 0.0 5
1785295386485 0.0 6
1785295386486 0.0 7
1785295386487 0.0 8
1785295386488 0.0 9
1785295386490 0.0 10
1785295386491 0.0 11
1785295386492 0.0 12
1785295386493 0.0 13
1785295386495 0.0 14
1785295386496 0.0 15
1785295386497 0.0 16
1785295386498 0.0 17
1785295386500 0.0 18
1785295386501 0.0 19
1785295386502 0.0 20
1785295386503 0.0 21
1785295386505 0.0 22
1785295386506 0.0 23
1785295386507 0.0 24
1785295386508 0.0 25
1785295386510 0.0 26
1785295386511 0.0 27
1785295386512 0.0 28
1785295386513 0.0 29
1785295386515 0.0 30
1785295386516 0.0 31
1785295386517 0.0 32
1785295386518 0.0 33
1785295386520 0.0 34
1785295386521 0.0 35
1785295386522 0.0 36
1785295386523 0.0 37
1785295386525 0.0 38
1785295386526 0.0 39
1785295386527 0.0 40
1785295386528 0.0 41
1785295386530 0.0 42
1785295386531 0.0 43
1785295386532 0.0 44
1785295386533 0.0 45
1785295386535 0.0 46
1785295386536 0.0 47
1785295386537 0.0 48
1785295386538 0.0 49
1785295386539 0.0 50
1785295386541 0.0 51
1785295386542 0.0 52
