1785295386543 0.0 1
1785295386544 0.0 2
1785295386546 0.0 3
1785295386547 0.0 4
1785295386548 0.0 5
1785295386550 0.0 6
1785295386551 0.0 7
1785295386552 0.0 8
1785295386553 0.0 9
1785295386555 0.0 10
1785295386556 0.0 11
1785295386557 0.0 12
1785295386558 0.0 13
1785295386559 0.0 14
1785295386561 0.0 15
1785295386562 0.0 16
1785295386563 0.0 17
1785295386565 0.0 18
1785295386566 0.0 19
1785295386567 0.0 20
1785295386568 0.0 21
1785295386570 0.0 22
1785295386571 0.0 23
1785295386572 0.0 24
1785295386573 0.0 25
1785295386575 0.0 26
1785295386576 0.0 27
1785295386577 0.0 28
1785295386578 0.0 29
1785295386580 0.0 30
1785295386581 0.0 31
1785295386582 0.0 32
1785295386583 0.0 33
1785295386585 0.0 34
1785295386586 0.0 35
1785295386587 0.0 36
1785295386588 0.0 37
1785295386590 0.0 38
1785295386591 0.0 39
1785295386592 0.0 40
1785295386593 0.0 41
1785295386595 0.0 42
1785295386596 0.0 43
1785295386597 0.0 44
1785295386598 0.0 45
1785295386600 0.0 46
1785295386601 0.0 47
1785295386602 0.0 48
1785295386603 0.0 49
1785295386605 0.0 50
1785295386606 0.0 51
1785295386607 0.0 52
