1785189920639 0.0 1
1785189920641 0.0 2
1785189920642 0.0 3
1785189920643 0.0 4
1785189920644 0.0 5
1785189920646 0.0 6
1785189920647 0.0 7
1785189920648 0.0 8
1785189920649 0.0 9
1785189920651 0.0 10
1785189920652 0.0 11
1785189920653 0.0 12
1785189920654 0.0 13
1785189920656 0.0 14
1785189920657 0.0 15
1785189920658 0.0 16
1785189920659 0.0 17
1785189920660 0.0 18
1785189920662 0.0 19
1785189920663 0.0 20
1785189920664 0.0 21
1785189920666 0.0 22
1785189920667 0.0 23
1785189920668 0.0 24
1785189920669 0.0 25
1785189920671 0.0 26
1785189920672 0.0 27
1785189920673 0.0 28
1785189920674 0.0 29
1785189920676 0.0 30
1785189920677 0.0 31
1785189920678 0.0 32
1785189920679 0.0 33
1785189920680 0.0 34
1785189920682 0.0 35
1785189920683 0.0 36
1785189920684 0.0 37
1785189920685 0.0 38
1785189920687 0.0 39
1785189920688 0.0 40
1785189920689 0.0 41
1785189920690 0.0 42
1785189920692 0.0 43
1785189920693 0.0 44
1785189920694 0.0 45
1785189920695 0.0 46
1785189920697 0.0 47
1785189920698 0.0 48
1785189920699 0.0 49
1785189920700 0.0 50
1785189920702 0.0 51
1785189920703 0.0 52
1785189920704 0.0 53
1785189920705 0.0 54
1785189920707 0.0 55
1785189920708 0.0 56
1785189920709 0.0 57
1785189920710 0.0 58
1785189920712 0.0 59
1785189920713 0.0 60
1785189920714 0.0 61
1785189920715 0.0 62
1785189920717 0.0 63
1785189920718 0.0 64
1785189920719 0.0 65
1785189920720 0.0 66
1785189920721 0.0 67
1785189920723 0.0 68
1785189920724 0.0 69
1785189920725 0.0 70
1785189920727 0.0 71
1785189920728 0.0 72
