1785189920729 0.0 1
1785189920730 0.0 2
1785189920732 0.0 3
1785189920733 0.0 4
1785189920734 0.0 5
1785189920735 0.0 6
1785189920737 0.0 7
1785189920738 0.0 8
1785189920739 0.0 9
1785189920740 0.0 10
1785189920742 0.0 11
1785189920743 0.0 12
1785189920744 0.0 13
1785189920745 0.0 14
1785189920747 0.0 15
1785189920748 0.0 16
1785189920749 0.0 17
1785189920750 0.0 18
1785189920752 0.0 19
1785189920753 0.0 20
1785189920754 0.0 21
1785189920755 0.0 22
1785189920757 0.0 23
1785189920758 0.0 24
1785189920759 0.0 25
1785189920760 0.0 26
1785189920761 0.0 27
1785189920763 0.0 28
1785189920764 0.0 29
1785189920765 0.0 30
1785189920766 0.0 31
1785189920767 0.0 32
1785189920769 0.0 33
1785189920770 0.0 34
1785189920771 0.0 35
1785189920772 0.0 36
1785189920773 0.0 37
1785189920775 0.0 38
1785189920776 0.0 39
1785189920777 0.0 40
1785189920778 0.0 41
1785189920780 0.0 42
1785189920781 0.0 43
1785189920782 0.0 44
1785189920783 0.0 45
1785189920784 0.0 46
1785189920785 0.0 47
1785189920787 0.0 48
1785189920788 0.0 49
1785189920789 0.0 50
1785189920790 0.0 51
1785189920791 0.0 52
1785189920793 0.0 53
1785189920794 0.0 54
1785189920795 0.0 55
1785189920796 0.0 56
1785189920798 0.0 57
1785189920799 0.0 58
1785189920800 0.0 59
1785189920801 0.0 60
1785189920803 0.0 61
1785189920804 0.0 62
1785189920805 0.0 63
1785189920806 0.0 64
1785189920807 0.0 65
1785189920809 0.0 66
1785189920810 0.0 67
1785189920811 0.0 68
1785189920812 0.0 69
1785189920813 0.0 70
1785189920814 0.0 71
1785189920816 0.0 72
