1785189920460 0.011462285367306322 1
1785189920461 0.004361717113642954 2
1785189920463 0.004294944710854906 3
1785189920464 0.00444968775176676 4
1785189920465 0.004316857481026091 5
1785189920466 0.004525621810753364 6
1785189920468 0.004159338439640123 7
1785189920469 0.004106052415445447 8
1785189920470 0.003794489030551631 9
1785189920471 0.0037382998282555493 10
1785189920473 0.003339995685091708 11
1785189920474 0.003255265271582175 12
1785189920475 0.003016716775891837 13
1785189920476 0.003064005801570602 14
1785189920478 0.0033676649353583344 15
1785189920479 0.002735509017657023 16
1785189920480 0.0029229137324728073 17
1785189920482 0.002774986779113533 18
1785189920483 0.0026417293411213905 19
1785189920484 0.002695978284755256 20
1785189920485 0.0025127362889179492 21
1785189920487 0.002649673529085703 22
1785189920488 0.002452753912366461 23
1785189920489 0.0025706859392812475 24
1785189920490 0.0023695047822548075 25
1785189920492 0.0024689119224785825 26
1785189920493 0.0024012567356112412 27
1785189920494 0.0023532442122814246 28
1785189920495 0.0023470700116013177 29
1785189920497 0.0022560746058297807 30
1785189920498 0.002254227994417306 31
1785189920499 0.0020661031259805894 32
1785189920500 0.00210006530105602 33
1785189920502 0.002035035173903452 34
1785189920503 0.0020699156825139653 35
1785189920504 0.0020112905504356604 36
1785189920505 0.002010584140662104 37
1785189920507 0.0019791584646736736 38
1785189920508 0.00190657453800668 39
1785189920509 0.0019193052433547563 40
1785189920510 0.001884846739267232 41
1785189920511 0.0018923259284929373 42
1785189920513 0.0018809920675994362 43
1785189920514 0.0018528216145932675 44
1785189920515 0.0018713086679053958 45
1785189920516 0.001808589382271748 46
1785189920518 0.0017871024663327262 47
1785189920519 0.0017678371112560853 48
1785189920520 0.0017668731836602092 49
1785189920521 0.0017764914222061633 50
1785189920523 0.0017334834317443892 51
1785189920524 0.001729728941427311 52
1785189920525 0.0017256152468326036 53
1785189920526 0.001708714168635197 54
1785189920528 0.0017073390711448155 55
1785189920529 0.001704596565978136 56
1785189920530 0.001706680791976396 57
1785189920531 0.0016827481433574576 58
1785189920533 0.001681457610538928 59
1785189920534 0.0016777222050586716 60
1785189920535 0.001671139119862346 61
1785189920536 0.0016687179982545785 62
1785189920538 0.0016552476106153336 63
1785189920539 0.001666074741369812 64
1785189920540 0.001663206820958294 65
1785189920541 0.0016524053063767497 66
1785189920543 0.0016508832039835398 67
1785189920544 0.0016576706203341018 68
1785189920545 0.0016511916281888262 69
1785189920546 0.0016473276699252892 70
1785189920547 0.0016489821765571832 71
1785189920549 0.0016468828504730482 72
