1780314175789 0.19542886912822724 1
1780314175791 0.17046213820576667 2
1780314175793 0.1482292076945305 3
1780314175796 0.13003820933401586 4
1780314175798 0.11465759620070458 5
1780314175800 0.10143655709922314 6
1780314175803 0.08973747976124287 7
1780314175805 0.07963990785181523 8
1780314175807 0.07114811182022095 9
1780314175809 0.06378572948276996 10
1780314175812 0.05743935346603393 11
1780314175814 0.051921045184135435 12
1780314175816 0.047101074121892454 13
1780314175818 0.042794699110090734 14
1780314175821 0.03893092414364219 15
1780314175823 0.03552280003204942 16
1780314175825 0.03252820149064064 17
1780314175828 0.029949522279202938 18
1780314175830 0.027408785875886677 19
1780314175832 0.025176247656345366 20
1780314175834 0.02319256365299225 21
1780314175837 0.021402103621512653 22
1780314175839 0.019802225474268197 23
1780314175841 0.018367588240653276 24
1780314175843 0.017075156280770897 25
1780314175846 0.015896384632214905 26
1780314175848 0.014820699719712139 27
1780314175851 0.013865955276414751 28
1780314175853 0.012948834374547004 29
1780314175855 0.01210688884370029 30
1780314175857 0.011338172182440757 31
1780314175860 0.010656341202557087 32
1780314175862 0.01002200330607593 33
1780314175864 0.00943927357904613 34
1780314175867 0.008894212283194066 35
1780314175869 0.008414414008148014 36
1780314175871 0.007956542582251131 37
1780314175873 0.007531305924057961 38
1780314175876 0.007150252177380026 39
1780314175878 0.006812285888008774 40
1780314175880 0.006480592163279652 41
1780314175883 0.006178377945907414 42
1780314175885 0.005922981998883188 43
1780314175887 0.005692590391263365 44
1780314175889 0.005450437546242029 45
1780314175892 0.005186732686124742 46
1780314175894 0.004944639012683183 47
1780314175896 0.004725684963632375 48
1780314175899 0.004523829442914576 49
1780314175901 0.004350959954317659 50
1780314175903 0.004182618651539087 51
1780314175905 0.004035168862901628 52
1780314175908 0.0038992049591615795 53
1780314175910 0.0037735924404114483 54
1780314175912 0.00365095624467358 55
1780314175914 0.003543350959662348 56
1780314175917 0.003428024889435619 57
1780314175919 0.003331766112241894 58
1780314175922 0.0032240933610592037 59
1780314175924 0.003118926191236824 60
1780314175926 0.003040858565364033 61
1780314175929 0.0029627907217945905 62
1780314175933 0.002887137404177338 63
1780314175936 0.0028263714083004744 64
1780314175938 0.002767851809039712 65
1780314175940 0.0026767336949706077 66
1780314175942 0.0025888976117130367 67
1780314175945 0.002527055812533945 68
1780314175947 0.002488884028280154 69
1780314175949 0.00244279402657412 70
1780314175952 0.0024026647489517926 71
1780314175954 0.002360387567896396 72
1780314175956 0.0022810419579036532 73
1780314175959 0.002234240365214646 74
1780314175961 0.0022025982511695475 75
1780314175963 0.002147781301755458 76
1780314175965 0.0021045788866467774 77
1780314175968 0.0020878089196048675 78
1780314175970 0.002072308757342398 79
1780314175972 0.0020805001008557156 80
1780314175974 0.0020398279174696655 81
1780314175977 0.0019650032225763427 82
1780314175979 0.0019198355043772608 83
1780314175981 0.0018778523796936497 84
1780314175984 0.0018515699059935286 85
1780314175986 0.0018290478707058354 86
1780314175988 0.0018093904026318343 87
1780314175990 0.0018028263800079004 88
1780314175993 0.0017867599742021412 89
1780314175995 0.001809262002352625 90
1780314175998 0.0018122957192827016 91
1780314176000 0.0017768813919974492 92
1780314176003 0.0017399770062183962 93
1780314176005 0.0017006970418151468 94
1780314176008 0.001670772325596772 95
1780314176010 0.0016329653176944702 96
1780314176013 0.0016125708614708855 97
1780314176015 0.0015957602771231904 98
1780314176018 0.0015904114098520949 99
1780314176020 0.0015738311447785235 100
1780314176023 0.0015629137807991356 101
1780314176025 0.0015629134292248637 102
1780314176027 0.001567402451764792 103
1780314176030 0.0015737962210550904 104
1780314176032 0.0015806707614683547 105
1780314176034 0.001551729082420934 106
1780314176036 0.0015167877194471658 107
1780314176039 0.001497188489884138 108
1780314176041 0.0014785807984299027 109
1780314176043 0.0014609888530685566 110
1780314176045 0.0014488547504879533 111
1780314176048 0.0014415697858203202 112
1780314176050 0.0014448945588083006 113
1780314176052 0.0014190785656683148 114
1780314176055 0.0013925211504101753 115
1780314176057 0.001381616193393711 116
1780314176059 0.0013742025842657312 117
1780314176062 0.0013686001423047856 118
1780314176064 0.0013631403632462025 119
1780314176067 0.0013582106266403571 120
1780314176069 0.0013530445165815764 121
1780314176072 0.00134808258182602 122
1780314176074 0.0013425560606992804 123
1780314176077 0.001339367519831285 124
