1782751305338 0.0 1
1782751305339 0.0 2
1782751305340 0.0 3
1782751305342 0.0 4
1782751305343 0.0 5
1782751305344 0.0 6
1782751305345 0.0 7
1782751305346 0.0 8
1782751305347 0.0 9
1782751305348 0.0 10
1782751305349 0.0 11
1782751305350 0.0 12
1782751305351 0.0 13
1782751305352 0.0 14
1782751305354 0.0 15
1782751305355 0.0 16
1782751305356 0.0 17
1782751305357 0.0 18
1782751305358 0.0 19
1782751305359 0.0 20
1782751305360 0.0 21
1782751305361 0.0 22
1782751305362 0.0 23
1782751305363 0.0 24
1782751305364 0.0 25
1782751305365 0.0 26
1782751305367 0.0 27
1782751305368 0.0 28
1782751305369 0.0 29
1782751305370 0.0 30
1782751305371 0.0 31
1782751305372 0.0 32
1782751305373 0.0 33
1782751305374 0.0 34
1782751305375 0.0 35
1782751305376 0.0 36
1782751305377 0.0 37
1782751305379 0.0 38
1782751305380 0.0 39
1782751305381 0.0 40
1782751305382 0.0 41
1782751305383 0.0 42
1782751305384 0.0 43
1782751305385 0.0 44
1782751305386 0.0 45
1782751305387 0.0 46
1782751305388 0.0 47
1782751305389 0.0 48
1782751305390 0.0 49
1782751305392 0.0 50
1782751305393 0.0 51
1782751305394 0.0 52
1782751305395 0.0 53
1782751305396 0.0 54
1782751305397 0.0 55
1782751305398 0.0 56
1782751305399 0.0 57
1782751305400 0.0 58
1782751305401 0.0 59
1782751305403 0.0 60
1782751305403 0.0 61
1782751305404 0.0 62
1782751305405 0.0 63
1782751305407 0.0 64
1782751305408 0.0 65
1782751305409 0.0 66
1782751305410 0.0 67
1782751305411 0.0 68
1782751305412 0.0 69
1782751305413 0.0 70
1782751305413 0.0 71
1782751305414 0.0 72
1782751305416 0.0 73
1782751305417 0.0 74
1782751305418 0.0 75
1782751305419 0.0 76
1782751305420 0.0 77
1782751305421 0.0 78
1782751305422 0.0 79
1782751305423 0.0 80
1782751305424 0.0 81
1782751305425 0.0 82
