1782751305160 0.09064634922891855 1
1782751305161 0.019767453819513323 2
1782751305162 0.00868588604964316 3
1782751305163 0.005700318349990994 4
1782751305164 0.00450934287859127 5
1782751305166 0.003881429827888496 6
1782751305167 0.0034220838017063214 7
1782751305168 0.0030674990758416242 8
1782751305169 0.002819020244642161 9
1782751305170 0.00247642786038341 10
1782751305171 0.0024120675964513795 11
1782751305172 0.002302798589807935 12
1782751305173 0.0022156298346817493 13
1782751305174 0.0021058554288174492 14
1782751305175 0.0021014821881544777 15
1782751305176 0.0020731422763492447 16
1782751305177 0.001958795290411217 17
1782751305179 0.0019377825500851032 18
1782751305180 0.002000539854489034 19
1782751305181 0.0019933843541366514 20
1782751305182 0.0018911914559430444 21
1782751305183 0.0018720824090996757 22
1782751305184 0.001834611073572887 23
1782751305185 0.0017943146121979225 24
1782751305186 0.0017706297038239426 25
1782751305187 0.0017522690407349728 26
1782751305188 0.0017490244288637768 27
1782751305189 0.0018042301153764128 28
1782751305191 0.0017941705200064462 29
1782751305192 0.0017490705533418805 30
1782751305193 0.0017596025018428918 31
1782751305194 0.0017635942954802885 32
1782751305195 0.0017748226824915038 33
1782751305196 0.001718760153016774 34
1782751305197 0.001686380291794194 35
1782751305198 0.001684587802301394 36
1782751305199 0.0017123530259414111 37
1782751305200 0.0016606712219072507 38
1782751305201 0.001608006452297559 39
1782751305202 0.0015843948274414288 40
1782751305204 0.001576328760565957 41
1782751305205 0.001566240347601706 42
1782751305206 0.001566303912550211 43
1782751305207 0.001565212054993026 44
1782751305208 0.0015490711062011542 45
1782751305209 0.0015398229703714606 46
1782751305210 0.0015373026765882968 47
1782751305211 0.001534313092706725 48
1782751305212 0.001531521196011454 49
1782751305213 0.0015304546363768168 50
1782751305214 0.0015294699260994093 51
1782751305215 0.0015287170561350649 52
1782751305217 0.001532213786194916 53
1782751305218 0.0015359014856949217 54
1782751305219 0.0015284773129678798 55
1782751305220 0.0015290994751558174 56
1782751305221 0.0015211885712778895 57
1782751305222 0.0015172508591786028 58
1782751305223 0.0015154744819301414 59
1782751305224 0.0015069925679563312 60
1782751305225 0.0014990594776463696 61
1782751305226 0.001496938674536068 62
1782751305227 0.0014953415211493848 63
1782751305229 0.001494612148962915 64
1782751305230 0.0014936550803395221 65
1782751305231 0.0014934225597971818 66
1782751305232 0.0014873778799665161 67
1782751305233 0.001485840643508709 68
1782751305234 0.0014846299872442615 69
1782751305235 0.0014839400962227956 70
1782751305236 0.0014837877310492332 71
1782751305237 0.001482830668828683 72
1782751305238 0.001482230877954862 73
1782751305239 0.0014797105882462347 74
1782751305241 0.0014790661579900189 75
1782751305242 0.0014785552172543249 76
1782751305243 0.001478337413573172 77
1782751305244 0.0014781122078420595 78
1782751305245 0.0014778011928865452 79
1782751305246 0.0014773499537841417 80
1782751305247 0.0014757576918782433 81
1782751305248 0.0014754891747725196 82
