1782751305426 0.0 1
1782751305426 0.0 2
1782751305427 0.0 3
1782751305428 0.0 4
1782751305429 0.0 5
1782751305430 0.0 6
1782751305431 0.0 7
1782751305432 0.0 8
1782751305433 0.0 9
1782751305434 0.0 10
1782751305435 0.0 11
1782751305436 0.0 12
1782751305437 0.0 13
1782751305438 0.0 14
1782751305439 0.0 15
1782751305440 0.0 16
1782751305441 0.0 17
1782751305442 0.0 18
1782751305443 0.0 19
1782751305444 0.0 20
1782751305445 0.0 21
1782751305446 0.0 22
1782751305447 0.0 23
1782751305449 0.0 24
1782751305450 0.0 25
1782751305451 0.0 26
1782751305452 0.0 27
1782751305453 0.0 28
1782751305454 0.0 29
1782751305455 0.0 30
1782751305456 0.0 31
1782751305457 0.0 32
1782751305458 0.0 33
1782751305459 0.0 34
1782751305460 0.0 35
1782751305461 0.0 36
1782751305462 0.0 37
1782751305463 0.0 38
1782751305464 0.0 39
1782751305465 0.0 40
1782751305466 0.0 41
1782751305467 0.0 42
1782751305468 0.0 43
1782751305469 0.0 44
1782751305470 0.0 45
1782751305471 0.0 46
1782751305472 0.0 47
1782751305473 0.0 48
1782751305474 0.0 49
1782751305475 0.0 50
1782751305476 0.0 51
1782751305477 0.0 52
1782751305478 0.0 53
1782751305479 0.0 54
1782751305480 0.0 55
1782751305481 0.0 56
1782751305482 0.0 57
1782751305483 0.0 58
1782751305484 0.0 59
1782751305485 0.0 60
1782751305486 0.0 61
1782751305487 0.0 62
1782751305488 0.0 63
1782751305488 0.0 64
1782751305489 0.0 65
1782751305490 0.0 66
1782751305491 0.0 67
1782751305492 0.0 68
1782751305493 0.0 69
1782751305495 0.0 70
1782751305496 0.0 71
1782751305497 0.0 72
1782751305498 0.0 73
1782751305499 0.0 74
1782751305500 0.0 75
1782751305501 0.0 76
1782751305501 0.0 77
1782751305502 0.0 78
1782751305503 0.0 79
1782751305504 0.0 80
1782751305505 0.0 81
1782751305506 0.0 82
