1785071163808 0.1907840951319212 1
1785071163838 0.38200226127004544 2
1785071163869 0.5624481851132409 4
1785071163899 0.6865718519484659 6
1785071163931 0.7266611234294162 8
1785071163966 0.7937616083752181 12
1785071163998 0.7856976266732364 16
1785071164030 0.8223765685291526 20
1785071164061 0.8793063973063973 28
1785071164093 0.9013969404186796 40
1785071164123 0.967751700680272 60
1785071164154 1.0 80
1785071164183 1.0 100
1785071164215 1.0 120
1785071164247 1.0 160
1785071164279 1.0 200
