1782210193085 0.0 1
1782210193086 0.0 2
1782210193088 0.0 3
1782210193089 0.0 4
1782210193090 0.0 5
1782210193091 0.0 6
1782210193092 0.0 7
1782210193093 0.0 8
1782210193094 0.0 9
1782210193096 0.0 10
1782210193097 0.0 11
1782210193098 0.0 12
1782210193099 0.0 13
1782210193100 0.0 14
1782210193101 0.0 15
1782210193102 0.0 16
1782210193104 0.0 17
1782210193105 0.0 18
1782210193106 0.0 19
1782210193107 0.0 20
1782210193108 0.0 21
1782210193109 0.0 22
1782210193110 0.0 23
1782210193112 0.0 24
1782210193113 0.0 25
1782210193114 0.0 26
1782210193115 0.0 27
1782210193116 0.0 28
1782210193117 0.0 29
1782210193118 0.0 30
1782210193119 0.0 31
1782210193120 0.0 32
1782210193121 0.0 33
1782210193123 0.0 34
1782210193124 0.0 35
1782210193125 0.0 36
1782210193126 0.0 37
1782210193127 0.0 38
1782210193128 0.0 39
1782210193130 0.0 40
1782210193131 0.0 41
1782210193132 0.0 42
1782210193133 0.0 43
1782210193134 0.0 44
1782210193136 0.0 45
1782210193137 0.0 46
1782210193138 0.0 47
1782210193139 0.0 48
1782210193140 0.0 49
1782210193142 0.0 50
1782210193143 0.0 51
1782210193144 0.0 52
1782210193145 0.0 53
1782210193146 0.0 54
1782210193148 0.0 55
1782210193149 0.0 56
1782210193150 0.0 57
1782210193151 0.0 58
1782210193152 0.0 59
1782210193154 0.0 60
1782210193155 0.0 61
1782210193156 0.0 62
1782210193157 0.0 63
1782210193158 0.0 64
1782210193160 0.0 65
1782210193161 0.0 66
1782210193162 0.0 67
