1782220955001 0.16873494923114776 1
1782220955002 0.06312810698524117 2
1782220955003 0.02702058812137693 3
1782220955005 0.015425965804606676 4
1782220955006 0.010633030410390347 5
1782220955007 0.007785646840929985 6
1782220955008 0.006114336989121512 7
1782220955010 0.005017801264766603 8
1782220955011 0.004221271583810448 9
1782220955012 0.00360352402436547 10
1782220955013 0.0031930981215555223 11
1782220955015 0.0029681790404720233 12
1782220955016 0.0027134208037750797 13
1782220955017 0.002491194188478403 14
1782220955018 0.0023557819618145004 15
1782220955020 0.0022195595741504805 16
1782220955021 0.0021714584581786767 17
1782220955022 0.0019953859777888283 18
1782220955023 0.0020008768810657785 19
1782220955025 0.0018629255349515005 20
1782220955026 0.0017294696014141665 21
1782220955027 0.001664245521533303 22
1782220955028 0.0016209878525114618 23
1782220955030 0.0016358791539096273 24
1782220955031 0.0015770322024764027 25
1782220955032 0.0015315011261554901 26
1782220955033 0.0014933774812379852 27
1782220955035 0.0014163091366935986 28
1782220955036 0.0013915715430630371 29
1782220955037 0.001393398173386231 30
1782220955038 0.0013816258548467887 31
1782220955040 0.0013376509110094048 32
1782220955041 0.0013361754310608376 33
1782220955042 0.001326711313740816 34
1782220955043 0.0013461883051786572 35
1782220955044 0.0013907889579422772 36
1782220955046 0.0014710180944530293 37
1782220955047 0.0013678219106805045 38
1782220955048 0.0012470148496504408 39
1782220955050 0.0011725551838753746 40
1782220955051 0.0011212568362680031 41
1782220955052 0.001104278284474276 42
1782220955053 0.001086320135364076 43
1782220955054 0.0011012096094782464 44
1782220955056 0.0011188074465462705 45
1782220955057 0.0011971769494266483 46
1782220955058 0.0011834442299004876 47
1782220955059 0.0011907061702368083 48
1782220955061 0.0010841013254685094 49
1782220955062 0.0010373629479727242 50
1782220955063 0.0010162576779839583 51
1782220955064 0.0010375203032162972 52
1782220955066 0.0010402887796954019 53
1782220955067 0.0010450359778769779 54
1782220955068 0.0010300588169047842 55
1782220955069 0.0010030411337356782 56
1782220955071 0.0010190011434315239 57
1782220955072 0.0009621614593925187 58
1782220955073 0.0008918831311166286 59
1782220955074 0.0008616060598433251 60
1782220955076 0.0008459290059181512 61
1782220955077 0.0008357384772898512 62
1782220955078 0.0008294140973885078 63
1782220955079 0.0008247016875975533 64
1782220955080 0.0008287457029291545 65
1782220955082 0.0008432906286543584 66
1782220955083 0.0008429181211977266 67
1782220955084 0.000848063713638112 68
1782220955085 0.0008406698717590189 69
1782220955087 0.0008358682815014617 70
1782220955088 0.0008222043125715573 71
1782220955089 0.000822059864840412 72
1782220955090 0.0008133932120472309 73
1782220955092 0.0007880653771280777 74
1782220955093 0.0007592530134206754 75
1782220955094 0.0007510335889674024 76
1782220955095 0.0007451567817770411 77
1782220955097 0.0007405328668028232 78
1782220955098 0.0007364618046631222 79
1782220955099 0.0007332738085460733 80
1782220955100 0.000727723366835562 81
1782220955102 0.0007245593323750655 82
1782220955103 0.0007221450914948946 83
1782220955104 0.0007201302556495648 84
1782220955105 0.0007179735547106248 85
1782220955106 0.0007158995830468484 86
1782220955108 0.0007138361945180805 87
1782220955109 0.0007103065630144557 88
1782220955110 0.0007086327685829019 89
1782220955111 0.0007074278582513216 90
1782220955113 0.0007060398298563087 91
1782220955114 0.0007048262333773891 92
1782220955115 0.0007035249256659882 93
1782220955116 0.0007021956215976388 94
1782220955118 0.000700148005525989 95
1782220955119 0.0006993155076634139 96
