1782220955346 0.0 1
1782220955348 0.0 2
1782220955349 0.0 3
1782220955350 0.0 4
1782220955351 0.0 5
1782220955352 0.0 6
1782220955353 0.0 7
1782220955354 0.0 8
1782220955355 0.0 9
1782220955356 0.0 10
1782220955357 0.0 11
1782220955358 0.0 12
1782220955359 0.0 13
1782220955361 0.0 14
1782220955362 0.0 15
1782220955363 0.0 16
1782220955364 0.0 17
1782220955365 0.0 18
1782220955366 0.0 19
1782220955367 0.0 20
1782220955368 0.0 21
1782220955369 0.0 22
1782220955370 0.0 23
1782220955371 0.0 24
1782220955372 0.0 25
1782220955373 0.0 26
1782220955374 0.0 27
1782220955375 0.0 28
1782220955376 0.0 29
1782220955378 0.0 30
1782220955379 0.0 31
1782220955380 0.0 32
1782220955381 0.0 33
1782220955382 0.0 34
1782220955383 0.0 35
1782220955384 0.0 36
1782220955385 0.0 37
1782220955386 0.0 38
1782220955387 0.0 39
1782220955388 0.0 40
1782220955389 0.0 41
1782220955390 0.0 42
1782220955391 0.0 43
1782220955392 0.0 44
1782220955393 0.0 45
1782220955395 0.0 46
1782220955396 0.0 47
1782220955397 0.0 48
1782220955398 0.0 49
1782220955399 0.0 50
1782220955400 0.0 51
1782220955401 0.0 52
1782220955402 0.0 53
1782220955403 0.0 54
1782220955404 0.0 55
1782220955405 0.0 56
1782220955406 0.0 57
1782220955407 0.0 58
1782220955408 0.0 59
1782220955409 0.0 60
1782220955411 0.0 61
1782220955412 0.0 62
1782220955413 0.0 63
1782220955414 0.0 64
1782220955415 0.0 65
1782220955416 0.0 66
1782220955417 0.0 67
1782220955418 0.0 68
1782220955419 0.0 69
1782220955420 0.0 70
1782220955421 0.0 71
1782220955422 0.0 72
1782220955423 0.0 73
1782220955424 0.0 74
1782220955425 0.0 75
1782220955426 0.0 76
1782220955427 0.0 77
1782220955428 0.0 78
1782220955429 0.0 79
1782220955430 0.0 80
1782220955432 0.0 81
1782220955433 0.0 82
1782220955434 0.0 83
1782220955435 0.0 84
1782220955436 0.0 85
1782220955437 0.0 86
1782220955438 0.0 87
1782220955439 0.0 88
1782220955440 0.0 89
1782220955441 0.0 90
1782220955443 0.0 91
1782220955444 0.0 92
1782220955445 0.0 93
1782220955446 0.0 94
1782220955447 0.0 95
1782220955448 0.0 96
