1782726026624 0.0 1
1782726026626 0.0 2
1782726026627 0.0 3
1782726026628 0.0 4
1782726026629 0.0 5
1782726026630 0.0 6
1782726026631 0.0 7
1782726026632 0.0 8
1782726026633 0.0 9
1782726026634 0.0 10
1782726026635 0.0 11
1782726026636 0.0 12
1782726026637 0.0 13
1782726026639 0.0 14
1782726026640 0.0 15
1782726026641 0.0 16
1782726026642 0.0 17
1782726026643 0.0 18
1782726026644 0.0 19
1782726026645 0.0 20
1782726026646 0.0 21
1782726026647 0.0 22
1782726026648 0.0 23
1782726026649 0.0 24
1782726026650 0.0 25
1782726026652 0.0 26
1782726026653 0.0 27
1782726026654 0.0 28
1782726026655 0.0 29
1782726026656 0.0 30
1782726026657 0.0 31
1782726026658 0.0 32
1782726026659 0.0 33
1782726026660 0.0 34
1782726026661 0.0 35
1782726026662 0.0 36
1782726026663 0.0 37
1782726026664 0.0 38
1782726026665 0.0 39
1782726026666 0.0 40
1782726026667 0.0 41
1782726026668 0.0 42
1782726026669 0.0 43
1782726026670 0.0 44
1782726026670 0.0 45
1782726026671 0.0 46
1782726026672 0.0 47
1782726026674 0.0 48
1782726026675 0.0 49
1782726026675 0.0 50
1782726026676 0.0 51
1782726026677 0.0 52
1782726026679 0.0 53
1782726026680 0.0 54
1782726026681 0.0 55
1782726026682 0.0 56
1782726026683 0.0 57
1782726026684 0.0 58
1782726026685 0.0 59
1782726026686 0.0 60
