1782726026560 0.0 1
1782726026561 0.0 2
1782726026562 0.0 3
1782726026563 0.0 4
1782726026564 0.0 5
1782726026565 0.0 6
1782726026566 0.0 7
1782726026567 0.0 8
1782726026568 0.0 9
1782726026569 0.0 10
1782726026570 0.0 11
1782726026571 0.0 12
1782726026573 0.0 13
1782726026574 0.0 14
1782726026575 0.0 15
1782726026576 0.0 16
1782726026577 0.0 17
1782726026578 0.0 18
1782726026579 0.0 19
1782726026580 0.0 20
1782726026581 0.0 21
1782726026582 0.0 22
1782726026583 0.0 23
1782726026585 0.0 24
1782726026586 0.0 25
1782726026587 0.0 26
1782726026588 0.0 27
1782726026589 0.0 28
1782726026590 0.0 29
1782726026591 0.0 30
1782726026592 0.0 31
1782726026593 0.0 32
1782726026594 0.0 33
1782726026595 0.0 34
1782726026596 0.0 35
1782726026597 0.0 36
1782726026599 0.0 37
1782726026600 0.0 38
1782726026601 0.0 39
1782726026602 0.0 40
1782726026603 0.0 41
1782726026604 0.0 42
1782726026605 0.0 43
1782726026606 0.0 44
1782726026607 0.0 45
1782726026608 0.0 46
1782726026609 0.0 47
1782726026610 0.0 48
1782726026611 0.0 49
1782726026613 0.0 50
1782726026614 0.0 51
1782726026615 0.0 52
1782726026616 0.0 53
1782726026617 0.0 54
1782726026618 0.0 55
1782726026619 0.0 56
1782726026620 0.0 57
1782726026621 0.0 58
1782726026622 0.0 59
1782726026623 0.0 60
