1782726026429 0.04466097799129784 1
1782726026430 0.00879080749116838 2
1782726026431 0.0051128781738225375 3
1782726026433 0.004033991598989814 4
1782726026434 0.0033330950915114953 5
1782726026435 0.0029499266759376043 6
1782726026436 0.0025505144795170053 7
1782726026437 0.0023147724737646058 8
1782726026438 0.0019997675612103195 9
1782726026439 0.0019677360233617946 10
1782726026440 0.001806260621669935 11
1782726026441 0.0016576663324667606 12
1782726026442 0.0017446053579624277 13
1782726026443 0.0015700878055940849 14
1782726026445 0.001616799093899317 15
1782726026446 0.001725628416024847 16
1782726026447 0.0016483872370736208 17
1782726026448 0.0015170872093585785 18
1782726026449 0.001405111269268673 19
1782726026450 0.001343021248030709 20
1782726026451 0.0012342826457461343 21
1782726026452 0.0011900048979441636 22
1782726026453 0.001189925575745292 23
1782726026454 0.0011586610453377943 24
1782726026455 0.0014972792270418723 25
1782726026457 0.0013053455134649993 26
1782726026458 0.0011941428435966372 27
1782726026459 0.0011155939073069021 28
1782726026460 0.0010177325184486108 29
1782726026461 0.0009776138071174501 30
1782726026462 0.0009818307239038405 31
1782726026463 0.0010929096948530058 32
1782726026464 0.0009965589938656194 33
1782726026465 0.0010579061060707318 34
1782726026466 0.0009575227194000036 35
1782726026467 0.0008997765182721196 36
1782726026469 0.0009753823873325018 37
1782726026470 0.0008830346155446023 38
1782726026471 0.0007697532127349404 39
1782726026472 0.0007346170941309538 40
1782726026473 0.0007065378890547436 41
1782726026474 0.0006876791157992557 42
1782726026475 0.0006794347016693791 43
1782726026476 0.0006799958169722231 44
1782726026477 0.0006670400694565614 45
1782726026478 0.0006356947385211243 46
1782726026479 0.0006243584246112732 47
1782726026480 0.0006159120317170163 48
1782726026482 0.0006086953448539135 49
1782726026483 0.0006022079195827245 50
1782726026484 0.0005978976075857645 51
1782726026485 0.0005867728907469427 52
1782726026486 0.0005781825003214181 53
1782726026487 0.0005731217679567635 54
1782726026488 0.0005692569498933153 55
1782726026489 0.0005654834977030987 56
1782726026490 0.000561956117162481 57
1782726026491 0.0005583109459257685 58
1782726026492 0.0005508929929055739 59
1782726026493 0.0005480949848424644 60
