1783713457216 0.0 1
1783713457217 0.0 2
1783713457218 0.0 3
1783713457220 0.0 4
1783713457221 0.0 5
1783713457222 0.0 6
1783713457223 0.0 7
1783713457225 0.0 8
1783713457226 0.0 9
1783713457227 0.0 10
1783713457228 0.0 11
1783713457229 0.0 12
1783713457231 0.0 13
1783713457232 0.0 14
1783713457233 0.0 15
1783713457234 0.0 16
1783713457235 0.0 17
1783713457236 0.0 18
1783713457238 0.0 19
1783713457239 0.0 20
1783713457240 0.0 21
1783713457241 0.0 22
1783713457242 0.0 23
1783713457243 0.0 24
1783713457245 0.0 25
1783713457246 0.0 26
1783713457247 0.0 27
1783713457248 0.0 28
1783713457249 0.0 29
1783713457250 0.0 30
1783713457252 0.0 31
1783713457253 0.0 32
1783713457254 0.0 33
1783713457255 0.0 34
1783713457256 0.0 35
1783713457258 0.0 36
1783713457259 0.0 37
1783713457260 0.0 38
1783713457261 0.0 39
1783713457262 0.0 40
1783713457263 0.0 41
1783713457265 0.0 42
1783713457266 0.0 43
1783713457267 0.0 44
1783713457268 0.0 45
1783713457269 0.0 46
1783713457270 0.0 47
1783713457272 0.0 48
1783713457273 0.0 49
1783713457274 0.0 50
1783713457275 0.0 51
1783713457277 0.0 52
1783713457278 0.0 53
1783713457279 0.0 54
1783713457280 0.0 55
1783713457281 0.0 56
1783713457283 0.0 57
1783713457284 0.0 58
1783713457285 0.0 59
1783713457286 0.0 60
1783713457287 0.0 61
1783713457288 0.0 62
1783713457290 0.0 63
1783713457291 0.0 64
1783713457292 0.0 65
1783713457293 0.0 66
1783713457294 0.0 67
1783713457295 0.0 68
1783713457297 0.0 69
1783713457298 0.0 70
1783713457299 0.0 71
1783713457300 0.0 72
1783713457301 0.0 73
1783713457303 0.0 74
1783713457304 0.0 75
1783713457305 0.0 76
1783713457306 0.0 77
1783713457307 0.0 78
1783713457308 0.0 79
1783713457310 0.0 80
1783713457311 0.0 81
1783713457312 0.0 82
1783713457313 0.0 83
1783713457314 0.0 84
1783713457316 0.0 85
1783713457317 0.0 86
1783713457318 0.0 87
1783713457319 0.0 88
1783713457320 0.0 89
1783713457321 0.0 90
1783713457323 0.0 91
1783713457324 0.0 92
1783713457325 0.0 93
1783713457326 0.0 94
1783713457327 0.0 95
1783713457328 0.0 96
