1783713457103 0.0 1
1783713457104 0.0 2
1783713457105 0.0 3
1783713457106 0.0 4
1783713457108 0.0 5
1783713457109 0.0 6
1783713457110 0.0 7
1783713457111 0.0 8
1783713457112 0.0 9
1783713457113 0.0 10
1783713457115 0.0 11
1783713457116 0.0 12
1783713457117 0.0 13
1783713457118 0.0 14
1783713457119 0.0 15
1783713457121 0.0 16
1783713457122 0.0 17
1783713457123 0.0 18
1783713457124 0.0 19
1783713457125 0.0 20
1783713457126 0.0 21
1783713457128 0.0 22
1783713457129 0.0 23
1783713457130 0.0 24
1783713457131 0.0 25
1783713457132 0.0 26
1783713457134 0.0 27
1783713457135 0.0 28
1783713457136 0.0 29
1783713457137 0.0 30
1783713457138 0.0 31
1783713457139 0.0 32
1783713457141 0.0 33
1783713457142 0.0 34
1783713457143 0.0 35
1783713457144 0.0 36
1783713457145 0.0 37
1783713457147 0.0 38
1783713457148 0.0 39
1783713457149 0.0 40
1783713457150 0.0 41
1783713457151 0.0 42
1783713457152 0.0 43
1783713457154 0.0 44
1783713457155 0.0 45
1783713457156 0.0 46
1783713457157 0.0 47
1783713457158 0.0 48
1783713457159 0.0 49
1783713457161 0.0 50
1783713457162 0.0 51
1783713457163 0.0 52
1783713457164 0.0 53
1783713457165 0.0 54
1783713457167 0.0 55
1783713457168 0.0 56
1783713457169 0.0 57
1783713457170 0.0 58
1783713457171 0.0 59
1783713457172 0.0 60
1783713457174 0.0 61
1783713457175 0.0 62
1783713457176 0.0 63
1783713457177 0.0 64
1783713457178 0.0 65
1783713457180 0.0 66
1783713457181 0.0 67
1783713457182 0.0 68
1783713457183 0.0 69
1783713457184 0.0 70
1783713457185 0.0 71
1783713457187 0.0 72
1783713457188 0.0 73
1783713457189 0.0 74
1783713457190 0.0 75
1783713457191 0.0 76
1783713457192 0.0 77
1783713457194 0.0 78
1783713457195 0.0 79
1783713457196 0.0 80
1783713457197 0.0 81
1783713457198 0.0 82
1783713457200 0.0 83
1783713457201 0.0 84
1783713457202 0.0 85
1783713457203 0.0 86
1783713457204 0.0 87
1783713457205 0.0 88
1783713457207 0.0 89
1783713457208 0.0 90
1783713457209 0.0 91
1783713457210 0.0 92
1783713457211 0.0 93
1783713457212 0.0 94
1783713457214 0.0 95
1783713457215 0.0 96
