1783881723774 0.0 1
1783881723775 0.0 2
1783881723777 0.0 3
1783881723778 0.0 4
1783881723779 0.0 5
1783881723780 0.0 6
1783881723781 0.0 7
1783881723782 0.0 8
1783881723784 0.0 9
1783881723785 0.0 10
1783881723786 0.0 11
1783881723787 0.0 12
1783881723788 0.0 13
1783881723790 0.0 14
1783881723791 0.0 15
1783881723792 0.0 16
1783881723793 0.0 17
1783881723794 0.0 18
1783881723795 0.0 19
1783881723797 0.0 20
1783881723798 0.0 21
1783881723799 0.0 22
1783881723800 0.0 23
1783881723801 0.0 24
1783881723802 0.0 25
1783881723804 0.0 26
1783881723805 0.0 27
1783881723806 0.0 28
1783881723807 0.0 29
1783881723808 0.0 30
1783881723809 0.0 31
1783881723810 0.0 32
1783881723812 0.0 33
1783881723813 0.0 34
1783881723814 0.0 35
1783881723815 0.0 36
1783881723816 0.0 37
1783881723817 0.0 38
1783881723819 0.0 39
1783881723820 0.0 40
1783881723821 0.0 41
1783881723822 0.0 42
1783881723823 0.0 43
1783881723824 0.0 44
1783881723826 0.0 45
1783881723827 0.0 46
1783881723828 0.0 47
1783881723829 0.0 48
1783881723830 0.0 49
1783881723831 0.0 50
1783881723833 0.0 51
1783881723834 0.0 52
1783881723835 0.0 53
1783881723836 0.0 54
1783881723837 0.0 55
1783881723838 0.0 56
1783881723840 0.0 57
1783881723841 0.0 58
1783881723842 0.0 59
1783881723843 0.0 60
1783881723844 0.0 61
1783881723845 0.0 62
1783881723846 0.0 63
1783881723848 0.0 64
1783881723849 0.0 65
1783881723850 0.0 66
1783881723851 0.0 67
