1783881723696 0.0 1
1783881723697 0.0 2
1783881723699 0.0 3
1783881723700 0.0 4
1783881723701 0.0 5
1783881723702 0.0 6
1783881723703 0.0 7
1783881723704 0.0 8
1783881723706 0.0 9
1783881723707 0.0 10
1783881723708 0.0 11
1783881723709 0.0 12
1783881723710 0.0 13
1783881723711 0.0 14
1783881723713 0.0 15
1783881723714 0.0 16
1783881723715 0.0 17
1783881723716 0.0 18
1783881723717 0.0 19
1783881723718 0.0 20
1783881723719 0.0 21
1783881723721 0.0 22
1783881723722 0.0 23
1783881723723 0.0 24
1783881723724 0.0 25
1783881723726 0.0 26
1783881723727 0.0 27
1783881723728 0.0 28
1783881723729 0.0 29
1783881723730 0.0 30
1783881723731 0.0 31
1783881723733 0.0 32
1783881723734 0.0 33
1783881723735 0.0 34
1783881723736 0.0 35
1783881723737 0.0 36
1783881723738 0.0 37
1783881723739 0.0 38
1783881723741 0.0 39
1783881723742 0.0 40
1783881723743 0.0 41
1783881723744 0.0 42
1783881723745 0.0 43
1783881723746 0.0 44
1783881723748 0.0 45
1783881723749 0.0 46
1783881723750 0.0 47
1783881723751 0.0 48
1783881723752 0.0 49
1783881723753 0.0 50
1783881723754 0.0 51
1783881723756 0.0 52
1783881723757 0.0 53
1783881723758 0.0 54
1783881723759 0.0 55
1783881723760 0.0 56
1783881723761 0.0 57
1783881723763 0.0 58
1783881723764 0.0 59
1783881723765 0.0 60
1783881723766 0.0 61
1783881723767 0.0 62
1783881723768 0.0 63
1783881723770 0.0 64
1783881723771 0.0 65
1783881723772 0.0 66
1783881723773 0.0 67
