1783892739518 0.0 1
1783892739520 0.0 2
1783892739521 0.0 3
1783892739522 0.0 4
1783892739523 0.0 5
1783892739525 0.0 6
1783892739526 0.0 7
1783892739527 0.0 8
1783892739529 0.0 9
1783892739530 0.0 10
1783892739531 0.0 11
1783892739533 0.0 12
1783892739534 0.0 13
1783892739535 0.0 14
1783892739537 0.0 15
1783892739538 0.0 16
1783892739540 0.0 17
1783892739541 0.0 18
1783892739542 0.0 19
1783892739543 0.0 20
1783892739544 0.0 21
1783892739546 0.0 22
1783892739547 0.0 23
1783892739548 0.0 24
1783892739550 0.0 25
1783892739551 0.0 26
1783892739552 0.0 27
1783892739553 0.0 28
1783892739554 0.0 29
1783892739556 0.0 30
1783892739557 0.0 31
1783892739558 0.0 32
1783892739559 0.0 33
1783892739560 0.0 34
1783892739562 0.0 35
1783892739563 0.0 36
1783892739564 0.0 37
1783892739566 0.0 38
1783892739567 0.0 39
1783892739568 0.0 40
1783892739570 0.0 41
1783892739571 0.0 42
1783892739572 0.0 43
1783892739573 0.0 44
1783892739574 0.0 45
1783892739576 0.0 46
1783892739577 0.0 47
1783892739578 0.0 48
1783892739579 0.0 49
1783892739581 0.0 50
1783892739582 0.0 51
1783892739583 0.0 52
1783892739585 0.0 53
1783892739586 0.0 54
1783892739587 0.0 55
1783892739588 0.0 56
1783892739589 0.0 57
1783892739591 0.0 58
1783892739592 0.0 59
1783892739593 0.0 60
1783892739595 0.0 61
1783892739596 0.0 62
1783892739597 0.0 63
1783892739599 0.0 64
1783892739600 0.0 65
1783892739601 0.0 66
1783892739602 0.0 67
1783892739603 0.0 68
1783892739605 0.0 69
1783892739606 0.0 70
1783892739607 0.0 71
1783892739608 0.0 72
1783892739609 0.0 73
1783892739611 0.0 74
1783892739612 0.0 75
1783892739613 0.0 76
1783892739615 0.0 77
1783892739616 0.0 78
1783892739617 0.0 79
1783892739618 0.0 80
1783892739619 0.0 81
1783892739621 0.0 82
1783892739622 0.0 83
1783892739623 0.0 84
1783892739624 0.0 85
1783892739625 0.0 86
1783892739627 0.0 87
1783892739628 0.0 88
1783892739629 0.0 89
1783892739631 0.0 90
1783892739632 0.0 91
1783892739633 0.0 92
1783892739634 0.0 93
1783892739636 0.0 94
1783892739637 0.0 95
1783892739638 0.0 96
1783892739640 0.0 97
1783892739641 0.0 98
1783892739642 0.0 99
1783892739644 0.0 100
1783892739645 0.0 101
1783892739646 0.0 102
1783892739648 0.0 103
1783892739649 0.0 104
