1783892738836 0.2025069770962 1
1783892738838 0.10890092629939317 2
1783892738839 0.05288704760372639 3
1783892738841 0.028185871690511705 4
1783892738842 0.016783850281499327 5
1783892738844 0.011020200806669891 6
1783892738845 0.007994244867004454 7
1783892738846 0.00608516524778679 8
1783892738848 0.004911976765142754 9
1783892738849 0.00410242123180069 10
1783892738851 0.0035534898925106972 11
1783892738852 0.003131538853631355 12
1783892738854 0.002792574971681461 13
1783892738855 0.0025823059008689597 14
1783892738857 0.002348427539691329 15
1783892738858 0.002172387997852638 16
1783892738860 0.002020160832325928 17
1783892738861 0.001919372029369697 18
1783892738862 0.0018442451042938047 19
1783892738864 0.0017667990605696104 20
1783892738865 0.0016608361460384914 21
1783892738867 0.0016112379467813297 22
1783892738868 0.0015574329803348518 23
1783892738870 0.0015312056890979875 24
1783892738871 0.0014874663612863515 25
1783892738873 0.0014662576332921161 26
1783892738874 0.0014510141627397388 27
1783892738875 0.0014513797977997456 28
1783892738877 0.0013708690738712904 29
1783892738878 0.001343959819059819 30
1783892738880 0.001312641979457112 31
1783892738881 0.0013005061315197962 32
1783892738883 0.0012949203765310812 33
1783892738884 0.0012794504154589959 34
1783892738885 0.0012712612139148406 35
1783892738887 0.0012483318103477358 36
1783892738888 0.001236729388765525 37
1783892738890 0.0012201772740809246 38
1783892738891 0.00120249867955863 39
1783892738893 0.0011917811339662875 40
1783892738894 0.0011745109235198469 41
1783892738896 0.0011764875183143885 42
1783892738897 0.0011676132109278115 43
1783892738898 0.0011606683794525452 44
1783892738900 0.0011402487427403685 45
1783892738901 0.0011215709301177412 46
1783892738903 0.0011148584548936924 47
1783892738904 0.0011108255085127893 48
1783892738906 0.001115861348080216 49
1783892738907 0.0011012053602462402 50
1783892738909 0.001092167694150703 51
1783892738910 0.0010843367093184497 52
1783892738911 0.0011290161722718039 53
1783892738913 0.001095534703345038 54
1783892738914 0.001057932018666179 55
1783892738916 0.0010586482941289431 56
1783892738917 0.0010429205425316467 57
1783892738919 0.0010414966898679267 58
1783892738920 0.0010463261161203262 59
1783892738922 0.0010456094047549414 60
1783892738923 0.001088196337223053 61
1783892738924 0.0010355993841949386 62
1783892738926 0.0010246190289763036 63
1783892738927 0.0010221975934837247 64
1783892738929 0.0010097812463936862 65
1783892738930 0.0009990244431537577 66
1783892738932 0.001018220540790935 67
1783892738933 0.0010037978956097505 68
1783892738935 0.0009756895387545228 69
1783892738936 0.0009594048811413813 70
1783892738937 0.0009533895257482072 71
1783892738939 0.0009483494910091394 72
1783892738940 0.0009438823979871814 73
1783892738942 0.0009381489460065495 74
1783892738943 0.0009392261142784264 75
1783892738945 0.0009450775799632539 76
1783892738946 0.0009349233713874127 77
1783892738947 0.0009304707950650482 78
1783892738949 0.0009207999185309745 79
1783892738950 0.0009153293724375544 80
1783892738952 0.0009174548700684682 81
1783892738953 0.0009157298356876709 82
1783892738955 0.0009109398003056412 83
1783892738956 0.0009142849803902208 84
1783892738958 0.0009121279205646715 85
1783892738959 0.0009093597865285119 86
1783892738960 0.000904440307058394 87
1783892738962 0.0009066084261576179 88
1783892738963 0.0009056268552376423 89
1783892738965 0.0008996389579988318 90
1783892738966 0.0008996544573892606 91
1783892738968 0.0009007541947357822 92
1783892738969 0.0008967020630370826 93
1783892738970 0.0008991800715011778 94
1783892738972 0.0008971388045756612 95
1783892738973 0.0008967643190408125 96
1783892738975 0.0008919818116919487 97
1783892738976 0.0008972789787731017 98
1783892738978 0.0008948870278982213 99
1783892738979 0.000896141464872926 100
1783892738981 0.0008957464298146078 101
1783892738982 0.0008920389722334221 102
1783892738983 0.00088847867489676 103
1783892738985 0.0008921173911221558 104
