1783892739382 0.0 1
1783892739383 0.0 2
1783892739384 0.0 3
1783892739385 0.0 4
1783892739386 0.0 5
1783892739388 0.0 6
1783892739389 0.0 7
1783892739391 0.0 8
1783892739392 0.0 9
1783892739393 0.0 10
1783892739395 0.0 11
1783892739396 0.0 12
1783892739397 0.0 13
1783892739399 0.0 14
1783892739400 0.0 15
1783892739401 0.0 16
1783892739402 0.0 17
1783892739403 0.0 18
1783892739405 0.0 19
1783892739406 0.0 20
1783892739408 0.0 21
1783892739409 0.0 22
1783892739410 0.0 23
1783892739412 0.0 24
1783892739413 0.0 25
1783892739414 0.0 26
1783892739415 0.0 27
1783892739417 0.0 28
1783892739418 0.0 29
1783892739419 0.0 30
1783892739420 0.0 31
1783892739422 0.0 32
1783892739423 0.0 33
1783892739424 0.0 34
1783892739425 0.0 35
1783892739427 0.0 36
1783892739428 0.0 37
1783892739429 0.0 38
1783892739430 0.0 39
1783892739431 0.0 40
1783892739433 0.0 41
1783892739434 0.0 42
1783892739435 0.0 43
1783892739437 0.0 44
1783892739438 0.0 45
1783892739440 0.0 46
1783892739441 0.0 47
1783892739442 0.0 48
1783892739444 0.0 49
1783892739445 0.0 50
1783892739446 0.0 51
1783892739448 0.0 52
1783892739449 0.0 53
1783892739450 0.0 54
1783892739451 0.0 55
1783892739453 0.0 56
1783892739454 0.0 57
1783892739455 0.0 58
1783892739457 0.0 59
1783892739458 0.0 60
1783892739459 0.0 61
1783892739460 0.0 62
1783892739461 0.0 63
1783892739462 0.0 64
1783892739464 0.0 65
1783892739465 0.0 66
1783892739466 0.0 67
1783892739468 0.0 68
1783892739469 0.0 69
1783892739470 0.0 70
1783892739472 0.0 71
1783892739473 0.0 72
1783892739474 0.0 73
1783892739476 0.0 74
1783892739477 0.0 75
1783892739478 0.0 76
1783892739480 0.0 77
1783892739481 0.0 78
1783892739482 0.0 79
1783892739484 0.0 80
1783892739485 0.0 81
1783892739487 0.0 82
1783892739488 0.0 83
1783892739489 0.0 84
1783892739491 0.0 85
1783892739492 0.0 86
1783892739494 0.0 87
1783892739495 0.0 88
1783892739496 0.0 89
1783892739498 0.0 90
1783892739499 0.0 91
1783892739501 0.0 92
1783892739502 0.0 93
1783892739503 0.0 94
1783892739504 0.0 95
1783892739506 0.0 96
1783892739507 0.0 97
1783892739508 0.0 98
1783892739510 0.0 99
1783892739511 0.0 100
1783892739512 0.0 101
1783892739514 0.0 102
1783892739515 0.0 103
1783892739517 0.0 104
