1780314144797 0.14032981596887112 1
1780314144799 0.10504821971058846 2
1780314144801 0.07749361857771873 3
1780314144804 0.05909341160207987 4
1780314144806 0.04659804482012987 5
1780314144808 0.037475618133321405 6
1780314144810 0.030685597714036703 7
1780314144812 0.025450252247974276 8
1780314144815 0.021391541054472326 9
1780314144817 0.0182083825673908 10
1780314144819 0.015701644830405714 11
1780314144821 0.013690048358403146 12
1780314144823 0.011998028210364282 13
1780314144825 0.01056342005264014 14
1780314144828 0.00934879491571337 15
1780314144830 0.008349893856793642 16
1780314144832 0.007534551527351141 17
1780314144834 0.006832145736552775 18
1780314144836 0.006290003661997616 19
1780314144839 0.005770193049684167 20
1780314144841 0.0052884229703340675 21
1780314144843 0.004843055887613445 22
1780314144845 0.0044732230308 23
1780314144847 0.004174286159686744 24
1780314144850 0.0039074462663847955 25
1780314144852 0.0036983189731836317 26
1780314144854 0.0034891367063391954 27
1780314144856 0.003296716595068574 28
1780314144858 0.00312889359483961 29
1780314144861 0.0029900410253321753 30
1780314144863 0.0028462381399003787 31
1780314144865 0.0027188079338520766 32
1780314144867 0.002610742757678963 33
1780314144869 0.002545372655731626 34
1780314144871 0.002448887121863663 35
1780314144874 0.0023738058417802676 36
1780314144876 0.002306288005202077 37
1780314144878 0.0022603485026047566 38
1780314144880 0.0021765331423375753 39
1780314144882 0.002108104368962813 40
1780314144885 0.0020459169530658984 41
1780314144887 0.0020252332114614547 42
1780314144889 0.001980227983149234 43
1780314144891 0.0019479714709450492 44
1780314144893 0.0019189699250273407 45
1780314144895 0.0019329479488078504 46
1780314144898 0.0018878785308334045 47
1780314144900 0.0018273237998073454 48
1780314144902 0.00178329777365434 49
1780314144904 0.001763314991403604 50
1780314144906 0.0017545767399133182 51
1780314144908 0.0017489024566020818 52
1780314144911 0.0016980206419248134 53
1780314144913 0.0016827519188518636 54
1780314144915 0.0016767935735697392 55
1780314144917 0.0016611100055160932 56
1780314144919 0.001649072194850305 57
1780314144922 0.0016526642990356776 58
1780314144924 0.001637186923326226 59
1780314144926 0.0016237833081686403 60
1780314144928 0.0016038973625109065 61
1780314144930 0.0015791223509586416 62
1780314144932 0.001572353155061137 63
1780314144935 0.0015582211226865183 64
1780314144937 0.0015505118903820403 65
1780314144939 0.0015497391106327996 66
1780314144941 0.0015655494078237098 67
1780314144943 0.0015673150936345336 68
1780314144946 0.001536897318874253 69
1780314144948 0.0015229221429035533 70
1780314144950 0.0015077311691857175 71
1780314144952 0.0015000415474787586 72
1780314144954 0.0015062613718328066 73
1780314144956 0.0014900699421559692 74
1780314144958 0.001475443747913232 75
1780314144961 0.0014722213912318693 76
1780314144963 0.0014623015443794428 77
1780314144965 0.0014607338739006082 78
1780314144967 0.0014580491936794714 79
1780314144969 0.001462875505312695 80
1780314144971 0.0014457365703856339 81
1780314144974 0.0014433106629439863 82
1780314144976 0.0014454625532380305 83
1780314144978 0.0014371620905876624 84
1780314144980 0.0014263183184084482 85
1780314144982 0.0014204080976196565 86
1780314144984 0.0014405064164748182 87
1780314144987 0.0014393337576620979 88
1780314144989 0.001428472826446523 89
1780314144991 0.0014079646435857284 90
1780314144993 0.0013878474782541162 91
1780314144996 0.00137839084782172 92
1780314144998 0.001380659081187332 93
1780314145000 0.0013795961211872055 94
1780314145002 0.001402497340386617 95
1780314145004 0.0014329468117648503 96
1780314145007 0.0014155864611529979 97
1780314145009 0.0013843761421594536 98
1780314145011 0.0013734204737556866 99
1780314145013 0.001356355532334419 100
1780314145015 0.0013535582958866144 101
1780314145017 0.0013473146215983434 102
1780314145020 0.001348438191198511 103
1780314145022 0.0013499133921868634 104
1780314145024 0.0013253982322930823 105
1780314145026 0.0012977797758503583 106
1780314145028 0.001287473897828022 107
1780314145030 0.0012830048229807288 108
1780314145033 0.0012800855981913628 109
1780314145035 0.0012754558167944196 110
1780314145037 0.0012744690796534996 111
1780314145039 0.0012747218651202276 112
1780314145041 0.0012759182426088954 113
1780314145044 0.0012617227510054363 114
1780314145046 0.0012537911385879852 115
