1782703594784 0.1335465021058917 1
1782703594785 0.04325544135645032 2
1782703594786 0.02070958061609417 3
1782703594787 0.012542225196957588 4
1782703594788 0.008847000708337873 5
1782703594789 0.006351514144334942 6
1782703594790 0.005105618593515829 7
1782703594792 0.004188183451769873 8
1782703594793 0.00366534779779613 9
1782703594794 0.0032394892058800907 10
1782703594795 0.00279727324959822 11
1782703594796 0.002522200692910701 12
1782703594797 0.002330631104996428 13
1782703594798 0.002199031672789715 14
1782703594799 0.0022708679010975175 15
1782703594800 0.002023625846777577 16
1782703594801 0.0018175729355425574 17
1782703594802 0.0017119060814729892 18
1782703594803 0.0016311253904132171 19
1782703594805 0.00164827316388255 20
1782703594806 0.0016947930431342683 21
1782703594807 0.0015544185764156282 22
1782703594808 0.0014437068710685707 23
1782703594809 0.001394461369200144 24
1782703594810 0.0013621147281082813 25
1782703594811 0.0013438544591190293 26
1782703594812 0.0013573359839210751 27
1782703594813 0.0013524288035114296 28
1782703594814 0.0012988338895956986 29
1782703594815 0.0012605742260348052 30
1782703594816 0.0012252519391768146 31
1782703594817 0.0012233362322149333 32
1782703594819 0.0011563794952235184 33
1782703594820 0.0011559200980991592 34
1782703594821 0.0011871692702698055 35
1782703594822 0.0011900050644180738 36
1782703594823 0.0011579491364682327 37
1782703594824 0.0011318153086176607 38
1782703594825 0.0010913601421634667 39
1782703594826 0.0010332355565333274 40
1782703594827 0.0010065289454360027 41
1782703594828 0.0010009455832914681 42
1782703594829 0.001003508852008963 43
1782703594830 0.0009751277876057429 44
1782703594831 0.0010440477829251904 45
1782703594833 0.0010493824682635022 46
1782703594834 0.0009800903520954308 47
1782703594835 0.0009684884708985919 48
1782703594836 0.0009442651440622285 49
1782703594837 0.0009308084107760806 50
1782703594838 0.0009506399721431081 51
1782703594839 0.0009459028506535105 52
1782703594840 0.0009109347406774759 53
1782703594841 0.0008747421612497419 54
1782703594842 0.0008670320100645768 55
1782703594843 0.0008901408175006509 56
1782703594845 0.0008566376876115101 57
1782703594846 0.0007939315380644984 58
1782703594847 0.0007711324727642932 59
1782703594848 0.0007587254013560596 60
1782703594849 0.000751497738310718 61
1782703594850 0.0007450857230287511 62
1782703594851 0.0007407400583178969 63
1782703594852 0.0007397487961497973 64
1782703594853 0.0007486412227444817 65
1782703594854 0.0007408799333279603 66
1782703594855 0.0007205028702446725 67
1782703594856 0.0007116388379654381 68
1782703594857 0.0007073564463644288 69
1782703594859 0.0007033304619471892 70
1782703594860 0.00070012253785535 71
1782703594861 0.0006974170120884083 72
1782703594862 0.0006923039654429886 73
1782703594863 0.0006887732260292978 74
1782703594864 0.0006866952208292787 75
1782703594865 0.0006847558584922808 76
1782703594866 0.0006828668082380318 77
1782703594867 0.0006810994629995548 78
1782703594868 0.000679366347103496 79
1782703594869 0.0006765475897918805 80
1782703594870 0.0006748932032860466 81
1782703594871 0.0006736545945022954 82
1782703594873 0.0006725643101162859 83
1782703594874 0.0006714857937186025 84
1782703594875 0.0006703664019369171 85
1782703594876 0.0006692759001452941 86
1782703594877 0.000667524411182967 87
1782703594878 0.0006668132605409482 88
