1782703594974 0.0 1
1782703594975 0.0 2
1782703594976 0.0 3
1782703594977 0.0 4
1782703594978 0.0 5
1782703594980 0.0 6
1782703594981 0.0 7
1782703594982 0.0 8
1782703594983 0.0 9
1782703594984 0.0 10
1782703594985 0.0 11
1782703594986 0.0 12
1782703594987 0.0 13
1782703594988 0.0 14
1782703594989 0.0 15
1782703594990 0.0 16
1782703594991 0.0 17
1782703594992 0.0 18
1782703594993 0.0 19
1782703594994 0.0 20
1782703594995 0.0 21
1782703594996 0.0 22
1782703594997 0.0 23
1782703594997 0.0 24
1782703594998 0.0 25
1782703594999 0.0 26
1782703595000 0.0 27
1782703595001 0.0 28
1782703595002 0.0 29
1782703595003 0.0 30
1782703595004 0.0 31
1782703595005 0.0 32
1782703595006 0.0 33
1782703595007 0.0 34
1782703595008 0.0 35
1782703595009 0.0 36
1782703595010 0.0 37
1782703595011 0.0 38
1782703595012 0.0 39
1782703595013 0.0 40
1782703595014 0.0 41
1782703595015 0.0 42
1782703595015 0.0 43
1782703595016 0.0 44
1782703595017 0.0 45
1782703595018 0.0 46
1782703595019 0.0 47
1782703595020 0.0 48
1782703595021 0.0 49
1782703595022 0.0 50
1782703595023 0.0 51
1782703595024 0.0 52
1782703595025 0.0 53
1782703595026 0.0 54
1782703595027 0.0 55
1782703595028 0.0 56
1782703595028 0.0 57
1782703595029 0.0 58
1782703595030 0.0 59
1782703595031 0.0 60
1782703595032 0.0 61
1782703595033 0.0 62
1782703595034 0.0 63
1782703595035 0.0 64
1782703595036 0.0 65
1782703595037 0.0 66
1782703595038 0.0 67
1782703595039 0.0 68
1782703595040 0.0 69
1782703595040 0.0 70
1782703595041 0.0 71
1782703595042 0.0 72
1782703595043 0.0 73
1782703595044 0.0 74
1782703595045 0.0 75
1782703595046 0.0 76
1782703595047 0.0 77
1782703595048 0.0 78
1782703595049 0.0 79
1782703595049 0.0 80
1782703595050 0.0 81
1782703595051 0.0 82
1782703595053 0.0 83
1782703595054 0.0 84
1782703595055 0.0 85
1782703595056 0.0 86
1782703595057 0.0 87
1782703595058 0.0 88
