1782703595059 0.0 1
1782703595060 0.0 2
1782703595061 0.0 3
1782703595062 0.0 4
1782703595063 0.0 5
1782703595064 0.0 6
1782703595066 0.0 7
1782703595067 0.0 8
1782703595068 0.0 9
1782703595069 0.0 10
1782703595070 0.0 11
1782703595071 0.0 12
1782703595072 0.0 13
1782703595073 0.0 14
1782703595074 0.0 15
1782703595075 0.0 16
1782703595076 0.0 17
1782703595077 0.0 18
1782703595078 0.0 19
1782703595079 0.0 20
1782703595080 0.0 21
1782703595081 0.0 22
1782703595082 0.0 23
1782703595083 0.0 24
1782703595084 0.0 25
1782703595085 0.0 26
1782703595086 0.0 27
1782703595087 0.0 28
1782703595088 0.0 29
1782703595089 0.0 30
1782703595089 0.0 31
1782703595090 0.0 32
1782703595091 0.0 33
1782703595092 0.0 34
1782703595093 0.0 35
1782703595094 0.0 36
1782703595095 0.0 37
1782703595096 0.0 38
1782703595097 0.0 39
1782703595098 0.0 40
1782703595099 0.0 41
1782703595100 0.0 42
1782703595101 0.0 43
1782703595102 0.0 44
1782703595103 0.0 45
1782703595104 0.0 46
1782703595105 0.0 47
1782703595105 0.0 48
1782703595106 0.0 49
1782703595107 0.0 50
1782703595108 0.0 51
1782703595109 0.0 52
1782703595110 0.0 53
1782703595111 0.0 54
1782703595112 0.0 55
1782703595113 0.0 56
1782703595114 0.0 57
1782703595115 0.0 58
1782703595116 0.0 59
1782703595117 0.0 60
1782703595118 0.0 61
1782703595118 0.0 62
1782703595119 0.0 63
1782703595120 0.0 64
1782703595121 0.0 65
1782703595122 0.0 66
1782703595123 0.0 67
1782703595124 0.0 68
1782703595125 0.0 69
1782703595126 0.0 70
1782703595127 0.0 71
1782703595127 0.0 72
1782703595128 0.0 73
1782703595129 0.0 74
1782703595130 0.0 75
1782703595131 0.0 76
1782703595133 0.0 77
1782703595134 0.0 78
1782703595134 0.0 79
1782703595135 0.0 80
1782703595136 0.0 81
1782703595137 0.0 82
1782703595138 0.0 83
1782703595139 0.0 84
1782703595140 0.0 85
1782703595141 0.0 86
1782703595142 0.0 87
1782703595143 0.0 88
