1785319246890 0.06596791429134706 1
1785319246892 0.00694709599580771 2
1785319246894 0.004107863261015155 3
1785319246895 0.003327658039052039 4
1785319246897 0.002807975155155873 5
1785319246899 0.002656051022010312 6
1785319246900 0.0024116474979867537 7
1785319246902 0.0020645575700958337 8
1785319246904 0.0019267498532523557 9
1785319246905 0.001846040680296331 10
1785319246907 0.0017148932131628195 11
1785319246909 0.0015687538569181924 12
1785319246910 0.001569908171586576 13
1785319246912 0.0015332827219632843 14
1785319246914 0.0014723408668942284 15
1785319246915 0.0014422899277027077 16
1785319246917 0.0014361056216027162 17
1785319246919 0.001417373283887476 18
1785319246920 0.0013629684724340526 19
1785319246922 0.0013686105819942895 20
1785319246924 0.001380179391708225 21
1785319246925 0.0014426339896696542 22
1785319246927 0.0013538158563581723 23
1785319246929 0.0012707774356992255 24
1785319246930 0.0012392324078973616 25
1785319246932 0.0012197850376348166 26
1785319246934 0.001198318174101587 27
1785319246935 0.001230741965082416 28
1785319246937 0.0012116202980299326 29
1785319246938 0.001271131562195175 30
1785319246940 0.0012244960256187671 31
1785319246942 0.0011877919652154864 32
1785319246943 0.0011113439567149422 33
1785319246945 0.0011027367831047742 34
1785319246947 0.0011072874342668607 35
1785319246948 0.0011348803860528277 36
1785319246950 0.0011044020668123267 37
1785319246952 0.0011557066452345074 38
1785319246953 0.001121343352921637 39
1785319246954 0.0010601485838681887 40
