1784107793206 0.013880429858108983 1
1784107793208 0.0039265592242009005 2
1784107793209 0.0034662569538340903 3
1784107793211 0.003210068288462935 4
1784107793213 0.002942456231394317 5
1784107793214 0.0027638394379755483 6
1784107793216 0.0027275225849007255 7
1784107793217 0.0026985202949435915 8
1784107793219 0.002318750985141378 9
1784107793220 0.002190382854314521 10
1784107793222 0.002201267600321444 11
1784107793224 0.002006093301315559 12
1784107793225 0.0019409990063286387 13
1784107793227 0.0018367983358621132 14
1784107793228 0.001859045393721317 15
1784107793230 0.0017279781500110403 16
1784107793232 0.0016878848000487778 17
1784107793233 0.0016407373211404775 18
1784107793235 0.0017929804213054012 19
1784107793236 0.0016928548025316559 20
1784107793238 0.0015926014081196628 21
1784107793239 0.001546263649215689 22
1784107793241 0.0014489803706965176 23
1784107793243 0.0013974325953313381 24
1784107793244 0.0013708806147769792 25
1784107793246 0.0013377131192100933 26
1784107793247 0.0013208093369757989 27
1784107793249 0.0012802908651792678 28
1784107793250 0.0012542718753684311 29
1784107793252 0.001239895342005184 30
1784107793253 0.0012215703772380949 31
1784107793255 0.0012115097559581044 32
1784107793257 0.0011879370886890683 33
1784107793258 0.0011784955497569172 34
1784107793260 0.0011701636767975287 35
1784107793261 0.0011625622014980763 36
1784107793263 0.00115542748295411 37
