1784107793322 0.0 1
1784107793324 0.0 2
1784107793325 0.0 3
1784107793327 0.0 4
1784107793328 0.0 5
1784107793330 0.0 6
1784107793332 0.0 7
1784107793333 0.0 8
1784107793335 0.0 9
1784107793336 0.0 10
1784107793338 0.0 11
1784107793339 0.0 12
1784107793341 0.0 13
1784107793342 0.0 14
1784107793344 0.0 15
1784107793346 0.0 16
1784107793347 0.0 17
1784107793349 0.0 18
1784107793350 0.0 19
1784107793352 0.0 20
1784107793353 0.0 21
1784107793355 0.0 22
1784107793356 0.0 23
1784107793358 0.0 24
1784107793359 0.0 25
1784107793361 0.0 26
1784107793363 0.0 27
1784107793364 0.0 28
1784107793366 0.0 29
1784107793367 0.0 30
1784107793369 0.0 31
1784107793370 0.0 32
1784107793372 0.0 33
1784107793373 0.0 34
1784107793375 0.0 35
1784107793377 0.0 36
1784107793378 0.0 37
