1784107793380 0.0 1
1784107793381 0.0 2
1784107793383 0.0 3
1784107793384 0.0 4
1784107793386 0.0 5
1784107793387 0.0 6
1784107793389 0.0 7
1784107793391 0.0 8
1784107793392 0.0 9
1784107793393 0.0 10
1784107793395 0.0 11
1784107793396 0.0 12
1784107793397 0.0 13
1784107793399 0.0 14
1784107793400 0.0 15
1784107793402 0.0 16
1784107793403 0.0 17
1784107793404 0.0 18
1784107793406 0.0 19
1784107793407 0.0 20
1784107793408 0.0 21
1784107793410 0.0 22
1784107793411 0.0 23
1784107793413 0.0 24
1784107793414 0.0 25
1784107793415 0.0 26
1784107793416 0.0 27
1784107793418 0.0 28
1784107793419 0.0 29
1784107793420 0.0 30
1784107793422 0.0 31
1784107793423 0.0 32
1784107793424 0.0 33
1784107793426 0.0 34
1784107793427 0.0 35
1784107793429 0.0 36
1784107793430 0.0 37
