1782570626004 0.1850071134790778 1
1782570626005 0.0681698995269835 2
1782570626006 0.02920930056832731 3
1782570626007 0.01655244370456785 4
1782570626008 0.011040390112902969 5
1782570626009 0.008355158504564315 6
1782570626010 0.006441575174685568 7
1782570626011 0.005181370052741841 8
1782570626012 0.004398659598082304 9
1782570626013 0.004076211424544454 10
1782570626014 0.0033906670415308326 11
1782570626015 0.0030972089379793033 12
1782570626016 0.0028082926390925423 13
1782570626018 0.002581864151288755 14
1782570626019 0.002384656459908001 15
1782570626020 0.0022843656834447756 16
1782570626021 0.0021640308474889024 17
1782570626022 0.002086810855544172 18
1782570626023 0.002011473582533654 19
1782570626024 0.0021600655544898473 20
1782570626025 0.0019049394401372411 21
1782570626026 0.0018286510146572255 22
1782570626027 0.0017290050818701275 23
1782570626028 0.0017584845700184815 24
1782570626029 0.0017159109303611331 25
1782570626029 0.001603213299968047 26
1782570626030 0.0016304516038508155 27
1782570626031 0.0016569979263294954 28
1782570626032 0.0015716855517530347 29
1782570626033 0.0015070926502812653 30
1782570626034 0.0014509800857922528 31
1782570626035 0.001413307073962642 32
1782570626036 0.0014334465506544802 33
1782570626037 0.0014726071419136134 34
1782570626038 0.0014651952421991154 35
1782570626039 0.0013630217635363807 36
1782570626040 0.0012862241963739506 37
1782570626041 0.0012575500109232962 38
1782570626042 0.001244327480380889 39
1782570626043 0.0012284436771005857 40
1782570626044 0.0012333162425784395 41
1782570626045 0.0012124245558516123 42
1782570626046 0.0012180719993193634 43
1782570626047 0.0012072972200257936 44
1782570626048 0.0012235665736079681 45
1782570626049 0.001196828985994216 46
1782570626050 0.0012080148296081462 47
1782570626051 0.0011858771747210995 48
1782570626052 0.0011682093067793176 49
1782570626053 0.0011383515191846526 50
1782570626054 0.0011115641120704822 51
1782570626055 0.0011063782441488002 52
1782570626056 0.0010951153490896103 53
1782570626058 0.0010869196834391915 54
1782570626059 0.0010785548064450269 55
1782570626060 0.0010767799172754166 56
1782570626061 0.0010647247184533625 57
1782570626062 0.0010599370724958136 58
1782570626063 0.0010493792300258064 59
1782570626064 0.0010556716490827966 60
1782570626065 0.0010431391929159872 61
1782570626066 0.0010443549887713744 62
1782570626067 0.00104244814858248 63
1782570626068 0.0010409229752258399 64
1782570626069 0.0010319572614389471 65
1782570626070 0.0010301492780126864 66
1782570626071 0.0010305053261981812 67
1782570626072 0.0010250909469323233 68
1782570626073 0.001020442013250431 69
1782570626075 0.0010190632450394331 70
1782570626075 0.001014495347844786 71
1782570626077 0.0010042805765988305 72
1782570626078 0.001006613737117732 73
1782570626078 0.0010002698609605431 74
1782570626079 0.0010020677801367128 75
1782570626080 0.0010013203588459874 76
1782570626081 0.0009983842773362995 77
1782570626082 0.0009958799308515153 78
1782570626083 0.0009963888450874947 79
1782570626084 0.000993125118984608 80
1782570626085 0.0009957068904623157 81
1782570626086 0.000987982176229707 82
1782570626087 0.0009896005751215853 83
1782570626088 0.0009808282583981054 84
1782570626089 0.0009830770480039064 85
1782570626090 0.0009805921100632985 86
1782570626091 0.000981310741044581 87
1782570626091 0.000979684893245576 88
1782570626092 0.0009814220943371765 89
1782570626093 0.0009760519797418965 90
1782570626094 0.0009790637363039424 91
1782570626095 0.0009704807178059127 92
1782570626096 0.0009770435683458345 93
1782570626097 0.0009762282764859265 94
1782570626098 0.0009763006580760702 95
1782570626099 0.0009741343942732783 96
1782570626100 0.0009711867557052756 97
1782570626101 0.0009710319658915978 98
1782570626102 0.0009713878941693111 99
1782570626103 0.0009742333756003063 100
1782570626103 0.0009743425338820089 101
1782570626105 0.0009709824630408548 102
1782570626106 0.0009740829227666836 103
1782570626107 0.0009725995198095916 104
1782570626108 0.0009691686167207081 105
1782570626109 0.0009701046850386774 106
