1782570625778 0.18501770958304406 1
1782570625780 0.06819714756682516 2
1782570625781 0.02923614451661706 3
1782570625782 0.016583384317345917 4
1782570625783 0.011077447636052966 5
1782570625784 0.008402654635719955 6
1782570625785 0.006484282156452537 7
1782570625786 0.005225466036936268 8
1782570625787 0.004446637959918007 9
1782570625788 0.004141956943785771 10
1782570625789 0.0034450375533197075 11
1782570625790 0.003155053718946874 12
1782570625791 0.0028661844081943853 13
1782570625793 0.00263873964198865 14
1782570625794 0.002443405677913688 15
1782570625795 0.0023476212361129 16
1782570625796 0.002229601730941795 17
1782570625797 0.0021529265464050695 18
1782570625798 0.002079505167494062 19
1782570625799 0.0022396515050786547 20
1782570625800 0.0019814244491863065 21
1782570625801 0.0019015963762649335 22
1782570625802 0.0018042464152676985 23
1782570625803 0.001841075772244949 24
1782570625804 0.001795365067955572 25
1782570625805 0.001679300437681377 26
1782570625806 0.0017135578961460852 27
1782570625807 0.0017396139426273294 28
1782570625809 0.0016512928761949297 29
1782570625810 0.0015904083850909955 30
1782570625811 0.00153555588593008 31
1782570625812 0.0014982256025541573 32
1782570625813 0.0015232341177761554 33
1782570625814 0.001562945149053121 34
1782570625815 0.0015618150957743637 35
1782570625816 0.0014531300497765188 36
1782570625817 0.0013793163061200176 37
1782570625818 0.0013498068985063583 38
1782570625819 0.0013414686454052572 39
1782570625820 0.0013249014331086072 40
1782570625821 0.0013323038537055255 41
1782570625822 0.001307804140378721 42
1782570625823 0.0013149249368871096 43
1782570625825 0.001305722955876263 44
1782570625826 0.0013217473519034685 45
1782570625827 0.00129408594511915 46
1782570625828 0.0013089996267808602 47
1782570625829 0.0012872485369734932 48
1782570625830 0.0012662848737090826 49
1782570625831 0.0012376580231648405 50
1782570625832 0.001211567773425486 51
1782570625833 0.0012068166975222993 52
1782570625834 0.0011958036758005618 53
1782570625835 0.001186161029181676 54
1782570625836 0.0011768969280819873 55
1782570625837 0.0011753512651193887 56
1782570625838 0.001163156467519002 57
1782570625839 0.0011607050585735123 58
1782570625840 0.0011483001397573388 59
1782570625841 0.0011580312912701628 60
1782570625843 0.0011445111519424245 61
1782570625844 0.0011445787771663164 62
1782570625845 0.0011432028681156226 63
1782570625846 0.0011437729894532823 64
1782570625847 0.001133998763980344 65
1782570625848 0.00113137898457353 66
1782570625849 0.0011326172189728822 67
1782570625850 0.0011264128601760604 68
1782570625851 0.0011212308183894493 69
1782570625852 0.0011208993919717613 70
1782570625853 0.0011190508589788806 71
1782570625854 0.0011066870024660602 72
1782570625855 0.0011105907173623564 73
1782570625856 0.0011035214325238484 74
1782570625857 0.0011038950617512455 75
1782570625859 0.0011044205034704646 76
1782570625860 0.0011019686867075507 77
1782570625861 0.0010990950509585672 78
1782570625862 0.0011001916375971631 79
1782570625863 0.001096153059625067 80
1782570625864 0.001099290292841033 81
1782570625865 0.0010924652574612992 82
1782570625866 0.0010931502877792809 83
1782570625867 0.0010844100434042048 84
1782570625868 0.0010864535988366697 85
1782570625869 0.0010842538176075323 86
1782570625870 0.0010846535980817862 87
1782570625871 0.0010830526928475592 88
1782570625872 0.001084623380593257 89
1782570625873 0.0010788766051700804 90
1782570625874 0.0010825030587875517 91
1782570625876 0.0010739913894212804 92
1782570625877 0.001080617814513971 93
1782570625878 0.001080142196296947 94
1782570625879 0.00108018189566792 95
1782570625880 0.0010784771976614137 96
1782570625881 0.0010755800509650727 97
1782570625882 0.0010749322074116207 98
1782570625883 0.001075127452641027 99
1782570625884 0.0010783253925183089 100
1782570625885 0.001078368256930844 101
1782570625886 0.0010749925491109025 102
1782570625887 0.0010781398580002133 103
1782570625888 0.0010768007847946138 104
1782570625889 0.0010734306021186058 105
1782570625890 0.0010742786946502747 106
