1782240420202 0.0 1
1782240420204 0.0 2
1782240420205 0.0 3
1782240420206 0.0 4
1782240420207 0.0 5
1782240420209 0.0 6
1782240420210 0.0 7
1782240420211 0.0 8
1782240420212 0.0 9
1782240420214 0.0 10
1782240420215 0.0 11
1782240420216 0.0 12
1782240420217 0.0 13
1782240420218 0.0 14
1782240420220 0.0 15
1782240420221 0.0 16
1782240420222 0.0 17
1782240420223 0.0 18
1782240420225 0.0 19
1782240420226 0.0 20
1782240420227 0.0 21
1782240420228 0.0 22
1782240420229 0.0 23
1782240420230 0.0 24
1782240420231 0.0 25
1782240420232 0.0 26
1782240420234 0.0 27
1782240420235 0.0 28
1782240420236 0.0 29
1782240420237 0.0 30
1782240420238 0.0 31
1782240420239 0.0 32
1782240420240 0.0 33
1782240420241 0.0 34
1782240420242 0.0 35
1782240420243 0.0 36
1782240420244 0.0 37
1782240420245 0.0 38
1782240420246 0.0 39
1782240420247 0.0 40
1782240420248 0.0 41
1782240420250 0.0 42
1782240420251 0.0 43
1782240420252 0.0 44
1782240420253 0.0 45
1782240420254 0.0 46
1782240420255 0.0 47
1782240420256 0.0 48
1782240420257 0.0 49
1782240420258 0.0 50
1782240420259 0.0 51
1782240420260 0.0 52
1782240420261 0.0 53
1782240420262 0.0 54
1782240420263 0.0 55
1782240420264 0.0 56
1782240420266 0.0 57
1782240420267 0.0 58
1782240420268 0.0 59
1782240420269 0.0 60
1782240420270 0.0 61
1782240420271 0.0 62
1782240420272 0.0 63
1782240420273 0.0 64
1782240420274 0.0 65
1782240420275 0.0 66
1782240420276 0.0 67
1782240420277 0.0 68
1782240420278 0.0 69
1782240420279 0.0 70
1782240420280 0.0 71
1782240420282 0.0 72
1782240420283 0.0 73
1782240420284 0.0 74
1782240420285 0.0 75
1782240420286 0.0 76
1782240420287 0.0 77
