1782240420009 0.10479462791234255 1
1782240420010 0.0337172846775502 2
1782240420011 0.01636824104003608 3
1782240420013 0.010203608330339193 4
1782240420014 0.0071375838667154315 5
1782240420015 0.005514695312594995 6
1782240420016 0.004412374377716332 7
1782240420018 0.003711237868992612 8
1782240420019 0.0032606281811604276 9
1782240420020 0.0028733548073796556 10
1782240420022 0.002610336343059316 11
1782240420023 0.002431422381778248 12
1782240420024 0.002222293196246028 13
1782240420025 0.0020361097931163386 14
1782240420027 0.0018936351034790277 15
1782240420028 0.0017832801217446104 16
1782240420029 0.0017527884128503502 17
1782240420030 0.001686196640948765 18
1782240420032 0.0016490407430683263 19
1782240420033 0.0016128099223715253 20
1782240420034 0.0015531318829744122 21
1782240420035 0.0014884077171154785 22
1782240420037 0.0014669957537262234 23
1782240420038 0.0014196119249390905 24
1782240420039 0.0013450947011006064 25
1782240420040 0.0012920544306689408 26
1782240420042 0.001283208773820661 27
1782240420043 0.0012502088597102557 28
1782240420044 0.0012101679903571494 29
1782240420045 0.0012004516071465333 30
1782240420047 0.0011863694724161178 31
1782240420048 0.0011786720352392876 32
1782240420049 0.0011820385092141804 33
1782240420051 0.001188213327914127 34
1782240420052 0.00115702922710625 35
1782240420053 0.0011338008647726384 36
1782240420054 0.0011043433888698927 37
1782240420056 0.0010887135740631493 38
1782240420057 0.0010588584643846843 39
1782240420058 0.0010492896067444235 40
1782240420059 0.0010381852775753942 41
1782240420061 0.0010252690565539524 42
1782240420062 0.001009774066551472 43
1782240420063 0.0010109072894556447 44
1782240420064 0.000997054898107308 45
1782240420066 0.000977436491230037 46
1782240420067 0.000961631564059644 47
1782240420068 0.000955198208175716 48
1782240420069 0.0009838469932583393 49
1782240420071 0.0009729081815748941 50
1782240420072 0.0009496814964950318 51
1782240420073 0.0009210123190132436 52
1782240420074 0.0009242740130139281 53
1782240420076 0.0009421158758050296 54
1782240420077 0.0008989829885831568 55
1782240420078 0.0008338359382469207 56
1782240420079 0.0008161866191221634 57
1782240420081 0.0008060142322210595 58
1782240420082 0.0007977058297183249 59
1782240420083 0.0007908489556575659 60
1782240420085 0.0007849873754094005 61
1782240420086 0.0007760324127229979 62
1782240420087 0.0007707011141974363 63
1782240420088 0.0007675261598706129 64
1782240420090 0.0007643495660158805 65
1782240420091 0.000760963679786073 66
1782240420092 0.0007574556543477229 67
1782240420093 0.000754363290470792 68
1782240420095 0.0007485042118787532 69
1782240420096 0.0007462786285032053 70
1782240420097 0.0007443406404490816 71
1782240420098 0.000742248672140704 72
1782240420100 0.0007403378419621731 73
1782240420101 0.0007383977027711808 74
1782240420102 0.0007363221452033031 75
1782240420103 0.000732972525547666 76
1782240420105 0.0007316629452907364 77
