1782240420288 0.0 1
1782240420289 0.0 2
1782240420290 0.0 3
1782240420291 0.0 4
1782240420292 0.0 5
1782240420294 0.0 6
1782240420295 0.0 7
1782240420296 0.0 8
1782240420297 0.0 9
1782240420298 0.0 10
1782240420299 0.0 11
1782240420301 0.0 12
1782240420302 0.0 13
1782240420303 0.0 14
1782240420304 0.0 15
1782240420305 0.0 16
1782240420306 0.0 17
1782240420307 0.0 18
1782240420308 0.0 19
1782240420309 0.0 20
1782240420310 0.0 21
1782240420311 0.0 22
1782240420312 0.0 23
1782240420313 0.0 24
1782240420314 0.0 25
1782240420315 0.0 26
1782240420317 0.0 27
1782240420318 0.0 28
1782240420319 0.0 29
1782240420320 0.0 30
1782240420321 0.0 31
1782240420322 0.0 32
1782240420323 0.0 33
1782240420324 0.0 34
1782240420325 0.0 35
1782240420326 0.0 36
1782240420327 0.0 37
1782240420328 0.0 38
1782240420329 0.0 39
1782240420330 0.0 40
1782240420332 0.0 41
1782240420333 0.0 42
1782240420334 0.0 43
1782240420335 0.0 44
1782240420336 0.0 45
1782240420337 0.0 46
1782240420338 0.0 47
1782240420339 0.0 48
1782240420340 0.0 49
1782240420341 0.0 50
1782240420342 0.0 51
1782240420343 0.0 52
1782240420344 0.0 53
1782240420345 0.0 54
1782240420346 0.0 55
1782240420348 0.0 56
1782240420349 0.0 57
1782240420350 0.0 58
1782240420351 0.0 59
1782240420352 0.0 60
1782240420353 0.0 61
1782240420354 0.0 62
1782240420355 0.0 63
1782240420356 0.0 64
1782240420357 0.0 65
1782240420358 0.0 66
1782240420359 0.0 67
1782240420360 0.0 68
1782240420361 0.0 69
1782240420363 0.0 70
1782240420364 0.0 71
1782240420365 0.0 72
1782240420366 0.0 73
1782240420367 0.0 74
1782240420368 0.0 75
1782240420369 0.0 76
1782240420370 0.0 77
