1782560329088 0.0 1
1782560329089 0.0 2
1782560329090 0.0 3
1782560329090 0.0 4
1782560329091 0.0 5
1782560329092 0.0 6
1782560329093 0.0 7
1782560329094 0.0 8
1782560329095 0.0 9
1782560329096 0.0 10
1782560329097 0.0 11
1782560329097 0.0 12
1782560329098 0.0 13
1782560329099 0.0 14
1782560329100 0.0 15
1782560329101 0.0 16
1782560329102 0.0 17
1782560329103 0.0 18
1782560329104 0.0 19
1782560329105 0.0 20
1782560329106 0.0 21
1782560329107 0.0 22
1782560329108 0.0 23
1782560329108 0.0 24
1782560329109 0.0 25
1782560329110 0.0 26
1782560329111 0.0 27
1782560329112 0.0 28
1782560329113 0.0 29
1782560329114 0.0 30
1782560329114 0.0 31
1782560329115 0.0 32
1782560329116 0.0 33
1782560329117 0.0 34
1782560329118 0.0 35
1782560329119 0.0 36
1782560329120 0.0 37
1782560329121 0.0 38
1782560329122 0.0 39
1782560329123 0.0 40
1782560329124 0.0 41
1782560329125 0.0 42
1782560329126 0.0 43
1782560329126 0.0 44
1782560329127 0.0 45
1782560329128 0.0 46
1782560329129 0.0 47
1782560329130 0.0 48
1782560329131 0.0 49
1782560329132 0.0 50
1782560329133 0.0 51
1782560329134 0.0 52
1782560329135 0.0 53
1782560329135 0.0 54
1782560329136 0.0 55
1782560329137 0.0 56
1782560329138 0.0 57
1782560329139 0.0 58
1782560329140 0.0 59
1782560329141 0.0 60
1782560329142 0.0 61
1782560329142 0.0 62
1782560329143 0.0 63
1782560329144 0.0 64
1782560329145 0.0 65
1782560329146 0.0 66
1782560329147 0.0 67
1782560329148 0.0 68
1782560329149 0.0 69
1782560329150 0.0 70
1782560329151 0.0 71
1782560329152 0.0 72
1782560329153 0.0 73
1782560329154 0.0 74
1782560329155 0.0 75
1782560329156 0.0 76
1782560329157 0.0 77
1782560329158 0.0 78
1782560329159 0.0 79
1782560329159 0.0 80
1782560329160 0.0 81
1782560329161 0.0 82
1782560329162 0.0 83
1782560329163 0.0 84
1782560329164 0.0 85
1782560329165 0.0 86
1782560329166 0.0 87
1782560329167 0.0 88
1782560329168 0.0 89
1782560329169 0.0 90
1782560329170 0.0 91
1782560329171 0.0 92
1782560329172 0.0 93
1782560329173 0.0 94
1782560329174 0.0 95
1782560329175 0.0 96
1782560329176 0.0 97
1782560329177 0.0 98
1782560329178 0.0 99
1782560329179 0.0 100
1782560329180 0.0 101
1782560329181 0.0 102
1782560329182 0.0 103
1782560329183 0.0 104
1782560329184 0.0 105
1782560329185 0.0 106
1782560329186 0.0 107
1782560329186 0.0 108
1782560329187 0.0 109
1782560329188 0.0 110
1782560329189 0.0 111
1782560329190 0.0 112
1782560329191 0.0 113
1782560329193 0.0 114
1782560329194 0.0 115
1782560329195 0.0 116
1782560329196 0.0 117
1782560329197 0.0 118
1782560329198 0.0 119
1782560329199 0.0 120
1782560329200 0.0 121
1782560329201 0.0 122
1782560329202 0.0 123
1782560329203 0.0 124
1782560329204 0.0 125
1782560329205 0.0 126
1782560329206 0.0 127
1782560329207 0.0 128
1782560329208 0.0 129
1782560329209 0.0 130
1782560329210 0.0 131
1782560329211 0.0 132
1782560329213 0.0 133
1782560329214 0.0 134
1782560329215 0.0 135
1782560329216 0.0 136
1782560329217 0.0 137
1782560329218 0.0 138
1782560329219 0.0 139
1782560329220 0.0 140
1782560329221 0.0 141
1782560329222 0.0 142
1782560329223 0.0 143
1782560329224 0.0 144
1782560329225 0.0 145
1782560329226 0.0 146
1782560329227 0.0 147
1782560329228 0.0 148
1782560329229 0.0 149
1782560329230 0.0 150
1782560329231 0.0 151
1782560329232 0.0 152
1782560329233 0.0 153
1782560329234 0.0 154
1782560329235 0.0 155
1782560329237 0.0 156
1782560329238 0.0 157
1782560329239 0.0 158
1782560329240 0.0 159
1782560329241 0.0 160
1782560329242 0.0 161
1782560329243 0.0 162
1782560329244 0.0 163
1782560329245 0.0 164
1782560329246 0.0 165
1782560329247 0.0 166
1782560329248 0.0 167
1782560329249 0.0 168
1782560329250 0.0 169
1782560329251 0.0 170
1782560329252 0.0 171
1782560329253 0.0 172
1782560329254 0.0 173
1782560329255 0.0 174
1782560329257 0.0 175
1782560329258 0.0 176
1782560329259 0.0 177
1782560329260 0.0 178
1782560329261 0.0 179
1782560329262 0.0 180
1782560329263 0.0 181
1782560329264 0.0 182
1782560329265 0.0 183
1782560329266 0.0 184
1782560329267 0.0 185
1782560329268 0.0 186
1782560329269 0.0 187
1782560329270 0.0 188
1782560329271 0.0 189
1782560329272 0.0 190
1782560329273 0.0 191
1782560329274 0.0 192
1782560329275 0.0 193
1782560329277 0.0 194
1782560329278 0.0 195
1782560329279 0.0 196
1782560329280 0.0 197
1782560329281 0.0 198
1782560329282 0.0 199
1782560329283 0.0 200
1782560329284 0.0 201
1782560329285 0.0 202
1782560329286 0.0 203
1782560329287 0.0 204
1782560329288 0.0 205
