1782560328890 0.0 1
1782560328891 0.0 2
1782560328892 0.0 3
1782560328893 0.0 4
1782560328894 0.0 5
1782560328895 0.0 6
1782560328896 0.0 7
1782560328897 0.0 8
1782560328898 0.0 9
1782560328899 0.0 10
1782560328900 0.0 11
1782560328901 0.0 12
1782560328901 0.0 13
1782560328902 0.0 14
1782560328903 0.0 15
1782560328904 0.0 16
1782560328905 0.0 17
1782560328906 0.0 18
1782560328907 0.0 19
1782560328908 0.0 20
1782560328908 0.0 21
1782560328909 0.0 22
1782560328910 0.0 23
1782560328911 0.0 24
1782560328913 0.0 25
1782560328914 0.0 26
1782560328915 0.0 27
1782560328916 0.0 28
1782560328917 0.0 29
1782560328918 0.0 30
1782560328918 0.0 31
1782560328919 0.0 32
1782560328920 0.0 33
1782560328921 0.0 34
1782560328922 0.0 35
1782560328923 0.0 36
1782560328924 0.0 37
1782560328925 0.0 38
1782560328926 0.0 39
1782560328927 0.0 40
1782560328928 0.0 41
1782560328929 0.0 42
1782560328930 0.0 43
1782560328931 0.0 44
1782560328932 0.0 45
1782560328933 0.0 46
1782560328934 0.0 47
1782560328935 0.0 48
1782560328936 0.0 49
1782560328937 0.0 50
1782560328938 0.0 51
1782560328939 0.0 52
1782560328941 0.0 53
1782560328942 0.0 54
1782560328943 0.0 55
1782560328944 0.0 56
1782560328945 0.0 57
1782560328946 0.0 58
1782560328947 0.0 59
1782560328948 0.0 60
1782560328949 0.0 61
1782560328950 0.0 62
1782560328951 0.0 63
1782560328952 0.0 64
1782560328953 0.0 65
1782560328954 0.0 66
1782560328955 0.0 67
1782560328956 0.0 68
1782560328957 0.0 69
1782560328958 0.0 70
1782560328959 0.0 71
1782560328960 0.0 72
1782560328961 0.0 73
1782560328962 0.0 74
1782560328963 0.0 75
1782560328964 0.0 76
1782560328965 0.0 77
1782560328966 0.0 78
1782560328967 0.0 79
1782560328968 0.0 80
1782560328969 0.0 81
1782560328971 0.0 82
1782560328972 0.0 83
1782560328973 0.0 84
1782560328974 0.0 85
1782560328975 0.0 86
1782560328976 0.0 87
1782560328977 0.0 88
1782560328978 0.0 89
1782560328979 0.0 90
1782560328980 0.0 91
1782560328981 0.0 92
1782560328982 0.0 93
1782560328983 0.0 94
1782560328984 0.0 95
1782560328985 0.0 96
1782560328986 0.0 97
1782560328987 0.0 98
1782560328987 0.0 99
1782560328988 0.0 100
1782560328989 0.0 101
1782560328990 0.0 102
1782560328991 0.0 103
1782560328992 0.0 104
1782560328993 0.0 105
1782560328994 0.0 106
1782560328995 0.0 107
1782560328996 0.0 108
1782560328997 0.0 109
1782560328998 0.0 110
1782560328998 0.0 111
1782560328999 0.0 112
1782560329000 0.0 113
1782560329001 0.0 114
1782560329002 0.0 115
1782560329003 0.0 116
1782560329004 0.0 117
1782560329005 0.0 118
1782560329005 0.0 119
1782560329006 0.0 120
1782560329008 0.0 121
1782560329008 0.0 122
1782560329009 0.0 123
1782560329010 0.0 124
1782560329011 0.0 125
1782560329012 0.0 126
1782560329013 0.0 127
1782560329014 0.0 128
1782560329015 0.0 129
1782560329015 0.0 130
1782560329016 0.0 131
1782560329017 0.0 132
1782560329018 0.0 133
1782560329019 0.0 134
1782560329020 0.0 135
1782560329021 0.0 136
1782560329022 0.0 137
1782560329023 0.0 138
1782560329024 0.0 139
1782560329025 0.0 140
1782560329026 0.0 141
1782560329026 0.0 142
1782560329027 0.0 143
1782560329028 0.0 144
1782560329029 0.0 145
1782560329030 0.0 146
1782560329031 0.0 147
1782560329032 0.0 148
1782560329033 0.0 149
1782560329034 0.0 150
1782560329034 0.0 151
1782560329035 0.0 152
1782560329036 0.0 153
1782560329037 0.0 154
1782560329038 0.0 155
1782560329039 0.0 156
1782560329040 0.0 157
1782560329041 0.0 158
1782560329042 0.0 159
1782560329043 0.0 160
1782560329044 0.0 161
1782560329045 0.0 162
1782560329046 0.0 163
1782560329046 0.0 164
1782560329047 0.0 165
1782560329048 0.0 166
1782560329049 0.0 167
1782560329050 0.0 168
1782560329051 0.0 169
1782560329052 0.0 170
1782560329053 0.0 171
1782560329053 0.0 172
1782560329055 0.0 173
1782560329056 0.0 174
1782560329057 0.0 175
1782560329058 0.0 176
1782560329059 0.0 177
1782560329060 0.0 178
1782560329061 0.0 179
1782560329062 0.0 180
1782560329063 0.0 181
1782560329064 0.0 182
1782560329065 0.0 183
1782560329066 0.0 184
1782560329067 0.0 185
1782560329068 0.0 186
1782560329069 0.0 187
1782560329070 0.0 188
1782560329071 0.0 189
1782560329072 0.0 190
1782560329073 0.0 191
1782560329074 0.0 192
1782560329075 0.0 193
1782560329076 0.0 194
1782560329077 0.0 195
1782560329078 0.0 196
1782560329079 0.0 197
1782560329080 0.0 198
1782560329081 0.0 199
1782560329082 0.0 200
1782560329083 0.0 201
1782560329084 0.0 202
1782560329085 0.0 203
1782560329086 0.0 204
1782560329087 0.0 205
