1780318597416 0.1461031463742256 1
1780318597419 0.0607821992598474 2
1780318597421 0.030621019816026093 3
1780318597424 0.018505649431608616 4
1780318597426 0.012862512064166366 5
1780318597428 0.009784962055273355 6
1780318597431 0.007669163360260427 7
1780318597433 0.00647646518656984 8
1780318597435 0.005500853769481182 9
1780318597437 0.004791815931675956 10
1780318597439 0.004408355625346303 11
1780318597441 0.0039969987445510925 12
1780318597444 0.0036999622848816215 13
1780318597446 0.003497629564371891 14
1780318597448 0.003369472529157065 15
1780318597451 0.003111990829347633 16
1780318597453 0.00297898672928568 17
1780318597456 0.002927705986658111 18
1780318597458 0.0027849020704161375 19
1780318597460 0.0027100095042260366 20
1780318597463 0.0026029022564762272 21
1780318597465 0.0025600190862314774 22
1780318597468 0.0024699697439791637 23
1780318597470 0.0024453476996859538 24
1780318597473 0.0023735219874652103 25
1780318597475 0.002457710292364936 26
1780318597477 0.0023558902688091622 27
1780318597480 0.0022838972514728083 28
1780318597482 0.002286973448935896 29
1780318597484 0.002247069627046585 30
1780318597486 0.002162121575966012 31
1780318597488 0.0021900122228544205 32
1780318597491 0.002155874372983817 33
1780318597493 0.0020957589262980037 34
1780318597495 0.002091340888000559 35
1780318597498 0.0021236314217094334 36
1780318597500 0.002130950572754955 37
1780318597502 0.002061539558781078 38
1780318597504 0.0020364546938799323 39
1780318597507 0.0020201261041802353 40
1780318597509 0.002046038317057537 41
1780318597511 0.002065291891922243 42
1780318597513 0.002012932321522385 43
1780318597516 0.0019813293765764683 44
1780318597518 0.001955163968668785 45
1780318597520 0.0019234218762721866 46
1780318597522 0.0019081880076555536 47
1780318597525 0.0018734358504298144 48
1780318597527 0.0018835994706023484 49
1780318597529 0.0019332115462748333 50
1780318597531 0.001966768618731294 51
1780318597534 0.0019921807051287033 52
1780318597536 0.0018979223791393452 53
1780318597538 0.0019168792048003525 54
1780318597541 0.0019028322825033683 55
1780318597543 0.001796016006701393 56
1780318597545 0.0017442959010077175 57
1780318597547 0.0017565268455655314 58
1780318597550 0.0017512698510836345 59
1780318597552 0.0017325416499807034 60
1780318597554 0.0017397326094214804 61
1780318597557 0.001727025897562271 62
1780318597559 0.0017339243434253148 63
1780318597561 0.0017070191899256316 64
1780318597563 0.0017039157298859209 65
1780318597565 0.0017063536537170875 66
1780318597567 0.0017108005346381106 67
1780318597569 0.0017083836586971302 68
1780318597571 0.0016847938641149085 69
1780318597574 0.0017044277644890826 70
1780318597576 0.0016748178444686347 71
1780318597578 0.001658505594386952 72
1780318597580 0.0016483703658741434 73
1780318597583 0.0016630296599760186 74
1780318597585 0.001633763345744228 75
1780318597588 0.001631099696678575 76
1780318597590 0.0016500355149037206 77
1780318597592 0.0016152127741952426 78
1780318597594 0.0016241947762318887 79
1780318597596 0.001616376296587987 80
1780318597599 0.001604283651104197 81
1780318597601 0.001630467510985909 82
1780318597603 0.0016346557841461617 83
1780318597606 0.0016358177734946367 84
1780318597608 0.0016224083850102033 85
1780318597610 0.0016112083538610022 86
1780318597613 0.0016233597908285446 87
1780318597615 0.0016059372587187682 88
1780318597617 0.0016133512582746335 89
1780318597620 0.001593854471866507 90
1780318597622 0.0015955150974332356 91
1780318597625 0.0015911322577449028 92
1780318597627 0.001596337368246168 93
1780318597629 0.0016049667034531013 94
1780318597631 0.0015795348164101596 95
1780318597633 0.0015904899366432801 96
1780318597635 0.0015627968289481941 97
1780318597637 0.0015791703638387844 98
1780318597639 0.0015730849839746951 99
1780318597641 0.0015659855626290664 100
1780318597643 0.0015597470094508026 101
1780318597646 0.0015599508238665293 102
1780318597647 0.0015617680775176267 103
1780318597650 0.0015621288534021006 104
1780318597652 0.0015613008185755462 105
1780318597654 0.0015596702173934318 106
1780318597656 0.0015534668520558626 107
1780318597658 0.001554315659450367 108
1780318597660 0.001539588013838511 109
1780318597662 0.00153539151098812 110
1780318597664 0.001536921285733115 111
1780318597666 0.0015421165592852048 112
1780318597669 0.0015362089482368901 113
1780318597671 0.0015408183861291035 114
1780318597674 0.0015464897349011153 115
1780318597676 0.0015495631986414083 116
1780318597678 0.0015325559112534394 117
1780318597680 0.0015333611649111845 118
1780318597683 0.0015409533702768386 119
1780318597685 0.001536208974721376 120
1780318597687 0.0015374256174254697 121
1780318597689 0.0015293464517162647 122
1780318597692 0.0015340813170769251 123
1780318597694 0.0015336534699599725 124
1780318597697 0.0015270874503767117 125
1780318597699 0.0015352539153536781 126
1780318597701 0.0015350053730071522 127
1780318597704 0.0015380354631633964 128
1780318597706 0.001521239201829303 129
1780318597709 0.0015214856585953384 130
1780318597711 0.0015317050048906822 131
