1781881522908 0.0 1
1781881522909 0.0 2
1781881522910 0.0 3
1781881522911 0.0 4
1781881522912 0.0 5
1781881522913 0.0 6
1781881522914 0.0 7
1781881522915 0.0 8
1781881522916 0.0 9
1781881522917 0.0 10
1781881522918 0.0 11
1781881522919 0.0 12
1781881522919 0.0 13
1781881522920 0.0 14
1781881522921 0.0 15
1781881522922 0.0 16
1781881522923 0.0 17
1781881522924 0.0 18
1781881522925 0.0 19
1781881522926 0.0 20
1781881522927 0.0 21
1781881522928 0.0 22
1781881522929 0.0 23
1781881522929 0.0 24
1781881522930 0.0 25
1781881522931 0.0 26
1781881522932 0.0 27
1781881522933 0.0 28
1781881522934 0.0 29
1781881522935 0.0 30
1781881522936 0.0 31
1781881522937 0.0 32
1781881522938 0.0 33
1781881522939 0.0 34
1781881522940 0.0 35
1781881522940 0.0 36
1781881522941 0.0 37
1781881522942 0.0 38
1781881522943 0.0 39
1781881522944 0.0 40
1781881522945 0.0 41
1781881522946 0.0 42
1781881522947 0.0 43
1781881522948 0.0 44
1781881522949 0.0 45
1781881522950 0.0 46
1781881522951 0.0 47
1781881522952 0.0 48
1781881522952 0.0 49
1781881522953 0.0 50
1781881522954 0.0 51
1781881522955 0.0 52
1781881522956 0.0 53
1781881522957 0.0 54
1781881522958 0.0 55
1781881522959 0.0 56
1781881522960 0.0 57
1781881522961 0.0 58
1781881522962 0.0 59
1781881522963 0.0 60
1781881522963 0.0 61
1781881522964 0.0 62
1781881522965 0.0 63
1781881522966 0.0 64
1781881522967 0.0 65
1781881522968 0.0 66
1781881522969 0.0 67
1781881522970 0.0 68
1781881522971 0.0 69
1781881522972 0.0 70
1781881522973 0.0 71
1781881522973 0.0 72
1781881522974 0.0 73
1781881522975 0.0 74
1781881522976 0.0 75
1781881522977 0.0 76
1781881522978 0.0 77
1781881522979 0.0 78
1781881522980 0.0 79
1781881522981 0.0 80
1781881522982 0.0 81
1781881522983 0.0 82
1781881522984 0.0 83
1781881522984 0.0 84
1781881522985 0.0 85
1781881522986 0.0 86
1781881522987 0.0 87
1781881522988 0.0 88
1781881522989 0.0 89
1781881522990 0.0 90
1781881522991 0.0 91
1781881522992 0.0 92
1781881522993 0.0 93
1781881522994 0.0 94
1781881522995 0.0 95
1781881522996 0.0 96
1781881522996 0.0 97
1781881522997 0.0 98
1781881522998 0.0 99
1781881522999 0.0 100
1781881523000 0.0 101
1781881523001 0.0 102
1781881523002 0.0 103
1781881523003 0.0 104
1781881523004 0.0 105
1781881523005 0.0 106
