1781881522811 0.0 1
1781881522812 0.0 2
1781881522813 0.0 3
1781881522814 0.0 4
1781881522815 0.0 5
1781881522816 0.0 6
1781881522817 0.0 7
1781881522818 0.0 8
1781881522819 0.0 9
1781881522820 0.0 10
1781881522821 0.0 11
1781881522821 0.0 12
1781881522822 0.0 13
1781881522823 0.0 14
1781881522824 0.0 15
1781881522825 0.0 16
1781881522826 0.0 17
1781881522827 0.0 18
1781881522828 0.0 19
1781881522829 0.0 20
1781881522830 0.0 21
1781881522830 0.0 22
1781881522831 0.0 23
1781881522832 0.0 24
1781881522833 0.0 25
1781881522834 0.0 26
1781881522835 0.0 27
1781881522836 0.0 28
1781881522837 0.0 29
1781881522838 0.0 30
1781881522839 0.0 31
1781881522840 0.0 32
1781881522841 0.0 33
1781881522841 0.0 34
1781881522842 0.0 35
1781881522843 0.0 36
1781881522844 0.0 37
1781881522845 0.0 38
1781881522846 0.0 39
1781881522847 0.0 40
1781881522848 0.0 41
1781881522849 0.0 42
1781881522850 0.0 43
1781881522851 0.0 44
1781881522852 0.0 45
1781881522853 0.0 46
1781881522853 0.0 47
1781881522854 0.0 48
1781881522855 0.0 49
1781881522856 0.0 50
1781881522857 0.0 51
1781881522858 0.0 52
1781881522859 0.0 53
1781881522860 0.0 54
1781881522861 0.0 55
1781881522862 0.0 56
1781881522863 0.0 57
1781881522864 0.0 58
1781881522865 0.0 59
1781881522865 0.0 60
1781881522866 0.0 61
1781881522867 0.0 62
1781881522868 0.0 63
1781881522869 0.0 64
1781881522870 0.0 65
1781881522871 0.0 66
1781881522872 0.0 67
1781881522873 0.0 68
1781881522874 0.0 69
1781881522875 0.0 70
1781881522875 0.0 71
1781881522876 0.0 72
1781881522877 0.0 73
1781881522878 0.0 74
1781881522879 0.0 75
1781881522880 0.0 76
1781881522881 0.0 77
1781881522882 0.0 78
1781881522883 0.0 79
1781881522884 0.0 80
1781881522885 0.0 81
1781881522886 0.0 82
1781881522886 0.0 83
1781881522887 0.0 84
1781881522888 0.0 85
1781881522889 0.0 86
1781881522890 0.0 87
1781881522891 0.0 88
1781881522892 0.0 89
1781881522893 0.0 90
1781881522894 0.0 91
1781881522895 0.0 92
1781881522896 0.0 93
1781881522897 0.0 94
1781881522897 0.0 95
1781881522898 0.0 96
1781881522899 0.0 97
1781881522900 0.0 98
1781881522901 0.0 99
1781881522902 0.0 100
1781881522903 0.0 101
1781881522904 0.0 102
1781881522905 0.0 103
1781881522906 0.0 104
1781881522907 0.0 105
1781881522908 0.0 106
