1781881522617 0.2359533717483282 1
1781881522618 0.18491761349141597 2
1781881522619 0.15428759835660458 3
1781881522620 0.12625204231590031 4
1781881522621 0.10431337382644415 5
1781881522622 0.08744414616376162 6
1781881522623 0.07410131270065903 7
1781881522624 0.06325395807623863 8
1781881522625 0.0543972073122859 9
1781881522626 0.04703089786693454 10
1781881522627 0.040777527391910554 11
1781881522628 0.035144930239766836 12
1781881522629 0.029112230455502867 13
1781881522629 0.02322945767082274 14
1781881522630 0.018868225743062794 15
1781881522631 0.015643680891953407 16
1781881522632 0.013234046208672225 17
1781881522633 0.011374123422428965 18
1781881522634 0.00990419496782124 19
1781881522635 0.00870862701209262 20
1781881522636 0.0077447723736986515 21
1781881522637 0.0069114073715172706 22
1781881522638 0.006213556216098368 23
1781881522639 0.0056109762284904715 24
1781881522640 0.005098693580366671 25
1781881522641 0.004652434575837106 26
1781881522641 0.004251779906917363 27
1781881522642 0.003926623840816319 28
1781881522643 0.00362895239260979 29
1781881522644 0.0033590166841167956 30
1781881522645 0.0031380738690495492 31
1781881522646 0.0029398096178192643 32
1781881522647 0.002762697720900178 33
1781881522648 0.0026195586647372693 34
1781881522649 0.0024506873503560202 35
1781881522650 0.002300929403863847 36
1781881522651 0.002171805818215944 37
1781881522652 0.002072018310427666 38
1781881522652 0.001981462760595605 39
1781881522653 0.0018944595038192346 40
1781881522654 0.0018073084755451418 41
1781881522655 0.001735715938557405 42
1781881522656 0.0016737397445831447 43
1781881522657 0.0016093264328083023 44
1781881522658 0.001559032759978436 45
1781881522659 0.001507015351089649 46
1781881522660 0.0014751396974315868 47
1781881522661 0.0014283967117080464 48
1781881522662 0.0013805869373027236 49
1781881522663 0.001346598289674148 50
1781881522663 0.0013132520849467254 51
1781881522664 0.0012919207991217263 52
1781881522665 0.0012686495909292716 53
1781881522666 0.0012456636258866638 54
1781881522667 0.0012190043398004492 55
1781881522668 0.0011973202142689843 56
1781881522669 0.001167624654917745 57
1781881522670 0.0011530321597820149 58
1781881522671 0.0011447126120037864 59
1781881522672 0.0011353095178492367 60
1781881522673 0.0011064793731202372 61
1781881522673 0.0010967054274806287 62
1781881522674 0.0010791481746855425 63
1781881522675 0.0010685578441916733 64
1781881522676 0.0010560785103734815 65
1781881522677 0.0010494622205442284 66
1781881522678 0.0010459820261894493 67
1781881522679 0.001047428716556169 68
1781881522680 0.001028751284320606 69
1781881522681 0.0010177089134958805 70
1781881522682 0.0010015854840457906 71
1781881522683 0.0009867452145408606 72
1781881522684 0.0009808131449972279 73
1781881522684 0.0009754275273735402 74
1781881522685 0.0009756091376038967 75
1781881522686 0.0009691089365514927 76
1781881522687 0.0009629550496174489 77
1781881522688 0.0009682416079886025 78
1781881522689 0.000953906899158028 79
1781881522690 0.000946490227142931 80
1781881522691 0.0009352764893264976 81
1781881522692 0.0009286135573347565 82
1781881522693 0.0009226680433494039 83
1781881522694 0.0009046590403158916 84
1781881522694 0.0008840304432669654 85
1781881522695 0.0008761922304256586 86
1781881522696 0.0008714441136544337 87
1781881522697 0.0008677745736713404 88
1781881522698 0.0008642555139886099 89
1781881522699 0.0008614308200776577 90
1781881522700 0.0008569859949784587 91
1781881522701 0.0008541360836534295 92
1781881522702 0.0008520836419120315 93
1781881522703 0.0008499922605551546 94
1781881522704 0.0008480848061299184 95
1781881522705 0.0008461138703569304 96
1781881522705 0.0008441633476468269 97
1781881522706 0.0008414058424386895 98
1781881522707 0.0008398316253806115 99
1781881522708 0.0008386217392398976 100
1781881522709 0.0008374422464476083 101
1781881522710 0.0008361953582061688 102
1781881522711 0.0008350407520629232 103
1781881522712 0.0008337549030693481 104
1781881522713 0.0008320358968921937 105
1781881522714 0.0008313284423275036 106
