1780314171450 0.2153402815759182 1
1780314171452 0.18468839108943938 2
1780314171455 0.16350707843899726 3
1780314171457 0.14683426067233085 4
1780314171460 0.13216070607304573 5
1780314171462 0.11916343361139298 6
1780314171465 0.10756893441081047 7
1780314171467 0.09723927415907382 8
1780314171470 0.08799947567284107 9
1780314171472 0.0797890730202198 10
1780314171474 0.07243117541074753 11
1780314171476 0.06574235454201699 12
1780314171491 0.059627036713063714 13
1780314171493 0.054140346944332125 14
1780314171496 0.04916657835245133 15
1780314171498 0.04404146496206522 16
1780314171500 0.039674450866878035 17
1780314171503 0.0360404597222805 18
1780314171505 0.032927150353789326 19
1780314171507 0.03012903658673167 20
1780314171510 0.027653034869581462 21
1780314171512 0.025461598820984362 22
1780314171514 0.023493023719638587 23
1780314171516 0.021768137440085412 24
1780314171519 0.020191720183938743 25
1780314171521 0.018783898875117302 26
1780314171523 0.01753795609809458 27
1780314171525 0.016358887804672123 28
1780314171528 0.015306161381304265 29
1780314171530 0.014340011477470398 30
1780314171532 0.013457420421764255 31
1780314171534 0.012644400699064135 32
1780314171537 0.011920834872871638 33
1780314171539 0.011247705966234207 34
1780314171542 0.010631535956636072 35
1780314171544 0.010058678262867033 36
1780314171546 0.009480118630453943 37
1780314171548 0.008974123783409595 38
1780314171551 0.008487730519846082 39
1780314171553 0.008055099421180784 40
1780314171555 0.007637823210097849 41
1780314171558 0.007271997570060193 42
1780314171560 0.00694972675293684 43
1780314171562 0.006619214126840234 44
1780314171564 0.0063152699638158085 45
1780314171567 0.0060437019495293495 46
1780314171569 0.005776274120435119 47
1780314171571 0.0054999715508893135 48
1780314171573 0.00525603344431147 49
1780314171576 0.005046188768465072 50
1780314171578 0.004842254302930087 51
1780314171580 0.004656244262587279 52
1780314171583 0.004499990392941982 53
1780314171585 0.004352533002384007 54
1780314171587 0.0041972931800410155 55
1780314171590 0.00405692015774548 56
1780314171592 0.003935949532315135 57
1780314171594 0.0038875290099531414 58
1780314171596 0.003736964601557702 59
1780314171599 0.0035646024183370174 60
1780314171601 0.0034412610926665365 61
1780314171603 0.0033818218228407206 62
1780314171606 0.0032898808643221857 63
1780314171608 0.003189080189913511 64
1780314171610 0.0030909360537771137 65
1780314171612 0.0029871425789315255 66
1780314171615 0.0029020912817213683 67
1780314171617 0.0028374086110852658 68
1780314171619 0.002772891758941114 69
1780314171621 0.0027050126716494562 70
1780314171624 0.002642627452732995 71
1780314171626 0.0026218075538054107 72
1780314171628 0.0025839437055401506 73
1780314171631 0.0025379745825193823 74
1780314171633 0.0025358112854883073 75
1780314171635 0.002455208427272737 76
1780314171637 0.0024001381150446834 77
1780314171640 0.0023326427838765086 78
1780314171642 0.002269608535571024 79
1780314171644 0.002215405552415177 80
1780314171647 0.002180487788282335 81
1780314171649 0.002176279817940667 82
1780314171651 0.002156752131413668 83
1780314171654 0.0021480658469954506 84
1780314171656 0.0021235265192808585 85
1780314171658 0.00206357742252294 86
1780314171660 0.0020162112574325874 87
1780314171663 0.001977543098037131 88
1780314171665 0.0019535071705468 89
1780314171667 0.0019335183745715766 90
1780314171670 0.0019241979595972225 91
1780314171672 0.001881332485936582 92
1780314171674 0.0018606626719702036 93
1780314171676 0.0018412862764671445 94
1780314171679 0.001813348244759254 95
1780314171681 0.0017978767590830103 96
1780314171683 0.0017866467341082172 97
1780314171685 0.0017796347523108124 98
1780314171688 0.0017804684286238626 99
1780314171690 0.0017747730301925912 100
1780314171692 0.0017990578734315933 101
1780314171695 0.0018072460003895686 102
1780314171697 0.0017386544158216567 103
1780314171699 0.0017024047949234955 104
1780314171701 0.0016624475427670404 105
1780314171704 0.001645368623721879 106
1780314171706 0.0016204142311471515 107
1780314171708 0.0015994766401126982 108
1780314171711 0.0015873118996387347 109
1780314171713 0.0015821824668091722 110
1780314171716 0.0015890647112973965 111
1780314171718 0.001611896814138163 112
1780314171720 0.0015956117244786583 113
1780314171723 0.0015796522630262188 114
1780314171725 0.0016356465755961835 115
1780314171727 0.0016174351057270542 116
1780314171730 0.0015915479467366821 117
1780314171732 0.001563489582913462 118
1780314171734 0.0015577085482073017 119
1780314171737 0.001519821173278615 120
1780314171739 0.001498663404781837 121
1780314171741 0.0014962724628276192 122
1780314171743 0.001489711802569218 123
1780314171746 0.0014723385375691577 124
1780314171748 0.0014579316161689349 125
1780314171750 0.0014495718176476657 126
1780314171752 0.0014423153366078622 127
1780314171755 0.0014391965276445262 128
1780314171757 0.0014805177308153362 129
1780314171759 0.001532540286134463 130
1780314171762 0.0014831894080271012 131
1780314171764 0.0014698272966779768 132
1780314171766 0.0014433900569565594 133
1780314171769 0.001424989099323284 134
1780314171771 0.0014203664517845028 135
1780314171773 0.0014075042179320007 136
1780314171775 0.0014171850171987898 137
1780314171778 0.0014290046723908745 138
1780314171780 0.0014205437633791006 139
1780314171782 0.0014064262268948368 140
1780314171785 0.001387666759401327 141
1780314171787 0.0013750623038504273 142
1780314171789 0.0013820270908763632 143
1780314171792 0.0013717863243073226 144
1780314171794 0.0013783626089571043 145
1780314171796 0.0013839354712399654 146
1780314171798 0.0014048514000023714 147
1780314171801 0.00138884634594433 148
1780314171803 0.0013720962051593233 149
1780314171805 0.00135275168941007 150
1780314171808 0.0013406506582396105 151
1780314171810 0.0013273824109637643 152
1780314171812 0.0013263431936502456 153
1780314171815 0.0013224098860519008 154
1780314171817 0.0013137796125374734 155
1780314171819 0.00131600090811844 156
1780314171821 0.0013245639267552179 157
1780314171824 0.0013255243118328508 158
1780314171826 0.0013181027460086624 159
1780314171828 0.0013465818869008218 160
1780314171831 0.0013958572602132335 161
1780314171833 0.0013603160878119525 162
1780314171835 0.0013772293331567199 163
1780314171837 0.0013398807389603461 164
1780314171840 0.0013321100041503086 165
1780314171842 0.0013220422973972746 166
1780314171844 0.0013051082906895316 167
1780314171847 0.0012958725445787423 168
1780314171849 0.0012851537854294292 169
1780314171851 0.001286335403274279 170
1780314171854 0.001307195112312911 171
1780314171856 0.0013191665078920779 172
1780314171858 0.0012986960529815406 173
1780314171860 0.0012740190658951179 174
1780314171863 0.0012634061176504474 175
1780314171865 0.0012594513810472562 176
1780314171867 0.001261080427939305 177
1780314171870 0.0012616943326429464 178
1780314171872 0.0012705468124477193 179
1780314171874 0.001274532442475902 180
1780314171876 0.0012820739968447015 181
1780314171879 0.001275186644779751 182
1780314171881 0.001267256590363104 183
1780314171884 0.001256232046871446 184
1780314171886 0.0012497026773053222 185
1780314171888 0.0012477377866161987 186
1780314171891 0.0012434634899545927 187
1780314171893 0.001252803618699545 188
1780314171895 0.0012604912162350957 189
1780314171897 0.0012824919087870512 190
1780314171900 0.0013112038766848854 191
1780314171902 0.0012569115091173443 192
1780314171905 0.0012527860129193868 193
1780314171907 0.0012499819694494364 194
1780314171909 0.0012191509458352812 195
1780314171912 0.0012186170287895948 196
1780314171914 0.001209214842383517 197
1780314171916 0.0012027555996610318 198
1780314171919 0.0012086211238056422 199
1780314171921 0.0012329902136116288 200
1780314171923 0.0012299270457879175 201
1780314171925 0.0012412359869631473 202
1780314171928 0.0012253575524664483 203
1780314171930 0.0012297394683992025 204
1780314171933 0.001216964428749634 205
1780314171935 0.0012130101044022013 206
1780314171938 0.0012128382243099623 207
1780314171940 0.0012111789929622318 208
1780314171943 0.0012087283738947008 209
1780314171945 0.0011921381787396968 210
1780314171948 0.0011854136596957687 211
1780314171950 0.0011827204123255797 212
1780314171953 0.0011759479573811404 213
1780314171955 0.001189048941305373 214
1780314171957 0.0011974800100142602 215
1780314171960 0.0012046371257747523 216
1780314171962 0.001195282282133121 217
1780314171964 0.0012082136132812594 218
1780314171966 0.0012259419115434867 219
1780314171969 0.0012063093869073781 220
1780314171971 0.0012071633477171418 221
1780314171973 0.0012269730574917049 222
1780314171976 0.0011998396887793205 223
1780314171978 0.0011867398620233872 224
1780314171980 0.0011864341098407748 225
1780314171982 0.001179313894972438 226
1780314171985 0.001163105087034637 227
1780314171987 0.0011681025614961981 228
1780314171989 0.0011502486137032974 229
1780314171992 0.0011523995688185096 230
1780314171994 0.0011465016087458934 231
1780314171996 0.001140940253098961 232
1780314171998 0.001138544054410886 233
1780314172001 0.0011376016942085698 234
1780314172003 0.0011424512065423187 235
1780314172005 0.001149412227096036 236
1780314172008 0.00115251418625121 237
1780314172010 0.0011577963799936698 238
1780314172012 0.0011722793889930472 239
1780314172015 0.0011703289877914359 240
1780314172017 0.0011661242337140721 241
1780314172019 0.0011894175937050022 242
1780314172021 0.0012004908308153972 243
1780314172024 0.0011917723483929876 244
1780314172026 0.0011423869876307435 245
1780314172028 0.0011225618745083921 246
1780314172031 0.0011181521294929553 247
1780314172033 0.0011186000242014416 248
1780314172035 0.00111560623117839 249
1780314172037 0.0011151626103674062 250
1780314172040 0.0011145901879353914 251
1780314172042 0.0011281929891265464 252
1780314172044 0.0011472661537118257 253
1780314172046 0.0011658546853868757 254
1780314172049 0.0011379778578702827 255
1780314172051 0.0011332797256181947 256
1780314172053 0.001131672892952338 257
1780314172056 0.0011231489050260279 258
1780314172058 0.001105803232494509 259
1780314172060 0.0011025002316455356 260
1780314172063 0.0011094482275075279 261
1780314172065 0.0011163301568012684 262
1780314172067 0.0011275983197265305 263
1780314172069 0.0011271506204502658 264
1780314172072 0.0011486865625192878 265
1780314172074 0.0011381051164062227 266
1780314172076 0.0011175465071573854 267
1780314172079 0.0010959250302403235 268
1780314172081 0.0010899653256637976 269
1780314172083 0.0011032617697492241 270
1780314172086 0.0010984840433229692 271
1780314172088 0.001090099671127973 272
1780314172090 0.0010841569272452033 273
1780314172092 0.001081834403303219 274
1780314172095 0.001086241070734104 275
1780314172097 0.0010920233686920256 276
1780314172099 0.0011078731338784564 277
1780314172102 0.0011151633184636012 278
1780314172104 0.001119273712829454 279
1780314172106 0.0011280948290368542 280
1780314172108 0.0011119519153726287 281
1780314172111 0.001106103226193227 282
1780314172113 0.0010814630094682798 283
1780314172115 0.0010726350388722493 284
1780314172118 0.0010675183267449028 285
1780314172120 0.0010748494455765467 286
1780314172122 0.001089055639313301 287
1780314172124 0.0011137576517648996 288
1780314172127 0.001114675347780576 289
1780314172129 0.001089312982367119 290
1780314172131 0.0010777413178584539 291
1780314172134 0.0010674019748694264 292
1780314172136 0.0010632931740838104 293
1780314172138 0.001079015858413186 294
1780314172140 0.0010665175587928387 295
1780314172143 0.0010681952582672239 296
1780314172145 0.001059465885773534 297
1780314172147 0.001057609228446381 298
1780314172150 0.0010555668674351183 299
1780314172152 0.0010644576675258577 300
1780314172154 0.001060994954605121 301
1780314172156 0.0010573254687187728 302
1780314172159 0.0010550557707028928 303
1780314172161 0.0010589104049722664 304
1780314172163 0.0010719122191949282 305
1780314172166 0.0010595478887262288 306
1780314172168 0.0010659074565046466 307
1780314172170 0.0010849331271310804 308
1780314172172 0.0010813513424363919 309
1780314172175 0.0010590181330917402 310
1780314172177 0.0010480730520794168 311
1780314172179 0.0010448505595559254 312
1780314172182 0.0010480827683932148 313
1780314172184 0.001045875653217081 314
1780314172186 0.001050068401673343 315
1780314172188 0.001037072581530083 316
1780314172191 0.0010427649441407992 317
1780314172193 0.001050767713022651 318
1780314172195 0.001094705348368734 319
1780314172197 0.0010850137074885425 320
1780314172200 0.001136245360248722 321
1780314172202 0.0010852821711159776 322
1780314172204 0.001045998807385331 323
1780314172207 0.0010279540537158028 324
1780314172209 0.0010241067688912153 325
1780314172211 0.0010158248149673454 326
1780314172213 0.001010135749093024 327
1780314172216 0.001009417450404726 328
1780314172218 0.0010067230051208752 329
1780314172220 0.0010080976810422726 330
1780314172223 0.0010108947461412753 331
1780314172225 0.0010141942457994445 332
1780314172227 0.0010156562569318339 333
1780314172230 0.0010277261686860585 334
1780314172232 0.0010275267605902626 335
1780314172234 0.001043703477771487 336
1780314172236 0.0010610930740949697 337
1780314172239 0.0010474434289790223 338
1780314172241 0.0010440600845322478 339
1780314172243 0.001028759479377186 340
1780314172246 0.0010219158031395637 341
1780314172248 0.0010134303831728175 342
1780314172250 0.0010193993058055639 343
1780314172253 0.0010187404797761701 344
1780314172255 0.0010127218630805147 345
1780314172257 0.001014826212922344 346
1780314172260 0.0010235055747034494 347
1780314172262 0.0010252482435316778 348
1780314172264 0.0010429158262559213 349
1780314172266 0.0010330936018726788 350
1780314172269 0.0010311898050713352 351
1780314172271 0.0010192818928044288 352
1780314172273 0.0010076509731879923 353
1780314172275 0.0009952432301361114 354
1780314172278 0.0009932691595167854 355
1780314172280 0.0009882885376282502 356
1780314172282 0.0009897619557159487 357
1780314172285 0.0009882662727613933 358
1780314172287 0.000997544904530514 359
1780314172289 0.0010049296422221232 360
1780314172291 0.001003605263395002 361
1780314172294 0.0010108883932116442 362
1780314172296 0.0010109895930509082 363
1780314172298 0.0010017804196104407 364
1780314172301 0.0009901329458807595 365
1780314172303 0.0009876326537050773 366
1780314172305 0.0009924566980043892 367
1780314172307 0.0009922090590407605 368
1780314172310 0.000985508989833761 369
1780314172312 0.0009955623743007891 370
1780314172314 0.0009992638682888356 371
1780314172317 0.000992723551898962 372
1780314172319 0.0009964040285558439 373
1780314172321 0.001013766686373856 374
1780314172323 0.0010012856162211392 375
1780314172326 0.0010090193727228325 376
1780314172328 0.001007188400690211 377
1780314172330 0.0009879793008440174 378
1780314172332 0.0009749201784143225 379
1780314172335 0.0009614831025828608 380
1780314172337 0.0009599470159446355 381
1780314172339 0.0009614722238620743 382
1780314172341 0.0009677525944425724 383
1780314172344 0.0009892811474855989 384
1780314172346 0.0010087202198337765 385
1780314172348 0.0010085359969525599 386
1780314172350 0.0010221431164245587 387
1780314172353 0.0010190148541005329 388
1780314172355 0.0009960160148330033 389
1780314172357 0.000983331303286832 390
1780314172360 0.000966262342844857 391
1780314172362 0.0009614195108588319 392
1780314172364 0.0009585439971851883 393
1780314172367 0.0009556656746281078 394
1780314172369 0.0009542642120504752 395
1780314172371 0.0009613356277986896 396
1780314172373 0.0009582597459666431 397
1780314172376 0.0009540874605590943 398
1780314172378 0.0009584404100314714 399
1780314172380 0.0009639112024160568 400
1780314172382 0.0009743489547690842 401
1780314172385 0.0009783503245853354 402
1780314172387 0.0009769336626050062 403
1780314172389 0.0009721717236971017 404
1780314172391 0.0009744534239871427 405
1780314172394 0.0009764524431375321 406
1780314172396 0.0009767476322303991 407
1780314172398 0.000971785458677914 408
1780314172401 0.0009693533121026121 409
1780314172403 0.0009559273725608364 410
1780314172405 0.0009571694178885082 411
1780314172407 0.0009693271388823633 412
1780314172410 0.0009774455256410875 413
1780314172412 0.0009656077342515345 414
1780314172414 0.0009629123494960367 415
1780314172417 0.0009640297839359846 416
1780314172419 0.0009508894740429242 417
1780314172421 0.0009512502755387686 418
1780314172423 0.0009412453275581356 419
1780314172426 0.0009367809028481133 420
1780314172428 0.0009403539321647258 421
1780314172431 0.0009445315944321919 422
1780314172433 0.0009487191001244355 423
1780314172435 0.000945407518738648 424
1780314172438 0.0009524885515565984 425
1780314172440 0.0009530987766629551 426
1780314172442 0.0009512438379169907 427
1780314172445 0.0009648634922632482 428
1780314172447 0.0009555353998439386 429
1780314172449 0.0009564286057138816 430
1780314172451 0.0009548863956297283 431
1780314172454 0.0009486702876893105 432
1780314172456 0.0009364201645075809 433
1780314172458 0.0009364757212460972 434
1780314172460 0.0009364081939565949 435
1780314172463 0.0009297812018485274 436
1780314172465 0.000943078036652878 437
1780314172467 0.0009425485078827478 438
1780314172469 0.0009515152269159444 439
1780314172472 0.0009567553557280916 440
1780314172474 0.0009539478068472817 441
1780314172476 0.0009363167309493292 442
1780314172479 0.0009281248159823008 443
1780314172481 0.0009213936114974786 444
1780314172483 0.0009219281376863364 445
1780314172485 0.0009195703890145523 446
1780314172488 0.0009263677847047802 447
1780314172490 0.0009235376238211757 448
1780314172492 0.0009301786641299259 449
1780314172495 0.0009378461795131444 450
1780314172497 0.0009403389786893968 451
1780314172499 0.0009371530859789345 452
1780314172501 0.0009366642720124218 453
1780314172504 0.0009297817799233599 454
1780314172506 0.0009224641334731132 455
1780314172508 0.0009258076753030764 456
1780314172510 0.0009315174353832844 457
1780314172513 0.0009395444183610379 458
1780314172515 0.0009292585070215864 459
1780314172517 0.0009182574461010517 460
1780314172519 0.0009130430503137177 461
1780314172522 0.000919469478103565 462
1780314172524 0.0009160418655665126 463
1780314172526 0.0009141734813601942 464
1780314172528 0.0009133469514199532 465
1780314172531 0.000918596068804618 466
1780314172533 0.0009272463258821517 467
1780314172535 0.0009276357466296758 468
1780314172537 0.0009349620985449292 469
1780314172540 0.0009297948912717402 470
1780314172542 0.0009191040664882166 471
1780314172544 0.0009153783711371943 472
1780314172547 0.0009206750419980381 473
1780314172549 0.0009204096983739873 474
1780314172551 0.0009098740242916392 475
1780314172554 0.0009106705109297764 476
1780314172556 0.0009104354649025481 477
1780314172558 0.0009108256289619021 478
1780314172560 0.0009044874428946059 479
1780314172563 0.0009221947298647137 480
1780314172565 0.0009360227460274473 481
1780314172567 0.0009339456193265505 482
1780314172570 0.0009137879093759693 483
1780314172572 0.000905751514073927 484
1780314172574 0.0009023866779898527 485
1780314172576 0.0009025818829104537 486
1780314172579 0.0009030737559078261 487
1780314172581 0.0009046470712200972 488
1780314172583 0.0009075159072381211 489
1780314172585 0.0009052813463495113 490
1780314172588 0.0009001057584828231 491
1780314172590 0.0008974279426183784 492
1780314172592 0.0008910083663067781 493
1780314172594 0.0008885954373545246 494
1780314172597 0.0008914435238693841 495
1780314172599 0.0008984528808650793 496
1780314172601 0.0009067711820534896 497
1780314172603 0.0009051513046870241 498
1780314172606 0.000903437962551834 499
1780314172608 0.0009120908044860698 500
1780314172610 0.0009143225708248792 501
1780314172613 0.000911003256769618 502
1780314172615 0.0009102207917021588 503
1780314172617 0.0009295794175704941 504
1780314172619 0.0009153390202845912 505
1780314172622 0.0009006635342666414 506
1780314172624 0.0008886494855687488 507
1780314172626 0.0008826383114501368 508
1780314172629 0.00088061562164512 509
1780314172631 0.0008787393230886664 510
1780314172633 0.0008766275370726362 511
1780314172635 0.0008754937426419929 512
1780314172638 0.0008859252437105169 513
1780314172640 0.0008881534793908941 514
1780314172642 0.0008846949244616553 515
1780314172644 0.0008907272765645757 516
1780314172647 0.0008872897965920856 517
1780314172649 0.0008858293762750691 518
1780314172651 0.0008993010887934361 519
1780314172653 0.0009019203325442504 520
1780314172656 0.0008912304408295313 521
1780314172658 0.0008819091400800971 522
1780314172660 0.0008824526643002173 523
1780314172662 0.000889348965138197 524
1780314172665 0.0008873785776813747 525
1780314172667 0.0008797541027888656 526
1780314172669 0.0008857445769535843 527
1780314172671 0.0008847944610170089 528
1780314172674 0.000875934636569582 529
1780314172676 0.0008774347868893528 530
1780314172678 0.0008744647572166286 531
1780314172680 0.000877454398869304 532
1780314172683 0.0008707725162821589 533
1780314172685 0.0008780917303374736 534
1780314172687 0.0008810183773312019 535
1780314172690 0.0008936368332797429 536
1780314172692 0.0008792357917991467 537
1780314172694 0.0008799227283452638 538
1780314172697 0.0008739863347000209 539
1780314172699 0.0008797836971643847 540
1780314172701 0.0008858619257080135 541
1780314172703 0.0008831872152222786 542
1780314172706 0.0008811591313133249 543
1780314172708 0.0008741478081356036 544
1780314172710 0.0008923667282215319 545
1780314172712 0.0009083891149202827 546
1780314172715 0.0008942804256366799 547
1780314172717 0.0008809703920269385 548
1780314172719 0.0008688640769833001 549
1780314172722 0.0008589050791488261 550
1780314172724 0.0008516182700986974 551
1780314172726 0.0008476520435942803 552
1780314172728 0.000846632379325456 553
1780314172731 0.0008457923251989996 554
1780314172733 0.0008470338110055309 555
1780314172735 0.0008483417798561277 556
1780314172738 0.0008570380754827057 557
1780314172740 0.0008683358313282952 558
1780314172742 0.000867998308967799 559
1780314172745 0.0008869596222939436 560
1780314172747 0.0009143221760314191 561
1780314172749 0.0009018824964005034 562
1780314172751 0.0008708552231109934 563
1780314172754 0.0008571393620513846 564
1780314172756 0.0008491976370714838 565
1780314172758 0.0008473671304091113 566
1780314172760 0.000849331535064266 567
1780314172763 0.0008494075959606562 568
1780314172765 0.0008469117218191969 569
1780314172767 0.0008458377176430076 570
1780314172770 0.0008465417240950046 571
1780314172772 0.0008491284033516422 572
1780314172774 0.0008615206742251757 573
1780314172776 0.0008880354951543267 574
1780314172779 0.000885224915400613 575
1780314172781 0.0008699157941009616 576
1780314172783 0.0008523478909773985 577
1780314172786 0.0008484191789466422 578
1780314172788 0.000844206962356111 579
1780314172790 0.0008399966986326036 580
1780314172792 0.0008375424605765147 581
1780314172795 0.0008369623509497615 582
1780314172797 0.0008396330888353987 583
1780314172799 0.0008545111143757822 584
1780314172801 0.0008711435499571962 585
1780314172804 0.0008934393800154794 586
1780314172806 0.0009037862510012928 587
1780314172808 0.0008704012181988219 588
1780314172810 0.000847728497319622 589
1780314172813 0.0008354318488272838 590
1780314172815 0.0008328269980847836 591
1780314172817 0.0008318826216418529 592
1780314172819 0.000831480593260494 593
1780314172822 0.0008323900910909288 594
1780314172824 0.0008408039995265426 595
1780314172826 0.000857149620205746 596
1780314172828 0.0008515470421116333 597
1780314172831 0.0008437899967248085 598
1780314172833 0.0008439690509840147 599
1780314172835 0.0008417348056536867 600
1780314172838 0.0008360120346333133 601
1780314172840 0.0008374517766787903 602
1780314172842 0.0008353318077570293 603
1780314172844 0.0008333755117928376 604
1780314172847 0.0008403895547962748 605
1780314172863 0.0008416566695814253 606
1780314172866 0.0008534086574218236 607
1780314172868 0.0008518837386509403 608
1780314172871 0.000844977100205142 609
1780314172873 0.0008421416416240391 610
1780314172875 0.0008337479250621982 611
1780314172877 0.0008344248951470945 612
1780314172880 0.0008372682905610418 613
1780314172882 0.0008384967379970476 614
1780314172884 0.0008358252215111861 615
1780314172886 0.0008354974905523705 616
1780314172889 0.0008367696276400238 617
1780314172891 0.000839586125293863 618
1780314172893 0.0008429231332411292 619
1780314172895 0.0008485627185291377 620
1780314172898 0.0008399952390027465 621
1780314172900 0.0008330029797070892 622
1780314172902 0.0008224786615028279 623
1780314172905 0.0008230862567143049 624
1780314172907 0.0008225581332226284 625
1780314172909 0.0008245508467371109 626
1780314172912 0.0008252115935465554 627
1780314172914 0.0008230927617842099 628
1780314172916 0.0008226756358635612 629
1780314172918 0.000829440463494393 630
1780314172921 0.0008356893046584446 631
1780314172923 0.0008308727475377964 632
1780314172925 0.000834122355299769 633
1780314172928 0.0008407062081096228 634
1780314172930 0.0008679886286699912 635
1780314172932 0.0008449504530290142 636
1780314172934 0.0008288101878861198 637
1780314172937 0.000818380089403945 638
1780314172940 0.0008163384633371606 639
1780314172942 0.00081255874109047 640
1780314172944 0.0008197578999534017 641
1780314172947 0.0008236667560413479 642
1780314172949 0.0008206015264295275 643
1780314172951 0.0008163173093635123 644
1780314172953 0.0008137352778430795 645
1780314172956 0.000809414860632387 646
1780314172958 0.0008113225099805277 647
1780314172960 0.0008092961287911748 648
1780314172963 0.0008116867288481444 649
1780314172965 0.0008274123162846081 650
1780314172967 0.0008231983394216513 651
1780314172969 0.0008307239564601332 652
1780314172972 0.0008325160259846598 653
1780314172974 0.0008285129960131599 654
1780314172976 0.0008321223706298042 655
1780314172979 0.0008187379832088482 656
1780314172981 0.0008146479426795849 657
1780314172983 0.0008076499235903611 658
1780314172986 0.0008020569449581672 659
1780314172988 0.00080047955547343 660
1780314172990 0.0008067079518514219 661
1780314172992 0.0008145955186046194 662
1780314172995 0.000814693786596763 663
1780314172997 0.0008048448187037139 664
1780314172999 0.0008066350821900414 665
1780314173004 0.0008098959489143454 666
1780314173006 0.0008144990722212242 667
1780314173009 0.0008143760328675853 668
1780314173011 0.0008119471970712767 669
1780314173013 0.0008073591529682744 670
1780314173016 0.0008076567329408135 671
1780314173018 0.0008059697593853344 672
1780314173020 0.0008058077267924091 673
1780314173022 0.0008124153406970435 674
1780314173025 0.0008190995625045616 675
1780314173027 0.00082711951516103 676
1780314173029 0.0008189318791846745 677
1780314173031 0.0008175649039185374 678
1780314173034 0.0008101845658529782 679
1780314173036 0.0008047198089479934 680
1780314173038 0.0007981045037740842 681
1780314173041 0.0007912550128094154 682
1780314173043 0.000786984874648624 683
1780314173052 0.0007870712585281581 684
1780314173055 0.0007878047950362088 685
1780314173057 0.0007910245525999927 686
1780314173060 0.0008044938097737032 687
1780314173067 0.0008190678380196914 688
1780314173069 0.0008283259741438087 689
1780314173072 0.0008289414826140273 690
1780314173074 0.000823175255136448 691
1780314173076 0.0008123658815020463 692
1780314173079 0.000795095421053702 693
1780314173081 0.0007923683298577089 694
1780314173083 0.0007906718776212074 695
1780314173085 0.0007908373082318576 696
1780314173088 0.0007908839256560896 697
1780314173090 0.0007902397562429542 698
1780314173092 0.0007886636666808044 699
1780314173094 0.0007879008310555946 700
1780314173097 0.000790197841488407 701
1780314173099 0.0007965930997306714 702
1780314173101 0.00080580050831486 703
1780314173103 0.0008086219000688289 704
1780314173106 0.0008195167086523725 705
1780314173108 0.0008140118493611226 706
1780314173110 0.0008097127141809324 707
1780314173113 0.0008027169218257768 708
1780314173115 0.0007960037837619893 709
1780314173117 0.000791725180024514 710
1780314173120 0.0007840208598645404 711
1780314173122 0.0007824888984760037 712
1780314173124 0.0007770976780011551 713
1780314173126 0.000776207304734271 714
1780314173129 0.0007736088127421681 715
1780314173131 0.0007738342734955949 716
1780314173133 0.0007753993198275567 717
1780314173136 0.0007760704951942899 718
1780314173138 0.0007786239573033527 719
1780314173140 0.0007884973369800719 720
1780314173142 0.0008034988159488421 721
1780314173145 0.0008163648680783809 722
1780314173147 0.0008260291030455846 723
1780314173149 0.0008114700487203663 724
1780314173151 0.0008075636644207407 725
1780314173154 0.0007950657791661797 726
1780314173156 0.0007814801247877768 727
1780314173158 0.0007784474626532755 728
1780314173160 0.0007717977649008389 729
1780314173163 0.0007694081689987798 730
1780314173165 0.0007671606163785328 731
1780314173167 0.0007672517930768663 732
1780314173170 0.0007711620647023664 733
1780314173172 0.0007753234336996684 734
1780314173174 0.0007854689520172542 735
1780314173176 0.0007979125035490142 736
1780314173179 0.0008030999348557088 737
1780314173181 0.0007908487645181594 738
1780314173183 0.0007893471604620572 739
1780314173186 0.0007793275534640998 740
1780314173188 0.0007742841494473396 741
1780314173190 0.0007689186816423898 742
1780314173192 0.0007666456140577793 743
1780314173195 0.0007636710641236277 744
1780314173197 0.0007624506011779886 745
1780314173199 0.0007635547245445196 746
1780314173202 0.0007657865748478799 747
1780314173204 0.0007702435031387722 748
1780314173206 0.0007770088580582524 749
1780314173208 0.0007952705345815048 750
1780314173211 0.0008015754126245156 751
1780314173213 0.0008033248046558583 752
1780314173215 0.0008031768885848578 753
1780314173218 0.0007869161634880584 754
1780314173220 0.000773171304463176 755
1780314173222 0.0007644843749585561 756
1780314173224 0.0007612867127318168 757
1780314173227 0.0007578411318536382 758
1780314173229 0.0007617561558436137 759
1780314173231 0.000764433704316616 760
1780314173234 0.0007622980827727588 761
1780314173236 0.0007632230703165987 762
1780314173238 0.000770221600541845 763
1780314173241 0.0007694190061010886 764
1780314173243 0.0007679649382043862 765
1780314173245 0.0007705090115632629 766
1780314173247 0.000768423924819217 767
1780314173250 0.0007677896822133334 768
1780314173252 0.0007714685885002836 769
1780314173254 0.0007778252338903257 770
1780314173257 0.0007755628494487609 771
1780314173259 0.0007679741580795962 772
1780314173261 0.0007598377912654542 773
1780314173264 0.0007586386689217761 774
1780314173266 0.0007876692342688329 775
1780314173268 0.0008019859679916408 776
1780314173270 0.0007870363965048455 777
1780314173273 0.0007844554649636848 778
1780314173275 0.0007758651975018438 779
1780314173277 0.0007570800667599542 780
1780314173280 0.0007514294837164925 781
1780314173282 0.0007497154693555786 782
1780314173284 0.0007477190739882644 783
1780314173286 0.0007474164268205641 784
1780314173289 0.0007485834987164708 785
1780314173291 0.000748089233529754 786
1780314173293 0.0007478643244394334 787
1780314173296 0.0007487591325480025 788
1780314173298 0.0007581005818065023 789
1780314173300 0.0007732384801784065 790
1780314173302 0.0007760456399410031 791
1780314173305 0.0007683805015403777 792
1780314173307 0.0007680523546150653 793
1780314173309 0.0007680726528633385 794
1780314173311 0.0007673526736471103 795
1780314173314 0.0007652171701192856 796
1780314173316 0.0007594328406412387 797
1780314173318 0.0007594318623159779 798
1780314173321 0.0007534607390698511 799
1780314173323 0.0007546180275676307 800
1780314173325 0.0007548170934751397 801
1780314173328 0.0007555425454484066 802
1780314173330 0.0007507246227760334 803
1780314173332 0.0007460276064375648 804
1780314173334 0.0007461411049735034 805
1780314173337 0.0007537725610745838 806
1780314173339 0.0007586051574617158 807
1780314173341 0.0007545224724890431 808
1780314173343 0.0007494510638935026 809
1780314173346 0.0007467585084668827 810
1780314173348 0.0007451034311816329 811
1780314173350 0.000745664018104435 812
1780314173352 0.000745742284343578 813
1780314173355 0.000749592039937852 814
1780314173357 0.0007487727717671078 815
1780314173359 0.0007439868679648498 816
1780314173361 0.0007459868038858985 817
1780314173364 0.0007518451236683177 818
1780314173366 0.0007582887086755363 819
1780314173368 0.0007573077979759546 820
1780314173371 0.0007556704844319029 821
1780314173373 0.0007495207690953976 822
1780314173375 0.0007470840774476529 823
1780314173377 0.0007452495936740889 824
1780314173380 0.0007488231069146423 825
1780314173382 0.0007446667784824967 826
1780314173384 0.0007398523180017946 827
1780314173386 0.000737467566068517 828
1780314173389 0.0007421168140717782 829
1780314173391 0.0007491032961115707 830
1780314173393 0.000751580955038662 831
1780314173396 0.0007477448042482138 832
1780314173398 0.0007471503895067145 833
1780314173400 0.0007448516675503925 834
1780314173403 0.0007437037157069426 835
1780314173405 0.0007484867620951263 836
1780314173408 0.0007431527401786297 837
1780314173410 0.0007377427897881716 838
1780314173413 0.0007364396048069466 839
1780314173415 0.0007338598094065674 840
1780314173418 0.0007463805085717467 841
1780314173420 0.0007487885946466121 842
1780314173422 0.0007448057908914052 843
1780314173425 0.0007422601445432519 844
1780314173427 0.0007481939675926697 845
1780314173429 0.000747073143866146 846
1780314173432 0.0007346621812757803 847
1780314173434 0.0007315801070217276 848
1780314173436 0.0007311883934016805 849
1780314173438 0.0007312979071139125 850
1780314173441 0.0007297906343592331 851
1780314173443 0.0007274799615697703 852
1780314173445 0.0007302804876962909 853
1780314173448 0.0007302285401237895 854
1780314173450 0.0007291306323895697 855
1780314173452 0.0007318040219979594 856
1780314173454 0.0007348446488322224 857
1780314173457 0.0007477462276438018 858
1780314173459 0.0007505142384616192 859
1780314173461 0.0007451396292890422 860
1780314173463 0.0007382495933416067 861
1780314173466 0.0007306820490339305 862
1780314173468 0.0007293844193191034 863
1780314173470 0.0007278986080200412 864
1780314173472 0.0007257157706044382 865
1780314173475 0.0007263369030260946 866
1780314173477 0.0007253928343561711 867
1780314173479 0.0007300031015620334 868
1780314173481 0.00073247451975476 869
1780314173484 0.0007344390403886791 870
1780314173486 0.0007308836794982198 871
1780314173488 0.000730245021331939 872
1780314173491 0.0007286097809264902 873
1780314173493 0.000725177548447391 874
1780314173495 0.0007281415742181707 875
1780314173497 0.0007306072492065141 876
1780314173500 0.0007331126493954798 877
1780314173502 0.0007277412324037868 878
1780314173504 0.0007215663149690954 879
1780314173506 0.0007206375210807892 880
1780314173509 0.0007236813764029648 881
1780314173511 0.0007247790251858532 882
1780314173513 0.0007284158034599386 883
1780314173516 0.0007227118151786272 884
1780314173518 0.000724752102905768 885
1780314173520 0.0007245401461841538 886
1780314173522 0.0007211471281334525 887
1780314173525 0.0007262419433391187 888
1780314173527 0.0007255871195229702 889
1780314173529 0.0007339596477686427 890
1780314173531 0.0007385795802838401 891
1780314173534 0.0007375409310770919 892
1780314173536 0.0007303752130246721 893
1780314173538 0.0007257673806452658 894
1780314173541 0.000724636345912586 895
1780314173543 0.0007193516793631715 896
1780314173545 0.0007164412809652276 897
1780314173547 0.0007120773098722566 898
1780314173550 0.0007135103232576512 899
1780314173552 0.0007134398790367414 900
1780314173554 0.0007130429480457679 901
1780314173556 0.0007099992187431781 902
1780314173559 0.0007133745695318794 903
1780314173561 0.000712652716320008 904
1780314173563 0.0007204121752874926 905
1780314173566 0.0007235812281578546 906
1780314173568 0.0007334517515118933 907
1780314173570 0.0007430630987073528 908
1780314173573 0.0007317740023427177 909
1780314173575 0.0007221979739551898 910
1780314173577 0.0007154348060430493 911
1780314173580 0.0007093912930577062 912
1780314173582 0.0007076665283238981 913
1780314173585 0.000705404977343278 914
1780314173587 0.0007071468324284069 915
1780314173590 0.0007080136310105444 916
1780314173593 0.0007051667288760654 917
1780314173595 0.0007033922729897312 918
1780314173598 0.0007121251692296937 919
1780314173600 0.0007145296424278058 920
1780314173602 0.0007130573797621765 921
1780314173605 0.0007176893482392188 922
1780314173607 0.0007159805839182809 923
1780314173609 0.0007150651919073425 924
1780314173612 0.0007158877175970701 925
1780314173614 0.0007183716940926388 926
1780314173616 0.0007172807188180741 927
1780314173618 0.0007087438736925833 928
1780314173621 0.0007041712731006556 929
1780314173623 0.0006983515198226087 930
1780314173625 0.0006957120358856627 931
1780314173628 0.0006945810256729601 932
1780314173630 0.0006974617305240827 933
1780314173632 0.0006985666442778893 934
1780314173634 0.0007036222385067958 935
1780314173637 0.0007264590972772566 936
1780314173639 0.000733694024165743 937
1780314173642 0.000735366126318695 938
1780314173644 0.0007251787189306924 939
1780314173646 0.0007195017199410358 940
1780314173649 0.0007096192264725687 941
1780314173651 0.0007023152891633799 942
1780314173654 0.0006954434629733441 943
1780314173656 0.0006917445248836884 944
1780314173659 0.0006913721861928935 945
1780314173661 0.0006935140305722598 946
1780314173664 0.0006971526519191684 947
1780314173666 0.000697254362385138 948
1780314173669 0.000695312427560566 949
1780314173671 0.000699950298803742 950
1780314173674 0.0007060745964554371 951
1780314173676 0.000706764590649982 952
1780314173679 0.0007086673478625017 953
1780314173681 0.0007120659286738374 954
1780314173684 0.0007063133991323412 955
1780314173686 0.0006962042731174734 956
1780314173689 0.0006935345807141857 957
1780314173691 0.0006944272619148251 958
1780314173694 0.0006954824146669125 959
1780314173696 0.0006968698142736685 960
1780314173699 0.0007030495497019728 961
1780314173701 0.0007032594214251731 962
1780314173703 0.0007061594296828844 963
1780314173706 0.0007230218234326458 964
1780314173708 0.0007157034202100476 965
1780314173711 0.0007076388553832658 966
1780314173713 0.0006971928654093063 967
1780314173716 0.0006940043506619986 968
1780314173718 0.0006905308466230054 969
1780314173721 0.0006923352271405747 970
1780314173723 0.0006891717819962651 971
1780314173726 0.0006888222377165221 972
1780314173728 0.0006908503597514937 973
1780314173731 0.0006916821782942861 974
1780314173733 0.0006982370609330247 975
1780314173736 0.0007028890727087856 976
1780314173738 0.0007077372495405143 977
1780314173741 0.0007030720733746421 978
1780314173743 0.0006967271446046652 979
1780314173746 0.0006946884530771058 980
1780314173748 0.0006903816431440646 981
1780314173751 0.0006895851096487604 982
1780314173753 0.0006877894664648921 983
1780314173756 0.0006854553229641169 984
1780314173758 0.0006859311813605018 985
1780314173760 0.0006899168728705262 986
1780314173763 0.0006877186993369832 987
1780314173765 0.0006867111450264929 988
1780314173768 0.0006830782114411704 989
1780314173770 0.0006820731388870627 990
1780314173773 0.0006859628636448178 991
1780314173775 0.0006863816706754733 992
1780314173778 0.0006919333478435874 993
1780314173780 0.0006955538620240986 994
1780314173783 0.0006964133481960744 995
1780314173785 0.0006971746989438543 996
1780314173788 0.0006931416584120598 997
1780314173790 0.0006884734576306073 998
1780314173793 0.000686037614941597 999
1780314173795 0.0006848105217068224 1000
