1782219204581 0.0 1
1782219204582 0.0 2
1782219204583 0.0 3
1782219204584 0.0 4
1782219204586 0.0 5
1782219204587 0.0 6
1782219204588 0.0 7
1782219204589 0.0 8
1782219204590 0.0 9
1782219204592 0.0 10
1782219204593 0.0 11
1782219204594 0.0 12
1782219204595 0.0 13
1782219204597 0.0 14
1782219204598 0.0 15
1782219204599 0.0 16
1782219204600 0.0 17
1782219204602 0.0 18
1782219204603 0.0 19
1782219204604 0.0 20
1782219204605 0.0 21
1782219204606 0.0 22
1782219204608 0.0 23
1782219204609 0.0 24
1782219204610 0.0 25
1782219204611 0.0 26
1782219204613 0.0 27
1782219204614 0.0 28
1782219204615 0.0 29
1782219204616 0.0 30
1782219204618 0.0 31
1782219204619 0.0 32
1782219204620 0.0 33
1782219204621 0.0 34
1782219204622 0.0 35
1782219204624 0.0 36
1782219204625 0.0 37
1782219204626 0.0 38
1782219204627 0.0 39
1782219204629 0.0 40
1782219204630 0.0 41
1782219204631 0.0 42
1782219204632 0.0 43
1782219204634 0.0 44
1782219204635 0.0 45
1782219204636 0.0 46
1782219204637 0.0 47
1782219204639 0.0 48
1782219204640 0.0 49
1782219204641 0.0 50
1782219204642 0.0 51
1782219204643 0.0 52
1782219204645 0.0 53
1782219204646 0.0 54
1782219204647 0.0 55
1782219204648 0.0 56
1782219204650 0.0 57
1782219204651 0.0 58
1782219204652 0.0 59
1782219204653 0.0 60
1782219204655 0.0 61
1782219204656 0.0 62
1782219204657 0.0 63
1782219204658 0.0 64
1782219204660 0.0 65
1782219204661 0.0 66
1782219204662 0.0 67
1782219204663 0.0 68
1782219204664 0.0 69
1782219204666 0.0 70
1782219204667 0.0 71
1782219204668 0.0 72
1782219204669 0.0 73
1782219204671 0.0 74
1782219204672 0.0 75
1782219204673 0.0 76
1782219204674 0.0 77
