1782219204294 0.15381344471126795 1
1782219204296 0.05496565679088235 2
1782219204297 0.02611482937820256 3
1782219204298 0.014831822584383189 4
1782219204299 0.009844608588609844 5
1782219204301 0.0073540523159317675 6
1782219204302 0.005722014146158472 7
1782219204303 0.004769550528144464 8
1782219204304 0.004080979614518583 9
1782219204306 0.003548476560972631 10
1782219204307 0.0031250572262797507 11
1782219204308 0.002817294696578756 12
1782219204309 0.002565016607986763 13
1782219204311 0.0023851092049153523 14
1782219204312 0.0022567492778762244 15
1782219204313 0.0021750833664555104 16
1782219204314 0.0020451293478254227 17
1782219204316 0.0019158039856120013 18
1782219204317 0.0018220946547808125 19
1782219204318 0.0017597601591842248 20
1782219204319 0.0017015693202847614 21
1782219204321 0.001633240274968557 22
1782219204322 0.0015606581131578424 23
1782219204323 0.0015113840825506486 24
1782219204324 0.0014355509886809158 25
1782219204326 0.0014178516797255724 26
1782219204327 0.0014036240623681805 27
1782219204328 0.0013565519568510354 28
1782219204329 0.0013661512147518807 29
1782219204331 0.001367295812087832 30
1782219204332 0.0013491921829700004 31
1782219204333 0.0012406235933303832 32
1782219204334 0.001233163511788007 33
1782219204335 0.0012308050716819707 34
1782219204337 0.001207999014732195 35
1782219204338 0.0011933509357913864 36
1782219204339 0.0011610042965912726 37
1782219204340 0.0011573374818544834 38
1782219204342 0.0011903227947186678 39
1782219204343 0.0011845723949954845 40
1782219204344 0.001134193743346259 41
1782219204345 0.0010865344592457405 42
1782219204347 0.0010521606313704979 43
1782219204348 0.0010433868198015262 44
1782219204349 0.0010551146983925719 45
1782219204350 0.0010455229303624946 46
1782219204351 0.0010536386964668054 47
1782219204353 0.0010818048605142393 48
1782219204354 0.001036875160280033 49
1782219204355 0.0010264818267751252 50
1782219204356 0.0009935004310682417 51
1782219204358 0.0009791618544841185 52
1782219204359 0.0009940927683055633 53
1782219204360 0.0009492080022027949 54
1782219204361 0.000904631211378728 55
1782219204363 0.0008482332131825388 56
1782219204364 0.0008296332063764567 57
1782219204365 0.0008175181407568743 58
1782219204366 0.0008077085213153623 59
1782219204368 0.0008000850039388751 60
1782219204369 0.0007980157731071813 61
1782219204370 0.0007863407791592181 62
1782219204371 0.0007754227195619024 63
1782219204372 0.0007701900070969714 64
1782219204374 0.0007652088054237538 65
1782219204375 0.0007609096241139923 66
1782219204376 0.0007574224749987479 67
1782219204377 0.0007543709211313399 68
1782219204379 0.0007481913386800442 69
1782219204380 0.000743520531032118 70
1782219204381 0.0007406664209338487 71
1782219204382 0.0007382791065901984 72
1782219204384 0.0007356897390491213 73
1782219204385 0.0007335867941219476 74
1782219204386 0.000731319110163895 75
1782219204387 0.0007273681951846811 76
1782219204389 0.0007252902521940996 77
