1782219204485 0.0 1
1782219204487 0.0 2
1782219204488 0.0 3
1782219204489 0.0 4
1782219204490 0.0 5
1782219204491 0.0 6
1782219204493 0.0 7
1782219204494 0.0 8
1782219204495 0.0 9
1782219204496 0.0 10
1782219204498 0.0 11
1782219204499 0.0 12
1782219204500 0.0 13
1782219204501 0.0 14
1782219204503 0.0 15
1782219204504 0.0 16
1782219204505 0.0 17
1782219204506 0.0 18
1782219204507 0.0 19
1782219204509 0.0 20
1782219204510 0.0 21
1782219204511 0.0 22
1782219204512 0.0 23
1782219204514 0.0 24
1782219204515 0.0 25
1782219204516 0.0 26
1782219204517 0.0 27
1782219204519 0.0 28
1782219204520 0.0 29
1782219204521 0.0 30
1782219204522 0.0 31
1782219204524 0.0 32
1782219204525 0.0 33
1782219204526 0.0 34
1782219204527 0.0 35
1782219204529 0.0 36
1782219204530 0.0 37
1782219204531 0.0 38
1782219204532 0.0 39
1782219204533 0.0 40
1782219204535 0.0 41
1782219204536 0.0 42
1782219204537 0.0 43
1782219204538 0.0 44
1782219204540 0.0 45
1782219204541 0.0 46
1782219204542 0.0 47
1782219204543 0.0 48
1782219204545 0.0 49
1782219204546 0.0 50
1782219204547 0.0 51
1782219204548 0.0 52
1782219204550 0.0 53
1782219204551 0.0 54
1782219204552 0.0 55
1782219204553 0.0 56
1782219204555 0.0 57
1782219204556 0.0 58
1782219204557 0.0 59
1782219204558 0.0 60
1782219204560 0.0 61
1782219204561 0.0 62
1782219204562 0.0 63
1782219204563 0.0 64
1782219204564 0.0 65
1782219204566 0.0 66
1782219204567 0.0 67
1782219204568 0.0 68
1782219204569 0.0 69
1782219204571 0.0 70
1782219204572 0.0 71
1782219204573 0.0 72
1782219204574 0.0 73
1782219204576 0.0 74
1782219204577 0.0 75
1782219204578 0.0 76
1782219204579 0.0 77
