1782712460636 0.0 1
1782712460637 0.0 2
1782712460638 0.0 3
1782712460639 0.0 4
1782712460640 0.0 5
1782712460641 0.0 6
1782712460642 0.0 7
1782712460643 0.0 8
1782712460644 0.0 9
1782712460645 0.0 10
1782712460646 0.0 11
1782712460647 0.0 12
1782712460648 0.0 13
1782712460649 0.0 14
1782712460650 0.0 15
1782712460651 0.0 16
1782712460652 0.0 17
1782712460653 0.0 18
1782712460654 0.0 19
1782712460655 0.0 20
1782712460656 0.0 21
1782712460657 0.0 22
1782712460658 0.0 23
1782712460660 0.0 24
1782712460661 0.0 25
1782712460662 0.0 26
1782712460663 0.0 27
1782712460664 0.0 28
1782712460665 0.0 29
1782712460666 0.0 30
1782712460667 0.0 31
1782712460668 0.0 32
1782712460669 0.0 33
1782712460670 0.0 34
1782712460670 0.0 35
1782712460671 0.0 36
1782712460672 0.0 37
1782712460673 0.0 38
1782712460674 0.0 39
1782712460675 0.0 40
1782712460676 0.0 41
1782712460677 0.0 42
1782712460678 0.0 43
1782712460679 0.0 44
1782712460680 0.0 45
1782712460681 0.0 46
1782712460682 0.0 47
1782712460683 0.0 48
1782712460684 0.0 49
1782712460685 0.0 50
1782712460686 0.0 51
1782712460687 0.0 52
1782712460688 0.0 53
1782712460689 0.0 54
1782712460689 0.0 55
1782712460690 0.0 56
1782712460691 0.0 57
1782712460692 0.0 58
1782712460693 0.0 59
1782712460694 0.0 60
1782712460695 0.0 61
1782712460696 0.0 62
1782712460697 0.0 63
1782712460698 0.0 64
1782712460699 0.0 65
1782712460700 0.0 66
1782712460701 0.0 67
1782712460702 0.0 68
1782712460703 0.0 69
1782712460704 0.0 70
1782712460705 0.0 71
1782712460706 0.0 72
1782712460707 0.0 73
1782712460709 0.0 74
1782712460710 0.0 75
1782712460711 0.0 76
1782712460712 0.0 77
1782712460713 0.0 78
1782712460714 0.0 79
1782712460715 0.0 80
1782712460716 0.0 81
1782712460717 0.0 82
1782712460718 0.0 83
1782712460719 0.0 84
1782712460720 0.0 85
1782712460720 0.0 86
1782712460721 0.0 87
1782712460722 0.0 88
1782712460723 0.0 89
1782712460724 0.0 90
1782712460725 0.0 91
1782712460726 0.0 92
1782712460727 0.0 93
1782712460728 0.0 94
1782712460729 0.0 95
1782712460730 0.0 96
1782712460731 0.0 97
1782712460732 0.0 98
