1782712460424 0.11679621303454041 1
1782712460425 0.024670758480206133 2
1782712460426 0.009540389210451394 3
1782712460427 0.00537367844604887 4
1782712460428 0.0036971066147089005 5
1782712460429 0.0029321631812490524 6
1782712460430 0.002463679852662608 7
1782712460431 0.002226792068395298 8
1782712460433 0.001953741330653429 9
1782712460434 0.0017819518785108812 10
1782712460435 0.0016621620664955116 11
1782712460436 0.0016298756204196252 12
1782712460437 0.0015686115475546103 13
1782712460438 0.001426807035750244 14
1782712460439 0.0013899279468751046 15
1782712460440 0.0013867356555419975 16
1782712460441 0.0013783685897942632 17
1782712460442 0.0012871047251246637 18
1782712460443 0.0012891607568599284 19
1782712460445 0.0012663246453303145 20
1782712460446 0.0012451151738787302 21
1782712460447 0.0012599038896587444 22
1782712460448 0.0012066108718863688 23
1782712460449 0.0011854727588070091 24
1782712460450 0.0011638752812723396 25
1782712460451 0.001177564533718396 26
1782712460452 0.0011560717732209014 27
1782712460453 0.0011582905113755259 28
1782712460454 0.0011015951429726556 29
1782712460456 0.0010778606246458367 30
1782712460457 0.0010858456246205606 31
1782712460458 0.0010891800862737 32
1782712460459 0.0012138543526816648 33
1782712460460 0.0012270037592679729 34
1782712460461 0.001077983018330997 35
1782712460462 0.0010310735000530259 36
1782712460463 0.001008556032247725 37
1782712460464 0.0009883196211012545 38
1782712460465 0.0009909001737833023 39
1782712460466 0.0010186863994022133 40
1782712460468 0.0010124766355147584 41
1782712460469 0.0009923725439875853 42
1782712460470 0.0009953532940562581 43
1782712460471 0.0009921597543143435 44
1782712460472 0.0009769508721365128 45
1782712460473 0.0009482680792280007 46
1782712460474 0.0009209332319369423 47
1782712460475 0.0009668372551823268 48
1782712460476 0.0009866703998704907 49
1782712460477 0.0012237662571715192 50
1782712460478 0.0011885136601631529 51
1782712460480 0.0009919146896572783 52
1782712460481 0.0009184821402595844 53
1782712460482 0.0008721837740449701 54
1782712460483 0.0008510771403598483 55
1782712460484 0.0008402081572421593 56
1782712460485 0.0008315134112490342 57
1782712460486 0.0008246986979793292 58
1782712460487 0.0008182571868019295 59
1782712460488 0.0008124382907044492 60
1782712460489 0.0008068747436482226 61
1782712460490 0.0008026780082218465 62
1782712460491 0.0008006161311277537 63
1782712460493 0.0008048785484425025 64
1782712460494 0.0008236883666177164 65
1782712460495 0.0008632816250246833 66
1782712460496 0.0008456614070382785 67
1782712460497 0.0008124055777443573 68
1782712460498 0.0007981289271265269 69
1782712460499 0.0007927631558777648 70
1782712460500 0.000783559578267159 71
1782712460501 0.0007839792778395349 72
1782712460502 0.0007822443975601345 73
1782712460503 0.0007825474533456145 74
1782712460504 0.0007931548855776783 75
1782712460506 0.0007812044005549979 76
1782712460507 0.000748142423981335 77
1782712460508 0.0007393106327799614 78
1782712460509 0.0007350751316698733 79
1782712460510 0.0007319828208710533 80
1782712460511 0.0007291190203977749 81
1782712460512 0.0007264658169515314 82
1782712460513 0.0007229531310076709 83
1782712460514 0.000721041694341693 84
1782712460515 0.0007194305646771682 85
1782712460516 0.0007179212677147006 86
1782712460517 0.0007163201570438105 87
1782712460519 0.0007147087080375059 88
1782712460520 0.0007130510080605745 89
1782712460521 0.0007107969033313566 90
1782712460522 0.0007097168478867388 91
1782712460523 0.0007087723855511285 92
1782712460524 0.0007078036151506239 93
1782712460525 0.0007068038483703276 94
1782712460526 0.0007057825071024126 95
1782712460527 0.0007047407012578333 96
1782712460528 0.0007033451216557296 97
1782712460529 0.0007027453416594653 98
