1782197273864 0.0 1
1782197273865 0.0 2
1782197273867 0.0 3
1782197273868 0.0 4
1782197273869 0.0 5
1782197273870 0.0 6
1782197273871 0.0 7
1782197273872 0.0 8
1782197273874 0.0 9
1782197273875 0.0 10
1782197273876 0.0 11
1782197273877 0.0 12
1782197273878 0.0 13
1782197273880 0.0 14
1782197273881 0.0 15
1782197273882 0.0 16
1782197273883 0.0 17
1782197273884 0.0 18
1782197273886 0.0 19
1782197273887 0.0 20
1782197273888 0.0 21
1782197273889 0.0 22
1782197273890 0.0 23
1782197273892 0.0 24
1782197273893 0.0 25
1782197273894 0.0 26
1782197273895 0.0 27
1782197273896 0.0 28
1782197273898 0.0 29
1782197273899 0.0 30
1782197273900 0.0 31
1782197273901 0.0 32
1782197273902 0.0 33
1782197273904 0.0 34
1782197273905 0.0 35
1782197273906 0.0 36
1782197273907 0.0 37
1782197273908 0.0 38
1782197273909 0.0 39
1782197273911 0.0 40
1782197273912 0.0 41
1782197273913 0.0 42
1782197273914 0.0 43
1782197273915 0.0 44
1782197273916 0.0 45
1782197273917 0.0 46
1782197273918 0.0 47
1782197273919 0.0 48
1782197273920 0.0 49
1782197273921 0.0 50
1782197273922 0.0 51
1782197273923 0.0 52
1782197273924 0.0 53
1782197273925 0.0 54
1782197273926 0.0 55
1782197273927 0.0 56
1782197273928 0.0 57
1782197273929 0.0 58
1782197273930 0.0 59
1782197273931 0.0 60
1782197273932 0.0 61
1782197273933 0.0 62
1782197273934 0.0 63
1782197273935 0.0 64
1782197273936 0.0 65
