1782197273709 0.038916364749893545 1
1782197273710 0.012780081164091826 2
1782197273711 0.007667740606702864 3
1782197273713 0.005692883480805904 4
1782197273714 0.004562078826129436 5
1782197273715 0.003852491829311475 6
1782197273716 0.003409991863882169 7
1782197273718 0.0031155745417345317 8
1782197273719 0.0027637826406862586 9
1782197273720 0.002725568216701504 10
1782197273721 0.0024799957289360465 11
1782197273722 0.002490277336910367 12
1782197273723 0.002241984666325152 13
1782197273725 0.0022737390789552593 14
1782197273726 0.002196895545057487 15
1782197273727 0.0020921314327279105 16
1782197273728 0.0021006889766431412 17
1782197273729 0.0020316161497612485 18
1782197273731 0.001951790917373728 19
1782197273732 0.0019027133530471474 20
1782197273733 0.001877598110731924 21
1782197273734 0.0019374625974160154 22
1782197273735 0.0019515373904141597 23
1782197273737 0.0019105910885264166 24
1782197273738 0.0018749605253105984 25
1782197273739 0.001791618018760346 26
1782197273740 0.001782399914081907 27
1782197273741 0.001727603521430865 28
1782197273743 0.0018453983601648362 29
1782197273744 0.0017855889927886892 30
1782197273745 0.0017754431153298356 31
1782197273746 0.001801013026124565 32
1782197273747 0.0017462129126943182 33
1782197273749 0.00178990749627701 34
1782197273750 0.001747387587383855 35
1782197273751 0.0016709752929455134 36
1782197273752 0.0016318944457452745 37
1782197273753 0.0017576293779711706 38
1782197273755 0.0017273788612510543 39
1782197273756 0.0017153462588612456 40
1782197273757 0.0016688497810537228 41
1782197273758 0.0017025600392662455 42
1782197273759 0.001593861514411401 43
1782197273760 0.001536571462493157 44
1782197273762 0.0015209319039422554 45
1782197273763 0.0015127813658182276 46
1782197273764 0.0015057920789695344 47
1782197273765 0.0015190448267094325 48
1782197273766 0.0015196499191370094 49
1782197273768 0.0014857107996067498 50
1782197273769 0.0014578620738029712 51
1782197273770 0.0014525482141471001 52
1782197273771 0.0014481153852830175 53
1782197273772 0.0014457845942524728 54
1782197273774 0.0014495329614874208 55
1782197273775 0.0014476604039373342 56
1782197273776 0.0014305763770244085 57
1782197273777 0.0014192958653438837 58
1782197273778 0.0014131732213718351 59
1782197273780 0.0014110457911738195 60
1782197273781 0.0014079387017409317 61
1782197273782 0.0014094122744427295 62
1782197273783 0.0014059493678360013 63
1782197273784 0.0013974243305710844 64
1782197273786 0.0013932488990394632 65
