1782197273938 0.0 1
1782197273939 0.0 2
1782197273940 0.0 3
1782197273941 0.0 4
1782197273942 0.0 5
1782197273943 0.0 6
1782197273944 0.0 7
1782197273945 0.0 8
1782197273946 0.0 9
1782197273947 0.0 10
1782197273948 0.0 11
1782197273949 0.0 12
1782197273950 0.0 13
1782197273951 0.0 14
1782197273952 0.0 15
1782197273953 0.0 16
1782197273954 0.0 17
1782197273955 0.0 18
1782197273956 0.0 19
1782197273958 0.0 20
1782197273959 0.0 21
1782197273960 0.0 22
1782197273961 0.0 23
1782197273962 0.0 24
1782197273963 0.0 25
1782197273964 0.0 26
1782197273965 0.0 27
1782197273966 0.0 28
1782197273967 0.0 29
1782197273968 0.0 30
1782197273969 0.0 31
1782197273970 0.0 32
1782197273971 0.0 33
1782197273972 0.0 34
1782197273974 0.0 35
1782197273975 0.0 36
1782197273976 0.0 37
1782197273977 0.0 38
1782197273978 0.0 39
1782197273979 0.0 40
1782197273980 0.0 41
1782197273981 0.0 42
1782197273982 0.0 43
1782197273983 0.0 44
1782197273984 0.0 45
1782197273985 0.0 46
1782197273986 0.0 47
1782197273987 0.0 48
1782197273988 0.0 49
1782197273989 0.0 50
1782197273990 0.0 51
1782197273991 0.0 52
1782197273992 0.0 53
1782197273993 0.0 54
1782197273994 0.0 55
1782197273995 0.0 56
1782197273996 0.0 57
1782197273997 0.0 58
1782197273998 0.0 59
1782197273999 0.0 60
1782197274000 0.0 61
1782197274001 0.0 62
1782197274002 0.0 63
1782197274003 0.0 64
1782197274004 0.0 65
