1782743909592 0.0 1
1782743909593 0.0 2
1782743909594 0.0 3
1782743909595 0.0 4
1782743909596 0.0 5
1782743909597 0.0 6
1782743909598 0.0 7
1782743909599 0.0 8
1782743909600 0.0 9
1782743909601 0.0 10
1782743909602 0.0 11
1782743909603 0.0 12
1782743909604 0.0 13
1782743909604 0.0 14
1782743909605 0.0 15
1782743909606 0.0 16
1782743909607 0.0 17
1782743909608 0.0 18
1782743909609 0.0 19
1782743909610 0.0 20
1782743909611 0.0 21
1782743909612 0.0 22
1782743909613 0.0 23
1782743909613 0.0 24
1782743909614 0.0 25
1782743909616 0.0 26
1782743909617 0.0 27
1782743909617 0.0 28
1782743909618 0.0 29
1782743909619 0.0 30
1782743909620 0.0 31
1782743909621 0.0 32
1782743909622 0.0 33
1782743909623 0.0 34
1782743909624 0.0 35
1782743909625 0.0 36
1782743909625 0.0 37
1782743909627 0.0 38
1782743909628 0.0 39
1782743909629 0.0 40
1782743909629 0.0 41
1782743909630 0.0 42
1782743909631 0.0 43
1782743909632 0.0 44
1782743909633 0.0 45
1782743909634 0.0 46
1782743909635 0.0 47
1782743909636 0.0 48
1782743909637 0.0 49
1782743909637 0.0 50
1782743909638 0.0 51
1782743909639 0.0 52
1782743909640 0.0 53
1782743909641 0.0 54
1782743909642 0.0 55
1782743909643 0.0 56
1782743909644 0.0 57
1782743909645 0.0 58
1782743909646 0.0 59
1782743909647 0.0 60
1782743909648 0.0 61
1782743909649 0.0 62
1782743909650 0.0 63
1782743909651 0.0 64
1782743909651 0.0 65
1782743909652 0.0 66
1782743909653 0.0 67
1782743909654 0.0 68
1782743909655 0.0 69
1782743909656 0.0 70
1782743909657 0.0 71
1782743909658 0.0 72
1782743909659 0.0 73
1782743909660 0.0 74
1782743909660 0.0 75
1782743909661 0.0 76
1782743909662 0.0 77
1782743909663 0.0 78
1782743909664 0.0 79
1782743909665 0.0 80
1782743909666 0.0 81
1782743909667 0.0 82
1782743909668 0.0 83
1782743909669 0.0 84
1782743909669 0.0 85
1782743909670 0.0 86
1782743909671 0.0 87
1782743909672 0.0 88
1782743909673 0.0 89
1782743909674 0.0 90
1782743909675 0.0 91
1782743909676 0.0 92
1782743909677 0.0 93
1782743909678 0.0 94
1782743909679 0.0 95
