1782743909680 0.0 1
1782743909681 0.0 2
1782743909682 0.0 3
1782743909682 0.0 4
1782743909683 0.0 5
1782743909684 0.0 6
1782743909685 0.0 7
1782743909686 0.0 8
1782743909687 0.0 9
1782743909688 0.0 10
1782743909689 0.0 11
1782743909690 0.0 12
1782743909691 0.0 13
1782743909692 0.0 14
1782743909693 0.0 15
1782743909694 0.0 16
1782743909695 0.0 17
1782743909696 0.0 18
1782743909696 0.0 19
1782743909697 0.0 20
1782743909698 0.0 21
1782743909699 0.0 22
1782743909700 0.0 23
1782743909701 0.0 24
1782743909702 0.0 25
1782743909703 0.0 26
1782743909704 0.0 27
1782743909705 0.0 28
1782743909706 0.0 29
1782743909707 0.0 30
1782743909708 0.0 31
1782743909709 0.0 32
1782743909709 0.0 33
1782743909710 0.0 34
1782743909711 0.0 35
1782743909712 0.0 36
1782743909713 0.0 37
1782743909714 0.0 38
1782743909715 0.0 39
1782743909716 0.0 40
1782743909717 0.0 41
1782743909718 0.0 42
1782743909719 0.0 43
1782743909720 0.0 44
1782743909721 0.0 45
1782743909722 0.0 46
1782743909723 0.0 47
1782743909724 0.0 48
1782743909725 0.0 49
1782743909726 0.0 50
1782743909727 0.0 51
1782743909727 0.0 52
1782743909728 0.0 53
1782743909729 0.0 54
1782743909730 0.0 55
1782743909731 0.0 56
1782743909732 0.0 57
1782743909733 0.0 58
1782743909734 0.0 59
1782743909735 0.0 60
1782743909736 0.0 61
1782743909737 0.0 62
1782743909738 0.0 63
1782743909739 0.0 64
1782743909740 0.0 65
1782743909741 0.0 66
1782743909741 0.0 67
1782743909742 0.0 68
1782743909743 0.0 69
1782743909744 0.0 70
1782743909745 0.0 71
1782743909746 0.0 72
1782743909747 0.0 73
1782743909748 0.0 74
1782743909749 0.0 75
1782743909750 0.0 76
1782743909751 0.0 77
1782743909752 0.0 78
1782743909753 0.0 79
1782743909754 0.0 80
1782743909755 0.0 81
1782743909756 0.0 82
1782743909757 0.0 83
1782743909757 0.0 84
1782743909758 0.0 85
1782743909759 0.0 86
1782743909760 0.0 87
1782743909761 0.0 88
1782743909762 0.0 89
1782743909763 0.0 90
1782743909764 0.0 91
1782743909765 0.0 92
1782743909766 0.0 93
1782743909766 0.0 94
1782743909767 0.0 95
