============================================================
Optuna Study : aiarchi_sepv2_dim60
Trials completed : 30
Best val MSE    : 0.000524

Best hyperparameters :
                    lr = 1.646103945130924e-05
          weight_decay = 5.302221339138936e-06
          dropout_rate = 0.1360014680817604
             noise_std = 0.0028108512715691865
              patience = 42

Hyperparameter importance :
             noise_std : 0.412  ████████████
          dropout_rate : 0.319  █████████
                    lr : 0.117  ███
          weight_decay : 0.089  ██
              patience : 0.064  █

 Trial     Val loss  Epoch           lr weight_decay dropout_rate    noise_std     patience
-------------------------------------------------------------------------------------------
    27     0.000524     86     1.65e-05     5.30e-06     1.36e-01     2.81e-03           42
    25     0.000603    124     7.18e-06     5.71e-06     1.32e-01     4.26e-03           35
    29     0.000621     57     1.87e-05     6.56e-06     1.32e-01     2.98e-03           29
    28     0.000631     66     2.04e-05     5.44e-06     1.12e-01     2.76e-03           43
    21     0.000639     30     3.97e-05     5.48e-06     2.56e-01     2.60e-03           40
    16     0.000652     79     1.47e-05     2.52e-06     2.75e-01     3.32e-03           38
     1     0.000658    153     2.22e-06     1.95e-04     1.89e-01     3.82e-03           15
     4     0.000673     39     3.52e-05     2.34e-05     2.24e-01     1.03e-03           41
    12     0.000679     36     3.03e-05     6.99e-07     3.75e-01     1.43e-03           34
     3     0.000680     57     5.91e-05     6.34e-05     2.28e-01     4.78e-03           45
     9     0.000704     32     5.30e-05     2.51e-06     2.56e-02     2.54e-03           60
    23     0.000707     55     5.11e-05     1.15e-04     3.13e-01     1.94e-03           39
     2     0.000740     51     2.35e-05     3.76e-05     2.69e-01     3.14e-03           39
    24     0.000750     32     9.52e-05     1.12e-06     3.41e-01     3.29e-03           50
     6     0.000752    113     9.16e-06     5.42e-04     2.07e-01     3.84e-03           45
    19     0.000775     78     5.65e-06     5.06e-07     2.70e-01     4.44e-03           36
    22     0.000784     51     1.44e-05     2.36e-06     2.63e-01     2.66e-03           31
    13     0.000814     61     9.91e-05     2.03e-04     2.38e-01     4.08e-03           46
     0     0.000819     68     1.00e-05     1.00e-05     1.00e-01     3.00e-03           30
    18     0.000855    101     3.07e-06     2.40e-06     3.11e-01     3.24e-03           26
    14     0.000884     74     5.03e-06     1.57e-05     1.53e-01     1.86e-03           20
     8     0.000891    228     1.22e-06     1.16e-05     3.00e-01     8.69e-04           14
    20     0.000937     70     1.44e-05     1.47e-07     1.71e-01     3.61e-03           50
     7     0.000947    127     1.88e-06     1.18e-08     1.83e-01     1.20e-03           22
    11     0.000973     37     2.47e-05     7.42e-04     1.47e-01     1.97e-04           55
    15     0.000980    227     1.03e-06     2.14e-04     8.62e-02     2.49e-04           30
     5     0.001076     78     5.11e-06     6.28e-05     3.32e-01     2.22e-03           10
    26     0.001079     61     7.29e-06     5.26e-06     5.42e-02     4.46e-03           35
    17     0.001363     34     1.54e-05     8.21e-08     3.86e-01     3.80e-03           17
    10     0.001764     60     3.06e-06     4.31e-07     9.89e-02     4.93e-03           24
============================================================