1780314140410 0.10554661452770234 1
1780314140413 0.0397229484282434 2
1780314140415 0.020666132140904667 3
1780314140417 0.01320051474031061 4
1780314140419 0.009452856362331659 5
1780314140421 0.007051428672857582 6
1780314140423 0.005592945291427895 7
1780314140425 0.004767636777833104 8
1780314140428 0.0041005842038430275 9
1780314140430 0.0036161688016727567 10
1780314140432 0.0032654457096941768 11
1780314140434 0.0029219881270546467 12
1780314140436 0.0027123565482906997 13
1780314140438 0.0024958242999855427 14
1780314140440 0.002378468771930784 15
1780314140442 0.002227055791881867 16
1780314140445 0.002090948401018977 17
1780314140447 0.002012478194083087 18
1780314140449 0.002009537341655232 19
1780314140451 0.0019893552266876213 20
1780314140453 0.0018960166454780848 21
1780314140455 0.0018165389914065598 22
1780314140458 0.0017416573698574211 23
1780314140460 0.0017444763239473104 24
1780314140462 0.001654377510858467 25
1780314140464 0.001583437968074577 26
1780314140466 0.0016012969135772437 27
1780314140468 0.0015557858326064888 28
1780314140470 0.0015221353332162835 29
1780314140473 0.0015388762213115114 30
1780314140475 0.0015093901248474139 31
1780314140477 0.0014891131469630637 32
1780314140479 0.0014737209386657924 33
1780314140481 0.0014235416692099535 34
1780314140483 0.0013823425833834335 35
1780314140485 0.0013427986210444941 36
1780314140487 0.0013426347562926822 37
1780314140490 0.0013586371879500802 38
1780314140492 0.0013498393865302204 39
1780314140494 0.0013171190960565582 40
1780314140496 0.0012540181292570196 41
1780314140498 0.0011868316528853028 42
1780314140500 0.0011634672221407527 43
1780314140502 0.0011444458229379962 44
1780314140504 0.0011288529473677045 45
1780314140507 0.001119951318760286 46
1780314140509 0.0011119807445356855 47
1780314140511 0.0011181261793535668 48
1780314140513 0.0011215987710602349 49
1780314140515 0.0011458591042173795 50
1780314140517 0.0010977306040149415 51
1780314140519 0.0010623521004163195 52
1780314140521 0.0010479517551721074 53
1780314140524 0.0010403224848414539 54
1780314140526 0.0010326846363022924 55
1780314140528 0.0010268641913717146 56
1780314140530 0.0010227254319761414 57
1780314140532 0.0010196932355029276 58
1780314140534 0.0010157013330172049 59
1780314140536 0.001014127779417322 60
1780314140538 0.0010132703983981627 61
1780314140541 0.0010097313031292288 62
1780314140543 0.0010087342464976245 63
1780314140545 0.0009980642131267813 64
1780314140547 0.0009943325651693158 65
1780314140549 0.000987664017811767 66
1780314140552 0.0009810650778672425 67
1780314140554 0.000977490811565076 68
1780314140556 0.0009715805217274465 69
1780314140558 0.0009662981565998053 70
1780314140560 0.0009584948306292063 71
1780314140562 0.0009555419871321646 72
1780314140564 0.0009582956165832001 73
1780314140567 0.0009457562965326361 74
1780314140569 0.0009325116012769285 75
1780314140571 0.0009276033185960841 76
1780314140573 0.0009242307418389828 77
1780314140575 0.0009216451590691577 78
1780314140577 0.0009195886061206693 79
1780314140579 0.0009173340576307964 80
1780314140582 0.0009151854289302718 81
1780314140584 0.0009130653564352543 82
1780314140586 0.0009112772630396649 83
1780314140588 0.0009063049719043192 84
1780314140590 0.0009033572443149751 85
1780314140593 0.0009017398918877007 86
1780314140595 0.0009004189290862996 87
1780314140597 0.0008991907331801486 88
1780314140599 0.0008978677917912137 89
1780314140601 0.000896564202994341 90
1780314140603 0.0008954544167499989 91
1780314140605 0.0008940576293753111 92
1780314140607 0.0008928827999625355 93
1780314140610 0.0008902154565657839 94
1780314140612 0.0008889788274973398 95
1780314140614 0.0008881514189852169 96
1780314140616 0.0008874874212415307 97
1780314140618 0.0008867734774685231 98
1780314140620 0.0008861209690803662 99
1780314140622 0.0008854292272371822 100
1780314140625 0.0008847519768460188 101
1780314140627 0.0008840095602863585 102
1780314140629 0.0008834142823252477 103
1780314140631 0.0008819514624701696 104
1780314140633 0.0008814752856778796 105
1780314140635 0.0008811260559014045 106
1780314140637 0.0008807750542473514 107
1780314140640 0.000880408442535554 108
