1783884776415 0.0 1
1783884776417 0.0 2
1783884776418 0.0 3
1783884776420 0.0 4
1783884776421 0.0 5
1783884776423 0.0 6
1783884776424 0.0 7
1783884776426 0.0 8
1783884776427 0.0 9
1783884776428 0.0 10
1783884776430 0.0 11
1783884776431 0.0 12
1783884776433 0.0 13
1783884776434 0.0 14
1783884776435 0.0 15
1783884776437 0.0 16
1783884776438 0.0 17
1783884776440 0.0 18
1783884776441 0.0 19
1783884776443 0.0 20
1783884776444 0.0 21
1783884776445 0.0 22
1783884776447 0.0 23
1783884776448 0.0 24
1783884776450 0.0 25
1783884776451 0.0 26
1783884776453 0.0 27
1783884776454 0.0 28
1783884776455 0.0 29
1783884776457 0.0 30
1783884776458 0.0 31
1783884776460 0.0 32
1783884776461 0.0 33
1783884776462 0.0 34
1783884776464 0.0 35
1783884776465 0.0 36
1783884776467 0.0 37
1783884776468 0.0 38
1783884776470 0.0 39
1783884776471 0.0 40
1783884776472 0.0 41
1783884776474 0.0 42
1783884776475 0.0 43
1783884776477 0.0 44
1783884776478 0.0 45
1783884776480 0.0 46
1783884776481 0.0 47
1783884776482 0.0 48
1783884776484 0.0 49
1783884776485 0.0 50
1783884776487 0.0 51
1783884776488 0.0 52
1783884776490 0.0 53
1783884776491 0.0 54
1783884776492 0.0 55
1783884776494 0.0 56
1783884776495 0.0 57
1783884776497 0.0 58
1783884776498 0.0 59
1783884776500 0.0 60
1783884776501 0.0 61
1783884776502 0.0 62
1783884776504 0.0 63
1783884776505 0.0 64
1783884776507 0.0 65
1783884776508 0.0 66
1783884776510 0.0 67
1783884776511 0.0 68
1783884776512 0.0 69
1783884776514 0.0 70
1783884776515 0.0 71
1783884776517 0.0 72
1783884776518 0.0 73
1783884776519 0.0 74
1783884776521 0.0 75
1783884776522 0.0 76
1783884776524 0.0 77
1783884776525 0.0 78
1783884776526 0.0 79
1783884776528 0.0 80
1783884776529 0.0 81
1783884776531 0.0 82
1783884776532 0.0 83
1783884776534 0.0 84
1783884776535 0.0 85
1783884776536 0.0 86
