1783884776538 0.0 1
1783884776539 0.0 2
1783884776541 0.0 3
1783884776542 0.0 4
1783884776544 0.0 5
1783884776545 0.0 6
1783884776546 0.0 7
1783884776548 0.0 8
1783884776549 0.0 9
1783884776551 0.0 10
1783884776552 0.0 11
1783884776554 0.0 12
1783884776555 0.0 13
1783884776557 0.0 14
1783884776558 0.0 15
1783884776559 0.0 16
1783884776561 0.0 17
1783884776562 0.0 18
1783884776564 0.0 19
1783884776565 0.0 20
1783884776567 0.0 21
1783884776568 0.0 22
1783884776569 0.0 23
1783884776571 0.0 24
1783884776572 0.0 25
1783884776574 0.0 26
1783884776575 0.0 27
1783884776577 0.0 28
1783884776578 0.0 29
1783884776579 0.0 30
1783884776581 0.0 31
1783884776582 0.0 32
1783884776584 0.0 33
1783884776585 0.0 34
1783884776587 0.0 35
1783884776588 0.0 36
1783884776590 0.0 37
1783884776591 0.0 38
1783884776592 0.0 39
1783884776594 0.0 40
1783884776595 0.0 41
1783884776597 0.0 42
1783884776598 0.0 43
1783884776600 0.0 44
1783884776601 0.0 45
1783884776603 0.0 46
1783884776604 0.0 47
1783884776605 0.0 48
1783884776607 0.0 49
1783884776608 0.0 50
1783884776610 0.0 51
1783884776611 0.0 52
1783884776613 0.0 53
1783884776614 0.0 54
1783884776615 0.0 55
1783884776617 0.0 56
1783884776618 0.0 57
1783884776620 0.0 58
1783884776621 0.0 59
1783884776623 0.0 60
1783884776624 0.0 61
1783884776625 0.0 62
1783884776627 0.0 63
1783884776628 0.0 64
1783884776630 0.0 65
1783884776631 0.0 66
1783884776633 0.0 67
1783884776634 0.0 68
1783884776635 0.0 69
1783884776637 0.0 70
1783884776638 0.0 71
1783884776640 0.0 72
1783884776641 0.0 73
1783884776643 0.0 74
1783884776644 0.0 75
1783884776645 0.0 76
1783884776647 0.0 77
1783884776648 0.0 78
1783884776650 0.0 79
1783884776651 0.0 80
1783884776653 0.0 81
1783884776654 0.0 82
1783884776655 0.0 83
1783884776657 0.0 84
1783884776658 0.0 85
1783884776660 0.0 86
