1783884776169 0.13520884558558463 1
1783884776171 0.05315536640584469 2
1783884776172 0.02384191834833473 3
1783884776174 0.013295974018983543 4
1783884776175 0.008664161125198007 5
1783884776177 0.006334187418688088 6
1783884776178 0.004980044503463432 7
1783884776180 0.004135396465426311 8
1783884776181 0.0035628003935562445 9
1783884776182 0.003161486151511781 10
1783884776184 0.002877872972749174 11
1783884776185 0.0026280448847683146 12
1783884776187 0.00241855032305466 13
1783884776188 0.002304848971252795 14
1783884776190 0.0021994624481885693 15
1783884776191 0.0020767222947324624 16
1783884776192 0.001988832123752218 17
1783884776194 0.0019283403555164114 18
1783884776195 0.0018695884189219214 19
1783884776197 0.0018542611587326974 20
1783884776198 0.001773641254840186 21
1783884776200 0.0017344159199274144 22
1783884776201 0.0016785354510648175 23
1783884776202 0.0016910606436431408 24
1783884776204 0.0017014665220631286 25
1783884776205 0.001661277225939557 26
1783884776207 0.0015926802541071084 27
1783884776208 0.0015746054748888127 28
1783884776210 0.0015321402382687665 29
1783884776211 0.0015308097311935852 30
1783884776213 0.0015194110669835936 31
1783884776214 0.0015005720539193134 32
1783884776215 0.0014819155873556156 33
1783884776217 0.001449224461830454 34
1783884776218 0.0014268870790692745 35
1783884776220 0.001402475465729367 36
1783884776221 0.0013858756501576863 37
1783884776223 0.0013791945259436034 38
1783884776224 0.0013778948446997673 39
1783884776226 0.0013744189783756156 40
1783884776227 0.0013599205247010104 41
1783884776228 0.0013514431827934459 42
1783884776230 0.0013504162096796791 43
1783884776231 0.0013401225504640025 44
1783884776233 0.001325624791206792 45
1783884776234 0.0013269040231534746 46
1783884776235 0.0013212624360312475 47
1783884776237 0.0013165879886219045 48
1783884776238 0.0013036033615935593 49
1783884776240 0.0012963778941048076 50
1783884776241 0.0012988883438083576 51
1783884776243 0.0012983349760907004 52
1783884776244 0.0012852724453114206 53
1783884776245 0.0012824062435538507 54
1783884776247 0.0012719994239887456 55
1783884776248 0.0012653402274736437 56
1783884776250 0.0012694348333752714 57
1783884776251 0.001266325280739693 58
1783884776253 0.0012698064974392765 59
1783884776254 0.0012566756109299603 60
1783884776255 0.0012459238040901256 61
1783884776257 0.0012333340019540628 62
1783884776258 0.0012248493678634986 63
1783884776260 0.0012297604620835046 64
1783884776261 0.0012279441607097397 65
1783884776262 0.001217582675308222 66
1783884776264 0.0012148762858851115 67
1783884776265 0.0012095665563538205 68
1783884776267 0.0012054914665350226 69
1783884776268 0.0012068813458608928 70
1783884776270 0.001205681601422839 71
1783884776271 0.0011988588869280648 72
1783884776272 0.0012028640846256167 73
1783884776274 0.0011980726184992819 74
1783884776275 0.0011970796742389212 75
1783884776277 0.0011886925388535018 76
1783884776278 0.0011959391472919378 77
1783884776280 0.001195277189326589 78
1783884776281 0.0011949544890376273 79
1783884776282 0.0011887432995717972 80
1783884776284 0.001194099887725315 81
1783884776285 0.0011906119342165766 82
1783884776287 0.001187805098015815 83
1783884776288 0.0011834787430416327 84
1783884776290 0.0011821643896837487 85
1783884776291 0.0011815377986204112 86
