1784020358642 0.0 1
1784020358643 0.0 2
1784020358645 0.0 3
1784020358646 0.0 4
1784020358647 0.0 5
1784020358649 0.0 6
1784020358650 0.0 7
1784020358652 0.0 8
1784020358653 0.0 9
1784020358654 0.0 10
1784020358656 0.0 11
1784020358657 0.0 12
1784020358658 0.0 13
1784020358660 0.0 14
1784020358661 0.0 15
1784020358662 0.0 16
1784020358664 0.0 17
1784020358665 0.0 18
1784020358667 0.0 19
1784020358668 0.0 20
1784020358669 0.0 21
1784020358671 0.0 22
1784020358672 0.0 23
1784020358674 0.0 24
1784020358675 0.0 25
1784020358676 0.0 26
1784020358677 0.0 27
1784020358679 0.0 28
1784020358680 0.0 29
1784020358682 0.0 30
1784020358683 0.0 31
1784020358685 0.0 32
1784020358686 0.0 33
1784020358688 0.0 34
1784020358689 0.0 35
1784020358690 0.0 36
1784020358692 0.0 37
1784020358693 0.0 38
1784020358695 0.0 39
1784020358696 0.0 40
1784020358698 0.0 41
1784020358699 0.0 42
1784020358700 0.0 43
1784020358702 0.0 44
1784020358703 0.0 45
1784020358704 0.0 46
1784020358706 0.0 47
1784020358707 0.0 48
1784020358708 0.0 49
1784020358710 0.0 50
1784020358711 0.0 51
1784020358713 0.0 52
1784020358714 0.0 53
1784020358716 0.0 54
1784020358717 0.0 55
1784020358719 0.0 56
1784020358720 0.0 57
1784020358722 0.0 58
1784020358723 0.0 59
1784020358725 0.0 60
1784020358726 0.0 61
1784020358727 0.0 62
1784020358729 0.0 63
1784020358730 0.0 64
1784020358732 0.0 65
1784020358733 0.0 66
1784020358734 0.0 67
1784020358736 0.0 68
1784020358737 0.0 69
1784020358738 0.0 70
1784020358740 0.0 71
1784020358741 0.0 72
1784020358742 0.0 73
1784020358744 0.0 74
1784020358745 0.0 75
1784020358747 0.0 76
1784020358748 0.0 77
1784020358750 0.0 78
1784020358751 0.0 79
1784020358753 0.0 80
1784020358754 0.0 81
1784020358756 0.0 82
1784020358757 0.0 83
1784020358758 0.0 84
1784020358760 0.0 85
1784020358761 0.0 86
1784020358763 0.0 87
1784020358764 0.0 88
1784020358765 0.0 89
1784020358767 0.0 90
1784020358768 0.0 91
1784020358769 0.0 92
1784020358770 0.0 93
1784020358772 0.0 94
1784020358773 0.0 95
1784020358774 0.0 96
1784020358776 0.0 97
1784020358777 0.0 98
1784020358779 0.0 99
1784020358780 0.0 100
1784020358781 0.0 101
1784020358783 0.0 102
1784020358784 0.0 103
1784020358785 0.0 104
1784020358787 0.0 105
1784020358788 0.0 106
1784020358789 0.0 107
1784020358791 0.0 108
1784020358792 0.0 109
1784020358794 0.0 110
1784020358795 0.0 111
1784020358796 0.0 112
1784020358798 0.0 113
1784020358799 0.0 114
1784020358800 0.0 115
1784020358801 0.0 116
1784020358803 0.0 117
1784020358804 0.0 118
1784020358805 0.0 119
1784020358807 0.0 120
1784020358808 0.0 121
1784020358810 0.0 122
1784020358811 0.0 123
1784020358812 0.0 124
1784020358813 0.0 125
1784020358815 0.0 126
1784020358816 0.0 127
1784020358818 0.0 128
1784020358819 0.0 129
