1784020358244 0.019349112520867493 1
1784020358245 0.003932629171176813 2
1784020358247 0.0036569450644310564 3
1784020358249 0.003580137016688241 4
1784020358250 0.0030903022130951284 5
1784020358252 0.0029732990566117222 6
1784020358253 0.00278705219461699 7
1784020358255 0.0026969088971964083 8
1784020358257 0.00269483087817207 9
1784020358258 0.0025734943759744056 10
1784020358260 0.002621433344465913 11
1784020358261 0.0024857107672141866 12
1784020358263 0.0022376128543692177 13
1784020358264 0.002366300971189048 14
1784020358266 0.002528834537661169 15
1784020358268 0.00227128972299397 16
1784020358269 0.00215449812458246 17
1784020358271 0.0019097144457919058 18
1784020358272 0.00181318542236113 19
1784020358274 0.0018200836777396035 20
1784020358275 0.0017335019924212248 21
1784020358277 0.0017095417236851062 22
1784020358278 0.0015946654038998531 23
1784020358280 0.001752801324473694 24
1784020358281 0.0017613176620216108 25
1784020358283 0.0017869598271499853 26
1784020358285 0.0016640930331777782 27
1784020358286 0.001692754803952994 28
1784020358288 0.0016497205350606238 29
1784020358289 0.0015396403012709924 30
1784020358291 0.001946024676435627 31
1784020358292 0.0017110539875284303 32
1784020358294 0.001727660330798244 33
1784020358295 0.0014768211925547802 34
1784020358297 0.0014528534869168652 35
1784020358299 0.0014448263373924419 36
1784020358300 0.001415546488497057 37
1784020358302 0.001392809401586419 38
1784020358303 0.0014033300616574707 39
1784020358305 0.0014422036204632604 40
1784020358306 0.001427617191366153 41
1784020358308 0.0013497600259870523 42
1784020358309 0.0014150351437274367 43
1784020358311 0.0013547231756092515 44
1784020358312 0.0013086021231720224 45
1784020358314 0.0014710664557787822 46
1784020358315 0.0014719849433458875 47
1784020358317 0.0013838514791132185 48
1784020358319 0.0013487228943267838 49
1784020358320 0.001180431285465602 50
1784020358322 0.0011577908099570777 51
1784020358323 0.0011310181954468134 52
1784020358325 0.0011149313732312293 53
1784020358326 0.0011981240723252995 54
1784020358328 0.0011621898289013188 55
1784020358329 0.0011637021089700283 56
1784020358331 0.0011357107407093281 57
1784020358332 0.0011463894562621134 58
1784020358334 0.001110486228208174 59
1784020358336 0.001118992641859222 60
1784020358337 0.0010502238754997962 61
1784020358339 0.0011746948690415592 62
1784020358340 0.00152134772593854 63
1784020358342 0.0011678853870398598 64
1784020358343 0.0010132092250569257 65
1784020358345 0.000977188138058409 66
1784020358346 0.0010836784129787701 67
1784020358348 0.0010423052706028102 68
1784020358349 0.0010013767622876913 69
1784020358351 0.0009517636522650718 70
1784020358352 0.0009090300187381217 71
1784020358354 0.0009577837946562795 72
1784020358356 0.0009429185905901249 73
1784020358357 0.0010039429060270777 74
1784020358359 0.0010857297341135563 75
1784020358360 0.0010545754499617032 76
1784020358362 0.0008426220947148977 77
1784020358363 0.0007703322068118723 78
1784020358365 0.0007387424531771103 79
1784020358366 0.0007181594919529743 80
1784020358368 0.0007009479788393947 81
1784020358370 0.0006909084863582393 82
1784020358371 0.0006813515003887005 83
1784020358373 0.0006839934848539997 84
1784020358374 0.000704649759863969 85
1784020358376 0.0007058560989389662 86
1784020358377 0.0007082656591228442 87
1784020358379 0.0007928558748972137 88
1784020358380 0.0007313385306770215 89
1784020358382 0.0006865955164539627 90
1784020358384 0.000624988239724189 91
1784020358385 0.0005991997089586221 92
1784020358387 0.0005873758890811586 93
1784020358388 0.0005798907116695773 94
1784020358390 0.0005732155258010608 95
1784020358391 0.0005669611330813496 96
1784020358393 0.0005635311872902093 97
1784020358394 0.0005600667552789673 98
1784020358396 0.000556866978877224 99
1784020358398 0.0005559885084221605 100
1784020358399 0.0005543232923810137 101
1784020358401 0.0005398547638469608 102
1784020358402 0.0005229061418503989 103
1784020358404 0.0005169646572176134 104
1784020358405 0.0005138657522911671 105
1784020358407 0.0005105072734295391 106
1784020358408 0.0005073437782994006 107
1784020358410 0.0005045711287675658 108
1784020358412 0.0005023063859698596 109
1784020358413 0.0004997115329024382 110
1784020358415 0.0004977052960748552 111
1784020358416 0.0004956640624004649 112
1784020358418 0.0004867174075479852 113
1784020358419 0.00048184768958890343 114
1784020358421 0.0004797525192407193 115
1784020358422 0.0004780509020201862 116
1784020358424 0.00047645986116549464 117
1784020358425 0.0004746203539252747 118
1784020358427 0.0004732279389281757 119
1784020358429 0.0004716815576830413 120
1784020358430 0.0004702268297114642 121
1784020358432 0.000468508472549729 122
1784020358433 0.00046653044846607373 123
1784020358435 0.00046238353359512985 124
1784020358436 0.0004609223692386877 125
1784020358438 0.0004599467402294977 126
1784020358439 0.0004591559553955449 127
1784020358441 0.0004582255340210395 128
1784020358442 0.0004573628034995636 129
