1784020358820 0.0 1
1784020358822 0.0 2
1784020358823 0.0 3
1784020358824 0.0 4
1784020358826 0.0 5
1784020358827 0.0 6
1784020358829 0.0 7
1784020358830 0.0 8
1784020358831 0.0 9
1784020358832 0.0 10
1784020358834 0.0 11
1784020358835 0.0 12
1784020358836 0.0 13
1784020358838 0.0 14
1784020358839 0.0 15
1784020358840 0.0 16
1784020358842 0.0 17
1784020358843 0.0 18
1784020358845 0.0 19
1784020358846 0.0 20
1784020358847 0.0 21
1784020358849 0.0 22
1784020358850 0.0 23
1784020358851 0.0 24
1784020358852 0.0 25
1784020358854 0.0 26
1784020358855 0.0 27
1784020358857 0.0 28
1784020358858 0.0 29
1784020358859 0.0 30
1784020358861 0.0 31
1784020358862 0.0 32
1784020358863 0.0 33
1784020358865 0.0 34
1784020358866 0.0 35
1784020358867 0.0 36
1784020358869 0.0 37
1784020358870 0.0 38
1784020358872 0.0 39
1784020358873 0.0 40
1784020358875 0.0 41
1784020358876 0.0 42
1784020358877 0.0 43
1784020358878 0.0 44
1784020358880 0.0 45
1784020358881 0.0 46
1784020358882 0.0 47
1784020358884 0.0 48
1784020358885 0.0 49
1784020358886 0.0 50
1784020358888 0.0 51
1784020358889 0.0 52
1784020358890 0.0 53
1784020358892 0.0 54
1784020358893 0.0 55
1784020358894 0.0 56
1784020358895 0.0 57
1784020358897 0.0 58
1784020358898 0.0 59
1784020358900 0.0 60
1784020358901 0.0 61
1784020358902 0.0 62
1784020358904 0.0 63
1784020358905 0.0 64
1784020358907 0.0 65
1784020358908 0.0 66
1784020358910 0.0 67
1784020358911 0.0 68
1784020358913 0.0 69
1784020358914 0.0 70
1784020358916 0.0 71
1784020358917 0.0 72
1784020358918 0.0 73
1784020358920 0.0 74
1784020358921 0.0 75
1784020358923 0.0 76
1784020358924 0.0 77
1784020358925 0.0 78
1784020358926 0.0 79
1784020358928 0.0 80
1784020358929 0.0 81
1784020358931 0.0 82
1784020358932 0.0 83
1784020358934 0.0 84
1784020358935 0.0 85
1784020358937 0.0 86
1784020358938 0.0 87
1784020358940 0.0 88
1784020358941 0.0 89
1784020358943 0.0 90
1784020358944 0.0 91
1784020358946 0.0 92
1784020358947 0.0 93
1784020358949 0.0 94
1784020358950 0.0 95
1784020358952 0.0 96
1784020358954 0.0 97
1784020358955 0.0 98
1784020358956 0.0 99
1784020358958 0.0 100
1784020358959 0.0 101
1784020358961 0.0 102
1784020358962 0.0 103
1784020358964 0.0 104
1784020358965 0.0 105
1784020358967 0.0 106
1784020358968 0.0 107
1784020358970 0.0 108
1784020358972 0.0 109
1784020358973 0.0 110
1784020358974 0.0 111
1784020358976 0.0 112
1784020358979 0.0 113
1784020358991 0.0 114
1784020358993 0.0 115
1784020358994 0.0 116
1784020358996 0.0 117
1784020358997 0.0 118
1784020358999 0.0 119
1784020359000 0.0 120
1784020359002 0.0 121
1784020359004 0.0 122
1784020359005 0.0 123
1784020359006 0.0 124
1784020359008 0.0 125
1784020359009 0.0 126
1784020359011 0.0 127
1784020359012 0.0 128
1784020359014 0.0 129
