1782214455819 0.0 1
1782214455820 0.0 2
1782214455822 0.0 3
1782214455823 0.0 4
1782214455824 0.0 5
1782214455825 0.0 6
1782214455826 0.0 7
1782214455827 0.0 8
1782214455829 0.0 9
1782214455830 0.0 10
1782214455831 0.0 11
1782214455832 0.0 12
1782214455834 0.0 13
1782214455835 0.0 14
1782214455836 0.0 15
1782214455837 0.0 16
1782214455838 0.0 17
1782214455840 0.0 18
1782214455841 0.0 19
1782214455842 0.0 20
1782214455843 0.0 21
1782214455844 0.0 22
1782214455846 0.0 23
1782214455847 0.0 24
1782214455848 0.0 25
1782214455849 0.0 26
1782214455850 0.0 27
1782214455852 0.0 28
1782214455853 0.0 29
1782214455854 0.0 30
1782214455855 0.0 31
1782214455856 0.0 32
1782214455858 0.0 33
1782214455859 0.0 34
1782214455860 0.0 35
1782214455861 0.0 36
1782214455862 0.0 37
1782214455864 0.0 38
1782214455865 0.0 39
1782214455866 0.0 40
1782214455867 0.0 41
1782214455868 0.0 42
1782214455870 0.0 43
1782214455871 0.0 44
1782214455872 0.0 45
1782214455873 0.0 46
1782214455875 0.0 47
1782214455876 0.0 48
1782214455877 0.0 49
1782214455878 0.0 50
1782214455880 0.0 51
1782214455881 0.0 52
1782214455882 0.0 53
1782214455883 0.0 54
1782214455884 0.0 55
1782214455886 0.0 56
1782214455887 0.0 57
1782214455888 0.0 58
1782214455889 0.0 59
1782214455890 0.0 60
1782214455892 0.0 61
1782214455893 0.0 62
1782214455894 0.0 63
1782214455895 0.0 64
1782214455896 0.0 65
1782214455898 0.0 66
1782214455899 0.0 67
1782214455900 0.0 68
1782214455901 0.0 69
1782214455902 0.0 70
1782214455904 0.0 71
1782214455905 0.0 72
1782214455906 0.0 73
1782214455907 0.0 74
1782214455908 0.0 75
