1782214455547 0.12032780144363642 1
1782214455549 0.042658580914139745 2
1782214455550 0.02138643417041749 3
1782214455551 0.013277520220726728 4
1782214455552 0.009228042089380323 5
1782214455554 0.006813303977251053 6
1782214455555 0.005481254142941907 7
1782214455556 0.004582072527846322 8
1782214455557 0.0038839245820418 9
1782214455559 0.0033293026086175814 10
1782214455560 0.0029668240062892437 11
1782214455561 0.0027150250395061447 12
1782214455562 0.0025110966531792654 13
1782214455563 0.0023427348432596773 14
1782214455564 0.002221798116224818 15
1782214455566 0.002045667005877476 16
1782214455567 0.0020065348254865965 17
1782214455568 0.001892625386826694 18
1782214455569 0.0017894784608506597 19
1782214455571 0.001758556817076169 20
1782214455572 0.001724586508644279 21
1782214455573 0.0016572531472775153 22
1782214455574 0.0015592729601485189 23
1782214455575 0.0014902165113016962 24
1782214455577 0.0014714176979032346 25
1782214455578 0.0014912265293241945 26
1782214455579 0.0014112405973719434 27
1782214455580 0.0014236299312324263 28
1782214455581 0.0013716801354894414 29
1782214455583 0.001318656571675092 30
1782214455584 0.001281668319570599 31
1782214455585 0.0012719526860746554 32
1782214455586 0.0012869216752005742 33
1782214455587 0.0012895691579615232 34
1782214455589 0.0013127526580501581 35
1782214455590 0.0012760005219024607 36
1782214455591 0.001225826019217493 37
1782214455592 0.0011668731566896896 38
1782214455594 0.0011631000741908792 39
1782214455595 0.0011394019158615265 40
1782214455596 0.0011385965486988426 41
1782214455597 0.0011463697147701167 42
1782214455598 0.0011216989387321519 43
1782214455600 0.0011557651656767122 44
1782214455601 0.0011701630701281829 45
1782214455602 0.0011217128559655976 46
1782214455603 0.001084689085255377 47
1782214455604 0.0010523182812903543 48
1782214455606 0.0010522734605910955 49
1782214455607 0.0010267399896838468 50
1782214455608 0.0010166237500379793 51
1782214455609 0.0010214416370581602 52
1782214455610 0.0009735149707557866 53
1782214455612 0.0009209810977336019 54
1782214455613 0.0008984040051655029 55
1782214455614 0.000886744568379072 56
1782214455615 0.0008780133087566356 57
1782214455616 0.0008714381019308349 58
1782214455618 0.000868143497427809 59
1782214455619 0.0008576765521502239 60
1782214455620 0.0008466072464580065 61
1782214455621 0.000841100467951037 62
1782214455622 0.0008370390506752301 63
1782214455624 0.0008329969233454904 64
1782214455625 0.0008293075621259049 65
1782214455626 0.0008262797681891243 66
1782214455627 0.0008201201745396248 67
1782214455628 0.0008159673871705309 68
1782214455630 0.0008133013210681383 69
1782214455631 0.000810911798653251 70
1782214455632 0.0008086396763974335 71
1782214455633 0.0008064615405237418 72
1782214455634 0.0008041913548004231 73
1782214455636 0.0008004024389811092 74
1782214455637 0.0007986096965760226 75
