1782214455729 0.0 1
1782214455730 0.0 2
1782214455731 0.0 3
1782214455732 0.0 4
1782214455733 0.0 5
1782214455735 0.0 6
1782214455736 0.0 7
1782214455737 0.0 8
1782214455738 0.0 9
1782214455740 0.0 10
1782214455741 0.0 11
1782214455742 0.0 12
1782214455743 0.0 13
1782214455744 0.0 14
1782214455746 0.0 15
1782214455747 0.0 16
1782214455748 0.0 17
1782214455749 0.0 18
1782214455750 0.0 19
1782214455752 0.0 20
1782214455753 0.0 21
1782214455754 0.0 22
1782214455755 0.0 23
1782214455756 0.0 24
1782214455758 0.0 25
1782214455759 0.0 26
1782214455760 0.0 27
1782214455761 0.0 28
1782214455762 0.0 29
1782214455764 0.0 30
1782214455765 0.0 31
1782214455766 0.0 32
1782214455767 0.0 33
1782214455768 0.0 34
1782214455770 0.0 35
1782214455771 0.0 36
1782214455772 0.0 37
1782214455773 0.0 38
1782214455774 0.0 39
1782214455776 0.0 40
1782214455777 0.0 41
1782214455778 0.0 42
1782214455779 0.0 43
1782214455780 0.0 44
1782214455782 0.0 45
1782214455783 0.0 46
1782214455784 0.0 47
1782214455785 0.0 48
1782214455786 0.0 49
1782214455788 0.0 50
1782214455789 0.0 51
1782214455790 0.0 52
1782214455791 0.0 53
1782214455792 0.0 54
1782214455794 0.0 55
1782214455795 0.0 56
1782214455796 0.0 57
1782214455797 0.0 58
1782214455799 0.0 59
1782214455800 0.0 60
1782214455801 0.0 61
1782214455802 0.0 62
1782214455803 0.0 63
1782214455805 0.0 64
1782214455806 0.0 65
1782214455807 0.0 66
1782214455808 0.0 67
1782214455809 0.0 68
1782214455811 0.0 69
1782214455812 0.0 70
1782214455813 0.0 71
1782214455814 0.0 72
1782214455815 0.0 73
1782214455817 0.0 74
1782214455818 0.0 75
