1782212907230 0.0 1
1782212907232 0.0 2
1782212907233 0.0 3
1782212907234 0.0 4
1782212907235 0.0 5
1782212907236 0.0 6
1782212907238 0.0 7
1782212907239 0.0 8
1782212907240 0.0 9
1782212907241 0.0 10
1782212907242 0.0 11
1782212907244 0.0 12
1782212907245 0.0 13
1782212907246 0.0 14
1782212907247 0.0 15
1782212907248 0.0 16
1782212907249 0.0 17
1782212907251 0.0 18
1782212907252 0.0 19
1782212907253 0.0 20
1782212907254 0.0 21
1782212907256 0.0 22
1782212907257 0.0 23
1782212907258 0.0 24
1782212907259 0.0 25
1782212907260 0.0 26
1782212907262 0.0 27
1782212907263 0.0 28
1782212907264 0.0 29
1782212907265 0.0 30
1782212907266 0.0 31
1782212907268 0.0 32
1782212907269 0.0 33
1782212907270 0.0 34
1782212907271 0.0 35
1782212907272 0.0 36
1782212907274 0.0 37
1782212907275 0.0 38
1782212907276 0.0 39
1782212907277 0.0 40
1782212907278 0.0 41
1782212907280 0.0 42
1782212907281 0.0 43
1782212907282 0.0 44
1782212907283 0.0 45
1782212907284 0.0 46
1782212907286 0.0 47
1782212907287 0.0 48
1782212907288 0.0 49
1782212907289 0.0 50
1782212907290 0.0 51
1782212907292 0.0 52
1782212907293 0.0 53
1782212907294 0.0 54
1782212907295 0.0 55
1782212907296 0.0 56
1782212907298 0.0 57
1782212907299 0.0 58
1782212907300 0.0 59
1782212907301 0.0 60
1782212907302 0.0 61
1782212907304 0.0 62
1782212907305 0.0 63
