1782212907079 0.09909170066937804 1
1782212907080 0.03272594753652811 2
1782212907081 0.016587943057529628 3
1782212907083 0.01072323945350945 4
1782212907084 0.007355843873228878 5
1782212907085 0.0059230569889768955 6
1782212907086 0.004645781323779375 7
1782212907087 0.00391757351346314 8
1782212907089 0.0034998662606813015 9
1782212907090 0.003154827571706846 10
1782212907091 0.0027789284201571716 11
1782212907092 0.0025724568963050843 12
1782212907093 0.0023694117285776883 13
1782212907095 0.002149878513009753 14
1782212907096 0.002049507902993355 15
1782212907097 0.0019402975286357104 16
1782212907098 0.0018950146701536142 17
1782212907099 0.0019424405507743358 18
1782212907101 0.001834000941598788 19
1782212907102 0.0016754738130839541 20
1782212907103 0.0015968498386791908 21
1782212907104 0.001539638107351493 22
1782212907105 0.0015239426287007518 23
1782212907107 0.001499467128305696 24
1782212907108 0.0014069938831380569 25
1782212907109 0.001426508005533833 26
1782212907110 0.0014577749992895407 27
1782212907111 0.0014452417916618289 28
1782212907113 0.0014152694730728398 29
1782212907114 0.0013029523963632528 30
1782212907115 0.0013088786984735634 31
1782212907116 0.001259169583208859 32
1782212907118 0.0012348059893702156 33
1782212907119 0.0012275593477534131 34
1782212907120 0.0011946827658539405 35
1782212907121 0.001207962807675358 36
1782212907122 0.0011798899154382525 37
1782212907124 0.0011653878857759991 38
1782212907125 0.0011672578518482624 39
1782212907126 0.0011655648986197776 40
1782212907127 0.0010696297932008747 41
1782212907128 0.0010103765867097536 42
1782212907130 0.000986694725070265 43
1782212907131 0.0009706925740465522 44
1782212907132 0.0009580497211572947 45
1782212907133 0.0009477039650664665 46
1782212907134 0.0009373496185435215 47
1782212907136 0.0009210703561984701 48
1782212907137 0.00091068031724717 49
1782212907138 0.0009033790561079513 50
1782212907139 0.0008979831892065704 51
1782212907140 0.0008919215663627255 52
1782212907142 0.0008861470798728988 53
1782212907143 0.0008817207861284259 54
1782212907144 0.0008728636107844068 55
1782212907145 0.0008667441829311429 56
1782212907146 0.0008629164972080616 57
1782212907148 0.0008594360477582086 58
1782212907149 0.0008563367161696079 59
1782212907150 0.000853044841933297 60
1782212907151 0.00084980834632006 61
1782212907153 0.0008444488819804973 62
1782212907154 0.0008419349690666423 63
