1782212907306 0.0 1
1782212907307 0.0 2
1782212907308 0.0 3
1782212907309 0.0 4
1782212907311 0.0 5
1782212907312 0.0 6
1782212907313 0.0 7
1782212907314 0.0 8
1782212907315 0.0 9
1782212907317 0.0 10
1782212907318 0.0 11
1782212907319 0.0 12
1782212907320 0.0 13
1782212907321 0.0 14
1782212907322 0.0 15
1782212907323 0.0 16
1782212907324 0.0 17
1782212907325 0.0 18
1782212907326 0.0 19
1782212907327 0.0 20
1782212907328 0.0 21
1782212907329 0.0 22
1782212907330 0.0 23
1782212907331 0.0 24
1782212907332 0.0 25
1782212907333 0.0 26
1782212907334 0.0 27
1782212907335 0.0 28
1782212907336 0.0 29
1782212907337 0.0 30
1782212907338 0.0 31
1782212907339 0.0 32
1782212907340 0.0 33
1782212907342 0.0 34
1782212907342 0.0 35
1782212907344 0.0 36
1782212907345 0.0 37
1782212907346 0.0 38
1782212907347 0.0 39
1782212907348 0.0 40
1782212907349 0.0 41
1782212907350 0.0 42
1782212907351 0.0 43
1782212907352 0.0 44
1782212907353 0.0 45
1782212907354 0.0 46
1782212907355 0.0 47
1782212907356 0.0 48
1782212907357 0.0 49
1782212907358 0.0 50
1782212907360 0.0 51
1782212907361 0.0 52
1782212907362 0.0 53
1782212907363 0.0 54
1782212907364 0.0 55
1782212907366 0.0 56
1782212907367 0.0 57
1782212907368 0.0 58
1782212907369 0.0 59
1782212907370 0.0 60
1782212907371 0.0 61
1782212907373 0.0 62
1782212907374 0.0 63
