1780314135499 0.22134907707571982 1
1780314135502 0.19441504240036012 2
1780314135504 0.16801043584942818 3
1780314135506 0.14458768010139467 4
1780314135508 0.12583572044968605 5
1780314135510 0.11075999140739441 6
1780314135512 0.09863466121256352 7
1780314135514 0.0884794133901596 8
1780314135516 0.07970902256667614 9
1780314135518 0.072036157771945 10
1780314135521 0.0652834066003561 11
1780314135523 0.05935794707387686 12
1780314135525 0.05413689713925123 13
1780314135527 0.0494989838078618 14
1780314135529 0.045365002676844596 15
1780314135531 0.0417073130980134 16
1780314135533 0.03835739560425282 17
1780314135535 0.03537045899778604 18
1780314135537 0.032643754743039606 19
1780314135539 0.03017424004152417 20
1780314135541 0.027927095759660004 21
1780314135543 0.025863962061703206 22
1780314135545 0.02398654066026211 23
1780314135547 0.02229054806753993 24
1780314135550 0.020725904013961554 25
1780314135552 0.01929663235321641 26
1780314135554 0.01799685292877257 27
1780314135556 0.01682696310803294 28
1780314135558 0.015756407296285035 29
1780314135560 0.014750515846535563 30
1780314135562 0.013833767110481858 31
1780314135564 0.012989538880065083 32
1780314135566 0.012192945377901197 33
1780314135568 0.011464107912033797 34
1780314135571 0.010804519625380635 35
1780314135573 0.010208453382365406 36
1780314135575 0.009643523353151977 37
1780314135577 0.00913996975403279 38
1780314135579 0.008707565455697477 39
1780314135581 0.00823785237967968 40
1780314135583 0.007809491911903024 41
1780314135585 0.007410497749224305 42
1780314135587 0.007062744186259806 43
1780314135589 0.006729514179751277 44
1780314135591 0.006433928869664669 45
1780314135593 0.006164936395362019 46
1780314135596 0.005900002005510032 47
1780314135598 0.0056448784517124295 48
1780314135600 0.005400052717886865 49
1780314135602 0.005213812864385545 50
1780314135604 0.005009238868951798 51
1780314135606 0.004821487010922283 52
1780314135608 0.004608550923876464 53
1780314135610 0.004436016667168588 54
1780314135612 0.004280875155236572 55
1780314135614 0.004126675412990153 56
1780314135617 0.003999155173078179 57
1780314135619 0.0039015503018163143 58
1780314135621 0.0037546770367771387 59
1780314135623 0.003655424846801907 60
1780314135625 0.0035345750069245697 61
1780314135627 0.0034086316893808546 62
1780314135629 0.0032971045724116267 63
1780314135632 0.0031942011672072114 64
1780314135634 0.0031068647699430585 65
1780314135636 0.003018691303441301 66
1780314135639 0.002937905377475545 67
1780314135641 0.002862632191972807 68
1780314135643 0.002797466273186728 69
1780314135646 0.002749932243023068 70
1780314135648 0.002697395426221192 71
1780314135650 0.0026293717906810342 72
1780314135652 0.002568171344464645 73
1780314135655 0.002491468796506524 74
1780314135657 0.002424177274806425 75
1780314135659 0.002366425786167383 76
1780314135661 0.002319026264594868 77
1780314135663 0.0022740703262388706 78
1780314135665 0.002224382180720568 79
1780314135667 0.0021926560439169407 80
1780314135669 0.002160647031851113 81
1780314135671 0.002125899865641259 82
1780314135674 0.0020889496518066153 83
1780314135676 0.002067540448042564 84
1780314135678 0.002031198652694002 85
1780314135680 0.002005547791486606 86
1780314135682 0.001957078521954827 87
1780314135684 0.0019177455332828686 88
1780314135686 0.0018952615570742638 89
1780314135688 0.0018642490153433756 90
1780314135690 0.001842678626999259 91
1780314135692 0.0018144830933306366 92
1780314135694 0.0017950311407912522 93
1780314135697 0.0017849819350522012 94
1780314135699 0.0017814438452478498 95
1780314135701 0.0017661027185386048 96
1780314135703 0.001726827776292339 97
1780314135705 0.001698053433210589 98
1780314135707 0.0016744520148495212 99
1780314135709 0.0016526735940715297 100
1780314135711 0.0016334019508212805 101
1780314135713 0.0016239764995407313 102
1780314135716 0.0016195972615969368 103
1780314135718 0.001599762223486323 104
1780314135720 0.0015861258810036815 105
1780314135722 0.0015691171336220577 106
1780314135726 0.0015588803999708033 107
1780314135728 0.0015579272984177805 108
1780314135730 0.0015637000897550024 109
1780314135733 0.00152785607468104 110
1780314135735 0.0015119854852673597 111
1780314135737 0.0014975685114040971 112
1780314135739 0.0014892932039219887 113
1780314135741 0.00147820014070021 114
1780314135743 0.0014644367806613445 115
1780314135745 0.0014520156948128716 116
1780314135747 0.0014392382808728144 117
1780314135749 0.0014310902924626135 118
1780314135751 0.001425025990465656 119
1780314135753 0.0014352296706056221 120
1780314135755 0.0014472885563736782 121
1780314135757 0.0014029250235762447 122
1780314135759 0.0013749683389323764 123
1780314135762 0.001362908720620908 124
1780314135764 0.001354769884783309 125
1780314135766 0.0013479827097035012 126
1780314135768 0.001342637212073896 127
1780314135770 0.0013377519784262403 128
1780314135772 0.001333053897251375 129
1780314135774 0.0013286664700717665 130
1780314135776 0.0013230797764845193 131
1780314135778 0.001319972408527974 132
