1782224005948 0.0 1
1782224005949 0.0 2
1782224005951 0.0 3
1782224005952 0.0 4
1782224005953 0.0 5
1782224005954 0.0 6
1782224005956 0.0 7
1782224005957 0.0 8
1782224005958 0.0 9
1782224005959 0.0 10
1782224005961 0.0 11
1782224005962 0.0 12
1782224005963 0.0 13
1782224005964 0.0 14
1782224005966 0.0 15
1782224005967 0.0 16
1782224005968 0.0 17
1782224005969 0.0 18
1782224005971 0.0 19
1782224005972 0.0 20
1782224005973 0.0 21
1782224005974 0.0 22
1782224005976 0.0 23
1782224005977 0.0 24
1782224005978 0.0 25
1782224005979 0.0 26
1782224005981 0.0 27
1782224005982 0.0 28
1782224005983 0.0 29
1782224005984 0.0 30
1782224005986 0.0 31
1782224005987 0.0 32
1782224005988 0.0 33
1782224005989 0.0 34
1782224005990 0.0 35
1782224005992 0.0 36
1782224005993 0.0 37
1782224005994 0.0 38
1782224005995 0.0 39
1782224005997 0.0 40
1782224005998 0.0 41
1782224005999 0.0 42
1782224006000 0.0 43
1782224006001 0.0 44
1782224006002 0.0 45
1782224006003 0.0 46
1782224006004 0.0 47
1782224006005 0.0 48
1782224006006 0.0 49
1782224006007 0.0 50
1782224006009 0.0 51
1782224006010 0.0 52
1782224006011 0.0 53
1782224006012 0.0 54
1782224006013 0.0 55
1782224006014 0.0 56
1782224006016 0.0 57
1782224006017 0.0 58
1782224006018 0.0 59
1782224006019 0.0 60
1782224006021 0.0 61
1782224006022 0.0 62
1782224006023 0.0 63
1782224006024 0.0 64
1782224006025 0.0 65
1782224006026 0.0 66
1782224006028 0.0 67
1782224006029 0.0 68
1782224006030 0.0 69
1782224006031 0.0 70
1782224006032 0.0 71
1782224006033 0.0 72
1782224006034 0.0 73
1782224006035 0.0 74
1782224006036 0.0 75
1782224006037 0.0 76
1782224006039 0.0 77
1782224006040 0.0 78
1782224006041 0.0 79
1782224006042 0.0 80
1782224006043 0.0 81
1782224006044 0.0 82
