1782224005742 0.14219678897410631 1
1782224005743 0.05069507226347923 2
1782224005745 0.023735199742950498 3
1782224005746 0.014108718694187701 4
1782224005747 0.00984926165547222 5
1782224005749 0.007207955431658775 6
1782224005750 0.005783689968520776 7
1782224005751 0.004756171283079311 8
1782224005752 0.004139916836284101 9
1782224005754 0.0035698316141497344 10
1782224005755 0.0033913590328302234 11
1782224005756 0.002985094909672625 12
1782224005757 0.0027077251457376405 13
1782224005759 0.002511431896709837 14
1782224005760 0.002374124306370504 15
1782224005761 0.002257102990988642 16
1782224005762 0.0021338078801636583 17
1782224005764 0.0020977922578458673 18
1782224005765 0.0019828366138972342 19
1782224005766 0.001914170834061224 20
1782224005767 0.0019343105610460042 21
1782224005769 0.0019221650861436501 22
1782224005770 0.0018088080943562091 23
1782224005771 0.0017480656137922779 24
1782224005772 0.0016979036593693308 25
1782224005774 0.0016637254317174665 26
1782224005775 0.0016749027905461843 27
1782224005776 0.0015738114068517461 28
1782224005777 0.0014760447591834235 29
1782224005779 0.001441168667806778 30
1782224005780 0.0014170429571822751 31
1782224005781 0.001398903203808004 32
1782224005782 0.0014005053424625657 33
1782224005784 0.0013975186843890697 34
1782224005785 0.0014104604512976948 35
1782224005786 0.0013847880881803576 36
1782224005788 0.0013525910384487362 37
1782224005789 0.001351995252771303 38
1782224005790 0.0013579069226398134 39
1782224005791 0.001321619942318648 40
1782224005793 0.0013224060308129992 41
1782224005794 0.0013208442868199199 42
1782224005795 0.0013225835050980094 43
1782224005796 0.001284247031871928 44
1782224005798 0.0012788249740697212 45
1782224005799 0.001255631031744997 46
1782224005800 0.0012400549247831806 47
1782224005801 0.0012402187757834327 48
1782224005803 0.0012296141745173372 49
1782224005804 0.001241196432383731 50
1782224005805 0.0012223607288615313 51
1782224005806 0.001206800466607092 52
1782224005808 0.0011954853304632707 53
1782224005809 0.001171799881340121 54
1782224005810 0.001153112913161749 55
1782224005811 0.0011499552670284174 56
1782224005813 0.0011426598509569885 57
1782224005814 0.0011408962837595026 58
1782224005815 0.0011562668351689353 59
1782224005816 0.0011390593165560858 60
1782224005818 0.0010805376352072927 61
1782224005819 0.0010652896106330444 62
1782224005820 0.0010579175569000654 63
1782224005821 0.0010534874365112047 64
1782224005823 0.0010490050756197888 65
1782224005824 0.0010444946184725269 66
1782224005825 0.0010320061143283966 67
1782224005826 0.001024747624178417 68
1782224005828 0.0010206245502195088 69
1782224005829 0.0010189540141436737 70
1782224005830 0.001015210385157843 71
1782224005832 0.0010130094314808958 72
1782224005833 0.0010117099127091933 73
1782224005834 0.0010037786244356539 74
1782224005835 0.0010000374663650291 75
1782224005837 0.0009980252745299368 76
1782224005838 0.0009966825088486076 77
1782224005839 0.000995382716646418 78
1782224005840 0.0009938742084341357 79
1782224005842 0.0009922914284834405 80
1782224005843 0.0009881645148561802 81
1782224005844 0.0009866763797617751 82
