1782224006045 0.0 1
1782224006047 0.0 2
1782224006048 0.0 3
1782224006049 0.0 4
1782224006050 0.0 5
1782224006051 0.0 6
1782224006052 0.0 7
1782224006054 0.0 8
1782224006055 0.0 9
1782224006056 0.0 10
1782224006057 0.0 11
1782224006058 0.0 12
1782224006059 0.0 13
1782224006060 0.0 14
1782224006062 0.0 15
1782224006063 0.0 16
1782224006064 0.0 17
1782224006066 0.0 18
1782224006067 0.0 19
1782224006068 0.0 20
1782224006069 0.0 21
1782224006071 0.0 22
1782224006072 0.0 23
1782224006073 0.0 24
1782224006074 0.0 25
1782224006076 0.0 26
1782224006077 0.0 27
1782224006078 0.0 28
1782224006079 0.0 29
1782224006080 0.0 30
1782224006082 0.0 31
1782224006083 0.0 32
1782224006084 0.0 33
1782224006086 0.0 34
1782224006087 0.0 35
1782224006088 0.0 36
1782224006089 0.0 37
1782224006091 0.0 38
1782224006092 0.0 39
1782224006093 0.0 40
1782224006094 0.0 41
1782224006095 0.0 42
1782224006097 0.0 43
1782224006098 0.0 44
1782224006099 0.0 45
1782224006100 0.0 46
1782224006102 0.0 47
1782224006103 0.0 48
1782224006104 0.0 49
1782224006105 0.0 50
1782224006107 0.0 51
1782224006108 0.0 52
1782224006109 0.0 53
1782224006110 0.0 54
1782224006111 0.0 55
1782224006112 0.0 56
1782224006113 0.0 57
1782224006114 0.0 58
1782224006115 0.0 59
1782224006117 0.0 60
1782224006118 0.0 61
1782224006119 0.0 62
1782224006120 0.0 63
1782224006121 0.0 64
1782224006123 0.0 65
1782224006124 0.0 66
1782224006125 0.0 67
1782224006126 0.0 68
1782224006127 0.0 69
1782224006128 0.0 70
1782224006129 0.0 71
1782224006130 0.0 72
1782224006131 0.0 73
1782224006132 0.0 74
1782224006133 0.0 75
1782224006134 0.0 76
1782224006136 0.0 77
1782224006137 0.0 78
1782224006138 0.0 79
1782224006139 0.0 80
1782224006141 0.0 81
1782224006142 0.0 82
