1785105261671 0.0 1
1785105261672 0.0 2
1785105261673 0.0 3
1785105261675 0.0 4
1785105261676 0.0 5
1785105261677 0.0 6
1785105261678 0.0 7
1785105261680 0.0 8
1785105261681 0.0 9
1785105261682 0.0 10
1785105261683 0.0 11
1785105261685 0.0 12
1785105261686 0.0 13
1785105261687 0.0 14
1785105261688 0.0 15
1785105261690 0.0 16
1785105261691 0.0 17
1785105261692 0.0 18
1785105261693 0.0 19
1785105261695 0.0 20
1785105261696 0.0 21
1785105261697 0.0 22
1785105261698 0.0 23
1785105261700 0.0 24
1785105261701 0.0 25
1785105261702 0.0 26
1785105261703 0.0 27
1785105261705 0.0 28
1785105261706 0.0 29
1785105261707 0.0 30
1785105261708 0.0 31
1785105261710 0.0 32
1785105261711 0.0 33
1785105261712 0.0 34
1785105261713 0.0 35
1785105261715 0.0 36
1785105261716 0.0 37
1785105261717 0.0 38
1785105261718 0.0 39
1785105261720 0.0 40
1785105261721 0.0 41
1785105261722 0.0 42
1785105261723 0.0 43
1785105261725 0.0 44
1785105261726 0.0 45
1785105261727 0.0 46
1785105261728 0.0 47
1785105261730 0.0 48
1785105261731 0.0 49
1785105261732 0.0 50
1785105261733 0.0 51
1785105261735 0.0 52
1785105261736 0.0 53
1785105261737 0.0 54
1785105261738 0.0 55
1785105261740 0.0 56
1785105261741 0.0 57
1785105261742 0.0 58
1785105261743 0.0 59
1785105261745 0.0 60
1785105261746 0.0 61
1785105261747 0.0 62
1785105261748 0.0 63
1785105261750 0.0 64
1785105261751 0.0 65
