1785105261589 0.0 1
1785105261591 0.0 2
1785105261592 0.0 3
1785105261593 0.0 4
1785105261594 0.0 5
1785105261596 0.0 6
1785105261597 0.0 7
1785105261598 0.0 8
1785105261599 0.0 9
1785105261601 0.0 10
1785105261602 0.0 11
1785105261603 0.0 12
1785105261604 0.0 13
1785105261606 0.0 14
1785105261607 0.0 15
1785105261608 0.0 16
1785105261609 0.0 17
1785105261611 0.0 18
1785105261612 0.0 19
1785105261613 0.0 20
1785105261614 0.0 21
1785105261616 0.0 22
1785105261617 0.0 23
1785105261618 0.0 24
1785105261620 0.0 25
1785105261621 0.0 26
1785105261622 0.0 27
1785105261623 0.0 28
1785105261625 0.0 29
1785105261626 0.0 30
1785105261627 0.0 31
1785105261628 0.0 32
1785105261630 0.0 33
1785105261631 0.0 34
1785105261632 0.0 35
1785105261633 0.0 36
1785105261635 0.0 37
1785105261636 0.0 38
1785105261637 0.0 39
1785105261638 0.0 40
1785105261640 0.0 41
1785105261641 0.0 42
1785105261642 0.0 43
1785105261643 0.0 44
1785105261645 0.0 45
1785105261646 0.0 46
1785105261647 0.0 47
1785105261648 0.0 48
1785105261650 0.0 49
1785105261651 0.0 50
1785105261652 0.0 51
1785105261653 0.0 52
1785105261655 0.0 53
1785105261656 0.0 54
1785105261657 0.0 55
1785105261658 0.0 56
1785105261660 0.0 57
1785105261661 0.0 58
1785105261662 0.0 59
1785105261663 0.0 60
1785105261665 0.0 61
1785105261666 0.0 62
1785105261667 0.0 63
1785105261668 0.0 64
1785105261670 0.0 65
