1781180705954 0.13025178208947183 1
1781180705955 0.046774300131946805 2
1781180705956 0.022423324594274163 3
1781180705958 0.013625520407222211 4
1781180705959 0.009689880239311605 5
1781180705960 0.007184307356365025 6
1781180705961 0.005985618609702215 7
1781180705962 0.0047568062774371355 8
1781180705963 0.00410918339388445 9
1781180705965 0.0035571216978132723 10
1781180705966 0.0032968451851047575 11
1781180705967 0.0029505667107878253 12
1781180705968 0.002700509326532483 13
1781180705969 0.0024969441449502485 14
1781180705970 0.002380098230787553 15
1781180705972 0.00227590678492561 16
1781180705973 0.0022222899078042247 17
1781180705974 0.002098523562308401 18
1781180705975 0.0019600009184796365 19
1781180705976 0.0019945520858163945 20
1781180705977 0.0018930265636299738 21
1781180705979 0.0017968922230647876 22
1781180705980 0.0017798230078187771 23
1781180705981 0.0018041149523924105 24
1781180705982 0.0016899718961212785 25
1781180705983 0.0016451191317173653 26
1781180705984 0.0016875595132296438 27
1781180705985 0.0016677510776207782 28
1781180705987 0.0016137941666238475 29
1781180705988 0.0016423832571308594 30
1781180705989 0.00162276260642102 31
1781180705990 0.0015308190623181872 32
1781180705991 0.001609429976379033 33
1781180705992 0.0015071272003115155 34
1781180705993 0.0015405571009614505 35
1781180705995 0.0014837543571775314 36
1781180705996 0.0014811713647213765 37
1781180705997 0.0014420960898860358 38
1781180705998 0.0014838583749951794 39
1781180705999 0.001455877556145424 40
1781180706000 0.0015252850388060323 41
1781180706002 0.001422835662961006 42
1781180706003 0.0013994425533746834 43
1781180706004 0.00136735566004063 44
1781180706005 0.001352730524231447 45
1781180706006 0.0013816489357850515 46
1781180706007 0.00134858417979558 47
1781180706009 0.0012962545998743734 48
1781180706010 0.0012502015262725763 49
1781180706011 0.0012424826105416286 50
1781180706012 0.0012349726113461657 51
1781180706013 0.001226446480723098 52
1781180706014 0.0012207218319235835 53
1781180706015 0.0011960430433100556 54
1781180706017 0.001186790192441549 55
1781180706018 0.0011847461308934727 56
1781180706019 0.0011766110372263938 57
1781180706020 0.0011756033699202818 58
1781180706021 0.0011722608434502036 59
1781180706022 0.0011685217674676097 60
1781180706024 0.0011546548602200347 61
1781180706025 0.0011529411676747259 62
1781180706026 0.0011542801329051144 63
1781180706027 0.0011498669064894784 64
1781180706028 0.0011477933335117996 65
1781180706029 0.0011426142775599146 66
1781180706030 0.0011388363878359086 67
1781180706032 0.0011352396565052914 68
1781180706033 0.001140204259136226 69
1781180706034 0.0011347174089314648 70
1781180706035 0.0011302438858547248 71
1781180706036 0.0011305360513506457 72
1781180706037 0.001126360090493108 73
1781180706038 0.0011248595062352252 74
1781180706040 0.0011274220154155045 75
1781180706041 0.0011281513632275164 76
1781180706042 0.001124137576916837 77
1781180706043 0.0011257814525743016 78
1781180706044 0.001119111460429849 79
1781180706045 0.0011216658324701711 80
1781180706047 0.0011215508946042973 81
