1781180706141 0.13024940177798272 1
1781180706142 0.046761858696118 2
1781180706143 0.022404216006398203 3
1781180706144 0.01360201191622764 4
1781180706146 0.009662486114539206 5
1781180706147 0.007154104160144925 6
1781180706148 0.005952916527166963 7
1781180706149 0.004721999493194744 8
1781180706150 0.004070582959102466 9
1781180706151 0.003515975879272446 10
1781180706152 0.0032499496277887375 11
1781180706154 0.0029040765023091806 12
1781180706155 0.0026516666274983437 13
1781180706156 0.0024431169638410213 14
1781180706157 0.0023242642922559754 15
1781180706158 0.002216430687403772 16
1781180706159 0.0021619153502979317 17
1781180706161 0.002038025805086363 18
1781180706162 0.0018980300618568436 19
1781180706163 0.0019287153537152334 20
1781180706164 0.0018259347477578558 21
1781180706165 0.0017282185910153203 22
1781180706166 0.0017110648527159356 23
1781180706168 0.0017282159233582206 24
1781180706169 0.0016160053362546023 25
1781180706170 0.0015711990286945365 26
1781180706171 0.0016119469275872689 27
1781180706172 0.0015906482166610659 28
1781180706173 0.001533792835980421 29
1781180706174 0.0015606948814820497 30
1781180706176 0.001536296053091064 31
1781180706177 0.0014475855253112968 32
1781180706178 0.0015179695338883902 33
1781180706179 0.0014195288532937412 34
1781180706180 0.0014533044067502488 35
1781180706181 0.0013923900244117249 36
1781180706183 0.001391380924906116 37
1781180706184 0.001350376088230405 38
1781180706185 0.0013926614001684356 39
1781180706186 0.001356889492017217 40
1781180706187 0.0014267257932078792 41
1781180706188 0.0013280671447137137 42
1781180706189 0.001306665115407668 43
1781180706191 0.0012746219435939565 44
1781180706192 0.0012598200015781914 45
1781180706193 0.0012863927260332276 46
1781180706194 0.001256735095375916 47
1781180706195 0.0012003145818744088 48
1781180706196 0.0011560183433903149 49
1781180706198 0.0011479735548346071 50
1781180706199 0.0011412420144188218 51
1781180706200 0.001131805981058278 52
1781180706201 0.001126828826527344 53
1781180706202 0.0011040227801277069 54
1781180706203 0.0010954246581241023 55
1781180706204 0.0010911823576316238 56
1781180706206 0.0010821422751178035 57
1781180706207 0.0010821812800713814 58
1781180706208 0.0010779004530922975 59
1781180706209 0.0010743861368246144 60
1781180706210 0.0010615360640804283 61
1781180706211 0.0010587673540430843 62
1781180706212 0.001059686565422453 63
1781180706214 0.001054257827127003 64
1781180706215 0.0010510060628439533 65
1781180706216 0.0010481324173451866 66
1781180706217 0.001043767770024715 67
1781180706218 0.0010404536055284553 68
1781180706219 0.0010438276205968578 69
1781180706220 0.0010382055785157717 70
1781180706222 0.0010335202340502293 71
1781180706223 0.0010349016443069558 72
1781180706224 0.0010313016746658831 73
1781180706225 0.0010300019045098453 74
1781180706226 0.0010320863237575394 75
1781180706227 0.0010324674869480078 76
1781180706228 0.0010283461419021479 77
1781180706229 0.001030072794383159 78
1781180706230 0.0010231138138624375 79
1781180706231 0.0010262655191036175 80
1781180706232 0.0010260921426379355 81
