1781180706233 0.4435979209281504 1
1781180706235 1.159304513335228 2
1781180706236 1.187048650085926 3
1781180706237 1.0952829444408416 4
1781180706238 1.0210540786385536 5
1781180706239 0.93812963783741 6
1781180706240 0.8706397785246373 7
1781180706241 0.8108396761119365 8
1781180706243 0.7993020230531692 9
1781180706244 0.7668081873655319 10
1781180706245 0.7945114178955555 11
1781180706246 0.7220069262385368 12
1781180706247 0.7001926559209823 13
1781180706248 0.7165306566655636 14
1781180706249 0.6936943739652633 15
1781180706250 0.6927615165710449 16
1781180706252 0.6618601828813553 17
1781180706253 0.6263656230270862 18
1781180706254 0.6078480564057827 19
1781180706255 0.6134785959124565 20
1781180706256 0.5954034714400769 21
1781180706257 0.5817394670844078 22
1781180706258 0.5571312186121941 23
1781180706260 0.5893675716221333 24
1781180706261 0.551387146860361 25
1781180706262 0.5298468931019307 26
1781180706263 0.5219050647318363 27
1781180706264 0.5131846807897091 28
1781180706265 0.5141151450574398 29
1781180706266 0.5074580517411232 30
1781180706268 0.5198136299848557 31
1781180706269 0.48474076241254804 32
1781180706270 0.5165120954811573 33
1781180706271 0.4801513594388962 34
1781180706272 0.46459228470921515 35
1781180706273 0.4729719167947769 36
1781180706274 0.452261478677392 37
1781180706275 0.44982297234237195 38
1781180706277 0.4357897488027811 39
1781180706278 0.4611943796277046 40
1781180706279 0.44799655593931675 41
1781180706280 0.43076597936451433 42
1781180706281 0.4217156290262938 43
1781180706282 0.42151686668395993 44
1781180706283 0.42232055224478243 45
1781180706285 0.4329827679693699 46
1781180706286 0.4174958175420761 47
1781180706287 0.4360909653455019 48
1781180706287 0.42810538321733477 49
1781180706288 0.4295866341888905 50
1781180706289 0.42604815371334553 51
1781180706291 0.4301840551942587 52
1781180706292 0.42678638830780985 53
1781180706293 0.41827394150197506 54
1781180706293 0.415297861546278 55
1781180706294 0.42528986297547816 56
1781180706295 0.4294034285843372 57
1781180706296 0.42464588426053523 58
1781180706298 0.4289108926057816 59
1781180706299 0.42788922242820265 60
1781180706300 0.4232672647386789 61
1781180706301 0.428062784075737 62
1781180706302 0.4299707543849945 63
1781180706303 0.43458673641085627 64
1781180706303 0.4399421513080597 65
1781180706304 0.4294629990309477 66
1781180706305 0.43213007390499114 67
1781180706306 0.4308456917107105 68
1781180706307 0.4380756454914808 69
1781180706308 0.43869015485048296 70
1781180706309 0.4396529769897461 71
1781180706310 0.43470183476805685 72
1781180706311 0.432083709910512 73
1781180706312 0.4311709137260914 74
1781180706313 0.4333440407365561 75
1781180706314 0.43492671243846415 76
1781180706315 0.43541563622653484 77
1781180706316 0.435039341673255 78
1781180706317 0.4363529346138239 79
1781180706318 0.4336377617716789 80
1781180706319 0.43390344828367233 81
