1782752659999 0.18573185786604882 1
1782752660001 0.038731204173527656 2
1782752660002 0.010805240718182176 3
1782752660003 0.006078201727941632 4
1782752660004 0.004218803985277191 5
1782752660005 0.003334177998476662 6
1782752660006 0.0028141116193728523 7
1782752660007 0.0024518751027062537 8
1782752660008 0.0022554131771903487 9
1782752660009 0.002202113333332818 10
1782752660011 0.0021274204651126638 11
1782752660012 0.001967555790906772 12
1782752660013 0.0018583887675777079 13
1782752660014 0.001794294631545199 14
1782752660015 0.0017374803697748574 15
1782752660016 0.0017207119523664006 16
1782752660017 0.0017456502551794983 17
1782752660018 0.0017476700148836245 18
1782752660019 0.001684284326765919 19
1782752660020 0.001623357562784804 20
1782752660022 0.0016237769938015844 21
1782752660023 0.0015765822057437616 22
1782752660024 0.0015977969293453499 23
1782752660025 0.0015841276341234333 24
1782752660026 0.001547173020808259 25
1782752660027 0.0015159134052373702 26
1782752660028 0.0015257471190125217 27
1782752660029 0.0014642547992116306 28
1782752660030 0.0014583828049944713 29
1782752660031 0.001389461647195276 30
1782752660033 0.0014105984895286382 31
1782752660034 0.0013428212924918624 32
1782752660035 0.0013794055870675948 33
1782752660036 0.001260990016235155 34
1782752660037 0.0012916114553809166 35
1782752660038 0.001376359426358249 36
1782752660039 0.001315850087266881 37
1782752660040 0.0011691675966721958 38
1782752660041 0.0010973973422369453 39
1782752660042 0.0010686185582017061 40
1782752660044 0.0010606742397067136 41
1782752660045 0.0010476968933653553 42
1782752660046 0.0010276602715748595 43
1782752660047 0.0010219780061743221 44
1782752660048 0.001030039184333873 45
1782752660049 0.0010129178492934443 46
1782752660050 0.0009798237153154333 47
1782752660051 0.0009637702522741165 48
1782752660052 0.0009559231598541373 49
1782752660054 0.0009534864214219851 50
1782752660055 0.0009464814873354043 51
1782752660056 0.0009453781353658997 52
1782752660057 0.000931593358181999 53
1782752660058 0.000926282656218973 54
1782752660059 0.0009233657114964444 55
1782752660060 0.0009206925507169217 56
1782752660061 0.0009181525472376961 57
1782752660062 0.0009161488453537459 58
1782752660063 0.0009137430505506927 59
1782752660064 0.0009079912845481885 60
1782752660066 0.0009046070538897766 61
1782752660067 0.0009031474710354814 62
1782752660068 0.0009010764825507068 63
1782752660069 0.0008995002049778122 64
1782752660070 0.000898483129858505 65
1782752660071 0.0008967704741371563 66
1782752660072 0.0008935702712915372 67
1782752660073 0.0008924283215310425 68
