1785239740848 0.04859024085802957 1
1785239740849 0.006830814218847081 2
1785239740851 0.004451996425050311 3
1785239740852 0.003433355495799333 4
1785239740853 0.0030661657932796516 5
1785239740854 0.0026497179790749216 6
1785239740856 0.002444408441078849 7
1785239740857 0.002340149586671032 8
1785239740858 0.002211070639605168 9
1785239740859 0.0020778657344635576 10
1785239740861 0.0020455547957681118 11
1785239740862 0.0019603115947393235 12
1785239740863 0.0018946593409054913 13
1785239740864 0.001870680912543321 14
1785239740866 0.0017285187817469704 15
1785239740867 0.0016411668443470262 16
1785239740868 0.0016031149208720309 17
1785239740870 0.0015650989711866715 18
1785239740871 0.0015344212102354504 19
1785239740872 0.001538432378147263 20
1785239740873 0.0015292335185222328 21
1785239740875 0.0015104811073979362 22
1785239740876 0.0015201280254404992 23
1785239740877 0.0014980659584398382 24
1785239740878 0.0014225807315960991 25
1785239740880 0.001406139685859671 26
1785239740881 0.0013574190471990733 27
1785239740882 0.0013209012571314814 28
1785239740883 0.0013040585158887552 29
1785239740885 0.001286173087573843 30
1785239740886 0.0012721061438787729 31
1785239740887 0.0012656488113134401 32
1785239740888 0.0012549540238978806 33
1785239740890 0.0012481154444685671 34
1785239740891 0.001252483475691406 35
1785239740892 0.0012487210162362317 36
1785239740893 0.0012328895802784245 37
1785239740895 0.001233042124658823 38
1785239740896 0.0012263014184281929 39
1785239740897 0.0011923325198586099 40
1785239740898 0.0011703301859233761 41
1785239740900 0.0011596513849508484 42
1785239740901 0.0011525881916168146 43
1785239740902 0.0011462441002367996 44
1785239740903 0.0011377290003292727 45
1785239740905 0.0011338986736518565 46
1785239740906 0.0011306301702279599 47
1785239740907 0.0011275559099158273 48
1785239740908 0.0011243647905212128 49
1785239740910 0.0011195082084304885 50
1785239740911 0.0011176035040989518 51
1785239740912 0.001115905584738357 52
1785239740914 0.0011142157069843962 53
1785239740915 0.0011124115668644664 54
