1785239740984 0.0 1
1785239740985 0.0 2
1785239740986 0.0 3
1785239740988 0.0 4
1785239740989 0.0 5
1785239740990 0.0 6
1785239740991 0.0 7
1785239740993 0.0 8
1785239740994 0.0 9
1785239740995 0.0 10
1785239740996 0.0 11
1785239740998 0.0 12
1785239740999 0.0 13
1785239741000 0.0 14
1785239741001 0.0 15
1785239741003 0.0 16
1785239741004 0.0 17
1785239741005 0.0 18
1785239741006 0.0 19
1785239741008 0.0 20
1785239741009 0.0 21
1785239741010 0.0 22
1785239741011 0.0 23
1785239741013 0.0 24
1785239741014 0.0 25
1785239741015 0.0 26
1785239741016 0.0 27
1785239741018 0.0 28
1785239741019 0.0 29
1785239741020 0.0 30
1785239741021 0.0 31
1785239741023 0.0 32
1785239741024 0.0 33
1785239741025 0.0 34
1785239741026 0.0 35
1785239741028 0.0 36
1785239741029 0.0 37
1785239741030 0.0 38
1785239741031 0.0 39
1785239741033 0.0 40
1785239741034 0.0 41
1785239741035 0.0 42
1785239741036 0.0 43
1785239741038 0.0 44
1785239741039 0.0 45
1785239741040 0.0 46
1785239741041 0.0 47
1785239741043 0.0 48
1785239741044 0.0 49
1785239741045 0.0 50
1785239741046 0.0 51
1785239741048 0.0 52
1785239741049 0.0 53
1785239741050 0.0 54
