1780314190723 0.2590191455185413 1
1780314190725 0.2247232834994793 2
1780314190727 0.18887268476188182 3
1780314190730 0.16041105315089227 4
1780314190732 0.13305018194019794 5
1780314190734 0.11094270918518305 6
1780314190737 0.09344363305717707 7
1780314190747 0.07585315231233836 8
1780314190764 0.05663586193695665 9
1780314190767 0.043069768864661455 10
1780314190770 0.03416082443669438 11
1780314190772 0.027890666062012313 12
1780314190774 0.023112208312377334 13
1780314190777 0.019243968087248504 14
1780314190779 0.016204177690669893 15
1780314190781 0.01380787929520011 16
1780314190784 0.011916756024584174 17
1780314190786 0.010397775047458709 18
1780314190788 0.00913158206269145 19
1780314190791 0.008068655137903988 20
1780314190793 0.00719802116509527 21
1780314190795 0.006481441198848188 22
1780314190798 0.005866988396737724 23
1780314190800 0.00534987173974514 24
1780314190802 0.004888962332624942 25
1780314190805 0.0044906172598712145 26
1780314190807 0.004137737380806357 27
1780314190809 0.0038308071985375136 28
1780314190812 0.0035644955688621848 29
1780314190814 0.003343184433178976 30
1780314190817 0.0031341643759515135 31
1780314190819 0.002939747789059766 32
1780314190821 0.0027681051607942207 33
1780314190824 0.0026472624653251843 34
1780314190826 0.0024915872601559384 35
1780314190829 0.0023834578064270318 36
1780314190831 0.002271564558031969 37
1780314190833 0.0021620076120598243 38
1780314190835 0.0020822746201884 39
1780314190838 0.00200098434870597 40
1780314190840 0.0019323504663771019 41
1780314190842 0.0018623524470604024 42
1780314190845 0.0018085465577314607 43
1780314190847 0.0017666661596740596 44
1780314190849 0.0016986053800792434 45
1780314190852 0.001647763913788367 46
1780314190854 0.0016065932135097682 47
1780314190856 0.00158559793693712 48
1780314190859 0.0015354216884588823 49
1780314190861 0.001511259390390478 50
1780314190864 0.001451323031069478 51
1780314190866 0.0014278103888500481 52
1780314190868 0.001409944065962918 53
1780314190871 0.0013947460532654076 54
1780314190873 0.0013781438734440598 55
1780314190875 0.0013661332735500763 56
1780314190878 0.0013539449516974855 57
1780314190880 0.0013365333496767563 58
1780314190882 0.0013236849062377588 59
1780314190885 0.0013048226365935988 60
1780314190887 0.0012949393189046533 61
1780314190890 0.001287096682644915 62
1780314190892 0.001281508542597294 63
1780314190895 0.001272097541805124 64
1780314190897 0.0012669523210206534 65
1780314190899 0.001259248780697817 66
1780314190902 0.0012498200571280905 67
1780314190904 0.0012451853640959598 68
1780314190906 0.0012343482252617833 69
1780314190909 0.0012299791706027463 70
1780314190911 0.0012262463974184357 71
1780314190913 0.00122303927433677 72
1780314190916 0.0012189084278361405 73
1780314190918 0.0012154995252785738 74
1780314190920 0.0012109963690454606 75
1780314190923 0.00120631668556598 76
1780314190925 0.0012038836965803058 77
1780314190927 0.0011989592849567998 78
1780314190930 0.0011961688021256123 79
1780314190932 0.0011942394322250038 80
1780314190934 0.0011924682466633385 81
