1782208756978 0.13472110837697981 1
1782208756980 0.04600610270164907 2
1782208756981 0.02179696877487004 3
1782208756982 0.013301031440496444 4
1782208756983 0.009372642647940665 5
1782208756985 0.006907141737174243 6
1782208756986 0.005487972074188292 7
1782208756987 0.004662932286737487 8
1782208756988 0.003924512158846483 9
1782208756990 0.003349871054524556 10
1782208756991 0.0029546954325633122 11
1782208756992 0.0026840926270233468 12
1782208756993 0.0024697232048492878 13
1782208756994 0.0023174545489018784 14
1782208756996 0.0021851249015890062 15
1782208756997 0.0020417172455927356 16
1782208756998 0.0019373030413407833 17
1782208756999 0.0018416554041323252 18
1782208757000 0.0017699489268125034 19
1782208757002 0.001663091244699899 20
1782208757003 0.0016054577930481172 21
1782208757004 0.0015985751792322845 22
1782208757005 0.0015334066821378655 23
1782208757006 0.0014753966162970756 24
1782208757008 0.001442932133359136 25
1782208757009 0.00148325198009843 26
1782208757010 0.0014179854055691977 27
1782208757011 0.0014352401837822981 28
1782208757013 0.0013094840323901735 29
1782208757014 0.0012744142787414602 30
1782208757015 0.00122245168837253 31
1782208757016 0.0011802799222641624 32
1782208757017 0.0011836011016566773 33
1782208757019 0.0011914064058510122 34
1782208757020 0.001144966592109995 35
1782208757021 0.0011401152172038564 36
1782208757022 0.0011385150121350307 37
1782208757023 0.0011470108051435091 38
1782208757025 0.0012201966147404163 39
1782208757026 0.0011949052012641915 40
1782208757027 0.0010954686242621392 41
1782208757028 0.0010853734866395825 42
1782208757029 0.001140527152820141 43
1782208757031 0.0011156791030225578 44
1782208757032 0.0010301965445978568 45
1782208757033 0.0009845507339196046 46
1782208757034 0.0009593202847463545 47
1782208757035 0.0009562659617949976 48
1782208757037 0.0009704035033792025 49
1782208757038 0.000957126948342193 50
1782208757039 0.0009792579602071782 51
1782208757040 0.0009566717722918838 52
1782208757041 0.0009795559060148662 53
1782208757043 0.001011060164819355 54
1782208757044 0.0009779110306408255 55
1782208757045 0.0009315857376350322 56
1782208757046 0.0009224074395751814 57
1782208757047 0.0008815411772593507 58
1782208757049 0.0008281667779010604 59
1782208757050 0.0008058849577355431 60
1782208757051 0.0007950700663059251 61
1782208757052 0.0007872888115889509 62
1782208757053 0.0007800322546972894 63
1782208757055 0.000774094101288938 64
1782208757056 0.0007691074355170713 65
1782208757057 0.0007657441264382214 66
1782208757058 0.0007587589796094107 67
1782208757059 0.0007504187987069599 68
1782208757061 0.0007457187392719788 69
1782208757062 0.0007428935260759317 70
1782208757063 0.0007391579652539803 71
1782208757064 0.0007360876985330833 72
1782208757065 0.0007352059554614243 73
1782208757067 0.000730004522119998 74
1782208757068 0.0007244596808232017 75
1782208757069 0.00072183849686553 76
1782208757070 0.0007197349220587057 77
1782208757071 0.0007176962304947665 78
1782208757072 0.0007157997441390762 79
1782208757074 0.0007138676378599484 80
1782208757075 0.0007108589976996881 81
1782208757076 0.0007092915923567489 82
1782208757077 0.0007080712585229776 83
1782208757079 0.0007069382526606205 84
1782208757080 0.0007057676081240061 85
1782208757081 0.0007045904322148999 86
1782208757082 0.0007033369734199368 87
1782208757083 0.0007016089251192171 88
1782208757085 0.0007008965281056589 89
