1782208757193 0.0 1
1782208757194 0.0 2
1782208757195 0.0 3
1782208757196 0.0 4
1782208757198 0.0 5
1782208757199 0.0 6
1782208757200 0.0 7
1782208757201 0.0 8
1782208757202 0.0 9
1782208757204 0.0 10
1782208757205 0.0 11
1782208757206 0.0 12
1782208757207 0.0 13
1782208757208 0.0 14
1782208757209 0.0 15
1782208757210 0.0 16
1782208757211 0.0 17
1782208757212 0.0 18
1782208757213 0.0 19
1782208757214 0.0 20
1782208757215 0.0 21
1782208757216 0.0 22
1782208757217 0.0 23
1782208757218 0.0 24
1782208757219 0.0 25
1782208757220 0.0 26
1782208757221 0.0 27
1782208757222 0.0 28
1782208757223 0.0 29
1782208757224 0.0 30
1782208757226 0.0 31
1782208757227 0.0 32
1782208757228 0.0 33
1782208757229 0.0 34
1782208757230 0.0 35
1782208757232 0.0 36
1782208757233 0.0 37
1782208757234 0.0 38
1782208757235 0.0 39
1782208757237 0.0 40
1782208757238 0.0 41
1782208757239 0.0 42
1782208757240 0.0 43
1782208757241 0.0 44
1782208757243 0.0 45
1782208757244 0.0 46
1782208757245 0.0 47
1782208757246 0.0 48
1782208757247 0.0 49
1782208757249 0.0 50
1782208757250 0.0 51
1782208757251 0.0 52
1782208757252 0.0 53
1782208757253 0.0 54
1782208757255 0.0 55
1782208757256 0.0 56
1782208757257 0.0 57
1782208757258 0.0 58
1782208757259 0.0 59
1782208757261 0.0 60
1782208757262 0.0 61
1782208757263 0.0 62
1782208757264 0.0 63
1782208757265 0.0 64
1782208757266 0.0 65
1782208757267 0.0 66
1782208757268 0.0 67
1782208757269 0.0 68
1782208757270 0.0 69
1782208757272 0.0 70
1782208757273 0.0 71
1782208757274 0.0 72
1782208757275 0.0 73
1782208757276 0.0 74
1782208757277 0.0 75
1782208757278 0.0 76
1782208757279 0.0 77
1782208757280 0.0 78
1782208757281 0.0 79
1782208757282 0.0 80
1782208757283 0.0 81
1782208757284 0.0 82
1782208757285 0.0 83
1782208757286 0.0 84
1782208757287 0.0 85
1782208757288 0.0 86
1782208757289 0.0 87
1782208757290 0.0 88
1782208757291 0.0 89
