1782208757292 0.0 1
1782208757293 0.0 2
1782208757295 0.0 3
1782208757296 0.0 4
1782208757297 0.0 5
1782208757298 0.0 6
1782208757299 0.0 7
1782208757300 0.0 8
1782208757301 0.0 9
1782208757302 0.0 10
1782208757304 0.0 11
1782208757305 0.0 12
1782208757306 0.0 13
1782208757307 0.0 14
1782208757308 0.0 15
1782208757309 0.0 16
1782208757310 0.0 17
1782208757311 0.0 18
1782208757312 0.0 19
1782208757313 0.0 20
1782208757314 0.0 21
1782208757315 0.0 22
1782208757316 0.0 23
1782208757317 0.0 24
1782208757318 0.0 25
1782208757320 0.0 26
1782208757321 0.0 27
1782208757322 0.0 28
1782208757323 0.0 29
1782208757324 0.0 30
1782208757325 0.0 31
1782208757326 0.0 32
1782208757327 0.0 33
1782208757328 0.0 34
1782208757329 0.0 35
1782208757330 0.0 36
1782208757331 0.0 37
1782208757332 0.0 38
1782208757333 0.0 39
1782208757334 0.0 40
1782208757335 0.0 41
1782208757336 0.0 42
1782208757337 0.0 43
1782208757338 0.0 44
1782208757340 0.0 45
1782208757341 0.0 46
1782208757342 0.0 47
1782208757343 0.0 48
1782208757344 0.0 49
1782208757345 0.0 50
1782208757346 0.0 51
1782208757347 0.0 52
1782208757348 0.0 53
1782208757349 0.0 54
1782208757350 0.0 55
1782208757351 0.0 56
1782208757352 0.0 57
1782208757353 0.0 58
1782208757354 0.0 59
1782208757355 0.0 60
1782208757356 0.0 61
1782208757358 0.0 62
1782208757359 0.0 63
1782208757359 0.0 64
1782208757360 0.0 65
1782208757362 0.0 66
1782208757363 0.0 67
1782208757364 0.0 68
1782208757365 0.0 69
1782208757366 0.0 70
1782208757367 0.0 71
1782208757369 0.0 72
1782208757370 0.0 73
1782208757371 0.0 74
1782208757372 0.0 75
1782208757373 0.0 76
1782208757374 0.0 77
1782208757375 0.0 78
1782208757375 0.0 79
1782208757377 0.0 80
1782208757378 0.0 81
1782208757379 0.0 82
1782208757380 0.0 83
1782208757381 0.0 84
1782208757382 0.0 85
1782208757383 0.0 86
1782208757384 0.0 87
1782208757385 0.0 88
1782208757386 0.0 89
