1785246335761 0.0 1
1785246335762 0.0 2
1785246335764 0.0 3
1785246335765 0.0 4
1785246335766 0.0 5
1785246335767 0.0 6
1785246335769 0.0 7
1785246335770 0.0 8
1785246335771 0.0 9
1785246335772 0.0 10
1785246335774 0.0 11
1785246335775 0.0 12
1785246335776 0.0 13
1785246335777 0.0 14
1785246335779 0.0 15
1785246335780 0.0 16
1785246335781 0.0 17
1785246335783 0.0 18
1785246335784 0.0 19
1785246335785 0.0 20
1785246335786 0.0 21
1785246335788 0.0 22
1785246335789 0.0 23
1785246335790 0.0 24
1785246335791 0.0 25
1785246335793 0.0 26
1785246335794 0.0 27
1785246335795 0.0 28
1785246335796 0.0 29
1785246335798 0.0 30
1785246335799 0.0 31
1785246335800 0.0 32
1785246335801 0.0 33
1785246335803 0.0 34
1785246335804 0.0 35
1785246335805 0.0 36
1785246335807 0.0 37
1785246335808 0.0 38
1785246335809 0.0 39
1785246335810 0.0 40
1785246335812 0.0 41
1785246335813 0.0 42
1785246335814 0.0 43
1785246335815 0.0 44
1785246335817 0.0 45
1785246335818 0.0 46
1785246335819 0.0 47
1785246335820 0.0 48
1785246335822 0.0 49
