1785246335823 0.0 1
1785246335824 0.0 2
1785246335825 0.0 3
1785246335827 0.0 4
1785246335828 0.0 5
1785246335829 0.0 6
1785246335830 0.0 7
1785246335832 0.0 8
1785246335833 0.0 9
1785246335834 0.0 10
1785246335836 0.0 11
1785246335837 0.0 12
1785246335838 0.0 13
1785246335839 0.0 14
1785246335841 0.0 15
1785246335842 0.0 16
1785246335843 0.0 17
1785246335844 0.0 18
1785246335846 0.0 19
1785246335847 0.0 20
1785246335848 0.0 21
1785246335849 0.0 22
1785246335851 0.0 23
1785246335852 0.0 24
1785246335853 0.0 25
1785246335855 0.0 26
1785246335856 0.0 27
1785246335857 0.0 28
1785246335858 0.0 29
1785246335860 0.0 30
1785246335861 0.0 31
1785246335862 0.0 32
1785246335863 0.0 33
1785246335865 0.0 34
1785246335866 0.0 35
1785246335867 0.0 36
1785246335868 0.0 37
1785246335870 0.0 38
1785246335871 0.0 39
1785246335872 0.0 40
1785246335874 0.0 41
1785246335875 0.0 42
1785246335876 0.0 43
1785246335877 0.0 44
1785246335879 0.0 45
1785246335880 0.0 46
1785246335881 0.0 47
1785246335882 0.0 48
1785246335884 0.0 49
