1785246335637 0.09541625421494246 1
1785246335638 0.008609816546086222 2
1785246335640 0.004785591554245912 3
1785246335641 0.003909286457928829 4
1785246335642 0.0032979759719455617 5
1785246335643 0.002886788867181167 6
1785246335645 0.002875227146432735 7
1785246335646 0.0025072155677480622 8
1785246335647 0.00245679398678476 9
1785246335649 0.002249660421803128 10
1785246335650 0.002119571234798059 11
1785246335651 0.0019934993937204127 12
1785246335652 0.0019905636543990114 13
1785246335654 0.0018931300056283362 14
1785246335655 0.0018623441048839595 15
1785246335656 0.001831952994252788 16
1785246335658 0.0018684353384014684 17
1785246335659 0.0017822076041193213 18
1785246335660 0.0017625494200910908 19
1785246335661 0.0016994843566499184 20
1785246335663 0.0016994268695998472 21
1785246335664 0.0016772587892774026 22
1785246335665 0.0016130590748798567 23
1785246335666 0.0015813866033568048 24
1785246335668 0.0016235363439773209 25
1785246335669 0.0015947001310996712 26
1785246335670 0.0016189910932735074 27
1785246335671 0.0015591160803160164 28
1785246335673 0.0015117092521541053 29
1785246335674 0.001489706780121196 30
1785246335675 0.0014658960251836106 31
1785246335676 0.0014381406315078493 32
1785246335678 0.001383941556996433 33
1785246335679 0.001374349552206695 34
1785246335680 0.0013211535412119702 35
1785246335682 0.0012535534669586923 36
1785246335683 0.0012244761144393124 37
1785246335684 0.0012080877188418526 38
1785246335685 0.0011987356982717757 39
1785246335687 0.0011785882616823073 40
1785246335688 0.0011627661812963197 41
1785246335689 0.0011544332958874292 42
1785246335690 0.0011465123808011412 43
1785246335692 0.0011390379361546365 44
1785246335693 0.0011274079985741992 45
1785246335694 0.0011222794443165186 46
1785246335695 0.0011183355863613543 47
1785246335697 0.0011144772263651248 48
1785246335698 0.0011105884081189289 49
