1780314175125 0.26732841044664385 1
1780314175127 0.22998253807425498 2
1780314175138 0.20223676458001136 3
1780314175154 0.17472405284643172 4
1780314175156 0.15384623184800147 5
1780314175159 0.1359567128121853 6
1780314175161 0.12017024457454681 7
1780314175163 0.1066268716007471 8
1780314175166 0.09528769135475158 9
1780314175168 0.0857648454606533 10
1780314175170 0.07764077939093113 11
1780314175173 0.07063176944851875 12
1780314175175 0.06457902569323778 13
1780314175177 0.05921585239470005 14
1780314175179 0.05444972068071365 15
1780314175182 0.050177757032215595 16
1780314175184 0.046317406594753266 17
1780314175186 0.042883459702134134 18
1780314175189 0.0397621788084507 19
1780314175192 0.03692239632830024 20
1780314175194 0.03435010176151991 21
1780314175196 0.03199573764577508 22
1780314175198 0.029851495884358883 23
1780314175201 0.027888265196233986 24
1780314175203 0.02608957152813673 25
1780314175205 0.024432622715830802 26
1780314175208 0.02288857651874423 27
1780314175210 0.02147888010367751 28
1780314175212 0.020212215911597012 29
1780314175215 0.018995224460959435 30
1780314175217 0.017891207728534936 31
1780314175219 0.016808723770081996 32
1780314175222 0.015770852183923125 33
1780314175224 0.014832922415807843 34
1780314175226 0.013997141914442181 35
1780314175228 0.013236894775182008 36
1780314175231 0.012522669034078717 37
1780314175233 0.011875419011339546 38
1780314175235 0.011268150368705392 39
1780314175238 0.010720430240035057 40
1780314175240 0.010180118130519986 41
1780314175242 0.009663490243256093 42
1780314175245 0.00922997822985053 43
1780314175247 0.008778653242625296 44
1780314175249 0.008423288753256201 45
1780314175251 0.008049223744310439 46
1780314175254 0.007668473264202475 47
1780314175256 0.007321409438736737 48
1780314175258 0.007023360026068986 49
1780314175261 0.006735709025524557 50
1780314175263 0.006433629211969673 51
1780314175265 0.006160222268663347 52
1780314175267 0.005925594535656273 53
1780314175270 0.005750581249594688 54
1780314175272 0.005541440392844379 55
1780314175274 0.005312996157445013 56
1780314175277 0.005076638550963253 57
1780314175279 0.004901846528518945 58
1780314175281 0.004714689298998565 59
1780314175284 0.004570803395472467 60
1780314175286 0.004403074386063963 61
1780314175288 0.004233132398221642 62
1780314175290 0.004116456303745508 63
1780314175293 0.003993711629882455 64
1780314175295 0.0038518239953555166 65
1780314175297 0.003720410552341491 66
1780314175300 0.0036139903124421833 67
1780314175302 0.0035300220106728375 68
1780314175304 0.003407140637282282 69
1780314175306 0.003300013062544167 70
1780314175309 0.0032134982058778403 71
1780314175311 0.003119529578834772 72
1780314175313 0.0030704389954917134 73
1780314175316 0.0029631452960893513 74
1780314175318 0.0028595010749995708 75
1780314175320 0.0027947272208984943 76
1780314175322 0.0027345092641189693 77
1780314175325 0.0026845921692438424 78
1780314175327 0.002644335255026817 79
1780314175329 0.0025714499421883373 80
1780314175331 0.0024880494188982993 81
1780314175334 0.0024393105879426 82
1780314175336 0.0023568608448840678 83
1780314175338 0.0022935320355463775 84
1780314175341 0.0022340215381700546 85
1780314175343 0.0021888132661115377 86
1780314175345 0.0021453641541302206 87
1780314175348 0.0021048688841983675 88
1780314175350 0.0020650933345314117 89
1780314175352 0.002034232673468068 90
1780314175355 0.0019970030419062825 91
1780314175357 0.0019784417375922204 92
1780314175359 0.0019242345867678523 93
1780314175361 0.001878458217252046 94
1780314175364 0.001843293885467574 95
1780314175366 0.0018289504153653979 96
1780314175368 0.0017969541327329352 97
1780314175370 0.0017745202925289049 98
1780314175373 0.0017401652201078832 99
1780314175375 0.0017285199725301937 100
1780314175377 0.0017210224835434928 101
1780314175380 0.0017073702620109543 102
1780314175382 0.001657573496340774 103
1780314175384 0.0016121044801548122 104
1780314175387 0.0015904293698258698 105
1780314175389 0.0015827706851996482 106
1780314175391 0.0015551967028295621 107
1780314175393 0.0015167775738518686 108
1780314175396 0.0014987019688123837 109
1780314175398 0.0014964831684483215 110
1780314175400 0.0014934542012633755 111
1780314175403 0.0014978788903681562 112
1780314175405 0.0014638173510320486 113
1780314175407 0.001408377750776708 114
1780314175409 0.0013957455550553278 115
1780314175412 0.0013758706679800525 116
1780314175414 0.0013617980264825746 117
1780314175416 0.0013562657276634128 118
1780314175419 0.0013596747757401318 119
1780314175421 0.0013473583804443478 120
1780314175423 0.0013346730178454892 121
1780314175425 0.0013081794080790133 122
1780314175428 0.0012903781863860787 123
1780314175430 0.001285949046141468 124
1780314175432 0.0012680858781095594 125
1780314175435 0.0012641876027919352 126
1780314175437 0.0012590527007705532 127
1780314175439 0.001257343164179474 128
1780314175442 0.0012374387972522527 129
1780314175444 0.0012471038129297084 130
1780314175446 0.0012452656446839683 131
1780314175448 0.0012325005486491136 132
1780314175451 0.0012176805359194987 133
1780314175453 0.0012018080335110426 134
1780314175455 0.0011756681324914097 135
1780314175457 0.0011739255415159277 136
1780314175460 0.0011522765306290238 137
1780314175462 0.0011483899570885114 138
1780314175464 0.001146810355130583 139
1780314175467 0.0011487687440239825 140
1780314175469 0.0011499433263088576 141
1780314175471 0.0011891601586830802 142
1780314175473 0.00117530801682733 143
1780314175476 0.0011357745199347847 144
1780314175478 0.0011141785429208538 145
1780314175480 0.0011041383526753635 146
1780314175483 0.001105675554717891 147
1780314175485 0.0011232003118493595 148
1780314175487 0.0011192386740003712 149
1780314175490 0.0011108007779694162 150
1780314175492 0.0011224403430242092 151
1780314175494 0.0011636127100791782 152
1780314175496 0.0011338433480705134 153
1780314175499 0.0010709580988623201 154
1780314175501 0.00104440785915358 155
1780314175503 0.0010408377530984581 156
1780314175506 0.0010296902267145924 157
1780314175508 0.0010318831430049613 158
1780314175510 0.001031047496071551 159
1780314175512 0.0010128089584759436 160
1780314175515 0.0010107058886205777 161
1780314175517 0.001021599795203656 162
1780314175519 0.0010353171848692 163
1780314175521 0.0010199727999861351 164
1780314175524 0.0010312656770111062 165
1780314175526 0.0010376381280366332 166
1780314175528 0.0010349568538367748 167
1780314175531 0.0010320858561317437 168
1780314175533 0.001050802927929908 169
1780314175538 0.0010578047879971563 170
1780314175547 0.0010847181061399169 171
1780314175553 0.0010255333813256585 172
1780314175555 0.001010301188507583 173
1780314175558 0.0009734330952051095 174
1780314175560 0.0009805786781362257 175
1780314175562 0.0009680747461970896 176
1780314175565 0.0009587298973929137 177
1780314175567 0.0009510533191496506 178
1780314175569 0.0009447493104380555 179
1780314175572 0.0009491471652290784 180
1780314175574 0.0009549459643312729 181
1780314175576 0.0009505997362430208 182
1780314175578 0.0009614255832275376 183
1780314175581 0.0009969844098668545 184
1780314175583 0.000989001554553397 185
1780314175585 0.0009737878132727928 186
1780314175588 0.0009389262585318647 187
1780314175590 0.0009432317983009852 188
1780314175592 0.0009423325196257792 189
1780314175594 0.0009409952320856974 190
