1782550451749 0.0 1
1782550451750 0.0 2
1782550451751 0.0 3
1782550451752 0.0 4
1782550451753 0.0 5
1782550451754 0.0 6
1782550451755 0.0 7
1782550451756 0.0 8
1782550451757 0.0 9
1782550451758 0.0 10
1782550451759 0.0 11
1782550451760 0.0 12
1782550451761 0.0 13
1782550451762 0.0 14
1782550451763 0.0 15
1782550451764 0.0 16
1782550451765 0.0 17
1782550451766 0.0 18
1782550451767 0.0 19
1782550451769 0.0 20
1782550451770 0.0 21
1782550451771 0.0 22
1782550451772 0.0 23
1782550451773 0.0 24
1782550451774 0.0 25
1782550451775 0.0 26
1782550451776 0.0 27
1782550451777 0.0 28
1782550451778 0.0 29
1782550451779 0.0 30
1782550451780 0.0 31
1782550451781 0.0 32
1782550451782 0.0 33
1782550451783 0.0 34
1782550451784 0.0 35
1782550451785 0.0 36
1782550451786 0.0 37
1782550451787 0.0 38
1782550451788 0.0 39
1782550451789 0.0 40
1782550451790 0.0 41
1782550451791 0.0 42
1782550451792 0.0 43
1782550451793 0.0 44
1782550451794 0.0 45
1782550451795 0.0 46
1782550451796 0.0 47
1782550451797 0.0 48
1782550451798 0.0 49
1782550451799 0.0 50
1782550451800 0.0 51
1782550451801 0.0 52
1782550451802 0.0 53
1782550451803 0.0 54
1782550451804 0.0 55
1782550451805 0.0 56
1782550451806 0.0 57
1782550451807 0.0 58
1782550451808 0.0 59
1782550451809 0.0 60
1782550451810 0.0 61
1782550451811 0.0 62
1782550451812 0.0 63
1782550451813 0.0 64
1782550451814 0.0 65
1782550451815 0.0 66
1782550451816 0.0 67
1782550451817 0.0 68
1782550451818 0.0 69
1782550451819 0.0 70
1782550451820 0.0 71
1782550451821 0.0 72
1782550451822 0.0 73
1782550451823 0.0 74
1782550451824 0.0 75
1782550451825 0.0 76
1782550451826 0.0 77
1782550451827 0.0 78
1782550451828 0.0 79
1782550451830 0.0 80
1782550451831 0.0 81
1782550451832 0.0 82
1782550451833 0.0 83
1782550451834 0.0 84
1782550451835 0.0 85
1782550451836 0.0 86
1782550451837 0.0 87
1782550451838 0.0 88
1782550451839 0.0 89
1782550451840 0.0 90
1782550451841 0.0 91
1782550451842 0.0 92
1782550451843 0.0 93
1782550451844 0.0 94
1782550451845 0.0 95
1782550451846 0.0 96
1782550451847 0.0 97
1782550451848 0.0 98
