1782550451544 0.1097020622342825 1
1782550451545 0.03787345550023019 2
1782550451547 0.019662435464560986 3
1782550451548 0.012545020473189651 4
1782550451549 0.008919361380394548 5
1782550451550 0.007032015849836171 6
1782550451551 0.005629322835011408 7
1782550451552 0.004643775573931634 8
1782550451553 0.003935084657277912 9
1782550451554 0.00349916327977553 10
1782550451555 0.003206765135983005 11
1782550451556 0.0028347781707998366 12
1782550451557 0.002606402679812163 13
1782550451558 0.002396885168273002 14
1782550451559 0.0022597504092846067 15
1782550451560 0.0021845620282692833 16
1782550451561 0.002074601405765861 17
1782550451562 0.0019680538660031745 18
1782550451563 0.0018856099637923763 19
1782550451564 0.0019001190227572807 20
1782550451565 0.0018079294907511212 21
1782550451566 0.0017857917543733493 22
1782550451568 0.0017267384566366673 23
1782550451569 0.0016922291278024205 24
1782550451570 0.001595618203864433 25
1782550451571 0.001519042511645239 26
1782550451572 0.0014712649275315925 27
1782550451573 0.0015336427101283335 28
1782550451574 0.0014841183755197563 29
1782550451575 0.001398777450522175 30
1782550451576 0.0013959859439637511 31
1782550451577 0.0013880774566496256 32
1782550451578 0.0013515276143152733 33
1782550451579 0.001189640141383279 34
1782550451580 0.0011773126032494474 35
1782550451581 0.0011441670503700152 36
1782550451582 0.0011574163787008728 37
1782550451583 0.0011991988061345181 38
1782550451584 0.0011396571937075351 39
1782550451585 0.0011030786209448706 40
1782550451586 0.001051623800303787 41
1782550451587 0.001112761420372408 42
1782550451588 0.0010543401310860645 43
1782550451589 0.0010067400176194496 44
1782550451591 0.0010063658944272902 45
1782550451592 0.0009403615233168239 46
1782550451593 0.0009363414504332468 47
1782550451594 0.0010575715200684499 48
1782550451595 0.0010429456886777188 49
1782550451596 0.0009607726422109408 50
1782550451597 0.000947293349672691 51
1782550451598 0.000879185982485069 52
1782550451599 0.0008746874882490374 53
1782550451600 0.0008495120689622126 54
1782550451601 0.0008256373285257723 55
1782550451602 0.000823958664550446 56
1782550451603 0.0009373552572651534 57
1782550451604 0.0008940526557125849 58
1782550451605 0.0008526385114964796 59
1782550451606 0.0008233730046777055 60
1782550451607 0.000818040135782212 61
1782550451608 0.0008805852699151728 62
1782550451609 0.0008399819132318953 63
1782550451610 0.0008144757580157602 64
1782550451611 0.0007529874436295359 65
1782550451612 0.0007706768529169494 66
1782550451613 0.0007858427942119306 67
1782550451614 0.0007015575515106321 68
1782550451616 0.0006345876547857187 69
1782550451617 0.000610008208459476 70
1782550451618 0.0005994040932273492 71
1782550451619 0.0005891399538813857 72
1782550451620 0.0005833293796604266 73
1782550451621 0.0005802126650814899 74
1782550451622 0.0005759969202335924 75
1782550451623 0.0005578646984940861 76
1782550451624 0.0005440272337727947 77
1782550451625 0.0005390560000523692 78
1782550451626 0.0005349553571431897 79
1782550451627 0.0005317556829686509 80
1782550451628 0.0005271572234050836 81
1782550451629 0.0005242683020333061 82
1782550451630 0.0005159557073784526 83
1782550451631 0.0005104740619572112 84
1782550451632 0.0005077606531995116 85
1782550451633 0.0005054074717918411 86
1782550451634 0.0005036053073854418 87
1782550451635 0.0005018130762618967 88
1782550451636 0.0004995398969913367 89
1782550451637 0.0004939580901555018 90
1782550451638 0.0004917570969701046 91
1782550451639 0.0004903562546678586 92
1782550451640 0.0004890408650680911 93
1782550451641 0.00048797345294588013 94
1782550451643 0.0004867414069667575 95
1782550451644 0.0004857781004102435 96
1782550451645 0.0004826594215410296 97
1782550451646 0.0004818859368606354 98
