1782550451849 0.0 1
1782550451850 0.0 2
1782550451851 0.0 3
1782550451852 0.0 4
1782550451853 0.0 5
1782550451854 0.0 6
1782550451855 0.0 7
1782550451856 0.0 8
1782550451857 0.0 9
1782550451858 0.0 10
1782550451859 0.0 11
1782550451860 0.0 12
1782550451861 0.0 13
1782550451862 0.0 14
1782550451863 0.0 15
1782550451864 0.0 16
1782550451865 0.0 17
1782550451866 0.0 18
1782550451867 0.0 19
1782550451867 0.0 20
1782550451868 0.0 21
1782550451869 0.0 22
1782550451871 0.0 23
1782550451871 0.0 24
1782550451872 0.0 25
1782550451873 0.0 26
1782550451874 0.0 27
1782550451875 0.0 28
1782550451876 0.0 29
1782550451877 0.0 30
1782550451878 0.0 31
1782550451878 0.0 32
1782550451879 0.0 33
1782550451880 0.0 34
1782550451881 0.0 35
1782550451882 0.0 36
1782550451883 0.0 37
1782550451884 0.0 38
1782550451885 0.0 39
1782550451886 0.0 40
1782550451887 0.0 41
1782550451888 0.0 42
1782550451889 0.0 43
1782550451889 0.0 44
1782550451890 0.0 45
1782550451891 0.0 46
1782550451892 0.0 47
1782550451893 0.0 48
1782550451894 0.0 49
1782550451895 0.0 50
1782550451896 0.0 51
1782550451897 0.0 52
1782550451898 0.0 53
1782550451899 0.0 54
1782550451900 0.0 55
1782550451901 0.0 56
1782550451902 0.0 57
1782550451903 0.0 58
1782550451904 0.0 59
1782550451905 0.0 60
1782550451906 0.0 61
1782550451907 0.0 62
1782550451909 0.0 63
1782550451910 0.0 64
1782550451911 0.0 65
1782550451912 0.0 66
1782550451913 0.0 67
1782550451914 0.0 68
1782550451915 0.0 69
1782550451916 0.0 70
1782550451917 0.0 71
1782550451918 0.0 72
1782550451919 0.0 73
1782550451920 0.0 74
1782550451921 0.0 75
1782550451922 0.0 76
1782550451923 0.0 77
1782550451925 0.0 78
1782550451926 0.0 79
1782550451927 0.0 80
1782550451928 0.0 81
1782550451929 0.0 82
1782550451930 0.0 83
1782550451931 0.0 84
1782550451932 0.0 85
1782550451933 0.0 86
1782550451934 0.0 87
1782550451935 0.0 88
1782550451936 0.0 89
1782550451937 0.0 90
1782550451938 0.0 91
1782550451939 0.0 92
1782550451940 0.0 93
1782550451941 0.0 94
1782550451942 0.0 95
1782550451943 0.0 96
1782550451944 0.0 97
1782550451945 0.0 98
