1780314134600 0.16096243023872375 1
1780314134602 0.1404900947213173 2
1780314134605 0.1217851284891367 3
1780314134607 0.10555898740887643 4
1780314134609 0.09197847217321396 5
1780314134611 0.08066419824957848 6
1780314134613 0.07112679541110993 7
1780314134615 0.06301580745726824 8
1780314134617 0.05609371617436409 9
1780314134619 0.050094296894967555 10
1780314134621 0.044919422157108785 11
1780314134623 0.04042508507147431 12
1780314134625 0.0365338203124702 13
1780314134628 0.03316528283059597 14
1780314134630 0.030199865251779555 15
1780314134632 0.027572178486734628 16
1780314134634 0.025255396645516157 17
1780314134636 0.0232073244638741 18
1780314134638 0.021349114924669267 19
1780314134640 0.01969780186191201 20
1780314134642 0.018230358893051742 21
1780314134645 0.016931441556662322 22
1780314134647 0.01572970286011696 23
1780314134649 0.014649502988904715 24
1780314134651 0.013670108346268535 25
1780314134653 0.01280398148111999 26
1780314134655 0.012017885986715555 27
1780314134657 0.011270575663074852 28
1780314134659 0.010583207039162516 29
1780314134661 0.009965117094106973 30
1780314134663 0.009398008948192 31
1780314134665 0.008886720244772732 32
1780314134668 0.008469420573674143 33
1780314134670 0.008075785441324115 34
1780314134672 0.007612809296697378 35
1780314134674 0.007188786240294576 36
1780314134676 0.006831545187160373 37
1780314134678 0.006510909176431596 38
1780314134680 0.006212496059015393 39
1780314134682 0.005946618756279349 40
1780314134684 0.005685307793319225 41
1780314134686 0.005449350627604872 42
1780314134688 0.005220693273004145 43
1780314134690 0.005010126226115972 44
1780314134693 0.004819691861048341 45
1780314134695 0.0046269785379990935 46
1780314134697 0.004439696208573878 47
1780314134699 0.004271931771654636 48
1780314134701 0.004134996361099184 49
1780314134703 0.004005999169312418 50
1780314134705 0.003843938307836652 51
1780314134707 0.0037096731807105244 52
1780314134709 0.0036162810190580787 53
1780314134712 0.0035207341075874864 54
1780314134714 0.003404280466493219 55
1780314134716 0.003320888748858124 56
1780314134718 0.003219194854609668 57
1780314134720 0.00311073899269104 58
1780314134722 0.0030234683689195664 59
1780314134724 0.0029657707223668694 60
1780314134726 0.00288355961558409 61
1780314134728 0.00279126284760423 62
1780314134730 0.0027474361611530187 63
1780314134733 0.002687987460521981 64
1780314134735 0.0026111690234392883 65
1780314134737 0.002553426274098456 66
1780314134739 0.002485822713933885 67
1780314134741 0.002441335776820779 68
1780314134743 0.0023969715391285716 69
1780314134745 0.0023569267231505365 70
1780314134747 0.0022985025867819785 71
1780314134749 0.0022496864141430704 72
1780314134751 0.002204124063719064 73
1780314134754 0.002167229449842125 74
1780314134756 0.002134418706409633 75
1780314134758 0.002140002097003162 76
1780314134760 0.0021024275332456456 77
1780314134762 0.0020605552615597846 78
1780314134764 0.002016519045573659 79
1780314134766 0.001996820321655832 80
1780314134768 0.0019637585169402882 81
1780314134770 0.001948776034405455 82
1780314134778 0.0019298767141299321 83
1780314134787 0.0019015462673269213 84
1780314134790 0.00187572322844062 85
1780314134792 0.0018551476078573614 86
1780314134794 0.0018170688609825446 87
1780314134796 0.0017916418344248086 88
1780314134798 0.0017762824817327784 89
1780314134800 0.0017548136989353224 90
1780314134802 0.0017417679005302489 91
1780314134805 0.001731544175418094 92
1780314134807 0.0017017979180673137 93
1780314134809 0.001684661159524694 94
1780314134811 0.0016653433971805499 95
1780314134813 0.0016438427742104978 96
1780314134815 0.0016391028714133427 97
1780314134817 0.0016291273286333308 98
1780314134819 0.0016160421987297014 99
1780314134821 0.0015871661476558074 100
1780314134824 0.0015615529048955067 101
1780314134826 0.0015476016188040375 102
1780314134828 0.001538486663484946 103
1780314134830 0.0015300633170409127 104
1780314134832 0.0015229039118275977 105
1780314134834 0.0015160085179377347 106
1780314134836 0.00150849771569483 107
1780314134838 0.0015024601243203506 108
1780314134840 0.0014939019494340756 109
1780314134843 0.0014894673883100041 110
