1781251672694 0.3949456810951233 1
1781251676961 0.4112367033958435 2
1781251680895 0.49947482347488403 3
1781251684796 0.5305159091949463 4
1781251688772 0.550993800163269 5
1781251692725 0.5746705532073975 6
1781251696594 0.5892903208732605 7
1781251700589 0.5999007225036621 8
1781251704501 0.6098867654800415 9
1781251708733 0.6243446469306946 10
1781251712855 0.6333228349685669 11
1781251716881 0.6333682537078857 12
1781251720837 0.6378577351570129 13
1781251724630 0.6379305720329285 14
1781251728947 0.6467293500900269 15
1781251732905 0.6529226303100586 16
1781251736895 0.6558453440666199 17
1781251741522 0.6603050231933594 18
1781251745586 0.6710535287857056 19
1781251749397 0.6742258071899414 20
1781251753483 0.6748735308647156 21
1781251757601 0.6762605309486389 22
1781251761403 0.6885381937026978 23
1781251765638 0.6905317902565002 24
1781251770198 0.6959388852119446 25
1781251774477 0.6968173980712891 26
1781251778246 0.6996090412139893 27
1781251782034 0.6996828317642212 28
1781251786077 0.7024075388908386 29
1781251790033 0.7024682760238647 30
1781251793849 0.703834056854248 31
1781251797706 0.7073839902877808 32
1781251801907 0.7243263721466064 33
1781251806090 0.7243404984474182 34
1781251809962 0.724343478679657 35
1781251814038 0.7263888120651245 36
1781251818278 0.7273527979850769 37
1781251822218 0.7293011546134949 38
1781251826014 0.729317843914032 39
1781251830537 0.72947096824646 40
1781251834701 0.7298586368560791 41
1781251838734 0.7301623821258545 42
1781251843062 0.7326711416244507 43
1781251847334 0.7340516448020935 44
1781251851319 0.7378799915313721 45
1781251855611 0.7384740114212036 46
1781251859666 0.7384948134422302 47
1781251863666 0.7391911149024963 48
1781251867692 0.7393229007720947 49
1781251871613 0.7434868812561035 50
1781251876188 0.7473843097686768 51
1781251880410 0.7476872205734253 52
1781251884390 0.7485167980194092 53
1781251888266 0.7487241625785828 54
1781251892246 0.7487530708312988 55
1781251896150 0.7491828203201294 56
1781251899970 0.7492194175720215 57
1781251903738 0.7537645697593689 58
1781251908254 0.7573635578155518 59
1781251912441 0.7573796510696411 60
1781251916310 0.7614706754684448 61
1781251920275 0.7615599632263184 62
1781251924230 0.761874794960022 63
1781251928122 0.762424886226654 64
1781251932118 0.7632145881652832 65
1781251936054 0.7664003372192383 66
1781251940017 0.7665690183639526 67
1781251943930 0.7666477560997009 68
1781251948196 0.7670335173606873 69
1781251952687 0.7709288001060486 70
1781251956716 0.7756446599960327 71
1781251960813 0.7757065296173096 72
1781251965115 0.7764649987220764 73
1781251969782 0.7791957855224609 74
1781251974010 0.7806118130683899 75
1781251977994 0.7811285853385925 76
1781251981919 0.7820175290107727 77
1781251986226 0.7821112871170044 78
1781251990674 0.7821284532546997 79
1781251995574 0.7826026082038879 80
1781251999690 0.7827394008636475 81
1781252003782 0.7827585935592651 82
1781252007907 0.7828245759010315 83
1781252012394 0.7869145274162292 84
1781252016906 0.7871899008750916 85
1781252020862 0.7872123718261719 86
1781252024972 0.7872206568717957 87
1781252029254 0.7890961170196533 88
1781252033918 0.7918497323989868 89
1781252038307 0.7920843362808228 90
1781252042730 0.7920891642570496 91
1781252046958 0.792321503162384 92
1781252050894 0.792704701423645 93
1781252055299 0.7942429780960083 94
1781252059351 0.7947478890419006 95
1781252063526 0.7954136729240417 96
1781252067695 0.795856773853302 97
1781252072003 0.7959948778152466 98
1781252076519 0.7960782647132874 99
1781252080614 0.7960800528526306 100
1781252084966 0.7961181998252869 101
1781252089219 0.7968830466270447 102
1781252093483 0.7975698709487915 103
1781252097794 0.7976555824279785 104
1781252101876 0.8000885844230652 105
1781252105910 0.8009487986564636 106
1781252110058 0.8009967803955078 107
1781252114326 0.8035778999328613 108
1781252118342 0.8039965629577637 109
1781252122426 0.8043071627616882 110
1781252126574 0.8048098087310791 111
1781252130610 0.8048388957977295 112
1781252134742 0.8052464723587036 113
1781252138649 0.8058876395225525 114
1781252142635 0.8067396283149719 115
1781252146726 0.8078572154045105 116
1781252150762 0.8082095384597778 117
1781252154710 0.808403730392456 118
1781252158754 0.8121177554130554 119
1781252162930 0.8144102096557617 120
1781252167150 0.8147767186164856 121
1781252171243 0.8148685097694397 122
1781252175307 0.8149251341819763 123
1781252179358 0.8160752654075623 124
1781252183418 0.8162119388580322 125
1781252187436 0.8168543577194214 126
1781252191479 0.8172770738601685 127
1781252195595 0.8190903067588806 128
1781252199595 0.8193783164024353 129
1781252203658 0.8201038837432861 130
1781252207740 0.8202205896377563 131
1781252211799 0.8203725218772888 132
1781252215879 0.8217165470123291 133
1781252220131 0.8221015334129333 134
1781252224461 0.8222957849502563 135
1781252228911 0.8223260641098022 136
1781252233619 0.8228355646133423 137
1781252237598 0.8228761553764343 138
1781252241534 0.8234316110610962 139
1781252245646 0.8234837651252747 140
1781252249657 0.8243293762207031 141
1781252253784 0.824938178062439 142
1781252257922 0.8250324130058289 143
1781252262086 0.8257743120193481 144
1781252266203 0.8258072137832642 145
1781252270149 0.8258078694343567 146
1781252274243 0.8258277773857117 147
1781252278262 0.8267210721969604 148
1781252282195 0.8272331953048706 149
1781252286174 0.8272405862808228 150
1781252290311 0.8272537589073181 151
1781252294363 0.8279564380645752 152
1781252298358 0.8281028270721436 153
1781252302290 0.8283336162567139 154
1781252306415 0.8285787105560303 155
1781252310374 0.8294496536254883 156
1781252314583 0.8305871486663818 157
1781252318646 0.8308759927749634 158
1781252322695 0.8317627906799316 159
1781252326899 0.8331183195114136 160
1781252330957 0.8331817984580994 161
1781252335168 0.8350061774253845 162
1781252339199 0.8352068066596985 163
1781252343467 0.8355951309204102 164
1781252347879 0.8366019129753113 165
1781252352195 0.8373811841011047 166
1781252356605 0.8378868103027344 167
1781252361241 0.8379368185997009 168
1781252365711 0.8379429578781128 169
1781252370178 0.83794766664505 170
1781252374871 0.8390437960624695 171
1781252379427 0.8404943346977234 172
1781252383846 0.8416029214859009 173
1781252388007 0.8416528105735779 174
1781252392463 0.8424811363220215 175
1781252396609 0.8424881100654602 176
1781252401096 0.8430291414260864 177
1781252405207 0.8437198400497437 178
1781252409421 0.8444886803627014 179
1781252413561 0.8445137739181519 180
1781252417656 0.8445174098014832 181
1781252421786 0.8447974920272827 182
1781252426179 0.8448172807693481 183
1781252430799 0.8465269207954407 184
1781252435556 0.8466223478317261 185
1781252439859 0.8498988747596741 186
1781252443979 0.8515564799308777 187
1781252448227 0.8517856597900391 188
1781252452539 0.8518109321594238 189
1781252456823 0.8518205285072327 190
1781252461211 0.8523666858673096 191
1781252465843 0.8542290925979614 192
1781252470048 0.8542362451553345 193
1781252474439 0.8547389507293701 194
1781252478539 0.8564317226409912 195
1781252483095 0.857328474521637 196
1781252487212 0.8582640886306763 197
1781252491719 0.859359622001648 198
1781252495980 0.8624178171157837 199
1781252499991 0.8624271750450134 200
1781252504075 0.8625372052192688 201
1781252508313 0.8625483512878418 202
1781252512527 0.8628939390182495 203
1781252517209 0.8628939986228943 204
1781252521622 0.8685298562049866 205
1781252525922 0.8685939311981201 206
1781252530088 0.8692067265510559 207
1781252534415 0.8693864345550537 208
1781252538638 0.8708099722862244 209
1781252542959 0.8715519905090332 210
1781252547469 0.8719732761383057 211
1781252551661 0.8763948678970337 212
1781252555891 0.8764917254447937 213
1781252560110 0.8765380382537842 214
1781252564427 0.8766963481903076 215
1781252568746 0.8792998194694519 216
1781252572943 0.8820375800132751 217
1781252577458 0.8821316957473755 218
1781252581980 0.8821706175804138 219
1781252586437 0.8847247958183289 220
1781252590686 0.8878993391990662 221
1781252595015 0.8914489150047302 222
1781252599223 0.8980170488357544 223
1781252603695 0.9046330451965332 224
1781252608359 0.9048283696174622 225
1781252613076 0.9075908660888672 226
1781252617847 0.9095544219017029 227
1781252622775 0.9097250699996948 228
1781252627407 0.9104222059249878 229
1781252632043 0.9154119491577148 230
1781252636510 0.9406228065490723 231
1781252640868 0.944948136806488 232
1781252645566 0.9458008408546448 233
1781252649774 0.9461277723312378 234
1781252654103 0.9742684960365295 235
1781252658411 0.9747500419616699 236
1781252663083 0.9834310412406921 237
1781252667477 0.983559787273407 238
1781252671835 0.9999950528144836 239
1781252676403 0.9999950528144836 240
