1781251672696 0.7464190721511841 1
1781251676963 0.7801852226257324 2
1781251680909 0.7905067205429077 3
1781251684799 0.8042168021202087 4
1781251688774 0.8151918053627014 5
1781251692727 0.8217453956604004 6
1781251696596 0.8266404867172241 7
1781251700591 0.8316534757614136 8
1781251704504 0.8358832001686096 9
1781251708736 0.840758204460144 10
1781251712857 0.8462373614311218 11
1781251716883 0.8496953248977661 12
1781251720840 0.8546769022941589 13
1781251724633 0.8572580814361572 14
1781251728950 0.8600618839263916 15
1781251732907 0.8627740740776062 16
1781251736897 0.8656284213066101 17
1781251741525 0.8676691651344299 18
1781251745588 0.8694436550140381 19
1781251749400 0.8716909885406494 20
1781251753485 0.8724380731582642 21
1781251757604 0.8735811710357666 22
1781251761405 0.8759552240371704 23
1781251765640 0.878522515296936 24
1781251770200 0.8790048360824585 25
1781251774480 0.8818849325180054 26
1781251778248 0.8825283050537109 27
1781251782036 0.885382890701294 28
1781251786080 0.8872333765029907 29
1781251790036 0.8880811333656311 30
1781251793851 0.8887643814086914 31
1781251797708 0.8902713060379028 32
1781251801909 0.8908801078796387 33
1781251806092 0.8924732208251953 34
1781251809964 0.8928306102752686 35
1781251814040 0.8948198556900024 36
1781251818280 0.8983433842658997 37
1781251822220 0.899471640586853 38
1781251826016 0.9000805616378784 39
1781251830540 0.9008521437644958 40
1781251834703 0.9027758836746216 41
1781251838736 0.9033527374267578 42
1781251843064 0.9044439196586609 43
1781251847336 0.9050720930099487 44
1781251851321 0.9061525464057922 45
1781251855614 0.9087134599685669 46
1781251859668 0.9108059406280518 47
1781251863668 0.9115881323814392 48
1781251867694 0.9123395681381226 49
1781251871615 0.913421094417572 50
1781251876190 0.914703905582428 51
1781251880413 0.9152183532714844 52
1781251884392 0.9165878891944885 53
1781251888268 0.9179420471191406 54
1781251892248 0.9187906980514526 55
1781251896152 0.9200406670570374 56
1781251899973 0.9215463399887085 57
1781251903741 0.9227288365364075 58
1781251908256 0.9232314825057983 59
1781251912444 0.9240193963050842 60
1781251916312 0.9247970581054688 61
1781251920278 0.9252070188522339 62
1781251924233 0.9256613254547119 63
1781251928124 0.9263037443161011 64
1781251932121 0.9265830516815186 65
1781251936056 0.9269665479660034 66
1781251940019 0.9270226955413818 67
1781251943932 0.9276211261749268 68
1781251948198 0.9291565418243408 69
1781251952689 0.9300037622451782 70
1781251956718 0.9300856590270996 71
1781251960815 0.9318331480026245 72
1781251965117 0.9322725534439087 73
1781251969784 0.9330763816833496 74
1781251974013 0.9333597421646118 75
1781251977996 0.9340528249740601 76
1781251981922 0.9343060255050659 77
1781251986228 0.9354568719863892 78
1781251990676 0.9360936880111694 79
1781251995576 0.9363886713981628 80
1781251999692 0.9370131492614746 81
1781252003784 0.9373634457588196 82
1781252007909 0.9377328157424927 83
1781252012397 0.9386842846870422 84
1781252016909 0.9395363926887512 85
1781252020865 0.9403601884841919 86
1781252024975 0.9414722919464111 87
1781252029256 0.9420003890991211 88
1781252033921 0.9425486326217651 89
1781252038309 0.9439833164215088 90
1781252042732 0.944477915763855 91
1781252046961 0.9451711773872375 92
1781252050897 0.9465950727462769 93
1781252055302 0.9478305578231812 94
1781252059353 0.9484480619430542 95
1781252063528 0.9495075941085815 96
1781252067697 0.9499573707580566 97
1781252072006 0.9503777027130127 98
1781252076521 0.9516366720199585 99
1781252080617 0.9518370628356934 100
1781252084969 0.9522401094436646 101
1781252089221 0.9527449607849121 102
1781252093485 0.9535821676254272 103
1781252097796 0.9542208909988403 104
1781252101879 0.9556026458740234 105
1781252105912 0.9561029672622681 106
1781252110060 0.9569556713104248 107
1781252114328 0.957566499710083 108
1781252118344 0.9585292339324951 109
1781252122429 0.9594687223434448 110
1781252126576 0.9595731496810913 111
1781252130613 0.9598982334136963 112
1781252134744 0.9602070450782776 113
1781252138652 0.9605504274368286 114
1781252142645 0.9611332416534424 115
1781252146729 0.9613720178604126 116
1781252150765 0.9617046117782593 117
1781252154712 0.9625062346458435 118
1781252158756 0.9638325572013855 119
1781252162933 0.9644439220428467 120
1781252167153 0.9647281169891357 121
1781252171245 0.9654194116592407 122
1781252175309 0.9665953516960144 123
1781252179361 0.967063844203949 124
1781252183421 0.9679464101791382 125
1781252187438 0.9682022333145142 126
1781252191481 0.9682615995407104 127
1781252195598 0.9693617224693298 128
1781252199597 0.9697986841201782 129
1781252203660 0.970011830329895 130
1781252207742 0.9712486267089844 131
1781252211801 0.971816897392273 132
1781252215882 0.972253680229187 133
1781252220133 0.9722609519958496 134
1781252224463 0.9732252359390259 135
1781252228929 0.973618745803833 136
1781252233621 0.9748092293739319 137
1781252237600 0.9750773310661316 138
1781252241537 0.9752421379089355 139
1781252245648 0.9761406183242798 140
1781252249659 0.9767165184020996 141
1781252253787 0.9768055081367493 142
1781252257925 0.9773678779602051 143
1781252262089 0.9784750938415527 144
1781252266205 0.9786285758018494 145
1781252270152 0.9790552258491516 146
1781252274245 0.9794987440109253 147
1781252278264 0.9806705117225647 148
1781252282197 0.9806771278381348 149
1781252286176 0.9809283018112183 150
1781252290313 0.9811406135559082 151
1781252294365 0.9824800491333008 152
1781252298361 0.9839099645614624 153
1781252302292 0.9840210676193237 154
1781252306418 0.9846413731575012 155
1781252310376 0.9848514795303345 156
1781252314585 0.9856579303741455 157
1781252318648 0.9860354661941528 158
1781252322705 0.9864592552185059 159
1781252326902 0.9870373010635376 160
1781252330959 0.9879447221755981 161
1781252335170 0.9884312152862549 162
1781252339201 0.9887080192565918 163
1781252343470 0.9891030192375183 164
1781252347882 0.9895676374435425 165
1781252352198 0.9896647930145264 166
1781252356607 0.9899616837501526 167
1781252361243 0.9900700449943542 168
1781252365714 0.9909281730651855 169
1781252370181 0.9912921190261841 170
1781252374873 0.9918202757835388 171
1781252379429 0.991948127746582 172
1781252383848 0.9919530153274536 173
1781252388009 0.9921759963035583 174
1781252392465 0.9922431707382202 175
1781252396611 0.9923086166381836 176
1781252401098 0.9928500056266785 177
1781252405210 0.9929112195968628 178
1781252409423 0.9934453964233398 179
1781252413563 0.9934701919555664 180
1781252417658 0.9938121438026428 181
1781252421788 0.9943397045135498 182
1781252426181 0.9947834014892578 183
1781252430802 0.9950878620147705 184
1781252435558 0.9954787492752075 185
1781252439861 0.9956799149513245 186
1781252443982 0.9960005879402161 187
1781252448229 0.9960446357727051 188
1781252452541 0.9963971376419067 189
1781252456826 0.996511697769165 190
1781252461213 0.9967960715293884 191
1781252465845 0.9970661401748657 192
1781252470050 0.9972602128982544 193
1781252474442 0.9974483847618103 194
1781252478541 0.9975942969322205 195
1781252483097 0.9980451464653015 196
1781252487215 0.9981117248535156 197
1781252491721 0.9984116554260254 198
1781252495982 0.9984856843948364 199
1781252499993 0.9986634850502014 200
1781252504077 0.9987188577651978 201
1781252508315 0.9987712502479553 202
1781252512529 0.9988255500793457 203
1781252517211 0.9988815784454346 204
1781252521625 0.998991847038269 205
1781252525924 0.9990432262420654 206
1781252530090 0.9991036653518677 207
1781252534418 0.9991887807846069 208
1781252538641 0.9992296099662781 209
1781252542961 0.9993112087249756 210
1781252547471 0.9993661642074585 211
1781252551664 0.9994233846664429 212
1781252555893 0.9995073080062866 213
1781252560112 0.999545693397522 214
1781252564429 0.999564528465271 215
1781252568749 0.9996016025543213 216
1781252572945 0.9996083378791809 217
1781252577461 0.9996625185012817 218
1781252581982 0.9996998310089111 219
1781252586440 0.9997421503067017 220
1781252590688 0.9997748732566833 221
1781252595018 0.9998066425323486 222
1781252599226 0.9998230934143066 223
1781252603698 0.9998325109481812 224
1781252608362 0.9998594522476196 225
1781252613078 0.9998922348022461 226
1781252617849 0.9999005794525146 227
1781252622777 0.9999146461486816 228
1781252627409 0.9999303817749023 229
1781252632046 0.9999448657035828 230
1781252636512 0.9999524354934692 231
1781252640871 0.9999642372131348 232
1781252645568 0.999974250793457 233
1781252649777 0.99998539686203 234
1781252654106 0.9999918937683105 235
1781252658413 0.9999948740005493 236
1781252663085 0.9999983310699463 237
1781252667480 0.999998927116394 238
1781252671837 0.9999992251396179 239
1781252676406 0.9999992251396179 240
