1781251672692 0.729536235332489 1
1781251676959 0.7588812708854675 2
1781251680893 0.7784063816070557 3
1781251684794 0.7891657948493958 4
1781251688770 0.7997475862503052 5
1781251692723 0.8074471354484558 6
1781251696592 0.813462495803833 7
1781251700586 0.8183791041374207 8
1781251704499 0.8256167769432068 9
1781251708731 0.8309522271156311 10
1781251712852 0.8351380825042725 11
1781251716879 0.8384941220283508 12
1781251720835 0.8423324823379517 13
1781251724627 0.8462773561477661 14
1781251728945 0.8492943048477173 15
1781251732902 0.8526700139045715 16
1781251736892 0.8557767868041992 17
1781251741520 0.858599841594696 18
1781251745584 0.8616740107536316 19
1781251749395 0.8643836975097656 20
1781251753481 0.8665915727615356 21
1781251757599 0.8685601949691772 22
1781251761400 0.8707918524742126 23
1781251765635 0.8723002672195435 24
1781251770195 0.8741864562034607 25
1781251774475 0.8760917782783508 26
1781251778243 0.8776574730873108 27
1781251782032 0.879738986492157 28
1781251786075 0.8813396692276001 29
1781251790031 0.8830083608627319 30
1781251793846 0.884341299533844 31
1781251797703 0.8860959410667419 32
1781251801905 0.8880373239517212 33
1781251806087 0.889480471611023 34
1781251809959 0.8909350037574768 35
1781251814035 0.8925601840019226 36
1781251818276 0.8941841721534729 37
1781251822215 0.8954092264175415 38
1781251826011 0.8964669108390808 39
1781251830535 0.8976156711578369 40
1781251834698 0.8988786339759827 41
1781251838731 0.9000263214111328 42
1781251843059 0.9014328122138977 43
1781251847331 0.9026972651481628 44
1781251851317 0.9038910269737244 45
1781251855609 0.905071496963501 46
1781251859663 0.9062498807907104 47
1781251863663 0.9073994755744934 48
1781251867690 0.9085845947265625 49
1781251871611 0.9094429612159729 50
1781251876185 0.910618782043457 51
1781251880408 0.9116458892822266 52
1781251884387 0.9126116633415222 53
1781251888263 0.9137066006660461 54
1781251892243 0.9145709872245789 55
1781251896148 0.9155376553535461 56
1781251899968 0.916502833366394 57
1781251903736 0.9174887537956238 58
1781251908252 0.918423593044281 59
1781251912439 0.9194095730781555 60
1781251916307 0.9202600121498108 61
1781251920273 0.9211757779121399 62
1781251924228 0.9220284819602966 63
1781251928119 0.9228169918060303 64
1781251932116 0.9236053228378296 65
1781251936051 0.9244480133056641 66
1781251940014 0.92521071434021 67
1781251943927 0.9260407090187073 68
1781251948194 0.9268167018890381 69
1781251952684 0.9276618957519531 70
1781251956714 0.9284736514091492 71
1781251960811 0.9293020963668823 72
1781251965113 0.9301121830940247 73
1781251969780 0.930909276008606 74
1781251974008 0.9316624999046326 75
1781251977991 0.9323647618293762 76
1781251981917 0.9330971240997314 77
1781251986223 0.9338047504425049 78
1781251990671 0.9345350861549377 79
1781251995571 0.9351678490638733 80
1781251999687 0.9358748197555542 81
1781252003779 0.936560332775116 82
1781252007904 0.9372236728668213 83
1781252012392 0.9379371404647827 84
1781252016904 0.9385195970535278 85
1781252020860 0.9391393661499023 86
1781252024969 0.9398065805435181 87
1781252029252 0.9404699802398682 88
1781252033916 0.9411008358001709 89
1781252038304 0.9417600631713867 90
1781252042727 0.942388653755188 91
1781252046956 0.9430452585220337 92
1781252050892 0.9437108635902405 93
1781252055297 0.9443134069442749 94
1781252059348 0.9449343085289001 95
1781252063524 0.9455270171165466 96
1781252067692 0.9460793733596802 97
1781252072001 0.9467002749443054 98
1781252076516 0.9472553133964539 99
1781252080612 0.9478364586830139 100
1781252084964 0.9483836889266968 101
1781252089216 0.9489851593971252 102
1781252093480 0.9495519995689392 103
1781252097792 0.9500728249549866 104
1781252101874 0.9506226181983948 105
1781252105907 0.9511221647262573 106
1781252110055 0.9516505599021912 107
1781252114324 0.9521971344947815 108
1781252118340 0.9527240991592407 109
1781252122424 0.9532346129417419 110
1781252126571 0.953759491443634 111
1781252130608 0.954230010509491 112
1781252134740 0.9547168612480164 113
1781252138647 0.9552249908447266 114
1781252142616 0.9557409882545471 115
1781252146724 0.9562355875968933 116
1781252150760 0.9567902684211731 117
1781252154708 0.9572916030883789 118
1781252158752 0.9577734470367432 119
1781252162928 0.9582616090774536 120
1781252167148 0.9587104916572571 121
1781252171240 0.9591239094734192 122
1781252175304 0.9595620632171631 123
1781252179356 0.9599867463111877 124
1781252183416 0.9604816436767578 125
1781252187433 0.9609329104423523 126
1781252191476 0.9613936543464661 127
1781252195593 0.96189284324646 128
1781252199592 0.9623282551765442 129
1781252203655 0.9627737402915955 130
1781252207737 0.9632371068000793 131
1781252211796 0.9636975526809692 132
1781252215877 0.9641228914260864 133
1781252220128 0.9645510315895081 134
1781252224459 0.964981198310852 135
1781252228909 0.9654244780540466 136
1781252233616 0.9658335447311401 137
1781252237596 0.9662473201751709 138
1781252241532 0.9666789174079895 139
1781252245644 0.9670817255973816 140
1781252249654 0.9674797058105469 141
1781252253782 0.9679383635520935 142
1781252257920 0.9683358073234558 143
1781252262084 0.9687448740005493 144
1781252266200 0.969143807888031 145
1781252270147 0.9695291519165039 146
1781252274240 0.9699366092681885 147
1781252278260 0.9703575372695923 148
1781252282193 0.9707244634628296 149
1781252286172 0.9711225032806396 150
1781252290308 0.9715298414230347 151
1781252294360 0.9719487428665161 152
1781252298356 0.9722812175750732 153
1781252302287 0.9726558923721313 154
1781252306413 0.9730479717254639 155
1781252310372 0.9734546542167664 156
1781252314580 0.9738319516181946 157
1781252318643 0.9741678833961487 158
1781252322692 0.9745447635650635 159
1781252326897 0.9748980402946472 160
1781252330954 0.9752679467201233 161
1781252335165 0.9756651520729065 162
1781252339196 0.9760075807571411 163
1781252343464 0.9763853549957275 164
1781252347876 0.9767487645149231 165
1781252352193 0.9770961999893188 166
1781252356602 0.9774482846260071 167
1781252361239 0.9777914881706238 168
1781252365709 0.9781232476234436 169
1781252370176 0.9784659147262573 170
1781252374869 0.9787939786911011 171
1781252379424 0.9791065454483032 172
1781252383844 0.9794355034828186 173
1781252388004 0.9797462224960327 174
1781252392460 0.9801216721534729 175
1781252396606 0.9804545044898987 176
1781252401094 0.9808138608932495 177
1781252405205 0.9811815619468689 178
1781252409419 0.9815548062324524 179
1781252413559 0.9818836450576782 180
1781252417653 0.9821909666061401 181
1781252421783 0.9825371503829956 182
1781252426177 0.9828646779060364 183
1781252430797 0.9831931591033936 184
1781252435553 0.9835334420204163 185
1781252439857 0.9838389754295349 186
1781252443977 0.9841972589492798 187
1781252448224 0.9844825267791748 188
1781252452536 0.9847719073295593 189
1781252456821 0.9850805997848511 190
1781252461208 0.9854047894477844 191
1781252465840 0.9857938885688782 192
1781252470045 0.9860740303993225 193
1781252474437 0.9863739013671875 194
1781252478536 0.9867104291915894 195
1781252483092 0.9870535731315613 196
1781252487210 0.9873617887496948 197
1781252491716 0.987646758556366 198
1781252495977 0.9879782199859619 199
1781252499988 0.9882681965827942 200
1781252504073 0.988608717918396 201
1781252508311 0.988928496837616 202
1781252512525 0.9892410039901733 203
1781252517206 0.9895433783531189 204
1781252521620 0.9898817539215088 205
1781252525919 0.9901778101921082 206
1781252530086 0.9905495047569275 207
1781252534413 0.9908208250999451 208
1781252538636 0.9911745190620422 209
1781252542957 0.9914559125900269 210
1781252547466 0.9917339086532593 211
1781252551659 0.9920738339424133 212
1781252555888 0.9923444390296936 213
1781252560107 0.9926324486732483 214
1781252564425 0.992895781993866 215
1781252568744 0.9932202696800232 216
1781252572941 0.9935385584831238 217
1781252577456 0.993840754032135 218
1781252581977 0.9941346645355225 219
1781252586435 0.9944198727607727 220
1781252590684 0.9947434663772583 221
1781252595013 0.9950524568557739 222
1781252599221 0.9953698515892029 223
1781252603693 0.9956986904144287 224
1781252608357 0.9959914088249207 225
1781252613074 0.9962316155433655 226
1781252617845 0.9965304136276245 227
1781252622773 0.9967907071113586 228
1781252627404 0.9971007704734802 229
1781252632041 0.9974107146263123 230
1781252636508 0.9978209137916565 231
1781252640866 0.9981995820999146 232
1781252645563 0.9984943270683289 233
1781252649772 0.9988223314285278 234
1781252654101 0.9991893172264099 235
1781252658409 0.9995405673980713 236
1781252663081 0.9997936487197876 237
1781252667475 0.9998598694801331 238
1781252671833 0.9999991059303284 239
1781252676401 0.9999991059303284 240
