1781251672689 38.136383056640625 1
1781251676956 25.28534698486328 2
1781251680891 23.638893127441406 3
1781251684791 17.86957550048828 4
1781251688767 15.708837509155273 5
1781251692720 15.691595077514648 6
1781251696589 13.87651538848877 7
1781251700584 13.885887145996094 8
1781251704497 13.404781341552734 9
1781251708728 11.67465877532959 10
1781251712850 10.718230247497559 11
1781251716876 10.452313423156738 12
1781251720832 10.17733383178711 13
1781251724625 10.136816024780273 14
1781251728943 8.71677303314209 15
1781251732900 8.349132537841797 16
1781251736890 8.331811904907227 17
1781251741518 8.289934158325195 18
1781251745581 8.060273170471191 19
1781251749393 7.3952789306640625 20
1781251753478 7.09093713760376 21
1781251757597 7.070888519287109 22
1781251761398 7.037646293640137 23
1781251765633 7.061424255371094 24
1781251770193 7.058835983276367 25
1781251774473 6.541353225708008 26
1781251778241 6.200242042541504 27
1781251782029 5.884991645812988 28
1781251786073 5.844358444213867 29
1781251790028 5.7943620681762695 30
1781251793834 5.815265655517578 31
1781251797701 5.789834022521973 32
1781251801903 5.7650957107543945 33
1781251806085 5.698748588562012 34
1781251809957 5.613719463348389 35
1781251814033 5.627286911010742 36
1781251818273 5.561661243438721 37
1781251822213 5.55694580078125 38
1781251826009 5.467120170593262 39
1781251830533 5.334415435791016 40
1781251834696 5.25151252746582 41
1781251838729 5.250480651855469 42
1781251843056 5.248217582702637 43
1781251847329 5.234279632568359 44
1781251851315 5.17165470123291 45
1781251855591 5.054682731628418 46
1781251859661 5.062055587768555 47
1781251863661 4.936980247497559 48
1781251867687 4.858818054199219 49
1781251871608 4.845411777496338 50
1781251876183 4.726131439208984 51
1781251880405 4.542806625366211 52
1781251884385 4.542603015899658 53
1781251888261 4.4192795753479 54
1781251892241 4.406431198120117 55
1781251896145 4.404077053070068 56
1781251899966 4.333534240722656 57
1781251903734 4.25493049621582 58
1781251908249 4.081690311431885 59
1781251912436 3.910355567932129 60
1781251916305 3.8119394779205322 61
1781251920271 3.805072546005249 62
1781251924226 3.705759048461914 63
1781251928117 3.6897058486938477 64
1781251932114 3.6882433891296387 65
1781251936049 3.686891794204712 66
1781251940012 3.6878604888916016 67
1781251943925 3.6730165481567383 68
1781251948179 3.6228442192077637 69
1781251952682 3.6116409301757812 70
1781251956711 3.595900058746338 71
1781251960808 3.596153497695923 72
1781251965111 3.5095815658569336 73
1781251969777 3.5071263313293457 74
1781251974006 3.4925172328948975 75
1781251977989 3.4559741020202637 76
1781251981914 3.4382405281066895 77
1781251986221 3.4363820552825928 78
1781251990669 3.419783592224121 79
1781251995569 3.3799452781677246 80
1781251999685 3.3768956661224365 81
1781252003777 3.367738723754883 82
1781252007902 3.3618812561035156 83
1781252012389 3.361844062805176 84
1781252016902 3.364871025085449 85
1781252020858 3.365856409072876 86
1781252024967 3.3480100631713867 87
1781252029249 3.342360734939575 88
1781252033914 3.338071346282959 89
1781252038302 3.338131904602051 90
1781252042725 3.3252429962158203 91
1781252046953 3.3141708374023438 92
1781252050889 3.2893950939178467 93
1781252055295 3.2811777591705322 94
1781252059346 3.281175374984741 95
1781252063521 3.264814853668213 96
1781252067690 3.258547306060791 97
1781252071999 3.252035140991211 98
1781252076514 3.2293241024017334 99
1781252080610 3.226337432861328 100
1781252084962 3.2275209426879883 101
1781252089214 3.223663091659546 102
1781252093478 3.227029323577881 103
1781252097789 3.2154197692871094 104
1781252101871 3.2061657905578613 105
1781252105902 3.2032551765441895 106
1781252110053 3.175426483154297 107
1781252114321 3.1702451705932617 108
1781252118337 3.159985065460205 109
1781252122422 3.080382823944092 110
1781252126569 3.068319797515869 111
1781252130606 3.013862133026123 112
1781252134737 3.0018486976623535 113
1781252138645 2.9929826259613037 114
1781252142613 2.986800193786621 115
1781252146722 2.770052433013916 116
1781252150758 2.764270305633545 117
1781252154705 2.762655019760132 118
1781252158749 2.7630701065063477 119
1781252162926 2.683903455734253 120
1781252167146 2.6858763694763184 121
1781252171238 2.677029609680176 122
1781252175302 2.6757569313049316 123
1781252179354 2.5388832092285156 124
1781252183414 2.4261474609375 125
1781252187431 2.4243128299713135 126
1781252191474 2.404756546020508 127
1781252195590 2.404179811477661 128
1781252199590 2.384078025817871 129
1781252203653 2.3698203563690186 130
1781252207734 2.360393524169922 131
1781252211794 2.3494205474853516 132
1781252215874 2.34751558303833 133
1781252220126 2.3486247062683105 134
1781252224456 2.328413486480713 135
1781252228907 2.331559658050537 136
1781252233614 2.3307862281799316 137
1781252237593 2.315122604370117 138
1781252241529 2.3143863677978516 139
1781252245641 2.3016014099121094 140
1781252249652 2.3024368286132812 141
1781252253779 2.274203300476074 142
1781252257918 2.265169143676758 143
1781252262082 2.2665927410125732 144
1781252266198 2.248690605163574 145
1781252270145 2.2426230907440186 146
1781252274238 2.2233099937438965 147
1781252278257 2.21724534034729 148
1781252282190 2.210392951965332 149
1781252286169 2.1706981658935547 150
1781252290306 2.1711301803588867 151
1781252294358 2.141110420227051 152
1781252298353 2.1366829872131348 153
1781252302285 2.106977939605713 154
1781252306410 2.103323221206665 155
1781252310369 2.0886073112487793 156
1781252314578 2.0886876583099365 157
1781252318641 2.0810647010803223 158
1781252322690 2.0741114616394043 159
1781252326894 2.068981170654297 160
1781252330952 2.065819263458252 161
1781252335162 2.059375286102295 162
1781252339194 2.027463436126709 163
1781252343462 2.0147297382354736 164
1781252347874 2.0129830837249756 165
1781252352190 2.007444143295288 166
1781252356600 1.9974427223205566 167
1781252361236 1.9966859817504883 168
1781252365706 1.9195432662963867 169
1781252370174 1.9222491979599 170
1781252374867 1.9012985229492188 171
1781252379422 1.9007623195648193 172
1781252383841 1.8899798393249512 173
1781252388002 1.8904144763946533 174
1781252392458 1.8785064220428467 175
1781252396604 1.878359317779541 176
1781252401091 1.8430888652801514 177
1781252405202 1.8437309265136719 178
1781252409416 1.8398382663726807 179
1781252413556 1.8419687747955322 180
1781252417651 1.7899556159973145 181
1781252421781 1.7836833000183105 182
1781252426174 1.782476782798767 183
1781252430794 1.7809996604919434 184
1781252435551 1.7802190780639648 185
1781252439854 1.7722604274749756 186
1781252443975 1.772053599357605 187
1781252448222 1.7720222473144531 188
1781252452534 1.7724812030792236 189
1781252456818 1.7630443572998047 190
1781252461206 1.7448159456253052 191
1781252465838 1.7445721626281738 192
1781252470043 1.7442394495010376 193
1781252474434 1.7200071811676025 194
1781252478534 1.718198299407959 195
1781252483090 1.7198922634124756 196
1781252487208 1.7197420597076416 197
1781252491714 1.719975233078003 198
1781252495975 1.7151308059692383 199
1781252499986 1.6747039556503296 200
1781252504070 1.6741373538970947 201
1781252508308 1.675417423248291 202
1781252512507 1.6052796840667725 203
1781252517204 1.5843371152877808 204
1781252521618 1.5839859247207642 205
1781252525917 1.578525185585022 206
1781252530084 1.5631769895553589 207
1781252534411 1.562717080116272 208
1781252538634 1.5614526271820068 209
1781252542954 1.54779052734375 210
1781252547464 1.5482126474380493 211
1781252551657 1.548281192779541 212
1781252555886 1.5472816228866577 213
1781252560105 1.4889335632324219 214
1781252564422 1.4813936948776245 215
1781252568741 1.475131630897522 216
1781252572938 1.4559152126312256 217
1781252577453 1.4310519695281982 218
1781252581975 1.3693599700927734 219
1781252586432 1.3634824752807617 220
1781252590681 1.3632678985595703 221
1781252595010 1.317697525024414 222
1781252599219 1.3177552223205566 223
1781252603691 1.3091644048690796 224
1781252608354 1.2483367919921875 225
1781252613072 1.2370444536209106 226
1781252617842 1.231447458267212 227
1781252622755 1.2303738594055176 228
1781252627402 1.2298370599746704 229
1781252632038 1.2080373764038086 230
1781252636505 1.0808918476104736 231
1781252640864 1.055367350578308 232
1781252645561 1.0531129837036133 233
1781252649770 0.9984409809112549 234
1781252654098 0.8125735521316528 235
1781252658406 0.803781270980835 236
1781252663078 0.5009310245513916 237
1781252667472 0.4596465229988098 238
1781252671830 0.015195480547845364 239
1781252676383 0.015196312218904495 240
