1781251672683 7.288744926452637 1
1781251676949 7.286745071411133 2
1781251680884 7.157454013824463 3
1781251684784 7.157009601593018 4
1781251688760 7.154503345489502 5
1781251692713 7.056824207305908 6
1781251696582 6.976107597351074 7
1781251700577 6.939999103546143 8
1781251704490 6.914158344268799 9
1781251708721 6.846282005310059 10
1781251712844 6.747478008270264 11
1781251716869 6.7171406745910645 12
1781251720825 6.708224773406982 13
1781251724618 6.697027683258057 14
1781251728921 6.6185407638549805 15
1781251732893 6.587810039520264 16
1781251736882 6.48974084854126 17
1781251741510 6.359487533569336 18
1781251745574 6.352638244628906 19
1781251749386 6.351904392242432 20
1781251753465 6.3410773277282715 21
1781251757590 5.472986221313477 22
1781251761390 5.443387508392334 23
1781251765626 5.193532943725586 24
1781251770186 4.800275802612305 25
1781251774465 4.6246795654296875 26
1781251778234 3.917257308959961 27
1781251782022 3.7669906616210938 28
1781251786066 3.7152700424194336 29
1781251790021 3.646947145462036 30
1781251793827 3.625274896621704 31
1781251797694 3.5147054195404053 32
1781251801880 3.5116140842437744 33
1781251806078 3.3237626552581787 34
1781251809950 3.2986133098602295 35
1781251814026 3.2132108211517334 36
1781251818266 2.990581750869751 37
1781251822206 2.9747910499572754 38
1781251826002 2.831345796585083 39
1781251830526 2.6985955238342285 40
1781251834689 1.989396333694458 41
1781251838721 1.8315037488937378 42
1781251843049 1.7932578325271606 43
1781251847322 1.7919230461120605 44
1781251851292 1.6898822784423828 45
1781251855568 1.5368332862854004 46
1781251859654 1.518850326538086 47
1781251863654 1.5132288932800293 48
1781251867680 1.5028554201126099 49
1781251871601 1.4094804525375366 50
1781251876174 1.4094771146774292 51
1781251880398 1.3795742988586426 52
1781251884378 1.3789621591567993 53
1781251888254 1.118060827255249 54
1781251892234 1.0953811407089233 55
1781251896138 1.0929902791976929 56
1781251899958 1.0167112350463867 57
1781251903726 1.0028290748596191 58
1781251908242 0.9877839088439941 59
1781251912429 0.9863730072975159 60
1781251916298 0.9674777984619141 61
1781251920264 0.965481162071228 62
1781251924219 0.9201692342758179 63
1781251928110 0.9197530150413513 64
1781251932106 0.8584910035133362 65
1781251936042 0.8580608367919922 66
1781251940003 0.8535826802253723 67
1781251943918 0.8512073159217834 68
1781251948173 0.8260452747344971 69
1781251952675 0.8196306824684143 70
1781251956688 0.7935749888420105 71
1781251960801 0.7933526039123535 72
1781251965088 0.7933348417282104 73
1781251969770 0.7279657125473022 74
1781251973998 0.7140278220176697 75
1781251977982 0.6936337947845459 76
1781251981906 0.6880908012390137 77
1781251986214 0.6841042041778564 78
1781251990662 0.681986927986145 79
1781251995562 0.6783608198165894 80
1781251999678 0.6387935876846313 81
1781252003770 0.6322560906410217 82
1781252007895 0.6311917304992676 83
1781252012382 0.6203538775444031 84
1781252016894 0.6202878952026367 85
1781252020850 0.6201281547546387 86
1781252024960 0.6161535978317261 87
1781252029242 0.6055923104286194 88
1781252033906 0.6048706769943237 89
1781252038295 0.5894843935966492 90
1781252042718 0.5886456370353699 91
1781252046946 0.5869625210762024 92
1781252050882 0.5827821493148804 93
1781252055272 0.557262122631073 94
1781252059339 0.5324070453643799 95
1781252063514 0.5317444205284119 96
1781252067683 0.5297821760177612 97
1781252071976 0.5289077162742615 98
1781252076507 0.5235123634338379 99
1781252080602 0.5233522653579712 100
1781252084954 0.520758867263794 101
1781252089207 0.5204352736473083 102
1781252093471 0.519416093826294 103
1781252097782 0.4772297739982605 104
1781252101863 0.47628650069236755 105
1781252105895 0.47450315952301025 106
1781252110046 0.46147972345352173 107
1781252114314 0.4574122726917267 108
1781252118330 0.45683223009109497 109
1781252122415 0.43370306491851807 110
1781252126562 0.43177953362464905 111
1781252130599 0.4140837788581848 112
1781252134730 0.41031864285469055 113
1781252138637 0.38901254534721375 114
1781252142606 0.38900497555732727 115
1781252146715 0.36452019214630127 116
1781252150750 0.36405685544013977 117
1781252154698 0.36332258582115173 118
1781252158742 0.35977840423583984 119
1781252162918 0.3594090938568115 120
1781252167139 0.3593269884586334 121
1781252171231 0.358691930770874 122
1781252175295 0.35689347982406616 123
1781252179347 0.3560868501663208 124
1781252183407 0.35510772466659546 125
1781252187424 0.35451140999794006 126
1781252191467 0.3545086979866028 127
1781252195583 0.34746816754341125 128
1781252199583 0.314275324344635 129
1781252203646 0.3124631643295288 130
1781252207727 0.3121510148048401 131
1781252211787 0.3013913929462433 132
1781252215867 0.29947733879089355 133
1781252220119 0.28419917821884155 134
1781252224449 0.2839605212211609 135
1781252228900 0.28333190083503723 136
1781252233607 0.27473053336143494 137
1781252237586 0.267441064119339 138
1781252241522 0.2618260681629181 139
1781252245634 0.2617523670196533 140
1781252249645 0.26137077808380127 141
1781252253772 0.25757014751434326 142
1781252257911 0.25521373748779297 143
1781252262075 0.24087359011173248 144
1781252266191 0.24055905640125275 145
1781252270138 0.22658582031726837 146
1781252274231 0.22595438361167908 147
1781252278250 0.22513772547245026 148
1781252282183 0.22486180067062378 149
1781252286162 0.2240828275680542 150
1781252290299 0.21857914328575134 151
1781252294351 0.2143869698047638 152
1781252298346 0.2143009603023529 153
1781252302278 0.21388877928256989 154
1781252306403 0.21042606234550476 155
1781252310362 0.21041731536388397 156
1781252314571 0.19521260261535645 157
1781252318634 0.1949807107448578 158
1781252322678 0.19158735871315002 159
1781252326887 0.18791724741458893 160
1781252330945 0.18774987757205963 161
1781252335155 0.18749748170375824 162
1781252339187 0.18702442944049835 163
1781252343455 0.18688315153121948 164
1781252347867 0.17250682413578033 165
1781252352183 0.17218121886253357 166
1781252356594 0.1709151417016983 167
1781252361229 0.1700669676065445 168
1781252365699 0.16948364675045013 169
1781252370166 0.15192408859729767 170
1781252374844 0.1509900838136673 171
1781252379415 0.13859766721725464 172
1781252383834 0.12567627429962158 173
1781252387995 0.12516726553440094 174
1781252392443 0.12474331259727478 175
1781252396596 0.1235157772898674 176
1781252401083 0.12325729429721832 177
1781252405195 0.1153465136885643 178
1781252409409 0.11168046295642853 179
1781252413550 0.10982505977153778 180
1781252417643 0.10648287832736969 181
1781252421774 0.10630286484956741 182
1781252426167 0.1061568483710289 183
1781252430787 0.1039343997836113 184
1781252435533 0.10194805264472961 185
1781252439847 0.09813006967306137 186
1781252443968 0.09813018143177032 187
1781252448215 0.09674717485904694 188
1781252452527 0.09674111008644104 189
1781252456811 0.09671903401613235 190
1781252461199 0.09348898380994797 191
1781252465831 0.09341264516115189 192
1781252470035 0.08607213199138641 193
1781252474427 0.07520780712366104 194
1781252478527 0.07516400516033173 195
1781252483083 0.07235084474086761 196
1781252487201 0.06727919727563858 197
1781252491707 0.06687463074922562 198
1781252495953 0.06684373319149017 199
1781252499979 0.06679275631904602 200
1781252504063 0.0667538121342659 201
1781252508302 0.06672471016645432 202
1781252512500 0.06201271340250969 203
1781252517196 0.06051718816161156 204
1781252521610 0.06051152944564819 205
1781252525910 0.06032527610659599 206
1781252530077 0.060308441519737244 207
1781252534404 0.06001000851392746 208
1781252538626 0.05994543433189392 209
1781252542947 0.05848017334938049 210
1781252547455 0.058056969195604324 211
1781252551649 0.057714078575372696 212
1781252555879 0.049039002507925034 213
1781252560098 0.04902280494570732 214
1781252564415 0.04897156357765198 215
1781252568734 0.03530813753604889 216
1781252572931 0.03528293967247009 217
1781252577446 0.034725338220596313 218
1781252581968 0.03449906408786774 219
1781252586425 0.03381075710058212 220
1781252590674 0.03139910846948624 221
1781252595003 0.030827483162283897 222
1781252599211 0.030250215902924538 223
1781252603668 0.03024890273809433 224
1781252608347 0.030232394114136696 225
1781252613066 0.030210694298148155 226
1781252617835 0.029697809368371964 227
1781252622740 0.029432715848088264 228
1781252627395 0.02777855284512043 229
1781252632031 0.02752721682190895 230
1781252636498 0.027450401335954666 231
1781252640855 0.027423176914453506 232
1781252645554 0.027220042422413826 233
1781252649762 0.027214333415031433 234
1781252654091 0.027196429669857025 235
1781252658386 0.02714722976088524 236
1781252663071 0.02606910653412342 237
1781252667465 0.025867575779557228 238
1781252671823 0.025543730705976486 239
1781252676377 0.02554316073656082 240
