1781251672684 95.89488983154297 1
1781251676950 57.04100799560547 2
1781251680885 50.04265213012695 3
1781251684786 48.27362060546875 4
1781251688761 45.67882537841797 5
1781251692714 38.26412582397461 6
1781251696583 35.06159973144531 7
1781251700578 32.485172271728516 8
1781251704491 30.987276077270508 9
1781251708722 30.207212448120117 10
1781251712845 28.730241775512695 11
1781251716870 27.79519271850586 12
1781251720826 24.695072174072266 13
1781251724619 24.582733154296875 14
1781251728937 23.935436248779297 15
1781251732894 23.19474983215332 16
1781251736884 22.956390380859375 17
1781251741511 21.582195281982422 18
1781251745575 21.579395294189453 19
1781251749387 20.440757751464844 20
1781251753466 19.685672760009766 21
1781251757591 19.53704071044922 22
1781251761392 18.748567581176758 23
1781251765627 18.743154525756836 24
1781251770187 18.626569747924805 25
1781251774467 17.574771881103516 26
1781251778235 17.24774742126465 27
1781251782023 16.975980758666992 28
1781251786067 16.525653839111328 29
1781251790022 16.409774780273438 30
1781251793828 16.304309844970703 31
1781251797695 16.088001251220703 32
1781251801881 15.810922622680664 33
1781251806079 15.618404388427734 34
1781251809951 15.188435554504395 35
1781251814027 15.118197441101074 36
1781251818267 15.078904151916504 37
1781251822207 14.354759216308594 38
1781251826003 14.300558090209961 39
1781251830527 14.300094604492188 40
1781251834690 14.086381912231445 41
1781251838722 13.924909591674805 42
1781251843050 13.885878562927246 43
1781251847323 13.31884765625 44
1781251851293 13.08547592163086 45
1781251855569 13.044485092163086 46
1781251859655 13.035402297973633 47
1781251863655 13.00760269165039 48
1781251867681 12.968358993530273 49
1781251871603 12.82604694366455 50
1781251876176 12.57923412322998 51
1781251880399 12.578948974609375 52
1781251884379 12.565876960754395 53
1781251888255 12.491612434387207 54
1781251892235 12.367410659790039 55
1781251896139 12.364605903625488 56
1781251899960 12.338020324707031 57
1781251903727 11.3792724609375 58
1781251908243 11.003549575805664 59
1781251912431 10.688182830810547 60
1781251916299 10.676383018493652 61
1781251920265 10.671842575073242 62
1781251924220 10.485650062561035 63
1781251928111 10.441337585449219 64
1781251932108 10.42836856842041 65
1781251936043 10.357711791992188 66
1781251940004 10.274211883544922 67
1781251943919 10.11191463470459 68
1781251948174 10.11102294921875 69
1781251952676 9.935911178588867 70
1781251956689 9.812252044677734 71
1781251960802 9.76420783996582 72
1781251965089 9.716296195983887 73
1781251969771 9.710051536560059 74
1781251974000 9.7023344039917 75
1781251977983 9.601072311401367 76
1781251981908 9.35671329498291 77
1781251986215 9.341829299926758 78
1781251990663 9.327780723571777 79
1781251995563 9.327375411987305 80
1781251999679 9.245999336242676 81
1781252003771 9.075006484985352 82
1781252007896 8.777142524719238 83
1781252012383 8.752817153930664 84
1781252016895 8.724870681762695 85
1781252020852 8.724843978881836 86
1781252024961 8.650056838989258 87
1781252029243 8.647452354431152 88
1781252033908 8.643566131591797 89
1781252038296 8.583344459533691 90
1781252042719 8.418814659118652 91
1781252046948 8.412487030029297 92
1781252050884 8.40790843963623 93
1781252055274 8.334552764892578 94
1781252059340 8.334534645080566 95
1781252063515 8.276838302612305 96
1781252067684 8.259647369384766 97
1781252071978 8.253621101379395 98
1781252076508 8.164200782775879 99
1781252080604 8.162055969238281 100
1781252084956 8.160377502441406 101
1781252089208 8.15145206451416 102
1781252093472 8.116963386535645 103
1781252097783 8.085381507873535 104
1781252101865 8.05488109588623 105
1781252105896 8.051519393920898 106
1781252110047 7.980712890625 107
1781252114315 7.916108131408691 108
1781252118331 7.892334461212158 109
1781252122416 7.658782482147217 110
1781252126563 7.610759735107422 111
1781252130600 7.5511250495910645 112
1781252134731 7.507350444793701 113
1781252138639 7.490637302398682 114
1781252142607 7.451717853546143 115
1781252146716 7.151913642883301 116
1781252150751 7.145196437835693 117
1781252154699 7.107703685760498 118
1781252158743 7.10336971282959 119
1781252162920 7.102365970611572 120
1781252167140 7.038793087005615 121
1781252171232 6.985794544219971 122
1781252175296 6.972167491912842 123
1781252179348 6.971227645874023 124
1781252183408 6.926270484924316 125
1781252187425 6.808882236480713 126
1781252191468 6.744971752166748 127
1781252195584 6.735647678375244 128
1781252199584 6.729183197021484 129
1781252203647 6.639041900634766 130
1781252207729 6.635467529296875 131
1781252211788 6.627459526062012 132
1781252215868 6.597829341888428 133
1781252220120 6.565218925476074 134
1781252224451 6.563182353973389 135
1781252228901 6.533147811889648 136
1781252233608 6.51420783996582 137
1781252237587 6.50562858581543 138
1781252241523 6.487777233123779 139
1781252245635 6.429859638214111 140
1781252249646 6.42976713180542 141
1781252253773 6.401158809661865 142
1781252257912 6.36078405380249 143
1781252262076 6.360035419464111 144
1781252266192 6.27593994140625 145
1781252270139 6.248237133026123 146
1781252274232 6.244577407836914 147
1781252278251 6.239574909210205 148
1781252282184 6.204002380371094 149
1781252286163 6.197666645050049 150
1781252290300 6.175252914428711 151
1781252294352 6.092796325683594 152
1781252298347 6.091667652130127 153
1781252302279 6.091399669647217 154
1781252306405 6.019146919250488 155
1781252310363 5.999136447906494 156
1781252314572 5.992549896240234 157
1781252318635 5.970825672149658 158
1781252322679 5.970663070678711 159
1781252326888 5.969855308532715 160
1781252330946 5.96945858001709 161
1781252335157 5.752948760986328 162
1781252339188 5.739977836608887 163
1781252343456 5.730195045471191 164
1781252347868 5.715809345245361 165
1781252352184 5.709306240081787 166
1781252356595 5.675182819366455 167
1781252361230 5.674971580505371 168
1781252365700 5.6746649742126465 169
1781252370168 5.666550636291504 170
1781252374846 5.600610256195068 171
1781252379416 5.600286960601807 172
1781252383835 5.5787763595581055 173
1781252387996 5.568023204803467 174
1781252392444 5.548305511474609 175
1781252396597 5.540112495422363 176
1781252401084 5.383481979370117 177
1781252405196 5.360564708709717 178
1781252409410 5.341043949127197 179
1781252413551 5.249331474304199 180
1781252417645 5.237878799438477 181
1781252421775 5.187559127807617 182
1781252426168 5.127627849578857 183
1781252430788 5.125056743621826 184
1781252435534 5.087351322174072 185
1781252439848 5.076058864593506 186
1781252443969 5.07503604888916 187
1781252448216 5.07503604888916 188
1781252452528 5.074729919433594 189
1781252456812 5.035212516784668 190
1781252461200 5.012937545776367 191
1781252465832 4.995846271514893 192
1781252470037 4.995075702667236 193
1781252474428 4.957578182220459 194
1781252478528 4.9441752433776855 195
1781252483084 4.89019775390625 196
1781252487202 4.886064529418945 197
1781252491708 4.882504463195801 198
1781252495954 4.872776508331299 199
1781252499980 4.864400386810303 200
1781252504064 4.837641716003418 201
1781252508303 4.783881664276123 202
1781252512501 4.770436763763428 203
1781252517197 4.770007133483887 204
1781252521612 4.7699294090271 205
1781252525911 4.754763603210449 206
1781252530078 4.716372966766357 207
1781252534405 4.7156662940979 208
1781252538628 4.711557865142822 209
1781252542948 4.655184268951416 210
1781252547456 4.650060653686523 211
1781252551651 4.649166584014893 212
1781252555880 4.647304058074951 213
1781252560099 4.469597339630127 214
1781252564416 4.444765567779541 215
1781252568735 4.443596363067627 216
1781252572932 4.393610954284668 217
1781252577448 4.393468856811523 218
1781252581969 4.345889568328857 219
1781252586426 4.34583854675293 220
1781252590676 4.339867115020752 221
1781252595004 4.273954391479492 222
1781252599213 4.273945331573486 223
1781252603670 4.206380367279053 224
1781252608348 3.9906954765319824 225
1781252613067 3.9051222801208496 226
1781252617836 3.810652017593384 227
1781252622741 3.7944107055664062 228
1781252627396 3.7932894229888916 229
1781252632032 3.7358310222625732 230
1781252636500 3.505180835723877 231
1781252640856 3.3750996589660645 232
1781252645555 3.3488588333129883 233
1781252649764 3.3387444019317627 234
1781252654092 2.829334259033203 235
1781252658401 2.821516513824463 236
1781252663072 2.817101001739502 237
1781252667467 2.605525493621826 238
1781252671824 0.027925144881010056 239
1781252676378 0.028873978182673454 240
