1781251672677 53.12580490112305 1
1781251676943 53.096656799316406 2
1781251680879 51.22914505004883 3
1781251684778 51.2227897644043 4
1781251688754 51.186920166015625 5
1781251692707 49.798770904541016 6
1781251696575 48.66607666015625 7
1781251700571 48.16358947753906 8
1781251704483 47.80558395385742 9
1781251708715 46.871578216552734 10
1781251712837 45.52845764160156 11
1781251716863 45.11997985839844 12
1781251720819 45.000282287597656 13
1781251724611 44.850181579589844 14
1781251728915 43.80508041381836 15
1781251732887 43.39924240112305 16
1781251736875 42.116737365722656 17
1781251741503 40.443084716796875 18
1781251745567 40.35601043701172 19
1781251749379 40.34668731689453 20
1781251753459 40.20926284790039 21
1781251757583 29.95357894897461 22
1781251761379 29.63046646118164 23
1781251765619 26.972782135009766 24
1781251770179 23.042648315429688 25
1781251774459 21.38766098022461 26
1781251778227 15.344903945922852 27
1781251782015 14.190218925476074 28
1781251786059 13.803232192993164 29
1781251790015 13.300224304199219 30
1781251793821 13.142618179321289 31
1781251797687 12.353154182434082 32
1781251801875 12.33143424987793 33
1781251806072 11.04739761352539 34
1781251809943 10.880849838256836 35
1781251814020 10.324723243713379 36
1781251818259 8.94357967376709 37
1781251822199 8.849382400512695 38
1781251825996 8.016519546508789 39
1781251830519 7.282417297363281 40
1781251834683 3.957697868347168 41
1781251838711 3.3544058799743652 42
1781251843043 3.215773582458496 43
1781251847315 3.2109882831573486 44
1781251851287 2.8557019233703613 45
1781251855563 2.361856698989868 46
1781251859647 2.306906223297119 47
1781251863648 2.2898616790771484 48
1781251867675 2.2585744857788086 49
1781251871595 1.9866350889205933 50
1781251876168 1.9866256713867188 51
1781251880392 1.903225302696228 52
1781251884372 1.9015367031097412 53
1781251888248 1.2500600814819336 54
1781251892227 1.199859857559204 55
1781251896131 1.1946276426315308 56
1781251899952 1.033701777458191 57
1781251903720 1.0056662559509277 58
1781251908236 0.9757170081138611 59
1781251912423 0.9729317426681519 60
1781251916292 0.9360133409500122 61
1781251920257 0.9321538209915161 62
1781251924212 0.8467113971710205 63
1781251928104 0.8459455966949463 64
1781251932100 0.7370067834854126 65
1781251936036 0.7362684011459351 66
1781251939996 0.7286033630371094 67
1781251943911 0.7245539426803589 68
1781251948167 0.682350754737854 69
1781251952668 0.6717944145202637 70
1781251956683 0.6297612190246582 71
1781251960789 0.6294083595275879 72
1781251965083 0.6293801665306091 73
1781251969764 0.5299340486526489 74
1781251973992 0.5098357200622559 75
1781251977976 0.4811278283596039 76
1781251981900 0.47346895933151245 77
1781251986208 0.46799856424331665 78
1781251990656 0.46510612964630127 79
1781251995556 0.4601733684539795 80
1781251999672 0.4080572724342346 81
1781252003764 0.3997477889060974 82
1781252007888 0.39840298891067505 83
1781252012376 0.38483893871307373 84
1781252016888 0.38475704193115234 85
1781252020844 0.38455891609191895 86
1781252024952 0.3796452283859253 87
1781252029236 0.3667420446872711 88
1781252033900 0.36586853861808777 89
1781252038288 0.3474918305873871 90
1781252042712 0.34650367498397827 91
1781252046940 0.34452497959136963 92
1781252050876 0.3396350145339966 93
1781252055267 0.3105410635471344 94
1781252059332 0.28345727920532227 95
1781252063508 0.2827521562576294 96
1781252067676 0.2806691527366638 97
1781252071971 0.27974337339401245 98
1781252076500 0.27406519651412964 99
1781252080596 0.27389761805534363 100
1781252084948 0.27118977904319763 101
1781252089200 0.27085286378860474 102
1781252093464 0.2697930932044983 103
1781252097776 0.22774824500083923 104
1781252101856 0.22684884071350098 105
1781252105889 0.22515323758125305 106
1781252110040 0.2129635214805603 107
1781252114308 0.20922599732875824 108
1781252118308 0.2086956799030304 109
1781252122408 0.18809834122657776 110
1781252126556 0.1864335685968399 111
1781252130592 0.17146536707878113 112
1781252134724 0.1683613806962967 113
1781252138631 0.15133075416088104 114
1781252142600 0.15132486820220947 115
1781252146708 0.1328749656677246 116
1781252150744 0.13253739476203918 117
1781252154692 0.1320033073425293 118
1781252158736 0.12944050133228302 119
1781252162912 0.12917488813400269 120
1781252167132 0.12911589443683624 121
1781252171224 0.1286599040031433 122
1781252175288 0.12737295031547546 123
1781252179340 0.1267978399991989 124
1781252183400 0.12610149383544922 125
1781252187416 0.12567833065986633 126
1781252191460 0.12567640841007233 127
1781252195573 0.12073412537574768 128
1781252199576 0.09876898676156998 129
1781252203640 0.0976332277059555 130
1781252207721 0.0974382609128952 131
1781252211780 0.0908367782831192 132
1781252215860 0.08968666940927505 133
1781252220112 0.08076918125152588 134
1781252224443 0.08063358068466187 135
1781252228888 0.0802769586443901 136
1781252233600 0.07547686994075775 137
1781252237580 0.0715247243642807 138
1781252241516 0.0685528963804245 139
1781252245628 0.06851430237293243 140
1781252249639 0.06831468641757965 141
1781252253766 0.06634238362312317 142
1781252257904 0.06513404846191406 143
1781252262068 0.05802008882164955 144
1781252266184 0.05786865949630737 145
1781252270132 0.05134113132953644 146
1781252274224 0.05105538293719292 147
1781252278244 0.05068699270486832 148
1781252282176 0.05056283250451088 149
1781252286156 0.05021311342716217 150
1781252290292 0.04777684062719345 151
1781252294344 0.04596177488565445 152
1781252298340 0.04592490196228027 153
1781252302272 0.04574840888381004 154
1781252306397 0.044279128313064575 155
1781252310356 0.044275444000959396 156
1781252314564 0.03810795769095421 157
1781252318628 0.038017477840185165 158
1781252322672 0.03670571744441986 159
1781252326881 0.03531289100646973 160
1781252330938 0.035250015556812286 161
1781252335148 0.03515530377626419 162
1781252339180 0.03497813642024994 163
1781252343448 0.03492531180381775 164
1781252347860 0.029758606106042862 165
1781252352177 0.0296463705599308 166
1781252356588 0.02921198680996895 167
1781252361223 0.028922773897647858 168
1781252365693 0.028724705800414085 169
1781252370160 0.02308092825114727 170
1781252374839 0.02279800735414028 171
1781252379408 0.01920931413769722 172
1781252383828 0.015794526785612106 173
1781252387988 0.015666844323277473 174
1781252392436 0.015560893341898918 175
1781252396589 0.015256146900355816 176
1781252401077 0.015192359685897827 177
1781252405188 0.013304817490279675 178
1781252409403 0.012472525238990784 179
1781252413544 0.012061543762683868 180
1781252417637 0.011338602751493454 181
1781252421768 0.011300298385322094 182
1781252426161 0.011269276030361652 183
1781252430780 0.010802359320223331 184
1781252435527 0.010393405333161354 185
1781252439841 0.009629510343074799 186
1781252443961 0.00962953269481659 187
1781252448208 0.009360016323626041 188
1781252452520 0.009358841925859451 189
1781252456805 0.009354570880532265 190
1781252461192 0.008740190416574478 191
1781252465825 0.008725922554731369 192
1781252470029 0.0074084121733903885 193
1781252474421 0.00565621443092823 194
1781252478521 0.005649627652019262 195
1781252483076 0.005234644282609224 196
1781252487194 0.004526490345597267 197
1781252491700 0.0044722165912389755 198
1781252495947 0.004468084778636694 199
1781252499972 0.004461272619664669 200
1781252504057 0.004456071648746729 201
1781252508296 0.00445218663662672 202
1781252512495 0.003845576662570238 203
1781252517189 0.003662330098450184 204
1781252521603 0.003661645110696554 205
1781252525904 0.00363913900218904 206
1781252530072 0.0036371080204844475 207
1781252534397 0.003601201344281435 208
1781252538620 0.0035934550687670708 209
1781252542940 0.0034199305810034275 210
1781252547449 0.003370611695572734 211
1781252551640 0.00333091476932168 212
1781252555872 0.002404823899269104 213
1781252560092 0.0024032352957874537 214
1781252564409 0.0023982140701264143 215
1781252568728 0.0012466645566746593 216
1781252572925 0.0012448858469724655 217
1781252577440 0.0012058489955961704 218
1781252581961 0.001190185546875 219
1781252586418 0.0011431672610342503 220
1781252590668 0.000985903898254037 221
1781252594997 0.0009503336623311043 222
1781252599205 0.0009150755940936506 223
1781252603663 0.0009149961406365037 224
1781252608341 0.0009139976464211941 225
1781252613060 0.00091268599499017 226
1781252617829 0.000881959917023778 227
1781252622735 0.000866284710355103 228
1781252627389 0.0007716480176895857 229
1781252632025 0.0007577476790174842 230
1781252636492 0.0007535245385952294 231
1781252640849 0.0007520306389778852 232
1781252645548 0.0007409307290799916 233
1781252649756 0.0007406199583783746 234
1781252654085 0.0007396457949653268 235
1781252658380 0.0007369720842689276 236
1781252663065 0.0006795983063057065 237
1781252667458 0.0006691315211355686 238
1781252671817 0.0006524822092615068 239
1781252676371 0.0006524530472233891 240
