1781251672680 18.60288429260254 1
1781251676947 17.200244903564453 2
1781251680882 16.41364097595215 3
1781251684782 15.787994384765625 4
1781251688758 15.307221412658691 5
1781251692711 14.926790237426758 6
1781251696579 14.586922645568848 7
1781251700574 14.304059982299805 8
1781251704487 13.99022102355957 9
1781251708719 13.719654083251953 10
1781251712842 13.465746879577637 11
1781251716867 13.247264862060547 12
1781251720823 13.033794403076172 13
1781251724615 12.820168495178223 14
1781251728918 12.638093948364258 15
1781251732890 12.445428848266602 16
1781251736880 12.263315200805664 17
1781251741507 12.111628532409668 18
1781251745572 11.950871467590332 19
1781251749383 11.801334381103516 20
1781251753463 11.660062789916992 21
1781251757587 11.526397705078125 22
1781251761388 11.394527435302734 23
1781251765623 11.274067878723145 24
1781251770183 11.146132469177246 25
1781251774463 11.023667335510254 26
1781251778231 10.899552345275879 27
1781251782020 10.777374267578125 28
1781251786063 10.666933059692383 29
1781251790019 10.5509672164917 30
1781251793824 10.432531356811523 31
1781251797691 10.327001571655273 32
1781251801878 10.218944549560547 33
1781251806076 10.113895416259766 34
1781251809948 10.023001670837402 35
1781251814024 9.926702499389648 36
1781251818264 9.831624031066895 37
1781251822203 9.74081802368164 38
1781251826000 9.650848388671875 39
1781251830523 9.559435844421387 40
1781251834686 9.46706485748291 41
1781251838719 9.382389068603516 42
1781251843047 9.293255805969238 43
1781251847319 9.214630126953125 44
1781251851290 9.132474899291992 45
1781251855566 9.052148818969727 46
1781251859651 8.968768119812012 47
1781251863652 8.89150333404541 48
1781251867678 8.809765815734863 49
1781251871599 8.731120109558105 50
1781251876172 8.65424633026123 51
1781251880396 8.57945442199707 52
1781251884376 8.508063316345215 53
1781251888252 8.432862281799316 54
1781251892231 8.361973762512207 55
1781251896136 8.292187690734863 56
1781251899956 8.225152015686035 57
1781251903724 8.159276008605957 58
1781251908240 8.093334197998047 59
1781251912427 8.03128433227539 60
1781251916296 7.96544075012207 61
1781251920261 7.901445388793945 62
1781251924216 7.839658260345459 63
1781251928108 7.775144577026367 64
1781251932104 7.7118377685546875 65
1781251936039 7.648200511932373 66
1781251940000 7.584173679351807 67
1781251943915 7.5215582847595215 68
1781251948171 7.456596374511719 69
1781251952672 7.396708011627197 70
1781251956686 7.3351969718933105 71
1781251960799 7.2779436111450195 72
1781251965086 7.2209391593933105 73
1781251969768 7.161661148071289 74
1781251973996 7.104276657104492 75
1781251977980 7.046862602233887 76
1781251981904 6.993015766143799 77
1781251986212 6.938069820404053 78
1781251990659 6.882147789001465 79
1781251995559 6.824682712554932 80
1781251999676 6.769476890563965 81
1781252003768 6.714783668518066 82
1781252007892 6.659680366516113 83
1781252012380 6.605628490447998 84
1781252016892 6.548670291900635 85
1781252020848 6.495497703552246 86
1781252024957 6.443308353424072 87
1781252029240 6.392202377319336 88
1781252033904 6.341656684875488 89
1781252038292 6.290994167327881 90
1781252042716 6.240784645080566 91
1781252046944 6.193951606750488 92
1781252050880 6.146729469299316 93
1781252055270 6.09816312789917 94
1781252059336 6.04849910736084 95
1781252063512 6.001321315765381 96
1781252067680 5.952821731567383 97
1781252071974 5.90437126159668 98
1781252076504 5.856843948364258 99
1781252080600 5.811870098114014 100
1781252084952 5.766357421875 101
1781252089204 5.721376895904541 102
1781252093468 5.676483154296875 103
1781252097780 5.629889965057373 104
1781252101861 5.585639476776123 105
1781252105893 5.539841651916504 106
1781252110043 5.4960174560546875 107
1781252114312 5.450268268585205 108
1781252118312 5.406180381774902 109
1781252122412 5.360424518585205 110
1781252126560 5.317583084106445 111
1781252130596 5.274416923522949 112
1781252134728 5.229376316070557 113
1781252138635 5.1850457191467285 114
1781252142604 5.142167568206787 115
1781252146712 5.100037574768066 116
1781252150748 5.055273532867432 117
1781252154696 5.012636184692383 118
1781252158740 4.968729496002197 119
1781252162916 4.924781322479248 120
1781252167136 4.882590293884277 121
1781252171228 4.840182304382324 122
1781252175292 4.795353412628174 123
1781252179344 4.751916408538818 124
1781252183404 4.711005687713623 125
1781252187422 4.669151782989502 126
1781252191465 4.628784656524658 127
1781252195578 4.588720798492432 128
1781252199580 4.54640007019043 129
1781252203643 4.506677150726318 130
1781252207725 4.468338489532471 131
1781252211784 4.428713798522949 132
1781252215865 4.38835334777832 133
1781252220116 4.34917688369751 134
1781252224447 4.309518337249756 135
1781252228898 4.267601013183594 136
1781252233604 4.228474140167236 137
1781252237584 4.187100410461426 138
1781252241520 4.145753860473633 139
1781252245631 4.106060981750488 140
1781252249642 4.063019275665283 141
1781252253769 4.023846626281738 142
1781252257908 3.9845407009124756 143
1781252262072 3.943692922592163 144
1781252266188 3.904972791671753 145
1781252270135 3.8637003898620605 146
1781252274228 3.8224782943725586 147
1781252278248 3.783479928970337 148
1781252282181 3.7452552318573 149
1781252286160 3.7072434425354004 150
1781252290296 3.6690642833709717 151
1781252294348 3.6290252208709717 152
1781252298344 3.5888400077819824 153
1781252302276 3.5501480102539062 154
1781252306401 3.5136606693267822 155
1781252310360 3.4756102561950684 156
1781252314569 3.437725305557251 157
1781252318632 3.3985581398010254 158
1781252322676 3.3602375984191895 159
1781252326885 3.3212473392486572 160
1781252330943 3.2838475704193115 161
1781252335153 3.244363307952881 162
1781252339185 3.2048065662384033 163
1781252343452 3.1668386459350586 164
1781252347864 3.128141164779663 165
1781252352181 3.087860345840454 166
1781252356592 3.050873279571533 167
1781252361227 3.010460138320923 168
1781252365697 2.972827196121216 169
1781252370164 2.9326767921447754 170
1781252374842 2.8946280479431152 171
1781252379412 2.854253053665161 172
1781252383832 2.816620111465454 173
1781252387992 2.779688835144043 174
1781252392440 2.7428808212280273 175
1781252396593 2.7040343284606934 176
1781252401081 2.6649231910705566 177
1781252405193 2.6259984970092773 178
1781252409407 2.588658332824707 179
1781252413548 2.5503575801849365 180
1781252417641 2.5109379291534424 181
1781252421771 2.4720683097839355 182
1781252426165 2.4329676628112793 183
1781252430785 2.3909616470336914 184
1781252435531 2.3527894020080566 185
1781252439845 2.314629554748535 186
1781252443965 2.2729296684265137 187
1781252448212 2.235198497772217 188
1781252452524 2.194556713104248 189
1781252456809 2.1556410789489746 190
1781252461197 2.116586446762085 191
1781252465829 2.0775132179260254 192
1781252470033 2.0354678630828857 193
1781252474425 1.996785283088684 194
1781252478524 1.9568949937820435 195
1781252483080 1.9149184226989746 196
1781252487198 1.873252511024475 197
1781252491704 1.8320972919464111 198
1781252495951 1.7919151782989502 199
1781252499976 1.7478785514831543 200
1781252504061 1.7118885517120361 201
1781252508300 1.6742217540740967 202
1781252512498 1.636779546737671 203
1781252517193 1.5997543334960938 204
1781252521608 1.5613327026367188 205
1781252525908 1.5195846557617188 206
1781252530075 1.4813436269760132 207
1781252534401 1.4379615783691406 208
1781252538624 1.398535132408142 209
1781252542945 1.3548433780670166 210
1781252547453 1.317739725112915 211
1781252551647 1.280084490776062 212
1781252555876 1.2374157905578613 213
1781252560095 1.196736216545105 214
1781252564413 1.153100848197937 215
1781252568732 1.111648440361023 216
1781252572929 1.0707166194915771 217
1781252577444 1.0234506130218506 218
1781252581965 0.9759816527366638 219
1781252586423 0.9302118420600891 220
1781252590672 0.8877773284912109 221
1781252595001 0.8438004851341248 222
1781252599209 0.8014482855796814 223
1781252603666 0.7600327730178833 224
1781252608345 0.7099810242652893 225
1781252613063 0.6584290862083435 226
1781252617833 0.6145440936088562 227
1781252622738 0.5692344903945923 228
1781252627393 0.5249617099761963 229
1781252632029 0.4722140431404114 230
1781252636496 0.4275558590888977 231
1781252640853 0.3735883831977844 232
1781252645552 0.3230498433113098 233
1781252649760 0.27008339762687683 234
1781252654089 0.2273682951927185 235
1781252658384 0.16910676658153534 236
1781252663069 0.09334137290716171 237
1781252667463 0.06105080619454384 238
1781252671821 0.027072032913565636 239
1781252676375 0.027098454535007477 240
