1781251672679 243.36013793945312 1
1781251676946 220.4486083984375 2
1781251680881 203.86981201171875 3
1781251684781 190.44886779785156 4
1781251688757 183.4039306640625 5
1781251692710 176.8743896484375 6
1781251696578 170.64573669433594 7
1781251700573 168.92767333984375 8
1781251704486 163.8954620361328 9
1781251708718 156.6060333251953 10
1781251712840 150.54421997070312 11
1781251716866 148.07827758789062 12
1781251720821 143.62936401367188 13
1781251724614 143.35391235351562 14
1781251728917 139.69134521484375 15
1781251732889 134.71266174316406 16
1781251736878 131.12393188476562 17
1781251741506 129.07977294921875 18
1781251745570 128.57485961914062 19
1781251749382 124.76057434082031 20
1781251753462 124.1588363647461 21
1781251757586 123.0586166381836 22
1781251761387 120.46944427490234 23
1781251765622 119.9774398803711 24
1781251770182 117.85960388183594 25
1781251774462 113.9930419921875 26
1781251778230 113.07637023925781 27
1781251782019 112.18049621582031 28
1781251786062 107.89118957519531 29
1781251790017 106.431640625 30
1781251793823 104.86164855957031 31
1781251797690 104.10203552246094 32
1781251801877 101.40614318847656 33
1781251806074 99.70120239257812 34
1781251809946 98.599609375 35
1781251814022 97.32298278808594 36
1781251818262 96.1094741821289 37
1781251822202 93.66419219970703 38
1781251825998 93.1163558959961 39
1781251830522 91.58543395996094 40
1781251834685 90.36846923828125 41
1781251838718 89.50537109375 42
1781251843046 87.53804016113281 43
1781251847318 86.4242935180664 44
1781251851289 85.6230239868164 45
1781251855565 84.92652893066406 46
1781251859650 83.15811157226562 47
1781251863650 82.32113647460938 48
1781251867677 81.09001922607422 49
1781251871598 80.216064453125 50
1781251876171 79.83558654785156 51
1781251880395 78.97799682617188 52
1781251884374 77.04852294921875 53
1781251888250 76.02838897705078 54
1781251892230 75.00880432128906 55
1781251896134 73.5123291015625 56
1781251899955 72.52059173583984 57
1781251903723 71.51411437988281 58
1781251908238 71.50517272949219 59
1781251912426 70.77650451660156 60
1781251916294 69.5564193725586 61
1781251920260 68.33177185058594 62
1781251924215 67.05253601074219 63
1781251928106 66.51138305664062 64
1781251932103 65.36708068847656 65
1781251936038 64.45348358154297 66
1781251939999 63.72102355957031 67
1781251943914 63.02783966064453 68
1781251948170 62.62874221801758 69
1781251952671 62.20581817626953 70
1781251956685 61.237953186035156 71
1781251960798 60.415245056152344 72
1781251965085 59.91841506958008 73
1781251969767 58.86294937133789 74
1781251973995 58.564247131347656 75
1781251977978 57.67511749267578 76
1781251981903 56.74603271484375 77
1781251986210 56.147857666015625 78
1781251990658 55.581207275390625 79
1781251995558 55.07513427734375 80
1781251999674 54.05897903442383 81
1781252003766 53.91180419921875 82
1781252007891 53.366939544677734 83
1781252012378 52.55027389526367 84
1781252016891 51.90715789794922 85
1781252020847 51.50524139404297 86
1781252024956 50.857627868652344 87
1781252029239 50.43256378173828 88
1781252033903 50.046966552734375 89
1781252038291 48.85021209716797 90
1781252042714 47.97125244140625 91
1781252046943 47.20759582519531 92
1781252050879 46.99370574951172 93
1781252055269 46.09137725830078 94
1781252059335 45.175537109375 95
1781252063510 45.005645751953125 96
1781252067679 44.42143249511719 97
1781252071973 43.85533142089844 98
1781252076503 43.08552551269531 99
1781252080599 42.40944290161133 100
1781252084951 42.340511322021484 101
1781252089203 41.47727966308594 102
1781252093467 41.116432189941406 103
1781252097779 40.89674377441406 104
1781252101860 40.32612228393555 105
1781252105891 40.02988815307617 106
1781252110042 39.36711120605469 107
1781252114311 38.05876159667969 108
1781252118311 37.782005310058594 109
1781252122411 37.47222900390625 110
1781252126558 36.295833587646484 111
1781252130595 35.81511306762695 112
1781252134726 35.082550048828125 113
1781252138634 34.80394744873047 114
1781252142603 33.864898681640625 115
1781252146711 33.282772064208984 116
1781252150747 32.730682373046875 117
1781252154695 32.35360336303711 118
1781252158739 32.31871032714844 119
1781252162915 31.77237892150879 120
1781252167135 31.02060317993164 121
1781252171227 30.923368453979492 122
1781252175291 30.29617691040039 123
1781252179343 30.022781372070312 124
1781252183403 29.608631134033203 125
1781252187420 29.363069534301758 126
1781252191463 29.115081787109375 127
1781252195577 29.03280258178711 128
1781252199579 28.437408447265625 129
1781252203642 28.362319946289062 130
1781252207724 27.545568466186523 131
1781252211783 26.951892852783203 132
1781252215863 26.61199188232422 133
1781252220115 26.586227416992188 134
1781252224446 26.304080963134766 135
1781252228897 25.629669189453125 136
1781252233603 25.226871490478516 137
1781252237583 24.615663528442383 138
1781252241519 24.47423553466797 139
1781252245630 23.98019790649414 140
1781252249641 23.393293380737305 141
1781252253768 23.221324920654297 142
1781252257907 22.427860260009766 143
1781252262071 22.282760620117188 144
1781252266187 21.637678146362305 145
1781252270134 21.17581558227539 146
1781252274227 20.6320743560791 147
1781252278246 19.570926666259766 148
1781252282180 18.997251510620117 149
1781252286159 18.407546997070312 150
1781252290295 17.88943099975586 151
1781252294347 17.417627334594727 152
1781252298343 16.25400161743164 153
1781252302274 15.888168334960938 154
1781252306400 15.684293746948242 155
1781252310359 15.226018905639648 156
1781252314568 14.45838451385498 157
1781252318630 12.8854341506958 158
1781252322675 12.178899765014648 159
1781252326883 11.829066276550293 160
1781252330941 10.746474266052246 161
1781252335152 10.527332305908203 162
1781252339183 10.232114791870117 163
1781252343451 10.150936126708984 164
1781252347863 9.727367401123047 165
1781252352180 9.273719787597656 166
1781252356590 9.089406967163086 167
1781252361226 8.826763153076172 168
1781252365695 8.512182235717773 169
1781252370163 8.268533706665039 170
1781252374841 7.886041641235352 171
1781252379411 7.376171112060547 172
1781252383831 6.924704551696777 173
1781252387991 6.869267463684082 174
1781252392439 6.2698259353637695 175
1781252396592 6.180403232574463 176
1781252401079 5.84919548034668 177
1781252405191 5.774049282073975 178
1781252409406 5.65016508102417 179
1781252413547 5.4864501953125 180
1781252417640 5.155982971191406 181
1781252421770 4.622669219970703 182
1781252426163 4.317229270935059 183
1781252430783 3.9894518852233887 184
1781252435529 3.682539224624634 185
1781252439844 3.517007350921631 186
1781252443964 3.425950288772583 187
1781252448211 3.356825828552246 188
1781252452523 3.2057650089263916 189
1781252456808 3.1501643657684326 190
1781252461195 2.6684799194335938 191
1781252465827 2.4586310386657715 192
1781252470032 2.2854084968566895 193
1781252474424 2.1888575553894043 194
1781252478523 1.9916152954101562 195
1781252483079 1.7540977001190186 196
1781252487197 1.6365246772766113 197
1781252491703 1.4632453918457031 198
1781252495949 1.3900208473205566 199
1781252499975 1.3134956359863281 200
1781252504060 1.1867787837982178 201
1781252508298 1.1304545402526855 202
1781252512497 1.0879666805267334 203
1781252517192 1.0615718364715576 204
1781252521605 0.933728039264679 205
1781252525906 0.8570091724395752 206
1781252530074 0.8012911081314087 207
1781252534400 0.7410778999328613 208
1781252538623 0.7132436037063599 209
1781252542943 0.6713711619377136 210
1781252547451 0.6187905073165894 211
1781252551646 0.5459628105163574 212
1781252555875 0.4979744553565979 213
1781252560094 0.4441510736942291 214
1781252564411 0.4206382632255554 215
1781252568730 0.38287225365638733 216
1781252572928 0.3678331971168518 217
1781252577443 0.3211953639984131 218
1781252581964 0.2883358597755432 219
1781252586421 0.2511473298072815 220
1781252590671 0.22166109085083008 221
1781252594999 0.20090976357460022 222
1781252599208 0.17954491078853607 223
1781252603665 0.16629308462142944 224
1781252608344 0.1438502073287964 225
1781252613062 0.11062949150800705 226
1781252617831 0.10011032223701477 227
1781252622737 0.08299413323402405 228
1781252627391 0.06878018379211426 229
1781252632027 0.05767899751663208 230
1781252636495 0.04535688832402229 231
1781252640852 0.03390008583664894 232
1781252645550 0.024532940238714218 233
1781252649759 0.015058612450957298 234
1781252654088 0.007858430966734886 235
1781252658383 0.0044027226977050304 236
1781252663067 0.0015217241598293185 237
1781252667462 0.0009486274793744087 238
1781252671820 0.0007330026710405946 239
1781252676373 0.0007340292213484645 240
