1781251672693 0.09932306408882141 1
1781251676960 0.09136036038398743 2
1781251680894 0.08301329612731934 3
1781251684795 0.08377964794635773 4
1781251688771 0.07869894802570343 5
1781251692724 0.07671990245580673 6
1781251696593 0.07656468451023102 7
1781251700587 0.07501332461833954 8
1781251704500 0.0715688169002533 9
1781251708732 0.06990879774093628 10
1781251712854 0.06888803094625473 11
1781251716880 0.06827326864004135 12
1781251720836 0.06759743392467499 13
1781251724629 0.06535018980503082 14
1781251728946 0.06492191553115845 15
1781251732903 0.0642472580075264 16
1781251736893 0.06362979859113693 17
1781251741521 0.06251747906208038 18
1781251745585 0.06112372875213623 19
1781251749396 0.06013691797852516 20
1781251753482 0.05960213765501976 21
1781251757600 0.05936269462108612 22
1781251761402 0.058651410043239594 23
1781251765636 0.058543093502521515 24
1781251770196 0.058232247829437256 25
1781251774476 0.05755149945616722 26
1781251778244 0.057443466037511826 27
1781251782033 0.05699123442173004 28
1781251786076 0.05679141357541084 29
1781251790032 0.0565737821161747 30
1781251793847 0.0562591589987278 31
1781251797704 0.0557185597717762 32
1781251801906 0.054492440074682236 33
1781251806088 0.05424386262893677 34
1781251809961 0.053703080862760544 35
1781251814036 0.05304977297782898 36
1781251818277 0.052595313638448715 37
1781251822216 0.05264849588274956 38
1781251826013 0.05266990140080452 39
1781251830536 0.05259943753480911 40
1781251834699 0.05233393609523773 41
1781251838732 0.052214186638593674 42
1781251843060 0.051755428314208984 43
1781251847332 0.05116758495569229 44
1781251851318 0.050842516124248505 45
1781251855610 0.05051138252019882 46
1781251859664 0.05024152621626854 47
1781251863665 0.04997960850596428 48
1781251867691 0.04972955584526062 49
1781251871612 0.049657151103019714 50
1781251876186 0.049174707382917404 51
1781251880409 0.04899447783827782 52
1781251884389 0.0488872230052948 53
1781251888265 0.048520103096961975 54
1781251892245 0.04841240495443344 55
1781251896149 0.048209432512521744 56
1781251899969 0.048105619847774506 57
1781251903737 0.047842204570770264 58
1781251908253 0.04760923609137535 59
1781251912440 0.04737359657883644 60
1781251916309 0.047230709344148636 61
1781251920274 0.04701603949069977 62
1781251924229 0.04686539247632027 63
1781251928121 0.04672270268201828 64
1781251932117 0.0465572290122509 65
1781251936052 0.046384960412979126 66
1781251940016 0.046303533017635345 67
1781251943929 0.04608708247542381 68
1781251948195 0.04592159762978554 69
1781251952686 0.04559553787112236 70
1781251956715 0.04529586806893349 71
1781251960812 0.04505983367562294 72
1781251965114 0.04481910169124603 73
1781251969781 0.04465469717979431 74
1781251974009 0.044451162219047546 75
1781251977993 0.04435768723487854 76
1781251981918 0.04418453946709633 77
1781251986225 0.04405764117836952 78
1781251990673 0.043848320841789246 79
1781251995572 0.043801743537187576 80
1781251999689 0.04366394504904747 81
1781252003781 0.043536603450775146 82
1781252007905 0.04338734224438667 83
1781252012393 0.043081577867269516 84
1781252016905 0.043033841997385025 85
1781252020861 0.04299578443169594 86
1781252024970 0.04281594604253769 87
1781252029253 0.04267940670251846 88
1781252033917 0.042542628943920135 89
1781252038306 0.042348094284534454 90
1781252042728 0.04219001159071922 91
1781252046957 0.04201442003250122 92
1781252050893 0.04179440811276436 93
1781252055298 0.04167482256889343 94
1781252059350 0.041513651609420776 95
1781252063525 0.0413799025118351 96
1781252067694 0.041291963309049606 97
1781252072002 0.04105706512928009 98
1781252076517 0.040888525545597076 99
1781252080613 0.04069967567920685 100
1781252084965 0.04058193787932396 101
1781252089217 0.040328171104192734 102
1781252093481 0.0401543490588665 103
1781252097793 0.04008282348513603 104
1781252101875 0.03991341590881348 105
1781252105908 0.039812710136175156 106
1781252110056 0.03963756188750267 107
1781252114325 0.03948722779750824 108
1781252118341 0.03936847299337387 109
1781252122425 0.039238087832927704 110
1781252126573 0.03909647837281227 111
1781252130609 0.03897688537836075 112
1781252134741 0.038893695920705795 113
1781252138648 0.038686688989400864 114
1781252142633 0.03855932876467705 115
1781252146725 0.038454893976449966 116
1781252150761 0.03815207630395889 117
1781252154709 0.03796875849366188 118
1781252158753 0.037813592702150345 119
1781252162929 0.037583187222480774 120
1781252167149 0.03747649863362312 121
1781252171241 0.037389349192380905 122
1781252175305 0.037282660603523254 123
1781252179357 0.037178054451942444 124
1781252183417 0.037002209573984146 125
1781252187435 0.03686893731355667 126
1781252191478 0.03670189529657364 127
1781252195594 0.036478910595178604 128
1781252199594 0.03637312725186348 129
1781252203656 0.03620249032974243 130
1781252207738 0.03597879782319069 131
1781252211798 0.03580566123127937 132
1781252215878 0.03569016605615616 133
1781252220130 0.03557836264371872 134
1781252224460 0.0353902131319046 135
1781252228910 0.03526505455374718 136
1781252233617 0.03508509695529938 137
1781252237597 0.0349709577858448 138
1781252241533 0.034735437482595444 139
1781252245645 0.03458327427506447 140
1781252249655 0.03447296842932701 141
1781252253783 0.03423907607793808 142
1781252257921 0.03407565876841545 143
1781252262085 0.03388197347521782 144
1781252266202 0.033773813396692276 145
1781252270148 0.033665113151073456 146
1781252274242 0.03352297097444534 147
1781252278261 0.033292729407548904 148
1781252282194 0.03316111117601395 149
1781252286173 0.03292229026556015 150
1781252290309 0.03272135928273201 151
1781252294362 0.03251056373119354 152
1781252298357 0.032464560121297836 153
1781252302289 0.03231930732727051 154
1781252306414 0.03211689740419388 155
1781252310373 0.031824707984924316 156
1781252314582 0.03161785751581192 157
1781252318645 0.03152376413345337 158
1781252322693 0.031341273337602615 159
1781252326898 0.031157562509179115 160
1781252330956 0.031000830233097076 161
1781252335166 0.030711324885487556 162
1781252339198 0.030591368675231934 163
1781252343465 0.030328016728162766 164
1781252347878 0.030109956860542297 165
1781252352194 0.030007001012563705 166
1781252356603 0.02983841858804226 167
1781252361240 0.029711997136473656 168
1781252365710 0.029589325189590454 169
1781252370177 0.029415220022201538 170
1781252374870 0.029276983812451363 171
1781252379426 0.029161522164940834 172
1781252383845 0.029004307463765144 173
1781252388005 0.028884494677186012 174
1781252392462 0.02860204316675663 175
1781252396607 0.028431013226509094 176
1781252401095 0.028156938031315804 177
1781252405206 0.02786306105554104 178
1781252409420 0.027433117851614952 179
1781252413560 0.02723279595375061 180
1781252417654 0.027066435664892197 181
1781252421784 0.026807423681020737 182
1781252426178 0.026618260890245438 183
1781252430798 0.026375824585556984 184
1781252435554 0.026119129732251167 185
1781252439858 0.025881733745336533 186
1781252443978 0.0255449078977108 187
1781252448226 0.02542845346033573 188
1781252452537 0.025273138657212257 189
1781252456822 0.025077393278479576 190
1781252461210 0.024825647473335266 191
1781252465842 0.024381697177886963 192
1781252470046 0.024291660636663437 193
1781252474438 0.024030663073062897 194
1781252478537 0.02367251180112362 195
1781252483093 0.02333228662610054 196
1781252487211 0.023096634075045586 197
1781252491717 0.0229234267026186 198
1781252495979 0.02257872186601162 199
1781252499989 0.022423412650823593 200
1781252504074 0.022027598693966866 201
1781252508312 0.021773945540189743 202
1781252512526 0.021449366584420204 203
1781252517208 0.021087966859340668 204
1781252521621 0.0206033606082201 205
1781252525921 0.020407887175679207 206
1781252530087 0.020037928596138954 207
1781252534414 0.019930658861994743 208
1781252538637 0.019556228071451187 209
1781252542958 0.01935892552137375 210
1781252547467 0.019033249467611313 211
1781252551660 0.018492091447114944 212
1781252555890 0.018265167251229286 213
1781252560109 0.017958899959921837 214
1781252564426 0.017760777845978737 215
1781252568745 0.017353786155581474 216
1781252572942 0.01689773052930832 217
1781252577457 0.016654541715979576 218
1781252581978 0.016390608623623848 219
1781252586436 0.015955470502376556 220
1781252590685 0.01536913588643074 221
1781252595014 0.014958623796701431 222
1781252599222 0.014288922771811485 223
1781252603694 0.013588087633252144 224
1781252608358 0.012985572218894958 225
1781252613075 0.012702537700533867 226
1781252617846 0.012043035589158535 227
1781252622774 0.011702744290232658 228
1781252627406 0.011059912852942944 229
1781252632042 0.010451411828398705 230
1781252636509 0.00854642316699028 231
1781252640867 0.0076521821320056915 232
1781252645564 0.006678574252873659 233
1781252649773 0.005719493143260479 234
1781252654102 0.003529828740283847 235
1781252658410 0.0024764221161603928 236
1781252663082 0.0016241299454122782 237
1781252667476 0.0014761625789105892 238
1781252671834 7.69685016166477e-07 239
1781252676402 7.690885581723705e-07 240
