1781251672678 9195.830078125 1
1781251676944 3253.6767578125 2
1781251680880 2504.26708984375 3
1781251684779 2330.342529296875 4
1781251688756 2086.554931640625 5
1781251692708 1464.143310546875 6
1781251696576 1229.315673828125 7
1781251700572 1055.2864990234375 8
1781251704484 960.2112426757812 9
1781251708716 912.4756469726562 10
1781251712839 825.4268188476562 11
1781251716864 772.5726928710938 12
1781251720820 609.8466186523438 13
1781251724613 604.310791015625 14
1781251728916 572.9050903320312 15
1781251732888 537.9963989257812 16
1781251736877 526.995849609375 17
1781251741505 465.7911376953125 18
1781251745568 465.6702880859375 19
1781251749380 417.8246154785156 20
1781251753460 387.5257263183594 21
1781251757584 381.6959228515625 22
1781251761381 351.5087890625 23
1781251765621 351.30584716796875 24
1781251770181 346.9490966796875 25
1781251774460 308.87261962890625 26
1781251778229 297.48480224609375 27
1781251782016 288.1839294433594 28
1781251786061 273.09722900390625 29
1781251790016 269.2807312011719 30
1781251793822 265.8305358886719 31
1781251797689 258.82379150390625 32
1781251801876 249.98526000976562 33
1781251806073 243.9345703125 34
1781251809945 230.68856811523438 35
1781251814021 228.5598907470703 36
1781251818261 227.3733367919922 37
1781251822201 206.05911254882812 38
1781251825997 204.50595092773438 39
1781251830520 204.49270629882812 40
1781251834684 198.4261474609375 41
1781251838712 193.90310668945312 42
1781251843045 192.81761169433594 43
1781251847317 177.39170837402344 44
1781251851288 171.2296905517578 45
1781251855564 170.15859985351562 46
1781251859649 169.92172241210938 47
1781251863649 169.19772338867188 48
1781251867676 168.1783447265625 49
1781251871597 164.50747680664062 50
1781251876169 158.23712158203125 51
1781251880393 158.22996520996094 52
1781251884373 157.90127563476562 53
1781251888249 156.04039001464844 54
1781251892229 152.95285034179688 55
1781251896133 152.88348388671875 56
1781251899953 152.22674560546875 57
1781251903721 129.4878387451172 58
1781251908237 121.07809448242188 59
1781251912425 114.23725891113281 60
1781251916293 113.98516082763672 61
1781251920258 113.88822937011719 62
1781251924213 109.9488525390625 63
1781251928105 109.02153778076172 64
1781251932101 108.75086975097656 65
1781251936037 107.28219604492188 66
1781251939998 105.5594253540039 67
1781251943913 102.25082397460938 68
1781251948168 102.2327880859375 69
1781251952670 98.72233581542969 70
1781251956684 96.28028869628906 71
1781251960796 95.33975219726562 72
1781251965084 94.40640258789062 73
1781251969765 94.28509521484375 74
1781251973993 94.13529968261719 75
1781251977977 92.18059539794922 76
1781251981902 87.54808044433594 77
1781251986209 87.269775390625 78
1781251990657 87.00749206542969 79
1781251995557 86.99992370605469 80
1781251999673 85.48851013183594 81
1781252003765 82.35575103759766 82
1781252007890 77.0382308959961 83
1781252012377 76.61181640625 84
1781252016889 76.12337493896484 85
1781252020845 76.12289428710938 86
1781252024954 74.823486328125 87
1781252029237 74.77843475341797 88
1781252033901 74.71124267578125 89
1781252038290 73.6738052368164 90
1781252042713 70.87643432617188 91
1781252046941 70.76994323730469 92
1781252050877 70.69292449951172 93
1781252055268 69.46477508544922 94
1781252059333 69.46446990966797 95
1781252063509 68.50605010986328 96
1781252067677 68.22177124023438 97
1781252071972 68.12226104736328 98
1781252076501 66.6541748046875 99
1781252080597 66.61915588378906 100
1781252084949 66.59176635742188 101
1781252089201 66.4461669921875 102
1781252093466 65.88510131835938 103
1781252097777 65.37339782714844 104
1781252101858 64.881103515625 105
1781252105890 64.82696533203125 106
1781252110041 63.69178009033203 107
1781252114309 62.664764404296875 108
1781252118309 62.2889404296875 109
1781252122409 58.656951904296875 110
1781252126557 57.92366409301758 111
1781252130593 57.01948928833008 112
1781252134725 56.360313415527344 113
1781252138633 56.10964584350586 114
1781252142601 55.528099060058594 115
1781252146710 51.14986801147461 116
1781252150745 51.053829193115234 117
1781252154693 50.51945495605469 118
1781252158737 50.457862854003906 119
1781252162913 50.443599700927734 120
1781252167134 49.54460525512695 121
1781252171226 48.80132293701172 122
1781252175289 48.611122131347656 123
1781252179341 48.59801483154297 124
1781252183402 47.97322082519531 125
1781252187419 46.36087417602539 126
1781252191462 45.49464416503906 127
1781252195575 45.36894989013672 128
1781252199578 45.28190612792969 129
1781252203641 44.07687759399414 130
1781252207722 44.02942657470703 131
1781252211782 43.9232177734375 132
1781252215862 43.53135299682617 133
1781252220114 43.10209655761719 134
1781252224444 43.07536315917969 135
1781252228889 42.68202209472656 136
1781252233602 42.434906005859375 137
1781252237581 42.32320022583008 138
1781252241517 42.091251373291016 139
1781252245629 41.34309387207031 140
1781252249640 41.34190368652344 141
1781252253767 40.97483444213867 142
1781252257906 40.459571838378906 143
1781252262070 40.450050354003906 144
1781252266186 39.387420654296875 145
1781252270133 39.04046630859375 146
1781252274226 38.994747161865234 147
1781252278245 38.93229675292969 148
1781252282178 38.48964309692383 149
1781252286157 38.41107177734375 150
1781252290294 38.133750915527344 151
1781252294346 37.12216567993164 152
1781252298341 37.10841369628906 153
1781252302273 37.10514831542969 154
1781252306398 36.23012924194336 155
1781252310357 35.98963928222656 156
1781252314566 35.9106559753418 157
1781252318629 35.6507568359375 158
1781252322673 35.64881896972656 159
1781252326882 35.6391716003418 160
1781252330940 35.634437561035156 161
1781252335150 33.09642028808594 162
1781252339182 32.94734573364258 163
1781252343449 32.83513641357422 164
1781252347862 32.670475006103516 165
1781252352178 32.59617614746094 166
1781252356589 32.20770263671875 167
1781252361224 32.20530319213867 168
1781252365694 32.20182418823242 169
1781252370161 32.109798431396484 170
1781252374840 31.36683464050293 171
1781252379410 31.36321258544922 172
1781252383829 31.122745513916016 173
1781252387990 31.002880096435547 174
1781252392438 30.78369140625 175
1781252396591 30.69284439086914 176
1781252401078 28.981876373291016 177
1781252405190 28.735654830932617 178
1781252409404 28.526752471923828 179
1781252413546 27.55548095703125 180
1781252417638 27.435373306274414 181
1781252421769 26.910770416259766 182
1781252426162 26.29256820678711 183
1781252430782 26.26620864868164 184
1781252435528 25.881145477294922 185
1781252439842 25.766372680664062 186
1781252443962 25.755990982055664 187
1781252448210 25.75598907470703 188
1781252452522 25.752885818481445 189
1781252456806 25.35336685180664 190
1781252461194 25.129541397094727 191
1781252465826 24.958480834960938 192
1781252470030 24.950782775878906 193
1781252474422 24.57758331298828 194
1781252478522 24.444869995117188 195
1781252483078 23.914031982421875 196
1781252487196 23.873626708984375 197
1781252491701 23.838850021362305 198
1781252495948 23.74394989013672 199
1781252499974 23.662391662597656 200
1781252504058 23.40277862548828 201
1781252508297 22.88552474975586 202
1781252512496 22.757068634033203 203
1781252517191 22.75296974182129 204
1781252521604 22.752227783203125 205
1781252525905 22.607778549194336 206
1781252530073 22.244173049926758 207
1781252534398 22.237506866455078 208
1781252538622 22.19877815246582 209
1781252542942 21.670740127563477 210
1781252547450 21.623062133789062 211
1781252551641 21.614749908447266 212
1781252555874 21.597434997558594 213
1781252560093 19.9773006439209 214
1781252564410 19.755939483642578 215
1781252568729 19.745548248291016 216
1781252572926 19.303817749023438 217
1781252577442 19.302566528320312 218
1781252581962 18.886756896972656 219
1781252586420 18.886314392089844 220
1781252590670 18.83444595336914 221
1781252594998 18.266687393188477 222
1781252599206 18.2666072845459 223
1781252603664 17.693634033203125 224
1781252608342 15.925649642944336 225
1781252613061 15.249980926513672 226
1781252617830 14.521068572998047 227
1781252622736 14.397552490234375 228
1781252627390 14.389043807983398 229
1781252632026 13.95643424987793 230
1781252636494 12.286293029785156 231
1781252640850 11.391297340393066 232
1781252645549 11.214855194091797 233
1781252649757 11.147214889526367 234
1781252654086 8.005132675170898 235
1781252658382 7.9609551429748535 236
1781252663066 7.936058521270752 237
1781252667460 6.788763046264648 238
1781252671818 0.0007798137376084924 239
1781252676372 0.0008337065810337663 240
