1781251672686 6.965926170349121 1
1781251676953 6.134413719177246 2
1781251680887 5.824431419372559 3
1781251684788 5.445953369140625 4
1781251688764 5.234618186950684 5
1781251692717 5.092895030975342 6
1781251696585 4.940639019012451 7
1781251700580 4.847172260284424 8
1781251704493 4.743841648101807 9
1781251708725 4.5730695724487305 10
1781251712847 4.488292217254639 11
1781251716873 4.423291206359863 12
1781251720829 4.354017734527588 13
1781251724621 4.28687858581543 14
1781251728939 4.195340156555176 15
1781251732896 4.129733085632324 16
1781251736886 4.045980453491211 17
1781251741514 3.997286081314087 18
1781251745578 3.94441556930542 19
1781251749389 3.890582323074341 20
1781251753474 3.846461534500122 21
1781251757593 3.8078017234802246 22
1781251761394 3.7650904655456543 23
1781251765629 3.717176914215088 24
1781251770189 3.6780166625976562 25
1781251774469 3.641207218170166 26
1781251778237 3.597723960876465 27
1781251782026 3.5540390014648438 28
1781251786069 3.5181081295013428 29
1781251790025 3.482926368713379 30
1781251793830 3.4390552043914795 31
1781251797697 3.4101226329803467 32
1781251801883 3.37015438079834 33
1781251806082 3.3369181156158447 34
1781251809954 3.3093464374542236 35
1781251814029 3.282949209213257 36
1781251818270 3.2508656978607178 37
1781251822209 3.2254014015197754 38
1781251826006 3.198235034942627 39
1781251830529 3.172222852706909 40
1781251834692 3.1431634426116943 41
1781251838725 3.1199264526367188 42
1781251843053 3.094446897506714 43
1781251847325 3.0706963539123535 44
1781251851295 3.0389862060546875 45
1781251855572 3.011601209640503 46
1781251859657 2.9847452640533447 47
1781251863658 2.962627649307251 48
1781251867684 2.9391071796417236 49
1781251871605 2.9092679023742676 50
1781251876179 2.8871312141418457 51
1781251880402 2.861464023590088 52
1781251884382 2.8410730361938477 53
1781251888258 2.814384937286377 54
1781251892238 2.790989637374878 55
1781251896142 2.768476963043213 56
1781251899962 2.7465500831604004 57
1781251903730 2.726924180984497 58
1781251908246 2.706450939178467 59
1781251912433 2.6841306686401367 60
1781251916302 2.6626358032226562 61
1781251920267 2.6439425945281982 62
1781251924222 2.6231653690338135 63
1781251928113 2.6006393432617188 64
1781251932110 2.580749988555908 65
1781251936045 2.5547139644622803 66
1781251940006 2.5337681770324707 67
1781251943921 2.5147345066070557 68
1781251948176 2.492547035217285 69
1781251952678 2.473032236099243 70
1781251956692 2.4499692916870117 71
1781251960805 2.4321725368499756 72
1781251965092 2.4132258892059326 73
1781251969774 2.393158435821533 74
1781251974002 2.3763718605041504 75
1781251977985 2.3519656658172607 76
1781251981910 2.336007833480835 77
1781251986218 2.317815065383911 78
1781251990665 2.3010778427124023 79
1781251995565 2.2813661098480225 80
1781251999682 2.263504981994629 81
1781252003774 2.246056079864502 82
1781252007898 2.2291362285614014 83
1781252012386 2.212390184402466 84
1781252016898 2.193883180618286 85
1781252020854 2.176323890686035 86
1781252024963 2.1604127883911133 87
1781252029246 2.145200490951538 88
1781252033910 2.1299757957458496 89
1781252038298 2.1143999099731445 90
1781252042721 2.098238945007324 91
1781252046950 2.084672212600708 92
1781252050886 2.0691096782684326 93
1781252055276 2.0532917976379395 94
1781252059342 2.037809133529663 95
1781252063517 2.023782968521118 96
1781252067686 2.0073375701904297 97
1781252071980 1.9910202026367188 98
1781252076510 1.9764971733093262 99
1781252080606 1.9632418155670166 100
1781252084958 1.9485135078430176 101
1781252089210 1.935815453529358 102
1781252093474 1.9207051992416382 103
1781252097786 1.9057762622833252 104
1781252101868 1.89158296585083 105
1781252105898 1.8770670890808105 106
1781252110049 1.863451361656189 107
1781252114318 1.8488093614578247 108
1781252118334 1.8327915668487549 109
1781252122418 1.8185299634933472 110
1781252126566 1.8052982091903687 111
1781252130602 1.7856279611587524 112
1781252134734 1.7715704441070557 113
1781252138641 1.7575809955596924 114
1781252142610 1.7430466413497925 115
1781252146718 1.7291520833969116 116
1781252150754 1.715201735496521 117
1781252154702 1.701654314994812 118
1781252158746 1.6870932579040527 119
1781252162922 1.6738346815109253 120
1781252167142 1.6594713926315308 121
1781252171234 1.6445823907852173 122
1781252175298 1.6299077272415161 123
1781252179350 1.6134459972381592 124
1781252183410 1.5997014045715332 125
1781252187427 1.5861928462982178 126
1781252191471 1.573462724685669 127
1781252195586 1.5607531070709229 128
1781252199587 1.545716404914856 129
1781252203649 1.5333532094955444 130
1781252207731 1.5197174549102783 131
1781252211790 1.5063366889953613 132
1781252215871 1.4928398132324219 133
1781252220122 1.479028582572937 134
1781252224453 1.4658814668655396 135
1781252228903 1.451499581336975 136
1781252233610 1.4383087158203125 137
1781252237590 1.4238070249557495 138
1781252241526 1.4105473756790161 139
1781252245638 1.3978406190872192 140
1781252249648 1.382736325263977 141
1781252253776 1.3697700500488281 142
1781252257914 1.3568395376205444 143
1781252262078 1.3431659936904907 144
1781252266194 1.330488681793213 145
1781252270141 1.3152521848678589 146
1781252274234 1.3010411262512207 147
1781252278254 1.2877403497695923 148
1781252282187 1.274868130683899 149
1781252286166 1.2622439861297607 150
1781252290302 1.2497988939285278 151
1781252294354 1.2353129386901855 152
1781252298350 1.2213491201400757 153
1781252302282 1.2078359127044678 154
1781252306407 1.195723056793213 155
1781252310366 1.1837191581726074 156
1781252314575 1.1701949834823608 157
1781252318638 1.156476616859436 158
1781252322686 1.142825722694397 159
1781252326891 1.1290535926818848 160
1781252330948 1.116984248161316 161
1781252335159 1.1038248538970947 162
1781252339190 1.0899121761322021 163
1781252343458 1.0767141580581665 164
1781252347870 1.0630470514297485 165
1781252352187 1.0487467050552368 166
1781252356597 1.036834955215454 167
1781252361233 1.0228997468948364 168
1781252365703 1.0092666149139404 169
1781252370170 0.9952431917190552 170
1781252374848 0.9823712706565857 171
1781252379418 0.9675193428993225 172
1781252383838 0.9542992115020752 173
1781252387998 0.9412563443183899 174
1781252392449 0.9292539954185486 175
1781252396600 0.9158230423927307 176
1781252401087 0.9014692902565002 177
1781252405199 0.888989269733429 178
1781252409413 0.8767078518867493 179
1781252413553 0.8628484010696411 180
1781252417647 0.8506984710693359 181
1781252421777 0.8369931578636169 182
1781252426171 0.823235809803009 183
1781252430791 0.8083473443984985 184
1781252435536 0.7960270047187805 185
1781252439851 0.7838796973228455 186
1781252443971 0.7689803838729858 187
1781252448218 0.7548053860664368 188
1781252452530 0.7390355467796326 189
1781252456815 0.7258546352386475 190
1781252461202 0.7111140489578247 191
1781252465835 0.6973372101783752 192
1781252470039 0.682007372379303 193
1781252474431 0.6682158708572388 194
1781252478530 0.653213381767273 195
1781252483086 0.6375917792320251 196
1781252487204 0.6221325993537903 197
1781252491710 0.6070941090583801 198
1781252495956 0.5932351350784302 199
1781252499982 0.5776822566986084 200
1781252504067 0.5666055083274841 201
1781252508305 0.5538817048072815 202
1781252512503 0.5420462489128113 203
1781252517200 0.5301033854484558 204
1781252521614 0.5173511505126953 205
1781252525914 0.5032284259796143 206
1781252530080 0.4906502962112427 207
1781252534407 0.4765032231807709 208
1781252538630 0.4637276530265808 209
1781252542951 0.44993308186531067 210
1781252547459 0.4383009076118469 211
1781252551653 0.42591777443885803 212
1781252555882 0.40843358635902405 213
1781252560101 0.3950567841529846 214
1781252564419 0.37997958064079285 215
1781252568738 0.36609140038490295 216
1781252572935 0.3527540862560272 217
1781252577450 0.3366967737674713 218
1781252581971 0.32021453976631165 219
1781252586429 0.3044109344482422 220
1781252590678 0.2900282144546509 221
1781252595007 0.2755414843559265 222
1781252599215 0.2608182728290558 223
1781252603672 0.24719126522541046 224
1781252608351 0.23007896542549133 225
1781252613069 0.21144795417785645 226
1781252617839 0.19576339423656464 227
1781252622743 0.18065842986106873 228
1781252627399 0.16575784981250763 229
1781252632035 0.1474057286977768 230
1781252636502 0.13352584838867188 231
1781252640859 0.116514191031456 232
1781252645557 0.10002842545509338 233
1781252649766 0.08216474950313568 234
1781252654095 0.06943537294864655 235
1781252658403 0.051772911101579666 236
1781252663075 0.02631673775613308 237
1781252667469 0.020408447831869125 238
1781252671827 0.014599119313061237 239
1781252676380 0.014602449722588062 240
