1781251672671 466.4359436035156 1
1781251676940 369.4151611328125 2
1781251680860 330.84466552734375 3
1781251684775 298.46673583984375 4
1781251688752 275.32421875 5
1781251692704 258.2082214355469 6
1781251696572 243.28756713867188 7
1781251700568 230.93148803710938 8
1781251704480 220.12234497070312 9
1781251708712 210.35740661621094 10
1781251712835 201.46719360351562 11
1781251716860 193.43223571777344 12
1781251720816 186.18673706054688 13
1781251724609 179.18698120117188 14
1781251728912 173.45970153808594 15
1781251732884 168.07435607910156 16
1781251736873 162.99520874023438 17
1781251741501 158.33486938476562 18
1781251745565 153.80970764160156 19
1781251749377 149.53408813476562 20
1781251753456 145.6082305908203 21
1781251757581 141.87974548339844 22
1781251761377 138.32310485839844 23
1781251765617 134.99594116210938 24
1781251770177 131.75596618652344 25
1781251774457 128.6629180908203 26
1781251778225 125.6111831665039 27
1781251782013 122.75128936767578 28
1781251786057 120.02998352050781 29
1781251790012 117.38639831542969 30
1781251793805 114.8394546508789 31
1781251797685 112.42391204833984 32
1781251801872 110.12796020507812 33
1781251806069 107.89775848388672 34
1781251809941 105.82710266113281 35
1781251814017 103.78520202636719 36
1781251818257 101.76875305175781 37
1781251822197 99.8497314453125 38
1781251825993 98.01200103759766 39
1781251830517 96.19429779052734 40
1781251834681 94.40994262695312 41
1781251838709 92.7042465209961 42
1781251843041 91.00243377685547 43
1781251847313 89.38373565673828 44
1781251851284 87.79239654541016 45
1781251855560 86.24342346191406 46
1781251859645 84.73747253417969 47
1781251863645 83.25890350341797 48
1781251867672 81.80433654785156 49
1781251871593 80.40357971191406 50
1781251876165 79.0240707397461 51
1781251880389 77.6572265625 52
1781251884369 76.37452697753906 53
1781251888245 75.11290740966797 54
1781251892225 73.889404296875 55
1781251896129 72.69020080566406 56
1781251899949 71.50179290771484 57
1781251903717 70.34231567382812 58
1781251908233 69.2059097290039 59
1781251912421 68.1014175415039 60
1781251916289 67.01911163330078 61
1781251920254 65.96186828613281 62
1781251924209 64.93672180175781 63
1781251928101 63.918216705322266 64
1781251932097 62.935237884521484 65
1781251936033 61.96247482299805 66
1781251939993 61.00031661987305 67
1781251943909 60.0541877746582 68
1781251948164 59.11304473876953 69
1781251952665 58.1943359375 70
1781251956680 57.2887077331543 71
1781251960785 56.42189407348633 72
1781251965080 55.56282043457031 73
1781251969761 54.72841262817383 74
1781251973989 53.901512145996094 75
1781251977973 53.090354919433594 76
1781251981897 52.304256439208984 77
1781251986205 51.53314208984375 78
1781251990653 50.76634979248047 79
1781251995553 50.01436233520508 80
1781251999669 49.27149963378906 81
1781252003761 48.54008102416992 82
1781252007885 47.82727813720703 83
1781252012373 47.128746032714844 84
1781252016885 46.43765640258789 85
1781252020841 45.75975036621094 86
1781252024949 45.08467483520508 87
1781252029233 44.43205642700195 88
1781252033897 43.7817268371582 89
1781252038286 43.14448928833008 90
1781252042709 42.517784118652344 91
1781252046937 41.90641403198242 92
1781252050873 41.29805374145508 93
1781252055264 40.6981201171875 94
1781252059329 40.10806655883789 95
1781252063505 39.52595901489258 96
1781252067673 38.95341110229492 97
1781252071968 38.38890838623047 98
1781252076497 37.83433532714844 99
1781252080593 37.28755187988281 100
1781252084945 36.750144958496094 101
1781252089197 36.21916580200195 102
1781252093461 35.69136428833008 103
1781252097773 35.16617202758789 104
1781252101854 34.65436935424805 105
1781252105885 34.153343200683594 106
1781252110037 33.65666198730469 107
1781252114305 33.16193389892578 108
1781252118305 32.676124572753906 109
1781252122405 32.1934814453125 110
1781252126553 31.717145919799805 111
1781252130589 31.250856399536133 112
1781252134721 30.791004180908203 113
1781252138629 30.332569122314453 114
1781252142597 29.879365921020508 115
1781252146705 29.429990768432617 116
1781252150741 28.98636817932129 117
1781252154689 28.54913330078125 118
1781252158733 28.120630264282227 119
1781252162909 27.69314956665039 120
1781252167129 27.274646759033203 121
1781252171221 26.860393524169922 122
1781252175285 26.450712203979492 123
1781252179337 26.047876358032227 124
1781252183397 25.647953033447266 125
1781252187413 25.255687713623047 126
1781252191458 24.864721298217773 127
1781252195570 24.476736068725586 128
1781252199574 24.09686279296875 129
1781252203637 23.721134185791016 130
1781252207718 23.34873390197754 131
1781252211777 22.977489471435547 132
1781252215858 22.61614990234375 133
1781252220110 22.2559871673584 134
1781252224440 21.899396896362305 135
1781252228885 21.54740333557129 136
1781252233598 21.197538375854492 137
1781252237577 20.851396560668945 138
1781252241513 20.508007049560547 139
1781252245625 20.17046546936035 140
1781252249635 19.834224700927734 141
1781252253763 19.500102996826172 142
1781252257901 19.169635772705078 143
1781252262066 18.84270668029785 144
1781252266182 18.518598556518555 145
1781252270129 18.196773529052734 146
1781252274222 17.87781524658203 147
1781252278241 17.561838150024414 148
1781252282174 17.256832122802734 149
1781252286153 16.95421028137207 150
1781252290290 16.65467071533203 151
1781252294342 16.3573055267334 152
1781252298337 16.061655044555664 153
1781252302269 15.766815185546875 154
1781252306394 15.478503227233887 155
1781252310353 15.19327449798584 156
1781252314562 14.91164779663086 157
1781252318625 14.63247299194336 158
1781252322669 14.354249954223633 159
1781252326878 14.078967094421387 160
1781252330936 13.807941436767578 161
1781252335146 13.538504600524902 162
1781252339178 13.271041870117188 163
1781252343445 13.00493335723877 164
1781252347858 12.740983009338379 165
1781252352174 12.481179237365723 166
1781252356586 12.223294258117676 167
1781252361220 11.968633651733398 168
1781252365690 11.716583251953125 169
1781252370157 11.466357231140137 170
1781252374836 11.217209815979004 171
1781252379406 10.9716215133667 172
1781252383825 10.729269981384277 173
1781252387986 10.488146781921387 174
1781252392434 10.249320030212402 175
1781252396586 10.011727333068848 176
1781252401074 9.777420997619629 177
1781252405186 9.545610427856445 178
1781252409400 9.318373680114746 179
1781252413542 9.094511032104492 180
1781252417634 8.8711576461792 181
1781252421765 8.649367332458496 182
1781252426158 8.430105209350586 183
1781252430778 8.214250564575195 184
1781252435525 7.999486923217773 185
1781252439838 7.789613723754883 186
1781252443958 7.580883979797363 187
1781252448206 7.375104904174805 188
1781252452518 7.171301364898682 189
1781252456802 6.969666957855225 190
1781252461190 6.771685600280762 191
1781252465822 6.574575424194336 192
1781252470026 6.379522800445557 193
1781252474418 6.187471389770508 194
1781252478518 5.997111797332764 195
1781252483074 5.808084011077881 196
1781252487189 5.620928764343262 197
1781252491698 5.436305046081543 198
1781252495945 5.2524333000183105 199
1781252499970 5.069746017456055 200
1781252504054 4.891512393951416 201
1781252508294 4.716543197631836 202
1781252512477 4.54376220703125 203
1781252517186 4.372190475463867 204
1781252521593 4.2039971351623535 205
1781252525901 4.036885738372803 206
1781252530069 3.8708384037017822 207
1781252534394 3.7069904804229736 208
1781252538618 3.543978452682495 209
1781252542938 3.3885130882263184 210
1781252547446 3.235069513320923 211
1781252551637 3.083310127258301 212
1781252555870 2.932752847671509 213
1781252560089 2.783435344696045 214
1781252564406 2.6354455947875977 215
1781252568725 2.4896554946899414 216
1781252572922 2.3477346897125244 217
1781252577438 2.2069013118743896 218
1781252581958 2.0679075717926025 219
1781252586416 1.9343940019607544 220
1781252590666 1.8040862083435059 221
1781252594994 1.6748454570770264 222
1781252599202 1.546339511871338 223
1781252603660 1.4240468740463257 224
1781252608338 1.3040828704833984 225
1781252613058 1.1861940622329712 226
1781252617826 1.0740280151367188 227
1781252622732 0.9623929858207703 228
1781252627386 0.8532083034515381 229
1781252632022 0.7458159327507019 230
1781252636490 0.642910361289978 231
1781252640846 0.5448843836784363 232
1781252645545 0.4524860680103302 233
1781252649753 0.3650720715522766 234
1781252654082 0.28134673833847046 235
1781252658377 0.19922418892383575 236
1781252663062 0.12427595257759094 237
1781252667456 0.05838508531451225 238
1781252671814 0.000732971471734345 239
1781252676368 0.0007344312616623938 240
