1781251672674 859.214111328125 1
1781251676942 486.8306579589844 2
1781251680877 402.40643310546875 3
1781251684777 331.2781677246094 4
1781251688753 280.4041748046875 5
1781251692706 240.64234924316406 6
1781251696574 209.88323974609375 7
1781251700570 184.35809326171875 8
1781251704482 172.04611206054688 9
1781251708714 158.95758056640625 10
1781251712836 146.97032165527344 11
1781251716862 132.73521423339844 12
1781251720818 121.78894805908203 13
1781251724610 113.26454162597656 14
1781251728914 106.05131530761719 15
1781251732886 102.3611068725586 16
1781251736874 98.43512725830078 17
1781251741502 91.7982177734375 18
1781251745566 87.49372100830078 19
1781251749378 82.65215301513672 20
1781251753458 78.39906311035156 21
1781251757582 74.25045776367188 22
1781251761378 70.39102935791016 23
1781251765618 66.63661193847656 24
1781251770178 64.32742309570312 25
1781251774458 61.44240188598633 26
1781251778226 58.762088775634766 27
1781251782014 56.85478210449219 28
1781251786058 54.48208999633789 29
1781251790014 53.01128387451172 30
1781251793806 52.030094146728516 31
1781251797686 50.244171142578125 32
1781251801874 49.31296920776367 33
1781251806070 48.09992218017578 34
1781251809942 46.18057632446289 35
1781251814018 45.17918014526367 36
1781251818258 43.774234771728516 37
1781251822198 42.41373825073242 38
1781251825994 41.185760498046875 39
1781251830518 40.274658203125 40
1781251834682 39.13710403442383 41
1781251838710 38.09284973144531 42
1781251843042 37.3758430480957 43
1781251847314 36.14030456542969 44
1781251851286 35.47178268432617 45
1781251855562 34.44227600097656 46
1781251859646 34.000152587890625 47
1781251863646 33.106101989746094 48
1781251867674 32.647254943847656 49
1781251871594 32.14510726928711 50
1781251876167 31.41973114013672 51
1781251880390 30.557903289794922 52
1781251884370 29.87212371826172 53
1781251888246 29.544538497924805 54
1781251892226 29.017488479614258 55
1781251896130 28.603124618530273 56
1781251899951 27.965682983398438 57
1781251903719 27.19751739501953 58
1781251908234 26.566225051879883 59
1781251912422 25.864015579223633 60
1781251916290 25.517276763916016 61
1781251920256 25.003049850463867 62
1781251924211 24.493009567260742 63
1781251928102 24.10714340209961 64
1781251932099 23.801342010498047 65
1781251936034 23.583316802978516 66
1781251939995 23.350879669189453 67
1781251943910 23.082321166992188 68
1781251948166 22.846424102783203 69
1781251952667 22.468656539916992 70
1781251956682 22.24295997619629 71
1781251960788 21.96756362915039 72
1781251965082 21.5914306640625 73
1781251969763 21.392417907714844 74
1781251973991 21.179670333862305 75
1781251977974 20.978322982788086 76
1781251981899 20.694726943969727 77
1781251986206 20.426271438598633 78
1781251990655 20.274932861328125 79
1781251995555 20.217832565307617 80
1781251999671 20.06747055053711 81
1781252003763 19.884048461914062 82
1781252007887 19.739696502685547 83
1781252012375 19.61088752746582 84
1781252016887 19.56438636779785 85
1781252020843 19.450984954833984 86
1781252024951 19.258628845214844 87
1781252029235 19.142383575439453 88
1781252033899 18.96942901611328 89
1781252038287 18.774433135986328 90
1781252042711 18.637351989746094 91
1781252046939 18.442646026611328 92
1781252050875 18.20184898376465 93
1781252055266 18.06014060974121 94
1781252059331 17.97593116760254 95
1781252063507 17.776046752929688 96
1781252067675 17.690706253051758 97
1781252071970 17.577287673950195 98
1781252076499 17.4654598236084 99
1781252080595 17.309049606323242 100
1781252084947 17.166147232055664 101
1781252089199 17.01793670654297 102
1781252093463 16.84703826904297 103
1781252097775 16.725971221923828 104
1781252101855 16.57204818725586 105
1781252105887 16.499380111694336 106
1781252110038 16.356040954589844 107
1781252114307 16.258108139038086 108
1781252118307 16.140451431274414 109
1781252122407 16.064847946166992 110
1781252126554 15.949746131896973 111
1781252130591 15.853740692138672 112
1781252134723 15.828203201293945 113
1781252138630 15.743707656860352 114
1781252142599 15.650593757629395 115
1781252146707 15.512653350830078 116
1781252150743 15.450112342834473 117
1781252154691 15.35183048248291 118
1781252158735 15.278901100158691 119
1781252162911 15.190957069396973 120
1781252167131 15.09807014465332 121
1781252171223 15.008079528808594 122
1781252175287 14.970133781433105 123
1781252179339 14.917431831359863 124
1781252183399 14.807320594787598 125
1781252187415 14.717085838317871 126
1781252191459 14.587797164916992 127
1781252195571 14.442342758178711 128
1781252199575 14.37384033203125 129
1781252203639 14.237208366394043 130
1781252207719 14.08544921875 131
1781252211779 13.968960762023926 132
1781252215859 13.862308502197266 133
1781252220111 13.739933967590332 134
1781252224442 13.635651588439941 135
1781252228887 13.567471504211426 136
1781252233599 13.458621978759766 137
1781252237579 13.37321662902832 138
1781252241515 13.288180351257324 139
1781252245627 13.186502456665039 140
1781252249637 13.163243293762207 141
1781252253764 13.030104637145996 142
1781252257903 12.917353630065918 143
1781252262067 12.837151527404785 144
1781252266183 12.730048179626465 145
1781252270131 12.644457817077637 146
1781252274223 12.548087120056152 147
1781252278243 12.425650596618652 148
1781252282175 12.329748153686523 149
1781252286155 12.200037002563477 150
1781252290291 12.08574104309082 151
1781252294343 12.015962600708008 152
1781252298339 11.959607124328613 153
1781252302271 11.828217506408691 154
1781252306395 11.697392463684082 155
1781252310355 11.57935619354248 156
1781252314563 11.463665008544922 157
1781252318627 11.408421516418457 158
1781252322671 11.295289993286133 159
1781252326879 11.201363563537598 160
1781252330937 11.093790054321289 161
1781252335147 11.001855850219727 162
1781252339179 10.918145179748535 163
1781252343447 10.798012733459473 164
1781252347859 10.681971549987793 165
1781252352176 10.601943016052246 166
1781252356587 10.465608596801758 167
1781252361221 10.387134552001953 168
1781252365692 10.267601013183594 169
1781252370159 10.160582542419434 170
1781252374838 10.034790992736816 171
1781252379407 9.931655883789062 172
1781252383827 9.804238319396973 173
1781252387987 9.671341896057129 174
1781252392435 9.52479362487793 175
1781252396588 9.406184196472168 176
1781252401075 9.293105125427246 177
1781252405187 9.187505722045898 178
1781252409402 9.046388626098633 179
1781252413543 8.93525218963623 180
1781252417635 8.840059280395508 181
1781252421767 8.724702835083008 182
1781252426160 8.614181518554688 183
1781252430779 8.529070854187012 184
1781252435526 8.406621932983398 185
1781252439839 8.279788970947266 186
1781252443960 8.191163063049316 187
1781252448207 8.078316688537598 188
1781252452519 7.979009628295898 189
1781252456803 7.8755927085876465 190
1781252461191 7.771236419677734 191
1781252465823 7.640723705291748 192
1781252470027 7.568914413452148 193
1781252474419 7.430488109588623 194
1781252478519 7.301548480987549 195
1781252483075 7.187027931213379 196
1781252487192 7.0893988609313965 197
1781252491699 6.9791107177734375 198
1781252495946 6.8589253425598145 199
1781252499971 6.767377853393555 200
1781252504056 6.605956077575684 201
1781252508295 6.460390090942383 202
1781252512493 6.300744533538818 203
1781252517188 6.139207363128662 204
1781252521601 5.980304718017578 205
1781252525902 5.884811878204346 206
1781252530070 5.74736213684082 207
1781252534396 5.674161911010742 208
1781252538619 5.519735813140869 209
1781252542939 5.4326934814453125 210
1781252547447 5.289786338806152 211
1781252551639 5.119499683380127 212
1781252555871 5.0162811279296875 213
1781252560091 4.8751349449157715 214
1781252564407 4.764387607574463 215
1781252568727 4.621354579925537 216
1781252572923 4.491426944732666 217
1781252577439 4.392940044403076 218
1781252581960 4.284484386444092 219
1781252586417 4.128965377807617 220
1781252590667 3.960270881652832 221
1781252594995 3.8210771083831787 222
1781252599203 3.607962131500244 223
1781252603662 3.413600206375122 224
1781252608339 3.2454471588134766 225
1781252613059 3.112245798110962 226
1781252617827 2.9245388507843018 227
1781252622734 2.748547315597534 228
1781252627387 2.5468010902404785 229
1781252632023 2.3855512142181396 230
1781252636491 2.0836308002471924 231
1781252640848 1.932639241218567 232
1781252645547 1.707322359085083 233
1781252649755 1.5078794956207275 234
1781252654083 1.1888391971588135 235
1781252658379 1.0618252754211426 236
1781252663063 0.9290118217468262 237
1781252667457 0.6098103523254395 238
1781252671815 1.4922619811841287e-05 239
1781252676370 1.7638743884162977e-05 240
