1781251672687 4.824588775634766 1
1781251676954 3.332399368286133 2
1781251680888 3.116076946258545 3
1781251684789 2.575472354888916 4
1781251688765 2.3170979022979736 5
1781251692718 2.2040910720825195 6
1781251696587 2.01324725151062 7
1781251700581 1.9255781173706055 8
1781251704494 1.845978021621704 9
1781251708726 1.7205045223236084 10
1781251712848 1.6345480680465698 11
1781251716874 1.5576276779174805 12
1781251720830 1.4816416501998901 13
1781251724623 1.4181917905807495 14
1781251728940 1.3433964252471924 15
1781251732898 1.3122074604034424 16
1781251736887 1.2784605026245117 17
1781251741515 1.2548818588256836 18
1781251745579 1.2220776081085205 19
1781251749390 1.1826924085617065 20
1781251753475 1.1539608240127563 21
1781251757594 1.126291275024414 22
1781251761395 1.1002147197723389 23
1781251765631 1.05185866355896 24
1781251770191 1.0343422889709473 25
1781251774470 1.0123580694198608 26
1781251778239 0.9798082709312439 27
1781251782027 0.9560223817825317 28
1781251786070 0.9278720021247864 29
1781251790026 0.9067074656486511 30
1781251793832 0.8947699666023254 31
1781251797698 0.884842038154602 32
1781251801884 0.8802828788757324 33
1781251806083 0.8707109093666077 34
1781251809955 0.8514357805252075 35
1781251814031 0.8426944613456726 36
1781251818271 0.8316882252693176 37
1781251822211 0.8216227889060974 38
1781251826007 0.810004711151123 39
1781251830530 0.8015158772468567 40
1781251834694 0.7985941171646118 41
1781251838726 0.7885446548461914 42
1781251843054 0.7841391563415527 43
1781251847327 0.7731103301048279 44
1781251851313 0.7593479752540588 45
1781251855589 0.7524436116218567 46
1781251859658 0.7513288855552673 47
1781251863659 0.7420815229415894 48
1781251867685 0.7394989132881165 49
1781251871606 0.7323428392410278 50
1781251876180 0.7285728454589844 51
1781251880403 0.7208527326583862 52
1781251884383 0.7168609499931335 53
1781251888259 0.7134730815887451 54
1781251892239 0.7085997462272644 55
1781251896143 0.7046419978141785 56
1781251899963 0.6952289342880249 57
1781251903731 0.6879259347915649 58
1781251908247 0.6788603067398071 59
1781251912434 0.6634911298751831 60
1781251916303 0.6573972702026367 61
1781251920268 0.6551687121391296 62
1781251924223 0.6482150554656982 63
1781251928115 0.6462791562080383 64
1781251932111 0.6441745162010193 65
1781251936046 0.6428980827331543 66
1781251940010 0.6412460803985596 67
1781251943922 0.6399832963943481 68
1781251948177 0.6396438479423523 69
1781251952680 0.6360845565795898 70
1781251956709 0.6337956786155701 71
1781251960806 0.6304188966751099 72
1781251965109 0.6259360909461975 73
1781251969775 0.6258230805397034 74
1781251974003 0.6244794726371765 75
1781251977987 0.6228668093681335 76
1781251981911 0.6199294924736023 77
1781251986219 0.6190975308418274 78
1781251990667 0.6198573112487793 79
1781251995566 0.6198763251304626 80
1781251999683 0.6189002394676208 81
1781252003775 0.6198021173477173 82
1781252007899 0.6218898296356201 83
1781252012387 0.6230871677398682 84
1781252016899 0.627372145652771 85
1781252020855 0.6281347870826721 86
1781252024964 0.6283140182495117 87
1781252029247 0.6276763677597046 88
1781252033911 0.6270648837089539 89
1781252038300 0.6270301938056946 90
1781252042723 0.6263483762741089 91
1781252046951 0.623935878276825 92
1781252050887 0.621035635471344 93
1781252055293 0.6190277934074402 94
1781252059344 0.6205586791038513 95
1781252063519 0.6193130016326904 96
1781252067688 0.6183504462242126 97
1781252071997 0.6180487275123596 98
1781252076511 0.6195974946022034 99
1781252080607 0.617400586605072 100
1781252084959 0.6158513426780701 101
1781252089211 0.6151984333992004 102
1781252093475 0.6131464838981628 103
1781252097787 0.6126931309700012 104
1781252101869 0.611052393913269 105
1781252105900 0.6109647154808044 106
1781252110050 0.6098266243934631 107
1781252114319 0.6104068756103516 108
1781252118335 0.6092454195022583 109
1781252122419 0.6103472709655762 110
1781252126567 0.6089617013931274 111
1781252130603 0.6041322350502014 112
1781252134735 0.6051564812660217 113
1781252138642 0.6054887175559998 114
1781252142611 0.6046342253684998 115
1781252146719 0.602813184261322 116
1781252150755 0.6044030785560608 117
1781252154703 0.6036557555198669 118
1781252158747 0.6047490239143372 119
1781252162923 0.6049624085426331 120
1781252167143 0.6042159795761108 121
1781252171235 0.6033382415771484 122
1781252175299 0.604925274848938 123
1781252179351 0.6050921082496643 124
1781252183411 0.6051717400550842 125
1781252187429 0.6053287982940674 126
1781252191472 0.6039620637893677 127
1781252195588 0.6028029322624207 128
1781252199588 0.6037994027137756 129
1781252203651 0.602609395980835 130
1781252207732 0.5996740460395813 131
1781252211791 0.5977792739868164 132
1781252215872 0.5974911451339722 133
1781252220124 0.5958098769187927 134
1781252224454 0.5945402979850769 135
1781252228905 0.594628095626831 136
1781252233611 0.5927737355232239 137
1781252237591 0.5930707454681396 138
1781252241527 0.5931517481803894 139
1781252245639 0.5919367074966431 140
1781252249649 0.5935181379318237 141
1781252253777 0.5922794342041016 142
1781252257915 0.5913594365119934 143
1781252262079 0.5919702649116516 144
1781252266196 0.5902873277664185 145
1781252270142 0.5895344018936157 146
1781252274236 0.5896897315979004 147
1781252278255 0.5877741575241089 148
1781252282188 0.585545539855957 149
1781252286167 0.584125816822052 150
1781252290303 0.583000659942627 151
1781252294356 0.5822096467018127 152
1781252298351 0.5815857648849487 153
1781252302283 0.5799759030342102 154
1781252306408 0.5773542523384094 155
1781252310367 0.5757570862770081 156
1781252314576 0.573478639125824 157
1781252318639 0.5718909502029419 158
1781252322687 0.5701630711555481 159
1781252326892 0.5686177015304565 160
1781252330950 0.5664383172988892 161
1781252335160 0.5655966401100159 162
1781252339192 0.564364492893219 163
1781252343459 0.5616276264190674 164
1781252347872 0.5596785545349121 165
1781252352188 0.5584819912910461 166
1781252356598 0.5558794736862183 167
1781252361234 0.5543808937072754 168
1781252365704 0.5510259866714478 169
1781252370171 0.5495408177375793 170
1781252374865 0.5470470786094666 171
1781252379420 0.5458754301071167 172
1781252383839 0.5427783727645874 173
1781252387999 0.5391421318054199 174
1781252392450 0.5357458591461182 175
1781252396601 0.5330120921134949 176
1781252401089 0.5300236940383911 177
1781252405200 0.527461588382721 178
1781252409414 0.5247480869293213 179
1781252413554 0.5213918685913086 180
1781252417648 0.5197995901107788 181
1781252421779 0.5164949297904968 182
1781252426172 0.5133216381072998 183
1781252430792 0.5118095874786377 184
1781252435549 0.5083385705947876 185
1781252439852 0.5063387751579285 186
1781252443972 0.5039146542549133 187
1781252448220 0.4987719655036926 188
1781252452532 0.49480384588241577 189
1781252456816 0.49090027809143066 190
1781252461204 0.48669499158859253 191
1781252465836 0.4826624393463135 192
1781252470040 0.4796934425830841 193
1781252474432 0.47526901960372925 194
1781252478532 0.470725417137146 195
1781252483088 0.467739999294281 196
1781252487205 0.4639706313610077 197
1781252491711 0.45949047803878784 198
1781252495973 0.4550613462924957 199
1781252499984 0.4515644907951355 200
1781252504068 0.4460807740688324 201
1781252508306 0.4403717517852783 202
1781252512504 0.4352109134197235 203
1781252517201 0.429265558719635 204
1781252521615 0.4232722222805023 205
1781252525915 0.4180527627468109 206
1781252530081 0.41168659925460815 207
1781252534408 0.4068617522716522 208
1781252538631 0.4005286693572998 209
1781252542952 0.39627861976623535 210
1781252547460 0.3902089297771454 211
1781252551654 0.3830145299434662 212
1781252555884 0.37450939416885376 213
1781252560103 0.3675294518470764 214
1781252564420 0.3602755069732666 215
1781252568739 0.35239773988723755 216
1781252572936 0.3444129228591919 217
1781252577451 0.33771735429763794 218
1781252581973 0.32958662509918213 219
1781252586430 0.32157963514328003 220
1781252590679 0.31253698468208313 221
1781252595008 0.303885281085968 222
1781252599216 0.29317477345466614 223
1781252603689 0.28248825669288635 224
1781252608352 0.27369681000709534 225
1781252613070 0.26325762271881104 226
1781252617840 0.2505500018596649 227
1781252622753 0.23774951696395874 228
1781252627400 0.22284892201423645 229
1781252632036 0.20832863450050354 230
1781252636503 0.19366252422332764 231
1781252640861 0.17868059873580933 232
1781252645559 0.16145171225070953 233
1781252649767 0.14175865054130554 234
1781252654096 0.12051139026880264 235
1781252658404 0.09532465040683746 236
1781252663076 0.05825228989124298 237
1781252667470 0.03987998515367508 238
1781252671828 0.00018475322576705366 239
1781252676381 0.00018530295346863568 240
