1781251672685 15.599954605102539 1
1781251676952 14.847496032714844 2
1781251680886 14.278280258178711 3
1781251684787 13.800256729125977 4
1781251688763 13.542670249938965 5
1781251692715 13.299400329589844 6
1781251696584 13.063097953796387 7
1781251700579 12.997180938720703 8
1781251704492 12.802149772644043 9
1781251708723 12.514214515686035 10
1781251712846 12.269645690917969 11
1781251716872 12.168726921081543 12
1781251720828 11.984526634216309 13
1781251724620 11.973043441772461 14
1781251728938 11.819108963012695 15
1781251732895 11.60657787322998 16
1781251736885 11.450929641723633 17
1781251741513 11.361255645751953 18
1781251745577 11.338929176330566 19
1781251749388 11.169624328613281 20
1781251753467 11.142658233642578 21
1781251757592 11.093143463134766 22
1781251761393 10.975854873657227 23
1781251765628 10.953398704528809 24
1781251770188 10.856273651123047 25
1781251774468 10.676734924316406 26
1781251778236 10.633735656738281 27
1781251782025 10.591527938842773 28
1781251786068 10.387067794799805 29
1781251790024 10.31650161743164 30
1781251793829 10.240198135375977 31
1781251797696 10.203039169311523 32
1781251801882 10.070035934448242 33
1781251806080 9.985048294067383 34
1781251809952 9.929727554321289 35
1781251814028 9.865114212036133 36
1781251818268 9.803155899047852 37
1781251822208 9.67802619934082 38
1781251826004 9.649660110473633 39
1781251830528 9.570026397705078 40
1781251834691 9.506231307983398 41
1781251838723 9.46072769165039 42
1781251843052 9.356151580810547 43
1781251847324 9.296465873718262 44
1781251851294 9.253271102905273 45
1781251855570 9.215559005737305 46
1781251859656 9.119101524353027 47
1781251863656 9.073081970214844 48
1781251867683 9.004999160766602 49
1781251871604 8.956340789794922 50
1781251876178 8.935075759887695 51
1781251880401 8.886955261230469 52
1781251884380 8.77771282196045 53
1781251888256 8.71940803527832 54
1781251892236 8.660745620727539 55
1781251896140 8.573932647705078 56
1781251899961 8.515901565551758 57
1781251903729 8.456600189208984 58
1781251908244 8.456071853637695 59
1781251912432 8.41287612915039 60
1781251916300 8.340045928955078 61
1781251920266 8.266292572021484 62
1781251924221 8.188551902770996 63
1781251928112 8.155450820922852 64
1781251932109 8.084989547729492 65
1781251936044 8.028292655944824 66
1781251940005 7.982544898986816 67
1781251943920 7.939007759094238 68
1781251948175 7.913829326629639 69
1781251952677 7.88706636428833 70
1781251956691 7.825468063354492 71
1781251960803 7.772724151611328 72
1781251965091 7.740697383880615 73
1781251969772 7.6722187995910645 74
1781251974001 7.6527276039123535 75
1781251977984 7.594413757324219 76
1781251981909 7.53299617767334 77
1781251986216 7.49318265914917 78
1781251990664 7.45527982711792 79
1781251995564 7.421243667602539 80
1781251999680 7.352466583251953 81
1781252003772 7.342459201812744 82
1781252007897 7.305267333984375 83
1781252012385 7.249156475067139 84
1781252016897 7.204662322998047 85
1781252020853 7.176713943481445 86
1781252024962 7.1314520835876465 87
1781252029245 7.101588726043701 88
1781252033909 7.074387550354004 89
1781252038297 6.989290237426758 90
1781252042720 6.926128387451172 91
1781252046949 6.870776653289795 92
1781252050885 6.855191230773926 93
1781252055275 6.7890625 94
1781252059341 6.7212748527526855 95
1781252063516 6.708623886108398 96
1781252067685 6.664933204650879 97
1781252071979 6.622331619262695 98
1781252076509 6.563956260681152 99
1781252080605 6.512238502502441 100
1781252084957 6.506949424743652 101
1781252089209 6.4402852058410645 102
1781252093473 6.412195205688477 103
1781252097785 6.395055770874023 104
1781252101866 6.350285053253174 105
1781252105897 6.326916694641113 106
1781252110048 6.274284362792969 107
1781252114317 6.169178485870361 108
1781252118332 6.146682262420654 109
1781252122417 6.121452331542969 110
1781252126564 6.024600028991699 111
1781252130601 5.9845685958862305 112
1781252134732 5.92304801940918 113
1781252138640 5.899476528167725 114
1781252142609 5.819354057312012 115
1781252146717 5.769108772277832 116
1781252150753 5.721000671386719 117
1781252154701 5.688022613525391 118
1781252158745 5.684954643249512 119
1781252162921 5.636575222015381 120
1781252167141 5.569614410400391 121
1781252171233 5.560874938964844 122
1781252175297 5.504193305969238 123
1781252179349 5.4792327880859375 124
1781252183409 5.441376686096191 125
1781252187426 5.418769836425781 126
1781252191469 5.395838737487793 127
1781252195585 5.388207912445068 128
1781252199585 5.332671165466309 129
1781252203648 5.325628280639648 130
1781252207730 5.248386859893799 131
1781252211789 5.191515922546387 132
1781252215869 5.158666133880615 133
1781252220121 5.1561737060546875 134
1781252224452 5.128745079040527 135
1781252228902 5.062574863433838 136
1781252233609 5.022622108459473 137
1781252237589 4.961417198181152 138
1781252241525 4.947136878967285 139
1781252245636 4.896940231323242 140
1781252249647 4.8366594314575195 141
1781252253774 4.818849086761475 142
1781252257913 4.735804080963135 143
1781252262077 4.720456600189209 144
1781252266193 4.651625633239746 145
1781252270140 4.601696014404297 146
1781252274233 4.542238235473633 147
1781252278253 4.423757076263428 148
1781252282186 4.35849142074585 149
1781252286164 4.290386199951172 150
1781252290301 4.229522705078125 151
1781252294353 4.173442840576172 152
1781252298349 4.031622886657715 153
1781252302280 3.9859964847564697 154
1781252306406 3.9603400230407715 155
1781252310365 3.902053117752075 156
1781252314573 3.8023629188537598 157
1781252318636 3.589627742767334 158
1781252322685 3.489816188812256 159
1781252326889 3.439307451248169 160
1781252330947 3.278092384338379 161
1781252335158 3.244575262069702 162
1781252339189 3.198763132095337 163
1781252343457 3.186051368713379 164
1781252347869 3.1188716888427734 165
1781252352186 3.0452425479888916 166
1781252356596 3.0148231983184814 167
1781252361232 2.9709696769714355 168
1781252365701 2.9174506664276123 169
1781252370169 2.8754987716674805 170
1781252374847 2.8076415061950684 171
1781252379417 2.715848445892334 172
1781252383837 2.6314680576324463 173
1781252387997 2.6209144592285156 174
1781252392445 2.503490924835205 175
1781252396599 2.485832691192627 176
1781252401086 2.4182634353637695 177
1781252405198 2.4024085998535156 178
1781252409412 2.3766770362854004 179
1781252413552 2.342311143875122 180
1781252417646 2.2703304290771484 181
1781252421776 2.150038719177246 182
1781252426169 2.077571392059326 183
1781252430789 1.9973492622375488 184
1781252435535 1.9189225435256958 185
1781252439850 1.875361442565918 186
1781252443970 1.8508884906768799 187
1781252448217 1.8321177959442139 188
1781252452529 1.7901628017425537 189
1781252456814 1.7744337320327759 190
1781252461201 1.6334879398345947 191
1781252465833 1.5676496028900146 192
1781252470038 1.5114948749542236 193
1781252474430 1.4794731140136719 194
1781252478529 1.41081964969635 195
1781252483085 1.3243615627288818 196
1781252487203 1.2791926860809326 197
1781252491709 1.209644079208374 198
1781252495955 1.1789880990982056 199
1781252499981 1.14607834815979 200
1781252504066 1.0893803834915161 201
1781252508304 1.0631957054138184 202
1781252512502 1.0430151224136353 203
1781252517199 1.0303208827972412 204
1781252521613 0.9662497043609619 205
1781252525912 0.9257328510284424 206
1781252530079 0.8951452970504761 207
1781252534406 0.860830545425415 208
1781252538629 0.8444898128509521 209
1781252542949 0.8193583488464355 210
1781252547457 0.7866324186325073 211
1781252551652 0.7388898134231567 212
1781252555881 0.7056729793548584 213
1781252560100 0.6664457321166992 214
1781252564417 0.648554265499115 215
1781252568736 0.618766188621521 216
1781252572934 0.6064891815185547 217
1781252577449 0.5667235851287842 218
1781252581970 0.5369685888290405 219
1781252586427 0.5011342763900757 220
1781252590677 0.4708079695701599 221
1781252595006 0.44822946190834045 222
1781252599214 0.42372584342956543 223
1781252603671 0.40778934955596924 224
1781252608350 0.3792750835418701 225
1781252613068 0.33260542154312134 226
1781252617838 0.3163965940475464 227
1781252622742 0.2880818545818329 228
1781252627397 0.26225975155830383 229
1781252632033 0.24016284942626953 230
1781252636501 0.21297025680541992 231
1781252640858 0.18411974608898163 232
1781252645556 0.15662986040115356 233
1781252649765 0.12271120399236679 234
1781252654094 0.0886477679014206 235
1781252658402 0.06635290384292603 236
1781252663073 0.039009276777505875 237
1781252667468 0.030799612402915955 238
1781252671826 0.027074020355939865 239
1781252676379 0.02709297463297844 240
