1782735980345 0.0 1
1782735980346 0.0 2
1782735980347 0.0 3
1782735980348 0.0 4
1782735980349 0.0 5
1782735980350 0.0 6
1782735980351 0.0 7
1782735980352 0.0 8
1782735980353 0.0 9
1782735980355 0.0 10
1782735980356 0.0 11
1782735980357 0.0 12
1782735980358 0.0 13
1782735980360 0.0 14
1782735980361 0.0 15
1782735980362 0.0 16
1782735980363 0.0 17
1782735980364 0.0 18
1782735980365 0.0 19
1782735980366 0.0 20
1782735980367 0.0 21
1782735980368 0.0 22
1782735980369 0.0 23
1782735980370 0.0 24
1782735980371 0.0 25
1782735980372 0.0 26
1782735980373 0.0 27
1782735980374 0.0 28
1782735980375 0.0 29
1782735980376 0.0 30
1782735980377 0.0 31
1782735980378 0.0 32
1782735980379 0.0 33
1782735980380 0.0 34
1782735980381 0.0 35
1782735980382 0.0 36
1782735980383 0.0 37
1782735980384 0.0 38
1782735980385 0.0 39
1782735980386 0.0 40
1782735980387 0.0 41
1782735980387 0.0 42
1782735980388 0.0 43
1782735980389 0.0 44
1782735980391 0.0 45
1782735980392 0.0 46
1782735980393 0.0 47
1782735980393 0.0 48
1782735980394 0.0 49
1782735980395 0.0 50
1782735980396 0.0 51
1782735980397 0.0 52
1782735980398 0.0 53
1782735980399 0.0 54
1782735980400 0.0 55
1782735980401 0.0 56
1782735980402 0.0 57
1782735980403 0.0 58
1782735980404 0.0 59
1782735980405 0.0 60
1782735980406 0.0 61
1782735980407 0.0 62
1782735980408 0.0 63
1782735980409 0.0 64
1782735980410 0.0 65
1782735980412 0.0 66
1782735980413 0.0 67
1782735980414 0.0 68
1782735980415 0.0 69
1782735980416 0.0 70
1782735980417 0.0 71
1782735980418 0.0 72
1782735980419 0.0 73
1782735980420 0.0 74
1782735980421 0.0 75
1782735980422 0.0 76
1782735980424 0.0 77
1782735980425 0.0 78
1782735980426 0.0 79
1782735980427 0.0 80
1782735980428 0.0 81
1782735980428 0.0 82
1782735980429 0.0 83
1782735980430 0.0 84
1782735980431 0.0 85
