1782735980158 0.21488496400415896 1
1782735980159 0.07964176461100578 2
1782735980161 0.020478310072794558 3
1782735980162 0.008811273167375476 4
1782735980163 0.0053575660940259695 5
1782735980164 0.004082283833995461 6
1782735980165 0.0034974115452496334 7
1782735980166 0.0030837813348625785 8
1782735980167 0.002991123682295438 9
1782735980168 0.0026205888649565167 10
1782735980169 0.0021810215080040507 11
1782735980171 0.002254470833286177 12
1782735980172 0.0020108617556979878 13
1782735980173 0.0019198269117623567 14
1782735980174 0.0017200059800234159 15
1782735980175 0.0015860623112530447 16
1782735980176 0.0016543031357286963 17
1782735980177 0.0017212278957595118 18
1782735980178 0.0016515508347947616 19
1782735980179 0.0015324410602624995 20
1782735980180 0.0013632347220845986 21
1782735980181 0.0012869641046563628 22
1782735980183 0.0014210747025208547 23
1782735980184 0.0014779303972318302 24
1782735980185 0.0015596581588033587 25
1782735980186 0.0013183938850124832 26
1782735980187 0.0010961155882978346 27
1782735980188 0.0010623924381070538 28
1782735980189 0.0010059771298983832 29
1782735980190 0.0009435425079573178 30
1782735980191 0.0008623865200934233 31
1782735980192 0.0008339285822876264 32
1782735980194 0.0008070513949496672 33
1782735980195 0.0007892899990110891 34
1782735980196 0.0007908228247833904 35
1782735980197 0.0008021392156661023 36
1782735980198 0.0007498461388604483 37
1782735980199 0.0007070040696999058 38
1782735980200 0.0006914832297479734 39
1782735980201 0.0006787235161027638 40
1782735980202 0.0006693654603441246 41
1782735980203 0.0006612222543481039 42
1782735980204 0.0006530875671887771 43
1782735980206 0.0006512504252896179 44
1782735980207 0.0006576894126192201 45
1782735980208 0.0006953490643354599 46
1782735980209 0.0006723544129636138 47
1782735980210 0.0006418496030528331 48
1782735980211 0.0006229313412768533 49
1782735980212 0.0006067534433532273 50
1782735980213 0.0006007869899622164 51
1782735980214 0.0006106600338534918 52
1782735980215 0.0006269826423522317 53
1782735980217 0.0006261083496065112 54
1782735980218 0.0005980342214024859 55
1782735980219 0.0005708111710555386 56
1782735980220 0.0005599377225735224 57
1782735980221 0.0005778269428992643 58
1782735980222 0.0005663776573055656 59
1782735980223 0.0005701063775632065 60
1782735980224 0.0005637470805231714 61
1782735980225 0.0005466882553446339 62
1782735980226 0.0005232794482435565 63
1782735980227 0.0005059984105537296 64
1782735980229 0.0005001653056388023 65
1782735980230 0.0004962596497352933 66
1782735980231 0.0004927650403624284 67
1782735980232 0.0004891997978484141 68
1782735980233 0.00048594345098535997 69
1782735980234 0.0004794128241337603 70
1782735980235 0.0004769182645031833 71
1782735980236 0.00047502013552730204 72
1782735980237 0.0004731596311103203 73
1782735980238 0.000471022575184179 74
1782735980240 0.0004689914252230665 75
1782735980241 0.0004669033855316229 76
1782735980242 0.0004631529764446896 77
1782735980243 0.0004616537201582105 78
1782735980244 0.00046052379606408066 79
1782735980245 0.000459197035888792 80
1782735980246 0.0004581554932519794 81
1782735980247 0.0004569571523097693 82
1782735980248 0.0004555792218525312 83
1782735980249 0.0004534310832968913 84
1782735980250 0.00045270555350725774 85
