1782209476213 0.1796708854287863 1
1782209476214 0.06924291567876935 2
1782209476215 0.028416801979765295 3
1782209476216 0.015274154432117939 4
1782209476218 0.010278163019102067 5
1782209476219 0.007827280210331083 6
1782209476220 0.006156410828698427 7
1782209476221 0.005274242083542049 8
1782209476223 0.004528198641492054 9
1782209476224 0.003966330578550697 10
1782209476225 0.0037818049715133382 11
1782209476226 0.003426695891539566 12
1782209476227 0.0032596777542494237 13
1782209476229 0.0029944826127029957 14
1782209476230 0.00277998699224554 15
1782209476231 0.0027809205057565123 16
1782209476232 0.0026356071804184466 17
1782209476234 0.0025510353469871917 18
1782209476235 0.0024858020138344727 19
1782209476236 0.0025240211872733197 20
1782209476237 0.002434698011202272 21
1782209476238 0.0023021662308019587 22
1782209476240 0.0022861117677530273 23
1782209476241 0.0022861332100001163 24
1782209476242 0.0022395996062550693 25
1782209476243 0.0022327821899671106 26
1782209476244 0.002162382659735158 27
1782209476246 0.002166411704092752 28
1782209476247 0.0021413155100890435 29
1782209476248 0.0020843459502793847 30
1782209476249 0.002176332297094632 31
1782209476250 0.0021181912820611615 32
1782209476252 0.002007358990231296 33
1782209476253 0.0020149783381202724 34
1782209476254 0.0020939837979676666 35
1782209476255 0.002089815909130266 36
1782209476256 0.0020443160385184454 37
1782209476258 0.0020802182631450704 38
1782209476259 0.001999982814595569 39
1782209476260 0.002018850251479307 40
1782209476261 0.0019588212949747685 41
1782209476263 0.00195495307634701 42
1782209476264 0.002043042306031566 43
1782209476265 0.0020228159723046702 44
1782209476266 0.00189821173727978 45
1782209476267 0.00182741615222767 46
1782209476269 0.0018072308614500798 47
1782209476270 0.0018218406013329512 48
1782209476271 0.0018192500586155802 49
1782209476272 0.0018195844175352249 50
1782209476273 0.0018084198750148062 51
1782209476275 0.0017600782119552604 52
1782209476276 0.001743496857379796 53
1782209476277 0.0017380236177996266 54
1782209476278 0.0017297481991408858 55
1782209476279 0.0017261499517189805 56
1782209476281 0.0017251483400468714 57
1782209476282 0.001729719014110742 58
1782209476283 0.0017020295091788285 59
1782209476284 0.0017020392914128023 60
1782209476285 0.001693774444720475 61
1782209476287 0.0016932779457420112 62
1782209476288 0.0016932761756470428 63
1782209476289 0.0016879655775846913 64
1782209476290 0.0016921476437710226 65
1782209476291 0.0016807433747453614 66
1782209476293 0.0016770510221249424 67
