1782209476374 0.0 1
1782209476375 0.0 2
1782209476377 0.0 3
1782209476378 0.0 4
1782209476379 0.0 5
1782209476380 0.0 6
1782209476381 0.0 7
1782209476383 0.0 8
1782209476384 0.0 9
1782209476385 0.0 10
1782209476386 0.0 11
1782209476388 0.0 12
1782209476389 0.0 13
1782209476390 0.0 14
1782209476391 0.0 15
1782209476393 0.0 16
1782209476394 0.0 17
1782209476395 0.0 18
1782209476396 0.0 19
1782209476397 0.0 20
1782209476399 0.0 21
1782209476400 0.0 22
1782209476401 0.0 23
1782209476402 0.0 24
1782209476403 0.0 25
1782209476405 0.0 26
1782209476406 0.0 27
1782209476407 0.0 28
1782209476408 0.0 29
1782209476409 0.0 30
1782209476410 0.0 31
1782209476412 0.0 32
1782209476413 0.0 33
1782209476414 0.0 34
1782209476415 0.0 35
1782209476416 0.0 36
1782209476417 0.0 37
1782209476418 0.0 38
1782209476419 0.0 39
1782209476420 0.0 40
1782209476422 0.0 41
1782209476423 0.0 42
1782209476424 0.0 43
1782209476425 0.0 44
1782209476426 0.0 45
1782209476427 0.0 46
1782209476428 0.0 47
1782209476429 0.0 48
1782209476430 0.0 49
1782209476431 0.0 50
1782209476432 0.0 51
1782209476434 0.0 52
1782209476435 0.0 53
1782209476436 0.0 54
1782209476437 0.0 55
1782209476439 0.0 56
1782209476440 0.0 57
1782209476441 0.0 58
1782209476442 0.0 59
1782209476443 0.0 60
1782209476444 0.0 61
1782209476445 0.0 62
1782209476447 0.0 63
1782209476448 0.0 64
1782209476449 0.0 65
1782209476450 0.0 66
1782209476452 0.0 67
