1782209476453 0.0 1
1782209476454 0.0 2
1782209476455 0.0 3
1782209476456 0.0 4
1782209476458 0.0 5
1782209476459 0.0 6
1782209476460 0.0 7
1782209476461 0.0 8
1782209476462 0.0 9
1782209476463 0.0 10
1782209476465 0.0 11
1782209476466 0.0 12
1782209476467 0.0 13
1782209476468 0.0 14
1782209476469 0.0 15
1782209476470 0.0 16
1782209476471 0.0 17
1782209476472 0.0 18
1782209476473 0.0 19
1782209476474 0.0 20
1782209476475 0.0 21
1782209476476 0.0 22
1782209476478 0.0 23
1782209476479 0.0 24
1782209476480 0.0 25
1782209476481 0.0 26
1782209476482 0.0 27
1782209476484 0.0 28
1782209476485 0.0 29
1782209476486 0.0 30
1782209476487 0.0 31
1782209476488 0.0 32
1782209476490 0.0 33
1782209476491 0.0 34
1782209476492 0.0 35
1782209476493 0.0 36
1782209476494 0.0 37
1782209476495 0.0 38
1782209476496 0.0 39
1782209476498 0.0 40
1782209476499 0.0 41
1782209476500 0.0 42
1782209476501 0.0 43
1782209476502 0.0 44
1782209476503 0.0 45
1782209476504 0.0 46
1782209476506 0.0 47
1782209476507 0.0 48
1782209476508 0.0 49
1782209476509 0.0 50
1782209476510 0.0 51
1782209476511 0.0 52
1782209476513 0.0 53
1782209476514 0.0 54
1782209476515 0.0 55
1782209476516 0.0 56
1782209476517 0.0 57
1782209476518 0.0 58
1782209476519 0.0 59
1782209476521 0.0 60
1782209476522 0.0 61
1782209476523 0.0 62
1782209476524 0.0 63
1782209476525 0.0 64
1782209476526 0.0 65
1782209476527 0.0 66
1782209476529 0.0 67
