1780314155098 0.16960760165005923 1
1780314155100 0.06617131682112813 2
1780314155103 0.03336910428479314 3
1780314155105 0.020439621708355844 4
1780314155107 0.014046011716127396 5
1780314155109 0.01042962063336745 6
1780314155112 0.008192236812319606 7
1780314155114 0.0067225373582914475 8
1780314155116 0.0056413861992768944 9
1780314155118 0.004898511110804975 10
1780314155121 0.0043250125832855705 11
1780314155149 0.003861244689906016 12
1780314155151 0.003560210148571059 13
1780314155154 0.0033073359419358893 14
1780314155156 0.003059390246635303 15
1780314155158 0.002853424982749857 16
1780314155160 0.0027065709431190045 17
1780314155162 0.0025914895092137157 18
1780314155165 0.0024745937815168874 19
1780314155167 0.0023600087271188385 20
1780314155169 0.0023026337163173593 21
1780314155171 0.002227195401210338 22
1780314155173 0.002177716243022587 23
1780314155176 0.002071073132683523 24
1780314155178 0.0020175312127685176 25
1780314155180 0.0019726347248069944 26
1780314155182 0.00191029672161676 27
1780314155185 0.001882297681295313 28
1780314155187 0.0018381628111819738 29
1780314155189 0.001796215633075917 30
1780314155191 0.0017346127930795774 31
1780314155194 0.0017741914678481407 32
1780314155196 0.0016538461673189886 33
1780314155198 0.0016014541195181664 34
1780314155200 0.0015711459255544468 35
1780314155203 0.0014973952002765144 36
1780314155205 0.0014887870484380982 37
1780314155207 0.001445094479713589 38
1780314155210 0.0014770227724511642 39
1780314155212 0.0014742732484592125 40
1780314155214 0.0014658514835173264 41
1780314155216 0.0013907425524666906 42
1780314155219 0.0013333628118562047 43
1780314155221 0.0013232537839212456 44
1780314155223 0.0013001138559775426 45
1780314155225 0.001286489822814474 46
1780314155227 0.001279567038436653 47
1780314155230 0.0012908282544231043 48
1780314155232 0.0012683752369775903 49
1780314155234 0.0011747807488427498 50
1780314155236 0.0011553684284444899 51
1780314155238 0.0011318107842816971 52
1780314155241 0.0011189783176814671 53
1780314155243 0.0011211524113605264 54
1780314155245 0.0011340464894601609 55
1780314155247 0.0011270692346442956 56
1780314155250 0.0011077345564262941 57
1780314155252 0.0011022651093662717 58
1780314155254 0.0010833773702324833 59
1780314155256 0.0010633139382116496 60
1780314155259 0.0010586456194869242 61
1780314155261 0.0010565665592730512 62
1780314155263 0.001053328614216298 63
1780314155265 0.0010472345146990848 64
1780314155268 0.0010364754842157708 65
1780314155270 0.0010386630629363935 66
1780314155272 0.0010402971413714112 67
1780314155274 0.001037058879592223 68
1780314155277 0.0010252401301113422 69
1780314155279 0.0010231707739876584 70
1780314155281 0.001018656887099496 71
1780314155283 0.001010714010335505 72
1780314155285 0.0010147589349071495 73
1780314155288 0.0010092576727038249 74
1780314155290 0.001014650882789283 75
1780314155292 0.0010088552506931593 76
1780314155294 0.0010071871926629684 77
1780314155297 0.0009986090611346298 78
1780314155299 0.0009930265942239202 79
1780314155301 0.0009960885312466417 80
1780314155303 0.0009955162591359112 81
1780314155305 0.0009974753928690917 82
1780314155308 0.0009912593461194775 83
