1780314161540 0.1766040378808975 1
1780314161543 0.13638900853693486 2
1780314161545 0.10519200801849365 3
1780314161547 0.0823524060100317 4
1780314161550 0.06525907538831234 5
1780314161552 0.05236828735098243 6
1780314161555 0.04258119637146592 7
1780314161557 0.035091933878138665 8
1780314161560 0.02924812144599855 9
1780314161562 0.024642781671136618 10
1780314161564 0.02097480894997716 11
1780314161567 0.018015578933991493 12
1780314161569 0.01560269715730101 13
1780314161572 0.013626525499857963 14
1780314161574 0.011977858091704548 15
1780314161577 0.010596549757756292 16
1780314161579 0.009443634741473942 17
1780314161581 0.008463601632975042 18
1780314161583 0.007625754743348807 19
1780314161586 0.006892408258281648 20
1780314161588 0.006263233700301498 21
1780314161590 0.005722656233701855 22
1780314161592 0.005251746677095071 23
1780314161595 0.004844391817459837 24
1780314161597 0.004488179562613368 25
1780314161599 0.004188061517197639 26
1780314161601 0.0038961025164462627 27
1780314161603 0.0036463887023273855 28
1780314161606 0.0034245309850666674 29
1780314161608 0.0032103205821476877 30
1780314161610 0.003026785100228153 31
1780314161612 0.0028641477564815433 32
1780314161615 0.0027339193457737564 33
1780314161617 0.0026149487198563292 34
1780314161619 0.0025282774848164992 35
1780314161621 0.002420110901002772 36
1780314161624 0.0023100405599689113 37
1780314161626 0.002212198167107999 38
1780314161628 0.002128443152178079 39
1780314161630 0.002054183645232115 40
1780314161632 0.001997447881149128 41
1780314161635 0.0019454196316655726 42
1780314161637 0.0019004047627095132 43
1780314161639 0.001864059627696406 44
1780314161641 0.001805502307252027 45
1780314161643 0.001751971444755327 46
1780314161646 0.001707625010458287 47
1780314161648 0.001676736450754106 48
1780314161650 0.0016563061060151086 49
1780314161652 0.0016270462739339563 50
1780314161654 0.0015969003179634456 51
1780314161657 0.0015684872280689887 52
1780314161659 0.0015468611671531106 53
1780314161661 0.0015273422212339937 54
1780314161663 0.001515372822614154 55
1780314161666 0.0014955712646769826 56
1780314161668 0.001472751435212558 57
1780314161670 0.001452040794538334 58
1780314161672 0.00143420216627419 59
1780314161674 0.0014248572243377566 60
1780314161677 0.0014050023732124829 61
1780314161679 0.001390680095355492 62
1780314161681 0.0013791990870959125 63
1780314161683 0.00137460544865462 64
1780314161686 0.0013677049227408134 65
1780314161688 0.0013606849174539093 66
1780314161690 0.001350266919762362 67
1780314161692 0.0013390308525413274 68
1780314161694 0.0013252686310443096 69
1780314161697 0.0013158919422130565 70
1780314161699 0.0013074465883983067 71
1780314161701 0.001297939287032932 72
1780314161703 0.001291898359268089 73
1780314161705 0.0012905283319560113 74
1780314161708 0.0012904588833043816 75
1780314161710 0.0012888454375934088 76
1780314161712 0.0012705057840503287 77
1780314161714 0.0012617058630712563 78
1780314161717 0.0012633811879641144 79
1780314161719 0.0012547681204159744 80
1780314161721 0.0012467545796971534 81
1780314161723 0.0012392253803409402 82
1780314161725 0.001238180194486631 83
1780314161728 0.0012300091957877157 84
1780314161730 0.0012326196877256734 85
1780314161732 0.0012436626153066754 86
1780314161734 0.0012385146955784876 87
1780314161736 0.001214468062389642 88
1780314161739 0.0011988450343051226 89
1780314161741 0.0011918856492411577 90
1780314161743 0.0011886987824254903 91
1780314161745 0.0011858618303085676 92
1780314161748 0.0011829643123201096 93
1780314161750 0.001180717119423207 94
1780314161752 0.0011786372314963956 95
1780314161754 0.0011765852956159505 96
1780314161756 0.001172363932710141 97
1780314161759 0.0011707288416073424 98
