1780314150973 0.25799117133021354 1
1780314150975 0.23060552328824996 2
1780314150978 0.19824153065681457 3
1780314150980 0.17440537974238396 4
1780314150982 0.16071104183793067 5
1780314150984 0.1501738551259041 6
1780314150986 0.1411731643229723 7
1780314150989 0.1331053989380598 8
1780314150991 0.12559662878513336 9
1780314150993 0.11837992988526821 10
1780314150995 0.11112905085086823 11
1780314150997 0.10336877211928368 12
1780314151000 0.09485726445913314 13
1780314151002 0.08628377817571163 14
1780314151004 0.07817266531288623 15
1780314151006 0.07035151161253453 16
1780314151008 0.06281680192798376 17
1780314151011 0.05585738927125931 18
1780314151013 0.04953682769089937 19
1780314151015 0.0439110991358757 20
1780314151017 0.03898470371961594 21
1780314151019 0.03472739489749074 22
1780314151021 0.03113242631778121 23
1780314151024 0.02813269292935729 24
1780314151026 0.02560593394562602 25
1780314151028 0.023418542221188544 26
1780314151030 0.021434639152139424 27
1780314151032 0.019734500870108605 28
1780314151035 0.018244201550260186 29
1780314151042 0.016941792024299504 30
1780314151049 0.01575131755322218 31
1780314151055 0.014711006386205554 32
1780314151057 0.013755570640787482 33
1780314151059 0.012890872834250331 34
1780314151062 0.012107992572709917 35
1780314151064 0.011419599195942282 36
1780314151066 0.010804945649579168 37
1780314151068 0.010212363200262189 38
1780314151071 0.009649601979181171 39
1780314151073 0.009052455411292612 40
1780314151075 0.008560980330221355 41
1780314151077 0.008104835506528615 42
1780314151079 0.007695307200774551 43
1780314151082 0.007299045124091208 44
1780314151084 0.0069386100443080065 45
1780314151086 0.006607850757427513 46
1780314151088 0.006302283201366663 47
1780314151091 0.006000736835412681 48
1780314151093 0.00573600853793323 49
1780314151095 0.0054942177957855165 50
1780314151097 0.005289203643333167 51
1780314151099 0.005078465065453202 52
1780314151102 0.004839425075333565 53
1780314151104 0.004627684121951461 54
1780314151106 0.004456089811865241 55
1780314151108 0.004262592825107277 56
1780314151111 0.004109413523692638 57
1780314151113 0.003962401344906539 58
1780314151115 0.00382727304007858 59
1780314151117 0.0037037863582372664 60
1780314151119 0.0035861145309172573 61
1780314151122 0.0034663666551932692 62
1780314151124 0.003348648673854768 63
1780314151126 0.0032574951252900062 64
1780314151128 0.0031637661601416765 65
1780314151131 0.003082532591652125 66
1780314151133 0.003002362312981859 67
1780314151135 0.002932820732239634 68
1780314151137 0.002853934655431658 69
1780314151139 0.002768468667054549 70
1780314151142 0.0026925473823212085 71
1780314151144 0.002619300241349265 72
1780314151146 0.002544846732635051 73
1780314151148 0.002482811176450923 74
1780314151150 0.002424538542982191 75
1780314151153 0.0023732900549657643 76
1780314151155 0.002327439850196242 77
1780314151157 0.0022973210259806367 78
1780314151159 0.002252789370249957 79
1780314151161 0.0022011421981733294 80
1780314151164 0.002158417912432924 81
1780314151166 0.0021235914865974335 82
1780314151168 0.002090210979804397 83
1780314151170 0.0020613334595691413 84
1780314151172 0.0020344108575955032 85
1780314151175 0.002004289429751225 86
1780314151177 0.0019656821922399105 87
1780314151179 0.0019314002542523668 88
1780314151181 0.0018982445442816242 89
1780314151183 0.0018632777995662765 90
1780314151186 0.0018350545858265832 91
1780314151188 0.0018197218189015985 92
1780314151190 0.0018056068202713504 93
1780314151192 0.0017843797302339226 94
1780314151194 0.0017561906162882224 95
1780314151197 0.0017357250361237674 96
1780314151199 0.0017159028147580102 97
1780314151201 0.0017076225933851674 98
1780314151203 0.0017018289206316695 99
1780314151205 0.0016910120792454108 100
1780314151208 0.0016551519688800908 101
1780314151210 0.0016447143437108025 102
1780314151212 0.0016271380122634582 103
1780314151214 0.0016086534241912887 104
1780314151216 0.0015931284590624273 105
1780314151219 0.001571965951297898 106
1780314151221 0.0015578341961372643 107
1780314151223 0.0015468621379113757 108
1780314151225 0.0015369198116241022 109
1780314151227 0.001527548466983717 110
1780314151230 0.001510810125619173 111
1780314151232 0.0014893760572886093 112
1780314151234 0.0014804907477810048 113
1780314151236 0.0014731296576792373 114
1780314151238 0.0014670059361378662 115
1780314151241 0.0014608896846766584 116
1780314151243 0.0014553463921765798 117
1780314151245 0.00144965477171354 118
1780314151247 0.0014438953701755963 119
1780314151250 0.0014386137801920996 120
1780314151252 0.0014355092009645887 121
