1782639914882 0.0 1
1782639914883 0.0 2
1782639914884 0.0 3
1782639914885 0.0 4
1782639914886 0.0 5
1782639914887 0.0 6
1782639914888 0.0 7
1782639914889 0.0 8
1782639914890 0.0 9
1782639914891 0.0 10
1782639914893 0.0 11
1782639914894 0.0 12
1782639914895 0.0 13
1782639914896 0.0 14
1782639914897 0.0 15
1782639914898 0.0 16
1782639914899 0.0 17
1782639914900 0.0 18
1782639914901 0.0 19
1782639914902 0.0 20
1782639914904 0.0 21
1782639914905 0.0 22
1782639914906 0.0 23
1782639914907 0.0 24
1782639914908 0.0 25
1782639914909 0.0 26
1782639914910 0.0 27
1782639914911 0.0 28
1782639914912 0.0 29
1782639914914 0.0 30
1782639914915 0.0 31
1782639914916 0.0 32
1782639914917 0.0 33
1782639914918 0.0 34
1782639914919 0.0 35
1782639914920 0.0 36
1782639914921 0.0 37
1782639914922 0.0 38
1782639914923 0.0 39
1782639914924 0.0 40
1782639914925 0.0 41
1782639914926 0.0 42
1782639914928 0.0 43
1782639914929 0.0 44
1782639914930 0.0 45
1782639914931 0.0 46
1782639914932 0.0 47
1782639914933 0.0 48
1782639914934 0.0 49
1782639914935 0.0 50
1782639914936 0.0 51
1782639914937 0.0 52
1782639914938 0.0 53
1782639914939 0.0 54
1782639914941 0.0 55
1782639914942 0.0 56
1782639914943 0.0 57
1782639914944 0.0 58
1782639914945 0.0 59
1782639914946 0.0 60
1782639914947 0.0 61
1782639914948 0.0 62
1782639914950 0.0 63
1782639914951 0.0 64
1782639914952 0.0 65
1782639914953 0.0 66
1782639914954 0.0 67
1782639914955 0.0 68
1782639914956 0.0 69
1782639914957 0.0 70
1782639914958 0.0 71
1782639914959 0.0 72
1782639914960 0.0 73
1782639914962 0.0 74
1782639914963 0.0 75
