1782639914635 0.13033576173707842 1
1782639914636 0.04381641112267971 2
1782639914637 0.021138694109395145 3
1782639914639 0.01285382742062211 4
1782639914640 0.009059782586991787 5
1782639914641 0.006759812210220844 6
1782639914642 0.005434082493884489 7
1782639914643 0.004435795396566391 8
1782639914644 0.0038421720592305064 9
1782639914645 0.0033498400787357243 10
1782639914646 0.0029199924785643814 11
1782639914647 0.0026716711663175375 12
1782639914648 0.002423863047733903 13
1782639914649 0.0022858634346630425 14
1782639914651 0.002120014557731338 15
1782639914652 0.0021433959656860678 16
1782639914653 0.001964854066609405 17
1782639914654 0.0018387077664374374 18
1782639914655 0.0017924472107551993 19
1782639914656 0.0017238984652794898 20
1782639914657 0.0016425928764510899 21
1782639914658 0.0015654396847821772 22
1782639914659 0.0015209114493336528 23
1782639914660 0.0014539870439330116 24
1782639914662 0.001463689774100203 25
1782639914663 0.0013944518720381894 26
1782639914664 0.001361435882135993 27
1782639914665 0.0013399825536180288 28
1782639914666 0.0012998696949216538 29
1782639914667 0.001339444683981128 30
1782639914668 0.0014776602169149556 31
1782639914669 0.001674471864826046 32
1782639914670 0.0014259184045658912 33
1782639914671 0.0012660242935817222 34
1782639914672 0.0011893447581678629 35
1782639914674 0.0011050078480911907 36
1782639914675 0.001061490804713685 37
1782639914676 0.0010385884832794544 38
1782639914677 0.0010221802591695451 39
1782639914678 0.0010086058348679216 40
1782639914679 0.0009963330039317953 41
1782639914680 0.000983063465100713 42
1782639914681 0.0009766839349322253 43
1782639914682 0.0009744995960500091 44
1782639914683 0.0009778828399430494 45
1782639914684 0.0010055139477481135 46
1782639914686 0.0009948827751213685 47
1782639914687 0.0009734761887375498 48
1782639914688 0.0009692054830520647 49
1782639914689 0.000968552457052283 50
1782639914690 0.0009701239034620812 51
1782639914691 0.0009376903933298309 52
1782639914692 0.0008986861795710865 53
1782639914693 0.0008667504709592322 54
1782639914694 0.0008559900816908339 55
1782639914695 0.0008481266100716312 56
1782639914696 0.0008420385236968287 57
1782639914698 0.0008366616035345942 58
1782639914699 0.0008317733011790552 59
1782639914700 0.0008227970395819284 60
1782639914701 0.0008169953503238503 61
1782639914702 0.000813689670903841 62
1782639914703 0.0008101937999890652 63
1782639914704 0.0008067591195140267 64
1782639914705 0.0008032662404730218 65
1782639914706 0.0008006226384895854 66
1782639914707 0.0007949479807575699 67
1782639914708 0.0007925893618084956 68
1782639914709 0.0007907922891172347 69
1782639914711 0.0007889001251169248 70
1782639914712 0.0007870947453920963 71
1782639914713 0.0007853443553176476 72
1782639914714 0.0007834879510483006 73
1782639914715 0.000780346444080351 74
1782639914716 0.0007791675197222503 75
