1780314201619 0.15642293918256958 1
1780314201621 0.053951424655194084 2
1780314201622 0.024701232144919535 3
1780314201623 0.01446331162781765 4
1780314201624 0.010069561965065078 5
1780314201625 0.00747736517029504 6
1780314201627 0.0059853636155215405 7
1780314201628 0.0050133969033292185 8
1780314201629 0.004232683909746507 9
1780314201630 0.0037113173748366535 10
1780314201631 0.0034600797123857776 11
1780314201633 0.003111773697310127 12
1780314201634 0.0028769273674697617 13
1780314201635 0.002674389336607419 14
1780314201636 0.0025382776133483277 15
1780314201638 0.002409534553347233 16
1780314201639 0.002296772703023938 17
1780314201640 0.0022337903142518674 18
1780314201641 0.0021725314606252746 19
1780314201642 0.0021620330507478988 20
1780314201644 0.002101220890957241 21
1780314201645 0.002056847341251948 22
1780314201646 0.0020276156372953363 23
1780314201647 0.0019506957648748843 24
1780314201649 0.001991039734518078 25
1780314201650 0.001919882357591026 26
1780314201651 0.0018446317856917933 27
1780314201652 0.0018580904590635328 28
1780314201653 0.0018749796883639647 29
1780314201655 0.001857829647390948 30
1780314201656 0.0018016084229505699 31
1780314201657 0.0017576791280589533 32
1780314201658 0.0017611731465876801 33
1780314201659 0.0018013743546665259 34
1780314201661 0.0018117488872424778 35
1780314201662 0.0017680577502081482 36
1780314201663 0.0019001281680781782 37
1780314201664 0.0017776332681629962 38
1780314201666 0.0017103248985222308 39
1780314201667 0.0016865582480628898 40
1780314201668 0.0016831711891427403 41
1780314201669 0.0016993575204348114 42
1780314201670 0.0017044896697674024 43
1780314201672 0.0017138499628345017 44
1780314201673 0.001721395694039529 45
1780314201674 0.0016986605235312406 46
1780314201675 0.0016900600809094612 47
1780314201676 0.0016772175125273254 48
1780314201678 0.001662628161466273 49
1780314201679 0.0017386279898346402 50
1780314201680 0.0016555750184731248 51
1780314201681 0.001640081696799219 52
1780314201682 0.0016365778378409838 53
1780314201684 0.0016347145593196425 54
1780314201685 0.0016501883945844989 55
1780314201686 0.0016076265175797744 56
1780314201687 0.0016094335845991737 57
1780314201688 0.0016408061470428946 58
1780314201690 0.0016636515738355229 59
1780314201691 0.0016285519874751724 60
1780314201692 0.00165925539501283 61
1780314201693 0.0016078950775408885 62
1780314201694 0.0016592291288058429 63
1780314201696 0.00161854258076346 64
1780314201697 0.0015913660659255886 65
1780314201698 0.001558211895887022 66
1780314201699 0.0016440405558872347 67
1780314201701 0.0016608354011016975 68
1780314201702 0.0016089856401473905 69
1780314201703 0.0015676251470722491 70
1780314201704 0.0015786358465751011 71
1780314201705 0.0015792452776319502 72
1780314201707 0.0015831877570841848 73
1780314201708 0.0015702274806850861 74
1780314201709 0.0015973849761091211 75
