1780314188555 0.2047722551226616 1
1780314188558 0.15824831083416938 2
1780314188560 0.1264070877060294 3
1780314188563 0.10239796709269285 4
1780314188565 0.08282351128757 5
1780314188568 0.0672846869379282 6
1780314188570 0.054949454683810475 7
1780314188573 0.04524376604706049 8
1780314188576 0.03741012003272772 9
1780314188578 0.031165936505421998 10
1780314188581 0.026205617804080247 11
1780314188583 0.02227866473607719 12
1780314188585 0.019151373696513475 13
1780314188588 0.016589142763987184 14
1780314188590 0.014478147067129611 15
1780314188592 0.01270850935485214 16
1780314188595 0.011204290799796582 17
1780314188597 0.009973732703365386 18
1780314188599 0.008919284518342466 19
1780314188602 0.008030098117887973 20
1780314188604 0.007246291458141058 21
1780314188606 0.0065804325649514795 22
1780314188609 0.005997356837615371 23
1780314188611 0.00550907492171973 24
1780314188614 0.005046203576494008 25
1780314188616 0.004681176990270614 26
1780314188618 0.004337227126816287 27
1780314188621 0.004050261584343389 28
1780314188623 0.0037809136521536856 29
1780314188625 0.0035109103622380645 30
1780314188628 0.003305967241758481 31
1780314188630 0.0031035306031117218 32
1780314188632 0.0029316723759984595 33
1780314188635 0.002787817450007424 34
1780314188637 0.002646186925121583 35
1780314188639 0.002520993747166358 36
1780314188642 0.002421278566471301 37
1780314188644 0.0023196637188084425 38
1780314188646 0.0022204529610462486 39
1780314188649 0.0021498421096475795 40
1780314188651 0.002072315813857131 41
1780314188653 0.0020154331179219297 42
1780314188656 0.0019740869151428342 43
1780314188658 0.0018790232363971881 44
1780314188660 0.0018267289715004154 45
1780314188663 0.0017708380924887023 46
1780314188665 0.0017291187317459843 47
1780314188667 0.0016889639961300419 48
1780314188670 0.0016645447933115066 49
1780314188672 0.0016300710313953458 50
1780314188674 0.001619664928293787 51
1780314188677 0.0015668542897037696 52
1780314188679 0.00156484553401242 53
1780314188681 0.0015223602716287132 54
1780314188684 0.0014866286840697284 55
1780314188686 0.0014664604495919775 56
1780314188688 0.0014614476187853143 57
1780314188691 0.0014316402412077878 58
1780314188693 0.0014131842824281194 59
1780314188695 0.0014160105705377645 60
1780314188698 0.0013990167203883175 61
1780314188700 0.001382748934411211 62
1780314188702 0.0013587918515258935 63
1780314188705 0.0013359119684901088 64
1780314188707 0.0013382716533669736 65
1780314188710 0.0013253761961095733 66
1780314188712 0.0013150913959543687 67
1780314188715 0.0013287423548899824 68
1780314188717 0.001316625086037675 69
1780314188720 0.0012907678986084647 70
1780314188723 0.0012820089983870276 71
1780314188726 0.001269020496038138 72
1780314188728 0.0012580009482917377 73
1780314188730 0.0012508422514656559 74
1780314188733 0.0012488508260867094 75
1780314188735 0.001233274268306559 76
1780314188737 0.001230177281104261 77
1780314188740 0.0012224672835873208 78
1780314188742 0.0012157415214460344 79
1780314188745 0.0012098336744384142 80
1780314188747 0.0012114543104689802 81
1780314188749 0.0011922207198222167 82
1780314188751 0.0011902634400757961 83
1780314188754 0.001189855037664529 84
1780314188756 0.0012004780719871632 85
1780314188759 0.001178936583455652 86
1780314188761 0.0011650379124330357 87
1780314188763 0.0011545975896297023 88
1780314188766 0.0011666306330880617 89
1780314188768 0.001168141132366145 90
1780314188770 0.0011624147872498726 91
1780314188773 0.001142354352559778 92
1780314188775 0.001139116939593805 93
1780314188777 0.001136167707736604 94
1780314188780 0.0011317040034919046 95
1780314188782 0.001120824007812189 96
1780314188785 0.0011302495891868602 97
1780314188787 0.0011324094422161578 98
1780314188789 0.0011284496271400713 99
1780314188792 0.0011142361913516652 100
1780314188794 0.0011055140140524599 101
1780314188796 0.001126164300731034 102
1780314188799 0.0011139435761288042 103
1780314188801 0.0011075159604661167 104
1780314188803 0.0011014163393701893 105
1780314188806 0.001096834680865868 106
1780314188808 0.0010822041397477733 107
1780314188810 0.0010762368773430354 108
1780314188813 0.0010848773869656725 109
1780314188815 0.001078098115249304 110
1780314188817 0.0010803018343722216 111
1780314188820 0.0010765167848876445 112
1780314188822 0.0010881514752691145 113
1780314188824 0.0010844980741967448 114
1780314188827 0.0010809330011397832 115
1780314188829 0.0010619777959072962 116
1780314188831 0.001057540089241229 117
1780314188834 0.0010606189312238712 118
1780314188836 0.0010620396779268048 119
1780314188838 0.0010552162084059092 120
1780314188841 0.0010531444628577448 121
1780314188843 0.0010396876401500776 122
1780314188845 0.0010220836692315062 123
1780314188848 0.0010138758264656644 124
1780314188850 0.0010089913490446633 125
1780314188852 0.0010077191097661853 126
1780314188855 0.0010047450126876357 127
1780314188857 0.0010053518855420408 128
1780314188859 0.0010051878800368286 129
1780314188862 0.0010036496344400802 130
1780314188864 0.0010018193341966254 131
1780314188866 0.0009959164573956514 132
1780314188869 0.0009939146007673116 133
1780314188871 0.0009894048507339904 134
1780314188874 0.0009868082636239706 135
1780314188876 0.0009874509926521568 136
1780314188878 0.0009829861627440551 137
1780314188881 0.0009820343962564947 138
1780314188883 0.0009837320377846482 139
1780314188885 0.0009829962339426856 140
1780314188888 0.0009785537581774406 141
1780314188890 0.0009778861200175014 142
1780314188892 0.0009764954506681534 143
1780314188895 0.0009759361411852297 144
1780314188897 0.000976566860335879 145
1780314188899 0.0009742442281640251 146
1780314188902 0.0009762191800109576 147
1780314188904 0.0009757633985645952 148
1780314188906 0.0009735654720134335 149
1780314188909 0.0009744756219879491 150
1780314188911 0.0009739171973342309 151
1780314188913 0.0009719147068972234 152
1780314188916 0.0009712743114141631 153
