1785093814088 0.025725750409183092 1
1785093814089 0.004372297202935443 2
1785093814090 0.0037832696895929983 3
1785093814091 0.0036086117796367036 4
1785093814093 0.003299270059214905 5
1785093814094 0.003427126269962173 6
1785093814095 0.002870264919765759 7
1785093814097 0.0033313255684333854 8
1785093814098 0.0030609572574030607 9
1785093814099 0.0029136825175373813 10
1785093814100 0.0027999570569954813 11
1785093814102 0.002784799414512236 12
1785093814103 0.0024204444576753303 13
1785093814104 0.0023259597271680834 14
1785093814105 0.002297882272396237 15
1785093814107 0.002259165455470793 16
1785093814108 0.0022333354261354545 17
1785093814109 0.0023458578954159747 18
1785093814110 0.002204390088445507 19
1785093814112 0.0021344928714097477 20
1785093814113 0.0022381807598867453 21
1785093814114 0.002220234577980591 22
1785093814115 0.0021092018036870286 23
1785093814117 0.002108178208291065 24
1785093814118 0.0021303969254950063 25
1785093814119 0.0020849222007382194 26
1785093814120 0.002223540560808033 27
1785093814122 0.002059114021976711 28
1785093814123 0.0020397646259516476 29
1785093814124 0.0020603717475023587 30
1785093814125 0.0018928747613972518 31
1785093814127 0.0018300933626596817 32
1785093814128 0.0018289708519296254 33
1785093814129 0.0017932039205334148 34
1785093814130 0.001839510029531084 35
1785093814132 0.001760381254425738 36
1785093814133 0.001798410492046969 37
1785093814134 0.0016792626520327758 38
1785093814135 0.0016475229914067312 39
1785093814137 0.0016540583249297924 40
1785093814138 0.001624426908820169 41
1785093814139 0.0016470594448037446 42
1785093814140 0.001598983040166786 43
1785093814142 0.0015756837611843365 44
1785093814143 0.0015620287774072495 45
1785093814144 0.0015536588196118828 46
1785093814145 0.0015547127602621913 47
1785093814147 0.0015287104221351911 48
1785093814148 0.0015194449441332835 49
1785093814149 0.0015143161441665144 50
1785093814150 0.0015082403809356037 51
1785093814152 0.001512986126181204 52
