1785093814282 0.0 1
1785093814284 0.0 2
1785093814285 0.0 3
1785093814286 0.0 4
1785093814287 0.0 5
1785093814289 0.0 6
1785093814290 0.0 7
1785093814291 0.0 8
1785093814292 0.0 9
1785093814294 0.0 10
1785093814295 0.0 11
1785093814296 0.0 12
1785093814297 0.0 13
1785093814298 0.0 14
1785093814299 0.0 15
1785093814300 0.0 16
1785093814302 0.0 17
1785093814303 0.0 18
1785093814304 0.0 19
1785093814305 0.0 20
1785093814306 0.0 21
1785093814308 0.0 22
1785093814309 0.0 23
1785093814310 0.0 24
1785093814311 0.0 25
1785093814312 0.0 26
1785093814314 0.0 27
1785093814315 0.0 28
1785093814316 0.0 29
1785093814317 0.0 30
1785093814319 0.0 31
1785093814320 0.0 32
1785093814321 0.0 33
1785093814322 0.0 34
1785093814324 0.0 35
1785093814325 0.0 36
1785093814326 0.0 37
1785093814327 0.0 38
1785093814329 0.0 39
1785093814330 0.0 40
1785093814331 0.0 41
1785093814332 0.0 42
1785093814333 0.0 43
1785093814335 0.0 44
1785093814336 0.0 45
1785093814337 0.0 46
1785093814338 0.0 47
1785093814339 0.0 48
1785093814340 0.0 49
1785093814341 0.0 50
1785093814342 0.0 51
1785093814344 0.0 52
