1785093814218 0.0 1
1785093814219 0.0 2
1785093814220 0.0 3
1785093814221 0.0 4
1785093814223 0.0 5
1785093814224 0.0 6
1785093814225 0.0 7
1785093814226 0.0 8
1785093814228 0.0 9
1785093814229 0.0 10
1785093814230 0.0 11
1785093814231 0.0 12
1785093814233 0.0 13
1785093814234 0.0 14
1785093814235 0.0 15
1785093814236 0.0 16
1785093814238 0.0 17
1785093814239 0.0 18
1785093814240 0.0 19
1785093814241 0.0 20
1785093814243 0.0 21
1785093814244 0.0 22
1785093814245 0.0 23
1785093814246 0.0 24
1785093814248 0.0 25
1785093814249 0.0 26
1785093814250 0.0 27
1785093814251 0.0 28
1785093814252 0.0 29
1785093814254 0.0 30
1785093814255 0.0 31
1785093814256 0.0 32
1785093814257 0.0 33
1785093814259 0.0 34
1785093814260 0.0 35
1785093814261 0.0 36
1785093814262 0.0 37
1785093814264 0.0 38
1785093814265 0.0 39
1785093814266 0.0 40
1785093814267 0.0 41
1785093814269 0.0 42
1785093814270 0.0 43
1785093814271 0.0 44
1785093814272 0.0 45
1785093814274 0.0 46
1785093814275 0.0 47
1785093814276 0.0 48
1785093814277 0.0 49
1785093814279 0.0 50
1785093814280 0.0 51
1785093814281 0.0 52
