1783881887736 0.0 1
1783881887737 0.0 2
1783881887739 0.0 3
1783881887740 0.0 4
1783881887742 0.0 5
1783881887743 0.0 6
1783881887744 0.0 7
1783881887746 0.0 8
1783881887747 0.0 9
1783881887749 0.0 10
1783881887750 0.0 11
1783881887752 0.0 12
1783881887753 0.0 13
1783881887754 0.0 14
1783881887756 0.0 15
1783881887757 0.0 16
1783881887759 0.0 17
1783881887760 0.0 18
1783881887762 0.0 19
1783881887763 0.0 20
1783881887764 0.0 21
1783881887766 0.0 22
1783881887767 0.0 23
1783881887769 0.0 24
1783881887770 0.0 25
1783881887771 0.0 26
1783881887773 0.0 27
1783881887774 0.0 28
1783881887776 0.0 29
1783881887777 0.0 30
1783881887779 0.0 31
1783881887780 0.0 32
1783881887781 0.0 33
1783881887783 0.0 34
1783881887784 0.0 35
1783881887786 0.0 36
1783881887787 0.0 37
1783881887789 0.0 38
1783881887790 0.0 39
1783881887791 0.0 40
1783881887793 0.0 41
1783881887794 0.0 42
1783881887796 0.0 43
1783881887797 0.0 44
1783881887799 0.0 45
1783881887800 0.0 46
1783881887802 0.0 47
1783881887803 0.0 48
1783881887804 0.0 49
1783881887806 0.0 50
1783881887807 0.0 51
1783881887809 0.0 52
1783881887810 0.0 53
1783881887811 0.0 54
1783881887813 0.0 55
1783881887814 0.0 56
1783881887816 0.0 57
1783881887817 0.0 58
1783881887819 0.0 59
1783881887820 0.0 60
1783881887821 0.0 61
1783881887823 0.0 62
1783881887824 0.0 63
1783881887826 0.0 64
1783881887827 0.0 65
1783881887829 0.0 66
1783881887830 0.0 67
1783881887831 0.0 68
1783881887833 0.0 69
1783881887834 0.0 70
1783881887836 0.0 71
1783881887837 0.0 72
1783881887838 0.0 73
1783881887840 0.0 74
1783881887841 0.0 75
1783881887843 0.0 76
1783881887844 0.0 77
1783881887846 0.0 78
1783881887847 0.0 79
1783881887848 0.0 80
1783881887850 0.0 81
1783881887851 0.0 82
1783881887853 0.0 83
1783881887854 0.0 84
1783881887856 0.0 85
1783881887857 0.0 86
1783881887858 0.0 87
1783881887860 0.0 88
1783881887861 0.0 89
1783881887863 0.0 90
1783881887864 0.0 91
1783881887866 0.0 92
1783881887867 0.0 93
1783881887869 0.0 94
1783881887870 0.0 95
1783881887871 0.0 96
