1783881887873 0.0 1
1783881887874 0.0 2
1783881887876 0.0 3
1783881887877 0.0 4
1783881887879 0.0 5
1783881887880 0.0 6
1783881887881 0.0 7
1783881887883 0.0 8
1783881887884 0.0 9
1783881887886 0.0 10
1783881887887 0.0 11
1783881887889 0.0 12
1783881887890 0.0 13
1783881887892 0.0 14
1783881887893 0.0 15
1783881887894 0.0 16
1783881887896 0.0 17
1783881887897 0.0 18
1783881887899 0.0 19
1783881887900 0.0 20
1783881887902 0.0 21
1783881887903 0.0 22
1783881887904 0.0 23
1783881887906 0.0 24
1783881887907 0.0 25
1783881887909 0.0 26
1783881887910 0.0 27
1783881887912 0.0 28
1783881887913 0.0 29
1783881887914 0.0 30
1783881887916 0.0 31
1783881887917 0.0 32
1783881887919 0.0 33
1783881887920 0.0 34
1783881887921 0.0 35
1783881887923 0.0 36
1783881887924 0.0 37
1783881887926 0.0 38
1783881887927 0.0 39
1783881887929 0.0 40
1783881887930 0.0 41
1783881887932 0.0 42
1783881887933 0.0 43
1783881887934 0.0 44
1783881887936 0.0 45
1783881887937 0.0 46
1783881887939 0.0 47
1783881887940 0.0 48
1783881887942 0.0 49
1783881887943 0.0 50
1783881887944 0.0 51
1783881887946 0.0 52
1783881887947 0.0 53
1783881887949 0.0 54
1783881887950 0.0 55
1783881887951 0.0 56
1783881887953 0.0 57
1783881887954 0.0 58
1783881887956 0.0 59
1783881887957 0.0 60
1783881887959 0.0 61
1783881887960 0.0 62
1783881887961 0.0 63
1783881887963 0.0 64
1783881887964 0.0 65
1783881887966 0.0 66
1783881887967 0.0 67
1783881887968 0.0 68
1783881887970 0.0 69
1783881887971 0.0 70
1783881887973 0.0 71
1783881887974 0.0 72
1783881887976 0.0 73
1783881887977 0.0 74
1783881887978 0.0 75
1783881887980 0.0 76
1783881887981 0.0 77
1783881887983 0.0 78
1783881887984 0.0 79
1783881887985 0.0 80
1783881887987 0.0 81
1783881887988 0.0 82
1783881887990 0.0 83
1783881887991 0.0 84
1783881887993 0.0 85
1783881887994 0.0 86
1783881887996 0.0 87
1783881887997 0.0 88
1783881887998 0.0 89
1783881888000 0.0 90
1783881888001 0.0 91
1783881888003 0.0 92
1783881888004 0.0 93
1783881888006 0.0 94
1783881888007 0.0 95
1783881888008 0.0 96
