1783881887460 0.16539131339639426 1
1783881887462 0.049004286117851736 2
1783881887463 0.018636204330250622 3
1783881887465 0.010262353862635791 4
1783881887466 0.0071618852950632575 5
1783881887468 0.005438964996719733 6
1783881887469 0.004387492107925936 7
1783881887471 0.003708516862243414 8
1783881887472 0.0032392808119766415 9
1783881887473 0.003060406986041926 10
1783881887475 0.002751339180977084 11
1783881887476 0.0025475347082829104 12
1783881887478 0.00248770513193449 13
1783881887479 0.0023023103523883036 14
1783881887481 0.002172308909066487 15
1783881887482 0.0020809850221849046 16
1783881887484 0.0020595104587846436 17
1783881887485 0.002010008070501499 18
1783881887486 0.0018933218224265148 19
1783881887488 0.0018885653538745829 20
1783881887489 0.0018326892289042007 21
1783881887491 0.001806938351219287 22
1783881887492 0.0017202773600001819 23
1783881887494 0.0016981312315328977 24
1783881887495 0.0016684416681528092 25
1783881887496 0.0016855014728207607 26
1783881887498 0.0016374040802475064 27
1783881887499 0.0016144034826720598 28
1783881887501 0.0016514931587153115 29
1783881887502 0.0016084263678931166 30
1783881887504 0.0016266616956272628 31
1783881887505 0.0015842644379881676 32
1783881887506 0.001513414592918707 33
1783881887508 0.0014830888381402473 34
1783881887509 0.001436046999951941 35
1783881887511 0.001423740158934379 36
1783881887512 0.0014128983231785242 37
1783881887514 0.0014201753043016651 38
1783881887515 0.0014120912858925294 39
1783881887517 0.0013910649008175824 40
1783881887518 0.0013880288066866343 41
1783881887519 0.0013795198632578832 42
1783881887521 0.0013809798104921355 43
1783881887522 0.001370277523601544 44
1783881887524 0.001371186848336947 45
1783881887525 0.001360689138818998 46
1783881887527 0.0013653236024401849 47
1783881887528 0.001353936317609623 48
1783881887530 0.0013504504163574893 49
1783881887531 0.0013207153030816699 50
1783881887532 0.0013172217005194397 51
1783881887534 0.0013068180746631697 52
1783881887535 0.001311496665366576 53
1783881887537 0.001312839930615155 54
1783881887538 0.0012980137307749828 55
1783881887539 0.0012840683109970996 56
1783881887541 0.0012913576492428547 57
1783881887542 0.0012834153927542501 58
1783881887544 0.001279248404171085 59
1783881887545 0.0012745890432415764 60
1783881887547 0.0012717563032492761 61
1783881887548 0.001275870202225633 62
1783881887550 0.0012721607439743821 63
1783881887551 0.001266236278024735 64
1783881887552 0.0012664896335627417 65
1783881887554 0.0012663561073713936 66
1783881887555 0.0012631945042085135 67
1783881887557 0.001263348931170185 68
1783881887558 0.00126549909960886 69
1783881887560 0.0012644454516703262 70
1783881887561 0.001256121052938397 71
1783881887562 0.0012611543560342399 72
1783881887564 0.0012578915459744166 73
1783881887565 0.001259339224852738 74
1783881887567 0.0012560100926202722 75
1783881887568 0.0012579495195677737 76
1783881887570 0.0012560306451632642 77
1783881887571 0.0012532751946855568 78
1783881887573 0.0012535098757507513 79
1783881887574 0.0012514837861817797 80
1783881887575 0.00125515486644872 81
1783881887577 0.0012542403198312969 82
1783881887578 0.001253469154544291 83
1783881887580 0.0012530586701905123 84
1783881887581 0.001252613286851556 85
1783881887583 0.0012531582874362357 86
1783881887584 0.0012528999408095841 87
1783881887585 0.0012439895266288658 88
1783881887587 0.0012551965047896375 89
1783881887588 0.0012555961682664929 90
1783881887590 0.0012506148147804197 91
1783881887591 0.001259236782498192 92
1783881887593 0.0012503014149115189 93
1783881887594 0.0012559133948525413 94
1783881887595 0.001251817020965973 95
1783881887597 0.0012463429805939085 96
