1781178949705 0.14636454276740551 1
1781178949706 0.051029228968545795 2
1781178949707 0.02421795131638646 3
1781178949708 0.014734013094566763 4
1781178949709 0.010232407122384757 5
1781178949711 0.007916198533494026 6
1781178949712 0.00620086764683947 7
1781178949713 0.005058017163537443 8
1781178949714 0.004420598135329783 9
1781178949715 0.003938759549055248 10
1781178949716 0.003508278409135528 11
1781178949717 0.0031894875841680915 12
1781178949718 0.002975199169595726 13
1781178949720 0.002769749365397729 14
1781178949721 0.0025583829870447516 15
1781178949722 0.0025737437611678617 16
1781178949723 0.0024074386607389896 17
1781178949724 0.002260336481849663 18
1781178949725 0.0022191472371923737 19
1781178949726 0.0021486929507227616 20
1781178949728 0.002023687008477282 21
1781178949729 0.001925668143085204 22
1781178949730 0.00192434225929901 23
1781178949731 0.0018924460699781777 24
1781178949732 0.0017917969700647518 25
1781178949733 0.001758875892846845 26
1781178949734 0.0017300926678581164 27
1781178949735 0.0017443177933455444 28
1781178949737 0.0017219032763387077 29
1781178949738 0.0016884840324928518 30
1781178949739 0.0017156340298242867 31
1781178949740 0.0017097523265692872 32
1781178949741 0.0016343832181883045 33
1781178949742 0.0016321249803877436 34
1781178949743 0.0016077534115174785 35
1781178949744 0.001566674585774308 36
1781178949746 0.0015698482310108374 37
1781178949747 0.0015364125451014844 38
1781178949748 0.0015493267501005903 39
1781178949749 0.0014909939479548484 40
1781178949750 0.001440406602487201 41
1781178949751 0.001400375035009347 42
1781178949752 0.001387880905676866 43
1781178949753 0.0013748738195863551 44
1781178949755 0.0013435316519462503 45
1781178949756 0.0013518045615637676 46
1781178949757 0.001353610696241958 47
1781178949758 0.0013420377984584774 48
1781178949759 0.0013294587202835827 49
1781178949760 0.0013117279540165328 50
1781178949761 0.0012826953460171352 51
1781178949763 0.0012803449841157998 52
1781178949764 0.0012741480808472262 53
1781178949765 0.0012683647732774262 54
1781178949766 0.0012652386947593186 55
1781178949767 0.001255357684858609 56
1781178949768 0.0012410974739759694 57
1781178949769 0.0012405394764209631 58
1781178949770 0.001239825542725157 59
1781178949772 0.0012340746803965886 60
1781178949773 0.0012329832988325507 61
1781178949774 0.001220904960500775 62
1781178949775 0.0012197418784489855 63
1781178949776 0.0012215048947837204 64
1781178949777 0.0012151481152977794 65
1781178949778 0.0012166400301794056 66
1781178949779 0.0012132594949798659 67
1781178949781 0.001206657537695719 68
1781178949782 0.0012062629705178551 69
1781178949783 0.0012099154648603872 70
