1781178949863 0.14635537091642617 1
1781178949864 0.05101444392465055 2
1781178949865 0.024200608250685037 3
1781178949866 0.014710378558374941 4
1781178949867 0.010206812536343932 5
1781178949868 0.00787677553948015 6
1781178949869 0.006167317812796682 7
1781178949870 0.005025949504924938 8
1781178949872 0.004383030527969822 9
1781178949873 0.0039007683331146836 10
1781178949874 0.003463745481567457 11
1781178949875 0.003144352885428816 12
1781178949876 0.0029263484961120413 13
1781178949877 0.0027202558057615534 14
1781178949878 0.0025054310169070958 15
1781178949880 0.0025132052868139 16
1781178949881 0.0023449908022303134 17
1781178949882 0.0021913419911288655 18
1781178949883 0.0021517185849370436 19
1781178949884 0.002075400542235002 20
1781178949885 0.0019488346212892793 21
1781178949886 0.0018509461739449763 22
1781178949887 0.0018452998209977523 23
1781178949889 0.001812781741900835 24
1781178949890 0.0017145230184542016 25
1781178949891 0.0016786303833941929 26
1781178949892 0.0016470974097319412 27
1781178949893 0.0016508803362376057 28
1781178949894 0.001631694715906633 29
1781178949895 0.0015991955377103295 30
1781178949896 0.0016290522129565944 31
1781178949897 0.0016140299952530767 32
1781178949898 0.0015428705335943959 33
1781178949899 0.0015339397380012088 34
1781178949900 0.0015109469981689472 35
1781178949901 0.0014690907653130126 36
1781178949902 0.0014691365597536787 37
1781178949903 0.0014398945168068167 38
1781178949904 0.0014452649354643654 39
1781178949905 0.0013922244886634871 40
1781178949906 0.0013347189947671722 41
1781178949907 0.0012983325819368474 42
1781178949908 0.0012838101465604268 43
1781178949909 0.0012681444299232681 44
1781178949910 0.001242713656683918 45
1781178949911 0.001249427620714414 46
1781178949912 0.0012503382840077393 47
1781178949913 0.0012380359588860302 48
1781178949914 0.0012238852011796553 49
1781178949915 0.0011947114454233087 50
1781178949916 0.0011806648101628525 51
1781178949917 0.001177355228937813 52
1781178949918 0.0011693748683319427 53
1781178949919 0.0011626846239960287 54
1781178949920 0.0011598469848831882 55
1781178949921 0.001149133482176694 56
1781178949922 0.001134488337629591 57
1781178949923 0.001135012738232035 58
1781178949924 0.0011326900468702661 59
1781178949925 0.0011288154129579198 60
1781178949925 0.001124608018726576 61
1781178949926 0.001113908789557172 62
1781178949927 0.0011130695111933164 63
1781178949929 0.001114498261231347 64
1781178949930 0.0011090446794696617 65
1781178949931 0.001110270595163456 66
1781178949932 0.001105959357955726 67
1781178949932 0.0011010939571860945 68
1781178949933 0.0011003922796953703 69
1781178949934 0.0011037908005528151 70
