1782227246729 0.0 1
1782227246730 0.0 2
1782227246731 0.0 3
1782227246733 0.0 4
1782227246734 0.0 5
1782227246735 0.0 6
1782227246736 0.0 7
1782227246738 0.0 8
1782227246739 0.0 9
1782227246740 0.0 10
1782227246741 0.0 11
1782227246743 0.0 12
1782227246744 0.0 13
1782227246745 0.0 14
1782227246746 0.0 15
1782227246748 0.0 16
1782227246749 0.0 17
1782227246750 0.0 18
1782227246751 0.0 19
1782227246753 0.0 20
1782227246754 0.0 21
1782227246755 0.0 22
1782227246756 0.0 23
1782227246758 0.0 24
1782227246759 0.0 25
1782227246760 0.0 26
1782227246761 0.0 27
1782227246763 0.0 28
1782227246764 0.0 29
1782227246765 0.0 30
1782227246766 0.0 31
1782227246767 0.0 32
1782227246768 0.0 33
1782227246770 0.0 34
1782227246771 0.0 35
1782227246772 0.0 36
1782227246774 0.0 37
1782227246775 0.0 38
1782227246776 0.0 39
1782227246777 0.0 40
1782227246779 0.0 41
1782227246780 0.0 42
1782227246781 0.0 43
1782227246782 0.0 44
1782227246784 0.0 45
1782227246785 0.0 46
1782227246786 0.0 47
1782227246787 0.0 48
1782227246789 0.0 49
1782227246790 0.0 50
1782227246791 0.0 51
1782227246792 0.0 52
1782227246794 0.0 53
1782227246795 0.0 54
1782227246796 0.0 55
1782227246797 0.0 56
1782227246799 0.0 57
1782227246800 0.0 58
1782227246801 0.0 59
1782227246802 0.0 60
1782227246804 0.0 61
1782227246805 0.0 62
1782227246806 0.0 63
1782227246807 0.0 64
1782227246809 0.0 65
1782227246810 0.0 66
1782227246811 0.0 67
1782227246812 0.0 68
1782227246813 0.0 69
1782227246815 0.0 70
1782227246816 0.0 71
1782227246817 0.0 72
1782227246818 0.0 73
1782227246819 0.0 74
1782227246821 0.0 75
1782227246822 0.0 76
1782227246823 0.0 77
