1782227246824 0.0 1
1782227246825 0.0 2
1782227246827 0.0 3
1782227246828 0.0 4
1782227246829 0.0 5
1782227246830 0.0 6
1782227246831 0.0 7
1782227246832 0.0 8
1782227246833 0.0 9
1782227246835 0.0 10
1782227246836 0.0 11
1782227246837 0.0 12
1782227246838 0.0 13
1782227246840 0.0 14
1782227246841 0.0 15
1782227246842 0.0 16
1782227246843 0.0 17
1782227246844 0.0 18
1782227246845 0.0 19
1782227246846 0.0 20
1782227246847 0.0 21
1782227246848 0.0 22
1782227246850 0.0 23
1782227246851 0.0 24
1782227246852 0.0 25
1782227246853 0.0 26
1782227246855 0.0 27
1782227246856 0.0 28
1782227246857 0.0 29
1782227246858 0.0 30
1782227246859 0.0 31
1782227246860 0.0 32
1782227246861 0.0 33
1782227246862 0.0 34
1782227246863 0.0 35
1782227246864 0.0 36
1782227246865 0.0 37
1782227246866 0.0 38
1782227246868 0.0 39
1782227246869 0.0 40
1782227246870 0.0 41
1782227246871 0.0 42
1782227246872 0.0 43
1782227246873 0.0 44
1782227246874 0.0 45
1782227246875 0.0 46
1782227246876 0.0 47
1782227246877 0.0 48
1782227246878 0.0 49
1782227246880 0.0 50
1782227246881 0.0 51
1782227246882 0.0 52
1782227246883 0.0 53
1782227246884 0.0 54
1782227246885 0.0 55
1782227246886 0.0 56
1782227246887 0.0 57
1782227246889 0.0 58
1782227246890 0.0 59
1782227246891 0.0 60
1782227246892 0.0 61
1782227246894 0.0 62
1782227246895 0.0 63
1782227246896 0.0 64
1782227246897 0.0 65
1782227246899 0.0 66
1782227246900 0.0 67
1782227246901 0.0 68
1782227246902 0.0 69
1782227246904 0.0 70
1782227246905 0.0 71
1782227246906 0.0 72
1782227246907 0.0 73
1782227246909 0.0 74
1782227246910 0.0 75
1782227246911 0.0 76
1782227246912 0.0 77
