1782227246533 0.13319327153265476 1
1782227246534 0.04727871299721301 2
1782227246536 0.02232287296094 3
1782227246537 0.013326069340109825 4
1782227246538 0.009155045188963413 5
1782227246540 0.0068269216688349845 6
1782227246541 0.005397163660963997 7
1782227246542 0.004563719334546476 8
1782227246543 0.003941915339091793 9
1782227246545 0.00339410227490589 10
1782227246546 0.0029877671174472196 11
1782227246547 0.002729759031208232 12
1782227246548 0.0025147123518399895 13
1782227246550 0.0023180449387291448 14
1782227246551 0.0021908233663998546 15
1782227246552 0.002161498496425338 16
1782227246553 0.0019897102311369963 17
1782227246555 0.001859835606010165 18
1782227246556 0.0017703920823987573 19
1782227246557 0.001715243058570195 20
1782227246558 0.0016599254572065548 21
1782227246560 0.001618115112360101 22
1782227246561 0.0015442986613197719 23
1782227246562 0.0015328406383923721 24
1782227246563 0.001551106642873492 25
1782227246565 0.001502042546053417 26
1782227246566 0.001443501637550071 27
1782227246567 0.001372985086782137 28
1782227246568 0.0013014557439601049 29
1782227246570 0.0012797659811621996 30
1782227246571 0.0012951199722010642 31
1782227246572 0.0012901338539086282 32
1782227246574 0.0012564588875102346 33
1782227246575 0.0012107482735882512 34
1782227246576 0.001301813296013279 35
1782227246577 0.0012614761994336732 36
1782227246579 0.0012020815544383368 37
1782227246580 0.001194402624387294 38
1782227246581 0.0011660122797911754 39
1782227246582 0.0011455516918795184 40
1782227246584 0.0010987725927407155 41
1782227246585 0.0010816190252808154 42
1782227246586 0.0010759053457877598 43
1782227246587 0.0010943470752681605 44
1782227246589 0.001130601574332104 45
1782227246590 0.0011497647986834635 46
1782227246591 0.001091307115057134 47
1782227246592 0.0010315236511814873 48
1782227246594 0.0010190711665927666 49
1782227246595 0.0010558727456373162 50
1782227246596 0.0010351891949540004 51
1782227246597 0.0010468819188099588 52
1782227246599 0.0010166589719301554 53
1782227246600 0.0009594399318302749 54
1782227246601 0.0009097332609962905 55
1782227246603 0.0008757465252710972 56
1782227246604 0.0008596004294668092 57
1782227246605 0.0008504867686133366 58
1782227246606 0.00084191784462746 59
1782227246608 0.0008347881799272727 60
1782227246609 0.0008299756202904973 61
1782227246610 0.0008216723851364804 62
1782227246611 0.0008125350311456714 63
1782227246612 0.0008079098930829787 64
1782227246614 0.000803814517093997 65
1782227246615 0.0007998567831600667 66
1782227246616 0.0007965178130325512 67
1782227246618 0.0007939381153846625 68
1782227246619 0.0007881041881410056 69
1782227246620 0.000784089491899067 70
1782227246621 0.0007811678364305408 71
1782227246623 0.0007788821409849333 72
1782227246624 0.0007766408907991717 73
1782227246625 0.00077434475573682 74
1782227246626 0.0007723788945077103 75
1782227246628 0.0007688190989938448 76
1782227246629 0.0007671050817589276 77
