1785332981855 7.727736102033446 1
1785332981872 7.527569956270329 2
1785332981889 7.419658114399551 4
1785332981905 7.33397500944084 6
1785332981921 7.347941944621985 8
1785332981938 7.155465376541781 12
1785332981954 6.936827930923868 16
1785332981970 6.67537875789613 20
1785332981986 6.365711876956887 28
1785332982002 6.07702584461463 40
1785332982019 4.944166171965966 60
1785332982036 4.394531035758558 80
1785332982076 3.95876438538973 100
1785332982096 3.171783079251437 120
1785332982118 1.8257670999614408 160
1785332982140 1.3358203432289883e-14 200
