1785332981848 0.010517111415209057 1
1785332981868 0.04888579667511528 2
1785332981885 0.09460641918406154 4
1785332981901 0.1076998703269888 6
1785332981917 0.10895812425049312 8
1785332981934 0.1631256850547358 12
1785332981950 0.20626974165497425 16
1785332981966 0.2616689144369946 20
1785332981982 0.31836414384214373 28
1785332981998 0.3949384414676984 40
1785332982015 0.5708440211216563 60
1785332982032 0.6469009047452337 80
1785332982072 0.7002872836101242 100
1785332982092 0.7920246149231002 120
1785332982114 0.9104245479073795 160
1785332982136 1.0 200
