1785332981852 9.61106556912916 1
1785332981870 9.422881501052245 2
1785332981887 9.193610525844754 4
1785332981903 9.126891213636009 6
1785332981919 9.120453918828261 8
1785332981936 8.8388856507552 12
1785332981952 8.608031832518098 16
1785332981968 8.302195823641059 20
1785332981984 7.977073797458751 28
1785332982000 7.51566089973782 40
1785332982017 6.329581259024995 60
1785332982034 5.7413721511544225 80
1785332982074 5.289565276177904 100
1785332982094 4.406292919067336 120
1785332982116 2.8917576981544175 160
1785332982138 2.0691316789454158e-14 200
