1780314134997 0.20004550784826278 1
1780314135000 0.16700455874204637 2
1780314135002 0.14156176075339316 3
1780314135004 0.12148267783224583 4
1780314135006 0.10663617081940174 5
1780314135008 0.09603602789342404 6
1780314135010 0.08748541861772537 7
1780314135016 0.08003400541841983 8
1780314135018 0.07338045466691255 9
1780314135021 0.0672953824698925 10
1780314135023 0.06184536300599575 11
1780314135025 0.05696764089167118 12
1780314135027 0.05250680048018694 13
1780314135029 0.04847696036100388 14
1780314135031 0.04467194531112909 15
1780314135033 0.04116696488112211 16
1780314135035 0.03784365177154541 17
1780314135037 0.03475871201604605 18
1780314135039 0.031956563461571934 19
1780314135042 0.02943053126335144 20
1780314135044 0.027160803992301225 21
1780314135046 0.02511770199984312 22
1780314135048 0.023266995940357447 23
1780314135050 0.021593574527651073 24
1780314135052 0.02005430629476905 25
1780314135054 0.01861174315214157 26
1780314135056 0.017288439506664872 27
1780314135059 0.016154752438887955 28
1780314135061 0.014959867224097251 29
1780314135063 0.013918824531137942 30
1780314135065 0.012977037150412797 31
1780314135067 0.012189989052712917 32
1780314135070 0.011479069320484996 33
1780314135072 0.010777193801477552 34
1780314135074 0.010125498324632644 35
1780314135076 0.009588053515180946 36
1780314135078 0.009091765927150846 37
1780314135080 0.008597474684938789 38
1780314135082 0.008178624054417015 39
1780314135085 0.007791026411578059 40
1780314135087 0.007438083053566516 41
1780314135089 0.007108530858531594 42
1780314135091 0.0068183143623173235 43
1780314135093 0.006599007360637188 44
1780314135095 0.006322913956828415 45
1780314135097 0.006009328025393188 46
1780314135099 0.005770364659838378 47
1780314135101 0.005556871513836086 48
1780314135103 0.005369126009754837 49
1780314135105 0.005150289596058428 50
1780314135108 0.004999539486598223 51
1780314135110 0.004839760763570666 52
1780314135112 0.004670247295871377 53
1780314135114 0.004574095925781876 54
1780314135116 0.004420611578971148 55
1780314135118 0.004288864724803716 56
1780314135120 0.004130765709560364 57
1780314135122 0.004022464929148555 58
1780314135124 0.003915706370025873 59
1780314135126 0.0037898339121602478 60
1780314135129 0.003709429835435003 61
1780314135131 0.0036254440317861738 62
1780314135133 0.00354003450833261 63
1780314135135 0.003450243475381285 64
1780314135137 0.003408923640381545 65
1780314135139 0.003309275336796418 66
1780314135141 0.0032454718509688976 67
1780314135143 0.0031577295006718488 68
1780314135146 0.0030858567240647974 69
1780314135148 0.0030481178709305824 70
1780314135150 0.0029588126915041355 71
1780314135152 0.0029030819924082607 72
1780314135154 0.0028419539076276123 73
1780314135156 0.002794530529063195 74
1780314135158 0.0027411736932117492 75
1780314135160 0.002740739128785208 76
1780314135162 0.002713495712960139 77
1780314135164 0.002656140576582402 78
1780314135166 0.002605751424562186 79
1780314135169 0.0025491622963454575 80
1780314135171 0.0025078586966264995 81
1780314135173 0.0024735066446010022 82
1780314135175 0.002412968735443428 83
1780314135177 0.0023910809704102576 84
1780314135179 0.00234873749432154 85
1780314135181 0.0023192929814103993 86
1780314135183 0.00229516310908366 87
1780314135185 0.002277243621065281 88
1780314135187 0.0022474321816116573 89
1780314135190 0.0022290367481764407 90
1780314135192 0.0022880605643149465 91
1780314135194 0.0022323043836513534 92
1780314135196 0.002147395091014914 93
1780314135198 0.002114053877303377 94
1780314135201 0.0021276293718256057 95
1780314135203 0.0020671503408811985 96
1780314135205 0.002086451173527166 97
1780314135207 0.0021102990937652065 98
1780314135209 0.002086179339676164 99
1780314135211 0.002036986910388805 100
1780314135213 0.001997746384004131 101
1780314135216 0.0019624711747746916 102
1780314135218 0.001931353560066782 103
1780314135220 0.0019398919894592836 104
1780314135222 0.0019200945214834064 105
1780314135224 0.0019050206837709993 106
1780314135226 0.0018995332845952362 107
1780314135228 0.0019114789710147307 108
1780314135230 0.0019417318660998717 109
1780314135232 0.001927551775588654 110
1780314135234 0.0018636911432258784 111
1780314135237 0.0018400051607750357 112
1780314135239 0.0018244124646298588 113
1780314135241 0.0018152284465031698 114
1780314135243 0.0017746803961927072 115
1780314135245 0.0017610246944241225 116
1780314135247 0.0017903473594924435 117
1780314135249 0.0017934553982922807 118
1780314135251 0.0017898307199357077 119
1780314135253 0.00176196567772422 120
1780314135255 0.0017403115762863307 121
1780314135257 0.0017091610498027876 122
1780314135260 0.0017013798822881653 123
1780314135262 0.0016818008455447852 124
1780314135264 0.0017095002549467608 125
1780314135266 0.0016910675607505255 126
1780314135268 0.0016809546254808083 127
1780314135270 0.0016709196171723307 128
1780314135272 0.0016604710588580928 129
1780314135275 0.0016537926305318252 130
1780314135277 0.0016189184776158072 131
1780314135279 0.0016252785848337226 132
1780314135281 0.0016272851510439068 133
1780314135283 0.001630177907354664 134
1780314135285 0.0016109265966224484 135
1780314135287 0.00161081061756704 136
1780314135289 0.001586871394829359 137
1780314135292 0.0015856694104149937 138
1780314135294 0.0015907976022572256 139
1780314135296 0.0015782659364049322 140
1780314135298 0.0015674116922309621 141
1780314135300 0.0016059969819616526 142
1780314135302 0.0015900648350361734 143
1780314135304 0.0015617203179863282 144
1780314135306 0.0015478171431459486 145
1780314135308 0.0015432356402743609 146
1780314135310 0.001527879367931746 147
1780314135313 0.001524208071641624 148
1780314135315 0.0015148466793471016 149
1780314135317 0.0015355111862299963 150
1780314135319 0.001494769884739071 151
1780314135321 0.0015152201426099055 152
1780314135323 0.0014952315500704571 153
1780314135325 0.001513734117615968 154
1780314135327 0.0015036914360825903 155
1780314135329 0.0014913878875086083 156
1780314135331 0.0014706406710320152 157
1780314135334 0.0014980001075309702 158
1780314135336 0.0014820456146844663 159
1780314135338 0.0014870150547358206 160
1780314135340 0.0015208727339631877 161
