1781176529518 0.11967458546161652 1
1781176529519 0.04111807361245155 2
1781176529520 0.02118134487885982 3
1781176529521 0.013351965663023293 4
1781176529522 0.009434436864685267 5
1781176529523 0.0070852168556302785 6
1781176529525 0.005658177628647536 7
1781176529526 0.004775145527673885 8
1781176529527 0.003978279487928376 9
1781176529528 0.0034571381815476344 10
1781176529529 0.003191245048074052 11
1781176529530 0.002848050013417378 12
1781176529531 0.002722059665247798 13
1781176529532 0.0024923544970806687 14
1781176529534 0.0022869371087290346 15
1781176529535 0.0021880898339441046 16
1781176529536 0.00209891443955712 17
1781176529537 0.0020666972460458054 18
1781176529538 0.0020413998025469483 19
1781176529539 0.0019301144409109839 20
1781176529540 0.001865302642399911 21
1781176529541 0.0020118972871568984 22
1781176529543 0.001956241759180557 23
1781176529544 0.001796879765461199 24
1781176529545 0.0017286056667217054 25
1781176529546 0.0016395084984833375 26
1781176529547 0.0016401058639166877 27
1781176529548 0.0016536825598450378 28
1781176529549 0.001681245390645927 29
1781176529550 0.0016308456186379771 30
1781176529552 0.0015790353942429648 31
1781176529553 0.0014995289353828413 32
1781176529554 0.0015101340676483234 33
1781176529555 0.0015162361387046986 34
1781176529556 0.0015692315391788725 35
1781176529557 0.001537079888948938 36
1781176529558 0.001454179649881553 37
1781176529559 0.0013879189758154097 38
1781176529561 0.0013726413607946597 39
1781176529562 0.0013533781951991842 40
1781176529563 0.0013603783793223556 41
1781176529564 0.0013457299486617559 42
1781176529565 0.0013241504048346541 43
1781176529566 0.0013107139637577347 44
1781176529567 0.0013001560427073856 45
1781176529568 0.0012938553688582033 46
1781176529569 0.0012896306840411854 47
1781176529571 0.001282598060060991 48
1781176529572 0.0012704082365962677 49
1781176529573 0.0012646571865479927 50
1781176529574 0.0012606167630292474 51
1781176529575 0.0012566039692319465 52
1781176529576 0.0012569722192711198 53
1781176529577 0.0012515284155961127 54
1781176529578 0.0012450851716857868 55
1781176529579 0.0012415142358804588 56
1781176529581 0.0012331697008630725 57
1781176529582 0.0012314923999656457 58
1781176529583 0.001231864193250658 59
1781176529584 0.0012255898225703276 60
1781176529585 0.0012337777343054768 61
1781176529586 0.0012235323642380536 62
1781176529587 0.0012245164724299683 63
1781176529588 0.0012180029830778948 64
1781176529589 0.0012146678501449059 65
1781176529591 0.00121769891877193 66
1781176529592 0.001221979906404158 67
1781176529593 0.0012154217233182863 68
1781176529594 0.0012120491186215076 69
1781176529595 0.001218916519137565 70
1781176529596 0.0012129615408775862 71
1781176529597 0.001214057640027022 72
1781176529598 0.0012150979408761487 73
1781176529600 0.0012156726125977 74
1781176529601 0.0012082374421879649 75
1781176529602 0.0012116018563392572 76
1781176529603 0.0012107866314181592 77
