1781176529768 1.068167676422745 1
1781176529769 1.7678386509418487 2
1781176529770 1.7293764632940292 3
1781176529771 1.592811357975006 4
1781176529772 1.5296826684474945 5
1781176529773 1.3771100196242332 6
1781176529774 1.4566022232174873 7
1781176529775 1.3607380092144012 8
1781176529776 1.2925459372997283 9
1781176529777 1.1983833566308022 10
1781176529778 1.1479482612013816 11
1781176529779 1.1469699156284332 12
1781176529780 1.1755815050005913 13
1781176529781 1.1557382041215896 14
1781176529782 1.0577647399902343 15
1781176529783 1.0038490730524063 16
1781176529784 0.9799563831090927 17
1781176529785 0.9836136224865913 18
1781176529786 0.9877898889780045 19
1781176529787 0.9599914753437042 20
1781176529787 0.900502836406231 21
1781176529788 0.9175161629915237 22
1781176529790 0.9748630073666572 23
1781176529791 0.9265554967522621 24
1781176529792 0.8373606050014496 25
1781176529793 0.8392079931497574 26
1781176529794 0.8345005825161934 27
1781176529795 0.8012987440824508 28
1781176529796 0.8052867911756039 29
1781176529797 0.7991105239093304 30
1781176529798 0.7697243173420429 31
1781176529799 0.7533374115824699 32
1781176529800 0.749229896068573 33
1781176529801 0.7720102269947529 34
1781176529802 0.7681151284277439 35
1781176529803 0.7617005641758442 36
1781176529804 0.7278334872424602 37
1781176529805 0.69679987937212 38
1781176529806 0.7142129252851009 39
1781176529807 0.6808393412828445 40
1781176529808 0.6974252392351628 41
1781176529809 0.6604597599804402 42
1781176529810 0.6761104014515876 43
1781176529811 0.6799830828607082 44
1781176529812 0.6822525377571583 45
1781176529813 0.6859573869407177 46
1781176529814 0.6838261777162552 47
1781176529815 0.6720760577917099 48
1781176529816 0.678951232880354 49
1781176529817 0.6771506121754647 50
1781176529818 0.6718664447963237 51
1781176529819 0.6723165439069271 52
1781176529820 0.7045084296166897 53
1781176529822 0.6806474602222443 54
1781176529823 0.6672921584546566 55
1781176529824 0.6912730768322944 56
1781176529825 0.6718773826956749 57
1781176529826 0.6778929904103279 58
1781176529827 0.6829551285505295 59
1781176529828 0.6795983605086804 60
1781176529829 0.6766506053507328 61
1781176529830 0.6801537050306797 62
1781176529830 0.6826833420991898 63
1781176529831 0.6814902959764004 64
1781176529832 0.6703835932910442 65
1781176529833 0.675445333570242 66
1781176529834 0.6818183854222297 67
1781176529835 0.6854857881367207 68
1781176529836 0.6835171675682068 69
1781176529837 0.6844217160344124 70
1781176529838 0.6808287958800793 71
1781176529839 0.6828313845396042 72
1781176529840 0.6865213912725449 73
1781176529841 0.6877957111597062 74
1781176529842 0.6873413735628128 75
1781176529843 0.6878651763498783 76
1781176529844 0.6861550329625606 77
