1782722912383 0.0 1
1782722912385 0.0 2
1782722912386 0.0 3
1782722912387 0.0 4
1782722912388 0.0 5
1782722912389 0.0 6
1782722912390 0.0 7
1782722912391 0.0 8
1782722912392 0.0 9
1782722912393 0.0 10
1782722912394 0.0 11
1782722912395 0.0 12
1782722912397 0.0 13
1782722912398 0.0 14
1782722912399 0.0 15
1782722912400 0.0 16
1782722912401 0.0 17
1782722912402 0.0 18
1782722912403 0.0 19
1782722912404 0.0 20
1782722912405 0.0 21
1782722912406 0.0 22
1782722912407 0.0 23
1782722912409 0.0 24
1782722912410 0.0 25
1782722912411 0.0 26
1782722912412 0.0 27
1782722912413 0.0 28
1782722912414 0.0 29
1782722912415 0.0 30
1782722912416 0.0 31
1782722912417 0.0 32
1782722912418 0.0 33
1782722912420 0.0 34
1782722912421 0.0 35
1782722912422 0.0 36
1782722912423 0.0 37
1782722912424 0.0 38
1782722912425 0.0 39
1782722912426 0.0 40
1782722912427 0.0 41
1782722912428 0.0 42
1782722912429 0.0 43
1782722912431 0.0 44
1782722912432 0.0 45
1782722912433 0.0 46
1782722912434 0.0 47
1782722912435 0.0 48
1782722912436 0.0 49
1782722912437 0.0 50
1782722912438 0.0 51
1782722912439 0.0 52
1782722912440 0.0 53
1782722912442 0.0 54
1782722912442 0.0 55
1782722912444 0.0 56
1782722912445 0.0 57
1782722912446 0.0 58
1782722912447 0.0 59
1782722912448 0.0 60
1782722912449 0.0 61
1782722912450 0.0 62
1782722912451 0.0 63
1782722912452 0.0 64
1782722912453 0.0 65
1782722912454 0.0 66
1782722912455 0.0 67
1782722912456 0.0 68
1782722912457 0.0 69
1782722912458 0.0 70
1782722912459 0.0 71
1782722912460 0.0 72
