1782722912225 0.07485237418673933 1
1782722912226 0.013971906509250403 2
1782722912227 0.006775148144224658 3
1782722912228 0.004656341661466286 4
1782722912229 0.0037465206009801477 5
1782722912230 0.003192394425277598 6
1782722912231 0.0027049013451323845 7
1782722912232 0.00252360706217587 8
1782722912234 0.0023079112518462354 9
1782722912235 0.002441971412335988 10
1782722912236 0.002130699105327949 11
1782722912237 0.0020926943077938633 12
1782722912238 0.0021270235208794477 13
1782722912239 0.002065592909348197 14
1782722912240 0.0019655990389583168 15
1782722912241 0.0019258357277431059 16
1782722912242 0.0018397974288382102 17
1782722912243 0.001923502554273 18
1782722912245 0.0018429164374538232 19
1782722912246 0.001851617371867178 20
1782722912247 0.001816565712215379 21
1782722912248 0.0018104036622389684 22
1782722912249 0.002019999867334263 23
1782722912250 0.001871993718086742 24
1782722912251 0.001765142150397878 25
1782722912252 0.0017957919195760042 26
1782722912253 0.001727859719103435 27
1782722912254 0.0016946427815128118 28
1782722912255 0.0017663634818745777 29
1782722912257 0.0017305644739826675 30
1782722912258 0.0016609597782371566 31
1782722912259 0.0017620360178989358 32
1782722912260 0.0017421960071078502 33
1782722912261 0.0017744152071827557 34
1782722912262 0.0017041072052961681 35
1782722912263 0.001642141707270639 36
1782722912264 0.0016569992354197893 37
1782722912265 0.0016524094421765767 38
1782722912267 0.0015421187751780963 39
1782722912268 0.001494651913526468 40
1782722912269 0.0014916421419911784 41
1782722912270 0.0014800752554583595 42
1782722912271 0.0014844736464874587 43
1782722912272 0.0014754204998462229 44
1782722912273 0.001485971332003828 45
1782722912274 0.0014759470116405282 46
1782722912275 0.0014695324619242456 47
1782722912277 0.0014650726180843775 48
1782722912278 0.0014939920999313472 49
1782722912279 0.0014606425449892413 50
1782722912280 0.001405432153478614 51
1782722912281 0.0013876515330775874 52
1782722912282 0.001379477057053009 53
1782722912283 0.0013797921373770805 54
1782722912284 0.0013790946343215183 55
1782722912285 0.0013789342631935141 56
1782722912287 0.0013622620556998299 57
1782722912288 0.0013472179784002948 58
1782722912289 0.0013432904297951609 59
1782722912290 0.0013403138439025497 60
1782722912291 0.0013362129953020485 61
1782722912292 0.0013347782765777082 62
1782722912293 0.0013352621968806488 63
1782722912294 0.0013229705909179757 64
1782722912295 0.0013210644065839005 65
1782722912296 0.0013183992967969972 66
1782722912297 0.0013180025593464962 67
1782722912299 0.0013153347668412607 68
1782722912300 0.0013152668518159772 69
1782722912301 0.0013133368154376512 70
1782722912302 0.001309124028266524 71
1782722912303 0.0013074644634616561 72
