1781169461228 0.20705469377338886 1
1781169461229 0.08413689538836479 2
1781169461230 0.030662990054115654 3
1781169461231 0.016102687180973588 4
1781169461232 0.010659149750135839 5
1781169461234 0.007981634195894004 6
1781169461235 0.006446021541487426 7
1781169461236 0.005395465597975999 8
1781169461237 0.004555825470015406 9
1781169461238 0.004047290924936533 10
1781169461239 0.0037413337995531037 11
1781169461240 0.0035118193400558084 12
1781169461241 0.003180572196142748 13
1781169461243 0.0030200130818411708 14
1781169461244 0.0029571765958098695 15
1781169461245 0.002732661634800024 16
1781169461246 0.002661750600673258 17
1781169461247 0.0024936794323730284 18
1781169461248 0.0025104003184242174 19
1781169461249 0.00237096602388192 20
1781169461251 0.0023919344795285723 21
1781169461252 0.00242222855478758 22
1781169461253 0.002251957370317541 23
1781169461254 0.002246800460270606 24
1781169461255 0.0022892472264356913 25
1781169461256 0.002151184701942839 26
1781169461257 0.0021004888077732174 27
1781169461258 0.0020608014837489464 28
1781169461260 0.0020864696509670464 29
1781169461261 0.0020112103212159126 30
1781169461262 0.002034504407492932 31
1781169461263 0.002016006781050237 32
1781169461264 0.0018878708629927131 33
1781169461265 0.0018524509959388525 34
1781169461266 0.0018370311305625365 35
1781169461267 0.00184985635074554 36
1781169461269 0.001864716628770111 37
1781169461270 0.001850897005351726 38
1781169461271 0.0018561019508342724 39
1781169461272 0.0018431093920662533 40
1781169461273 0.0018127801637456288 41
1781169461274 0.001818991448963061 42
1781169461275 0.0018315229428117164 43
1781169461277 0.0018425833476067054 44
1781169461278 0.0018146183920907787 45
1781169461279 0.0017747977563703898 46
1781169461280 0.0017836938821710645 47
1781169461281 0.0017845989963097963 48
1781169461282 0.0018185300422192087 49
1781169461283 0.0017719521895924117 50
1781169461284 0.001758898037369363 51
1781169461286 0.0017026578755758236 52
1781169461287 0.001707702143030474 53
1781169461288 0.0016925420345796738 54
1781169461289 0.001703653856384335 55
1781169461290 0.0016959870285063517 56
1781169461291 0.0016773767418635543 57
1781169461292 0.0016640682562137953 58
1781169461294 0.0016705504117999225 59
1781169461295 0.0016579898123745807 60
1781169461296 0.0016579017252661289 61
1781169461297 0.001677967082214309 62
1781169461298 0.0016533883998636157 63
1781169461299 0.00164112018130254 64
1781169461300 0.0016378791167517193 65
1781169461301 0.001642802381538786 66
1781169461303 0.0016656607392360457 67
1781169461304 0.0016321810509543867 68
1781169461305 0.0016314201545901596 69
1781169461306 0.0016386665338359307 70
1781169461307 0.0016414990689372644 71
