1781169461308 4.010127929970622 1
1781169461309 5.073774888515472 2
1781169461311 4.171447429656983 3
1781169461312 3.5091286873817444 4
1781169461313 3.231463676095009 5
1781169461314 3.0826158809661863 6
1781169461315 2.288657559752464 7
1781169461316 2.128630240559578 8
1781169461317 2.2448569887876513 9
1781169461319 2.246815992593765 10
1781169461320 1.8101194167137147 11
1781169461321 1.9701594334840775 12
1781169461322 1.6395615595579147 13
1781169461323 1.6441639190912247 14
1781169461324 1.7273582994937897 15
1781169461325 1.6102816301584244 16
1781169461326 1.5724650490283967 17
1781169461327 1.486434592306614 18
1781169461328 1.5962927669286728 19
1781169461329 1.493520134985447 20
1781169461330 1.498183109164238 21
1781169461331 1.378798804283142 22
1781169461332 1.3709269165992737 23
1781169461333 1.3095453831553459 24
1781169461335 1.518562021255493 25
1781169461336 1.3285290822386742 26
1781169461337 1.465573723614216 27
1781169461338 1.303984002172947 28
1781169461339 1.2444700488448144 29
1781169461340 1.1942234167456627 30
1781169461341 1.2318735989928244 31
1781169461342 1.250220325887203 32
1781169461343 1.2506883418560029 33
1781169461344 1.1551490917801857 34
1781169461345 1.1334489706158637 35
1781169461346 1.2955150431394578 36
1781169461347 1.2184020137786866 37
1781169461348 1.1173434734344483 38
1781169461349 1.170195115506649 39
1781169461350 1.160416628420353 40
1781169461351 1.1118185752630234 41
1781169461352 1.0684490932524204 42
1781169461353 1.0943182680010795 43
1781169461355 1.0982716175913811 44
1781169461356 1.1557385513186456 45
1781169461357 1.0899440729618073 46
1781169461358 1.0095231027901173 47
1781169461359 1.1361650186777115 48
1781169461360 1.1876519614458083 49
1781169461361 1.1490991428494453 50
1781169461362 1.1411198309063912 51
1781169461363 1.1237111860513687 52
1781169461364 1.156371633708477 53
1781169461365 1.1202498084306718 54
1781169461367 1.1367899340391159 55
1781169461368 1.0990995645523072 56
1781169461369 1.1066984087228775 57
1781169461370 1.118193097114563 58
1781169461371 1.1194947117567062 59
1781169461372 1.122079426050186 60
1781169461373 1.0870877307653428 61
1781169461374 1.0883089071512222 62
1781169461376 1.1450893756747247 63
1781169461377 1.1402822452783585 64
1781169461378 1.1204270842671393 65
1781169461379 1.0701409271359443 66
1781169461380 1.0929127874970437 67
1781169461381 1.1580814519524574 68
1781169461382 1.1314909157156945 69
1781169461384 1.129269799888134 70
1781169461385 1.1521769398450852 71
