1782230407198 0.08384556148201228 1
1782230407200 0.027460973127745092 2
1782230407201 0.014157571257092058 3
1782230407202 0.009241262688301504 4
1782230407204 0.006552592858206481 5
1782230407205 0.005006319389212877 6
1782230407206 0.00418544746004045 7
1782230407207 0.0036079089844133706 8
1782230407209 0.003143942566821352 9
1782230407210 0.002906816523754969 10
1782230407211 0.0025372838648036124 11
1782230407212 0.002308557723881677 12
1782230407214 0.0021914840018143877 13
1782230407215 0.0020567589669371954 14
1782230407216 0.001968966042622924 15
1782230407217 0.001877337267214898 16
1782230407219 0.001768961232737638 17
1782230407220 0.0016493870233534836 18
1782230407221 0.001598027993750293 19
1782230407223 0.0015587416567723266 20
1782230407224 0.001472333407291444 21
1782230407225 0.0014352664463513065 22
1782230407226 0.0015611769461247604 23
1782230407228 0.0014219419450091663 24
1782230407229 0.0014110302642802708 25
1782230407230 0.001408214500406757 26
1782230407231 0.0013544005503354128 27
1782230407233 0.0013687753831618465 28
1782230407234 0.0013820915200631135 29
1782230407235 0.001330042172485264 30
1782230407236 0.001233685525949113 31
1782230407238 0.0011750254968501395 32
1782230407239 0.001147839238110464 33
1782230407240 0.0011417856927437241 34
1782230407241 0.0011348302065744065 35
1782230407243 0.0011606087715335888 36
1782230407244 0.0011861732610850594 37
1782230407245 0.001125706250022631 38
1782230407246 0.0010723881959711435 39
1782230407248 0.000992336266936036 40
1782230407249 0.0009605407443450531 41
1782230407250 0.000943954406393459 42
1782230407251 0.0009319492850772804 43
1782230407253 0.0009190781502547906 44
1782230407254 0.0009097294742241501 45
1782230407255 0.0008956848771049409 46
1782230407256 0.0008847510842315387 47
1782230407258 0.0008771511309896596 48
1782230407259 0.000870470904992544 49
1782230407260 0.0008644322834879858 50
1782230407262 0.0008589357539312914 51
1782230407263 0.0008538919215789065 52
1782230407264 0.0008459670601587277 53
1782230407265 0.0008398494265566115 54
1782230407267 0.000835871113158646 55
1782230407268 0.0008320489129982889 56
1782230407269 0.0008283937485612114 57
1782230407270 0.000824718513431435 58
1782230407272 0.000821290630265139 59
1782230407273 0.0008164310579741141 60
1782230407274 0.0008135650832991814 61
