1782230407352 0.0 1
1782230407354 0.0 2
1782230407355 0.0 3
1782230407356 0.0 4
1782230407357 0.0 5
1782230407359 0.0 6
1782230407360 0.0 7
1782230407361 0.0 8
1782230407362 0.0 9
1782230407364 0.0 10
1782230407365 0.0 11
1782230407366 0.0 12
1782230407367 0.0 13
1782230407369 0.0 14
1782230407370 0.0 15
1782230407371 0.0 16
1782230407372 0.0 17
1782230407374 0.0 18
1782230407375 0.0 19
1782230407376 0.0 20
1782230407377 0.0 21
1782230407379 0.0 22
1782230407380 0.0 23
1782230407381 0.0 24
1782230407383 0.0 25
1782230407384 0.0 26
1782230407385 0.0 27
1782230407387 0.0 28
1782230407388 0.0 29
1782230407389 0.0 30
1782230407390 0.0 31
1782230407392 0.0 32
1782230407393 0.0 33
1782230407394 0.0 34
1782230407395 0.0 35
1782230407397 0.0 36
1782230407398 0.0 37
1782230407399 0.0 38
1782230407400 0.0 39
1782230407402 0.0 40
1782230407403 0.0 41
1782230407404 0.0 42
1782230407406 0.0 43
1782230407407 0.0 44
1782230407408 0.0 45
1782230407409 0.0 46
1782230407411 0.0 47
1782230407412 0.0 48
1782230407413 0.0 49
1782230407414 0.0 50
1782230407416 0.0 51
1782230407417 0.0 52
1782230407418 0.0 53
1782230407419 0.0 54
1782230407421 0.0 55
1782230407422 0.0 56
1782230407423 0.0 57
1782230407424 0.0 58
1782230407426 0.0 59
1782230407427 0.0 60
1782230407428 0.0 61
