1780922847978 0.09405115364119411 1
1780922847979 0.01844661183655262 2
1780922847980 0.009526281126309186 3
1780922847982 0.006873316294513643 4
1780922847983 0.005724756503477693 5
1780922847984 0.005045082705328241 6
1780922847985 0.0047278996167005975 7
1780922847987 0.004456940846866928 8
1780922847988 0.004367515349877067 9
1780922847989 0.004165811517159454 10
1780922847990 0.004108252527657896 11
1780922847991 0.00405538868450094 12
1780922847992 0.0039187209965894 13
1780922847994 0.0038452337839407847 14
1780922847995 0.0037608036008896307 15
1780922847996 0.00379681925434852 16
1780922847997 0.0038632214529206975 17
1780922847998 0.003800552094762679 18
1780922848000 0.0037982102364185265 19
1780922848001 0.0038110008486546576 20
1780922848002 0.003761451331956778 21
1780922848003 0.003720352424425073 22
1780922848004 0.003691121644806117 23
1780922848005 0.0036625887177069672 24
1780922848007 0.003705903137451969 25
1780922848008 0.0036897358804708347 26
1780922848009 0.0037358483762363905 27
1780922848010 0.0037045249080983923 28
1780922848011 0.00369397587608546 29
1780922848012 0.0036803231298108583 30
1780922848014 0.0036075787880690767 31
1780922848015 0.0035991495646885596 32
1780922848016 0.0034871355502400546 33
1780922848017 0.0034984319293289447 34
1780922848018 0.003514673806203064 35
1780922848019 0.0033992577900062316 36
1780922848021 0.003427872799220495 37
1780922848022 0.0034732561695273033 38
1780922848023 0.003465754447388463 39
1780922848024 0.0035335089720319956 40
1780922848025 0.0035806259512901305 41
1780922848027 0.0034042683654115537 42
1780922848028 0.0033825356254237704 43
1780922848029 0.003462715186760761 44
1780922848030 0.003392994262976572 45
1780922848031 0.00343260887573706 46
1780922848032 0.0033461992858792654 47
1780922848034 0.0032141673253499904 48
1780922848035 0.0031236931355670093 49
1780922848036 0.0030312711611622943 50
1780922848037 0.0030139976553618907 51
1780922848038 0.0029320408692001367 52
1780922848039 0.0028849823120981454 53
1780922848040 0.002841655517695472 54
1780922848042 0.0028504726526443844 55
1780922848043 0.00279161154612666 56
1780922848044 0.0027948365462361837 57
1780922848045 0.0027119149459758772 58
1780922848046 0.0027329277235548944 59
1780922848047 0.0027388872145093046 60
1780922848049 0.0027296323855989612 61
1780922848050 0.0027131925491266883 62
1780922848051 0.0025506232713814825 63
1780922848052 0.002550191837071907 64
1780922848053 0.002589841748558683 65
1780922848054 0.0025320707293576563 66
1780922848056 0.0024827773193828763 67
1780922848057 0.002649722175556235 68
1780922848058 0.0024123535456601532 69
1780922848059 0.0024134692538063975 70
1780922848060 0.00250206793891266 71
1780922848061 0.002339505029376596 72
1780922848063 0.0025860065981396473 73
1780922848064 0.002507608264568262 74
1780922848065 0.0023832012632919943 75
1780922848066 0.002374004330195021 76
1780922848067 0.002293496325146407 77
1780922848068 0.0024784499389352275 78
1780922848070 0.002224598583416082 79
1780922848071 0.0022189601509307977 80
1780922848072 0.002194384134345455 81
1780922848073 0.002162315580062568 82
1780922848074 0.0021893750282470136 83
1780922848075 0.002180356623866828 84
1780922848076 0.002150467065075645 85
1780922848078 0.0021896172435663173 86
1780922848079 0.0021740479783329647 87
1780922848080 0.002173755560943391 88
1780922848081 0.0021730221797770354 89
1780922848082 0.002154608392738737 90
1780922848083 0.002129679364297772 91
1780922848085 0.0021019623219035565 92
1780922848086 0.0022361480951076373 93
1780922848087 0.0021102193067781628 94
1780922848088 0.002146131084737135 95
1780922848089 0.002155451516591711 96
1780922848090 0.0020810292346868666 97
1780922848091 0.0020620185250299983 98
1780922848093 0.0022917765070451426 99
1780922848094 0.0020913919449958487 100
1780922848095 0.002001713325153105 101
1780922848096 0.0020073550839151723 102
1780922848097 0.0019862485137127806 103
1780922848098 0.0020036301972868385 104
1780922848100 0.002005041174707003 105
1780922848101 0.0019594955877983013 106
1780922848102 0.0019891070485755337 107
1780922848103 0.0020531741846934893 108
1780922848104 0.002009383286640514 109
1780922848105 0.002017232184880413 110
1780922848107 0.0019667096760531424 111
1780922848108 0.0019350914494134486 112
1780922848109 0.00194180185222649 113
1780922848110 0.0020100653357803823 114
1780922848111 0.0019726221769815313 115
1780922848112 0.001935826469270978 116
1780922848114 0.0019019864786241668 117
1780922848115 0.0019270064820011612 118
1780922848116 0.001913844676601002 119
1780922848117 0.0019072761684947182 120
1780922848118 0.0019310313936148306 121
1780922848119 0.0019254209854989313 122
1780922848121 0.0019198889144172427 123
1780922848122 0.0019083136875997298 124
1780922848123 0.0019148236233741045 125
1780922848124 0.0019176742166746408 126
1780922848125 0.0018579826974018943 127
1780922848126 0.0018922023587219883 128
1780922848127 0.0018618913950922433 129
1780922848129 0.0018474566146323922 130
1780922848130 0.0018684987754386383 131
1780922848131 0.0018703291530255228 132
1780922848132 0.0018631696372176521 133
1780922848133 0.0018777982846950182 134
1780922848134 0.0019113117046072148 135
1780922848136 0.0018539029062958434 136
1780922848137 0.0018354816276405473 137
1780922848138 0.001819210014946293 138
1780922848139 0.0018318305554566904 139
1780922848140 0.0018468106038926635 140
1780922848141 0.0018178974246256985 141
1780922848143 0.0018489742404199205 142
1780922848144 0.0018296963069587946 143
1780922848145 0.0018188311535050161 144
1780922848146 0.0018194171522918623 145
1780922848147 0.0017817316537548323 146
1780922848149 0.001745982191641815 147
1780922848150 0.0017582777548523154 148
1780922848151 0.00175135792727815 149
1780922848152 0.0017531216192583088 150
1780922848153 0.0017508111002098304 151
1780922848155 0.0017338713076605926 152
1780922848156 0.0017421353184909093 153
1780922848157 0.0017590786895016208 154
1780922848158 0.001738659262045985 155
1780922848159 0.001722458558069775 156
1780922848160 0.0017481305437104311 157
1780922848162 0.001745025744312443 158
1780922848163 0.0017157638510980177 159
1780922848164 0.001718839584500529 160
1780922848165 0.0017166136777086649 161
1780922848166 0.0017234558345808181 162
1780922848167 0.0017306707517127505 163
1780922848169 0.0017229115619556978 164
1780922848170 0.0017149237552075646 165
1780922848171 0.0017144959678989835 166
1780922848172 0.001717127711744979 167
1780922848173 0.0017057342348562087 168
1780922848174 0.001716992971196305 169
1780922848176 0.0017068591139104683 170
1780922848177 0.001700425869494211 171
1780922848178 0.0016870111184834969 172
1780922848179 0.001704891163535649 173
1780922848180 0.0016929643448384013 174
1780922848181 0.0017007210104202385 175
1780922848183 0.0017304769856855272 176
1780922848184 0.0016872274750494398 177
1780922848185 0.0017311186910956167 178
1780922848186 0.0016941314289579167 179
1780922848187 0.0016800206109473948 180
1780922848188 0.0016604870388982817 181
1780922848190 0.0016675687143288087 182
1780922848191 0.0016376476424920837 183
1780922848192 0.0016600338190619368 184
1780922848193 0.00166322857097839 185
1780922848194 0.0016366586508229375 186
1780922848195 0.0016553428312181496 187
1780922848197 0.0016504245711257682 188
1780922848198 0.0016349164638086223 189
1780922848199 0.0016511086284299382 190
1780922848200 0.00163044457702199 191
1780922848201 0.0016661113174632192 192
1780922848203 0.0016362955039949155 193
1780922848204 0.0016401018596661743 194
1780922848205 0.0016528657538583502 195
1780922848206 0.0016708583010768053 196
1780922848207 0.0016337927569111343 197
1780922848208 0.0016262206120882183 198
1780922848210 0.0016391291026957332 199
1780922848211 0.001626242791535333 200
1780922848212 0.0016175840159121436 201
1780922848213 0.0016294252217630856 202
1780922848214 0.0016210672538727522 203
1780922848215 0.0016250970114197116 204
1780922848216 0.0016308843153819907 205
1780922848218 0.0016365025614504703 206
1780922848219 0.001607251702225767 207
1780922848220 0.001617678204056574 208
1780922848221 0.0016186832037055866 209
1780922848222 0.00160123062247294 210
1780922848223 0.0015989813646592665 211
1780922848225 0.0016134312833310106 212
1780922848226 0.0015996955103764776 213
1780922848227 0.0016058156691724434 214
1780922848228 0.0016075256436306517 215
1780922848229 0.0016051090590190142 216
1780922848230 0.0016125824933988042 217
1780922848232 0.0016009635179943871 218
1780922848233 0.0016108916881785262 219
1780922848234 0.001595781787618762 220
1780922848235 0.0016020475992991124 221
1780922848236 0.0016001225746003912 222
1780922848237 0.0015978247273596936 223
1780922848239 0.001581211626471486 224
1780922848239 0.0015837976285547485 225
1780922848241 0.0015993629969307222 226
1780922848242 0.0015929229249013587 227
1780922848243 0.0015839494807005393 228
1780922848244 0.0015909719806222712 229
1780922848245 0.0015786815425963142 230
1780922848246 0.0015789186605252325 231
1780922848247 0.0015841900346276817 232
1780922848248 0.0015740884629485664 233
1780922848249 0.0015790960565209389 234
1780922848251 0.001580559814319713 235
1780922848252 0.0015791561467631255 236
1780922848253 0.0015905276578268967 237
1780922848254 0.001584436103585176 238
1780922848255 0.0015795977661036886 239
1780922848256 0.0015784642286598683 240
1780922848257 0.0015664861176628618 241
1780922848259 0.0015681403334019705 242
1780922848259 0.0015832090053299907 243
1780922848260 0.0015734018248622305 244
1780922848262 0.0015802572453685571 245
1780922848263 0.0015895769096096045 246
1780922848264 0.001571956007683184 247
1780922848265 0.0015741925088514107 248
1780922848266 0.001570143412973266 249
1780922848267 0.0015708833662210963 250
1780922848269 0.0015727108865394258 251
1780922848270 0.0015552076025051064 252
1780922848271 0.0015675619873218238 253
1780922848272 0.0015714586788089947 254
1780922848273 0.001567536977963755 255
1780922848274 0.001577659115428105 256
1780922848276 0.0015720590557612012 257
1780922848277 0.0015632754866965115 258
1780922848278 0.0015600247596739792 259
1780922848279 0.0015766496636206283 260
1780922848280 0.0015836182341445238 261
1780922848281 0.0015546470794652123 262
1780922848283 0.001572291270858841 263
1780922848284 0.0015701279960921965 264
1780922848285 0.0015733244678995107 265
1780922848286 0.0015937214654695709 266
1780922848287 0.0015696257198578678 267
1780922848288 0.0015660518725053407 268
1780922848289 0.0015734149895433802 269
1780922848291 0.001574855380167719 270
1780922848292 0.001564798401814187 271
1780922848293 0.001567311556864297 272
