1780922848925 0.5094324232079088 1
1780922848926 0.878869258761406 2
1780922848927 0.7767587918788195 3
1780922848929 0.8058327651768923 4
1780922848930 0.4623183524608612 5
1780922848931 0.49516085866838694 6
1780922848932 0.5090471910126507 7
1780922848933 0.774060946404934 8
1780922848934 0.34830830451101064 9
1780922848936 0.2545400917157531 10
1780922848937 0.2180527660995722 11
1780922848938 0.3500803643465042 12
1780922848939 0.19915838487446308 13
1780922848941 0.2616472540795803 14
1780922848942 0.25407999131828546 15
1780922848943 0.3187658828869462 16
1780922848944 0.4109219147637486 17
1780922848945 0.18686369070783257 18
1780922848946 0.2495545108243823 19
1780922848947 0.15057943370193244 20
1780922848949 0.1882954680547118 21
1780922848950 0.12968749687075615 22
1780922848951 0.18967707354575394 23
1780922848952 0.2289512673020363 24
1780922848953 0.14801605947315694 25
1780922848954 0.10990295034833253 26
1780922848956 0.1637048513442278 27
1780922848957 0.13763581262901425 28
1780922848958 0.11674742398783565 29
1780922848959 0.2166760503128171 30
1780922848960 0.3792296058684588 31
1780922848961 0.23124106448143722 32
1780922848963 0.20766418609768153 33
1780922848964 0.18568179067224264 34
1780922848965 0.15870643517002464 35
1780922848966 0.1484671358205378 36
1780922848967 0.2156077639013529 37
1780922848968 0.20555135808885097 38
1780922848969 0.22462175518274308 39
1780922848971 0.2048583073541522 40
1780922848972 0.18099712986499072 41
1780922848973 0.1832963334955275 42
1780922848974 0.22765328995883466 43
1780922848975 0.2217541740089655 44
1780922848976 0.14984518972225488 45
1780922848978 0.17999172629788518 46
1780922848979 0.19536917123943567 47
1780922848980 0.1409846691787243 48
1780922848981 0.14403974421322346 49
1780922848982 0.12964207194745542 50
1780922848983 0.14105391835793854 51
1780922848984 0.16620733447372912 52
1780922848986 0.1553047993220389 53
1780922848987 0.15253177065402268 54
1780922848988 0.1927080350369215 55
1780922848989 0.17964021977037192 56
1780922848990 0.1656680466607213 57
1780922848991 0.15720780057832598 58
1780922848992 0.1589999821409583 59
1780922848994 0.16118141267448663 60
1780922848995 0.2337197296693921 61
1780922848996 0.22426933415234088 62
1780922848997 0.18256872974336147 63
1780922848998 0.17614429760724307 64
1780922848999 0.2553132028132677 65
1780922849000 0.20991251032799482 66
1780922849002 0.14374451538547872 67
1780922849003 0.16460861701518298 68
1780922849004 0.1635558326728642 69
1780922849005 0.17237740393728018 70
1780922849006 0.20054478960111738 71
1780922849007 0.19749244883656503 72
1780922849008 0.23391278110444547 73
1780922849010 0.21608852446079255 74
1780922849011 0.20727309249341488 75
1780922849012 0.164354850910604 76
1780922849013 0.16450173821300268 77
1780922849014 0.16053029576316477 78
1780922849015 0.16377270787954332 79
1780922849017 0.16272869270294904 80
1780922849018 0.16300102770328523 81
1780922849019 0.15539760433137417 82
1780922849020 0.17793298654258252 83
1780922849021 0.17127077884972094 84
1780922849022 0.17785217113792895 85
1780922849023 0.19576133385300637 86
1780922849025 0.16648230738937855 87
1780922849026 0.17001669608056547 88
1780922849027 0.1817674984410405 89
1780922849028 0.18604069154709577 90
1780922849029 0.17826591353863477 91
1780922849030 0.1798943305015564 92
1780922849031 0.1927363435178995 93
1780922849033 0.19377264309674502 94
1780922849034 0.18923473864793777 95
1780922849035 0.2025413317978382 96
1780922849036 0.1998992732539773 97
1780922849037 0.18411491591483353 98
1780922849038 0.18026673899963497 99
1780922849039 0.2219559947401285 100
1780922849041 0.21944238368421792 101
1780922849042 0.2115988028794527 102
1780922849043 0.20081605952233075 103
1780922849044 0.19945752788335086 104
1780922849045 0.2004161597788334 105
1780922849046 0.20705579087138176 106
1780922849047 0.19755021013319493 107
1780922849049 0.20935351481661202 108
1780922849050 0.23219406142830848 109
1780922849051 0.23309519331902265 110
1780922849052 0.23699935358017682 111
1780922849053 0.22796483539044857 112
1780922849054 0.21296688485890627 113
1780922849055 0.2149279085174203 114
1780922849057 0.2319808929413557 115
1780922849058 0.22594972841441632 116
1780922849059 0.22239616252481936 117
1780922849060 0.22523453012108802 118
1780922849061 0.22099741764366626 119
1780922849062 0.22092812031507492 120
1780922849063 0.22649496275931597 121
1780922849065 0.22878794312477113 122
1780922849066 0.23607971861958504 123
1780922849067 0.23307840310037137 124
1780922849068 0.2381624434143305 125
1780922849069 0.23573063261806965 126
1780922849070 0.24643676523119212 127
1780922849072 0.2418854907155037 128
1780922849073 0.24303520366549491 129
1780922849074 0.22838223855942488 130
1780922849075 0.2333960885554552 131
1780922849076 0.2347628316283226 132
1780922849077 0.23136563777923583 133
1780922849078 0.23104098722338676 134
1780922849080 0.2344074472784996 135
1780922849081 0.2405391163378954 136
1780922849082 0.24283281102776527 137
1780922849083 0.2302351063489914 138
1780922849084 0.23075406715273858 139
1780922849085 0.23483347937464713 140
1780922849086 0.23624209336936475 141
1780922849088 0.24948360472917558 142
1780922849089 0.24555303167551756 143
1780922849090 0.24222806006669997 144
1780922849091 0.24347924649715424 145
1780922849092 0.24931616097688675 146
1780922849093 0.23981181763112544 147
1780922849095 0.24012167975306511 148
1780922849096 0.2418088676780462 149
1780922849097 0.24155193120241164 150
1780922849098 0.24057235971093177 151
1780922849099 0.2421961436420679 152
1780922849100 0.24921355985105037 153
1780922849101 0.24324528098106385 154
1780922849103 0.24917400375008583 155
1780922849104 0.25258272856473923 156
1780922849105 0.2504869697242975 157
1780922849106 0.254117868617177 158
1780922849107 0.2545330852270126 159
1780922849108 0.25153852567076684 160
1780922849110 0.2508542808890343 161
1780922849111 0.2520215132087469 162
1780922849112 0.24982256211340428 163
1780922849113 0.2521310143172741 164
1780922849114 0.25106976114213464 165
1780922849115 0.2572606401145458 166
1780922849116 0.26471717074513434 167
1780922849118 0.268188104853034 168
1780922849119 0.2603106748312712 169
1780922849120 0.26559092752635477 170
1780922849121 0.26546303056180476 171
1780922849122 0.2606652540713549 172
1780922849123 0.2622508319467306 173
1780922849124 0.26228105679154395 174
1780922849126 0.2600787705183029 175
1780922849127 0.26428059823811056 176
1780922849128 0.2637057217210531 177
1780922849129 0.2620875944942236 178
1780922849130 0.2655184330791235 179
1780922849131 0.2721262556314468 180
1780922849133 0.2693850423395634 181
1780922849134 0.271221094802022 182
1780922849135 0.2739810878038406 183
1780922849136 0.27437531925737857 184
1780922849137 0.27364974096417427 185
1780922849138 0.2731889676302671 186
1780922849140 0.27537936381995676 187
1780922849141 0.275483345836401 188
1780922849142 0.27569218471646306 189
1780922849143 0.2751646100729704 190
1780922849144 0.27799977973103523 191
1780922849145 0.27079508975148203 192
1780922849146 0.273362036049366 193
1780922849148 0.2707902203500271 194
1780922849149 0.27114183515310286 195
1780922849150 0.27650893963873385 196
1780922849151 0.27732947379350664 197
1780922849152 0.2762167062610388 198
1780922849153 0.2807464225590229 199
1780922849155 0.27724538251757624 200
1780922849156 0.27489858150482177 201
1780922849157 0.276706385910511 202
1780922849158 0.27253554508090017 203
1780922849159 0.27687504604458807 204
1780922849160 0.27347468957304955 205
1780922849161 0.27594000674784186 206
1780922849163 0.27979655340313914 207
1780922849164 0.277054850012064 208
1780922849165 0.27724943041801453 209
1780922849166 0.28005337618291376 210
1780922849167 0.2782976602017879 211
1780922849168 0.2772308888286352 212
1780922849169 0.2768927534669638 213
1780922849171 0.2772010462731123 214
1780922849172 0.2810354615002871 215
1780922849173 0.2811530990153551 216
1780922849174 0.2812433018535376 217
1780922849175 0.2830295017361641 218
1780922849176 0.28241886928677556 219
1780922849178 0.28243040829896926 220
1780922849179 0.2825133629888296 221
1780922849180 0.2815133634209633 222
1780922849181 0.2827864210307598 223
1780922849182 0.28313764065504077 224
1780922849183 0.27994827352464197 225
1780922849185 0.2789600990712643 226
1780922849186 0.2805125654488802 227
1780922849187 0.2813396266847849 228
1780922849188 0.28263276390731334 229
1780922849189 0.2821260567009449 230
1780922849190 0.2801753678917885 231
1780922849192 0.28152283377945425 232
1780922849193 0.2824656292796135 233
1780922849194 0.2814749561995268 234
1780922849195 0.2813577472418547 235
1780922849196 0.280095719397068 236
1780922849197 0.28167727500200274 237
1780922849199 0.28116926573216916 238
1780922849200 0.2827949782460928 239
1780922849201 0.28089449770748615 240
1780922849202 0.28192279517650604 241
1780922849203 0.2828518083691597 242
1780922849204 0.28410606369376185 243
1780922849205 0.28275185726583 244
1780922849207 0.28417063914239404 245
1780922849208 0.2838921292871237 246
1780922849209 0.2851433029770851 247
1780922849210 0.2856527763605118 248
1780922849211 0.28493875041604044 249
1780922849212 0.2835670107603073 250
1780922849214 0.283456199541688 251
1780922849215 0.2837823823839426 252
1780922849216 0.28455016396939753 253
1780922849217 0.2844278060644865 254
1780922849218 0.28398173220455647 255
1780922849219 0.284263292402029 256
1780922849221 0.2840936829149723 257
1780922849222 0.28354279220104217 258
1780922849223 0.284630876109004 259
1780922849224 0.283552927300334 260
1780922849225 0.28442075550556184 261
1780922849226 0.2848393692076206 262
1780922849227 0.28523029044270515 263
1780922849229 0.2849848164618015 264
1780922849230 0.2852113536000252 265
1780922849231 0.2847987235337496 266
1780922849232 0.28526551969349384 267
1780922849233 0.2845850718766451 268
1780922849234 0.2840228222310543 269
1780922849236 0.28446182861924174 270
1780922849237 0.2842890840023756 271
1780922849238 0.2840254022181034 272
