1780922848618 0.09404962528496981 1
1780922848620 0.018441338608972728 2
1780922848621 0.00951929030707106 3
1780922848622 0.006863646286074072 4
1780922848623 0.005717821751022712 5
1780922848624 0.00503616982488893 6
1780922848625 0.004717209633090533 7
1780922848626 0.004438363339868374 8
1780922848628 0.004358111013425514 9
1780922848629 0.004158175306511112 10
1780922848630 0.004101056784857064 11
1780922848631 0.004042785819037818 12
1780922848632 0.003910953828890343 13
1780922848633 0.003834244631289039 14
1780922848635 0.0037493699754122646 15
1780922848636 0.0037815184946521185 16
1780922848637 0.0038422644149977716 17
1780922848638 0.003790461460594088 18
1780922848639 0.003783985633926932 19
1780922848640 0.003801966086321045 20
1780922848642 0.0037495886965189127 21
1780922848643 0.0037117930510430597 22
1780922848644 0.003678033924952615 23
1780922848645 0.0036461042088922115 24
1780922848646 0.0036948019481496887 25
1780922848647 0.003681163447909057 26
1780922848648 0.0037225882938946597 27
1780922848650 0.0036929634984699078 28
1780922848651 0.003683818866848014 29
1780922848652 0.0036608223101939077 30
1780922848653 0.003572310422314331 31
1780922848654 0.003576950431452133 32
1780922848655 0.0034665767956175843 33
1780922848657 0.003479492375336122 34
1780922848658 0.0034980096310027876 35
1780922848659 0.0033832233407883904 36
1780922848660 0.0034039403294445947 37
1780922848661 0.00344982331560459 38
1780922848662 0.0034394737097318286 39
1780922848663 0.003508925974892918 40
1780922848665 0.003558363306510728 41
1780922848666 0.003381173024245072 42
1780922848667 0.003353168351459317 43
1780922848668 0.0034334436306380665 44
1780922848669 0.003372765171516221 45
1780922848670 0.003407770003832411 46
1780922848671 0.0033186522347386925 47
1780922848673 0.003193865549110342 48
1780922848674 0.0031025192813831383 49
1780922848675 0.003011824844434159 50
1780922848676 0.0029928395617753265 51
1780922848677 0.0029071097713313067 52
1780922848678 0.0028616865797084757 53
1780922848680 0.002818775748310145 54
1780922848681 0.0028215664556773845 55
1780922848682 0.002764665507420432 56
1780922848683 0.0027699863459565675 57
1780922848684 0.002688333772821352 58
1780922848685 0.002709077734325547 59
1780922848686 0.002714710009167902 60
1780922848688 0.002694574414199451 61
1780922848689 0.0026795521343592555 62
1780922848690 0.002523237963032443 63
1780922848691 0.002523770185362082 64
1780922848692 0.00255154477461474 65
1780922848693 0.0025005838416109327 66
1780922848695 0.002461215635994449 67
1780922848696 0.002625030884228181 68
1780922848697 0.0023878201804473065 69
1780922848698 0.002387612651800737 70
1780922848699 0.0024719862177153117 71
1780922848700 0.0023098811674572063 72
1780922848701 0.0025509196866187267 73
1780922848703 0.002475194971775636 74
1780922848704 0.0023521102854283525 75
1780922848705 0.002349351116718026 76
1780922848706 0.00226882105707773 77
1780922848707 0.0024543703960080167 78
1780922848708 0.002200032683031168 79
1780922848709 0.0021945508489443454 80
1780922848711 0.002169933985278476 81
1780922848712 0.0021390059374971314 82
1780922848713 0.00216268507487257 83
1780922848714 0.002154665988055058 84
1780922848715 0.002123789241013583 85
1780922848716 0.002160253041802207 86
1780922848718 0.0021490756240382324 87
1780922848719 0.0021482530633511487 88
1780922848720 0.002145757046091603 89
1780922848721 0.002126702299428871 90
1780922848722 0.0021029394601646345 91
1780922848723 0.0020749781567428725 92
1780922848724 0.0022072376415599136 93
1780922848726 0.0020811534192762336 94
1780922848727 0.0021177458758756982 95
1780922848728 0.002125070320762461 96
1780922848729 0.002051044340769295 97
1780922848730 0.0020344012767600362 98
1780922848731 0.0022647364834847395 99
1780922848733 0.0020580985567357855 100
1780922848734 0.001968796961591579 101
1780922848735 0.001975615265109809 102
1780922848736 0.0019561261135095263 103
1780922848737 0.001973711559403455 104
1780922848738 0.0019749787461478263 105
1780922848740 0.0019284372104448266 106
1780922848741 0.001959474504837999 107
1780922848742 0.0020217711456643884 108
1780922848743 0.0019745541775773746 109
1780922848744 0.001982267896673875 110
1780922848745 0.0019311597720661666 111
1780922848746 0.0019008967289119029 112
1780922848748 0.0019098568105255253 113
1780922848749 0.001977826142392587 114
1780922848750 0.0019378250477893745 115
1780922848751 0.0019019340170780196 116
1780922848753 0.0018686270414036699 117
1780922848754 0.0018932212951767724 118
1780922848755 0.0018806950496218632 119
1780922848756 0.0018741369459894487 120
1780922848757 0.0018970571481622756 121
1780922848758 0.0018911027858848684 122
1780922848759 0.0018844769451243338 123
1780922848761 0.0018733519322995562 124
1780922848762 0.0018790992585127242 125
1780922848763 0.0018823146272916346 126
1780922848764 0.0018210171775717753 127
1780922848765 0.001855919531226391 128
1780922848767 0.001825436105427798 129
1780922848768 0.0018131992743292357 130
1780922848769 0.0018334893605788237 131
1780922848770 0.0018351147187058814 132
1780922848771 0.0018284647895779925 133
1780922848772 0.00184314213169273 134
1780922848773 0.0018761505724978634 135
1780922848775 0.001817822028096998 136
1780922848776 0.001799056695017498 137
1780922848777 0.0017846747415023855 138
1780922848778 0.0017972174346505198 139
1780922848779 0.0018115855821815784 140
1780922848780 0.0017824611210380682 141
1780922848782 0.001811551688297186 142
1780922848783 0.0017928633508563507 143
1780922848784 0.0017824969478533604 144
1780922848785 0.0017828952638956252 145
1780922848786 0.0017443342234764714 146
1780922848787 0.0017100104194832965 147
1780922848788 0.001722259499510983 148
1780922848790 0.0017150865988514851 149
1780922848791 0.0017168888296873774 150
1780922848792 0.0017147252583527006 151
1780922848793 0.001697541876201285 152
1780922848794 0.0017047532759897877 153
1780922848795 0.0017225919023621827 154
1780922848796 0.0017012831632746384 155
1780922848798 0.001684571145597147 156
1780922848799 0.0017105574950983281 157
1780922848800 0.0017069080617511645 158
1780922848801 0.0016775838925968856 159
1780922848802 0.0016811088111717254 160
1780922848803 0.001678985531179933 161
1780922848804 0.0016856526059564204 162
1780922848806 0.0016931973675673362 163
1780922848807 0.0016850918975251262 164
1780922848808 0.0016772632808715571 165
1780922848809 0.0016759068798273802 166
1780922848810 0.0016774201336374971 167
1780922848811 0.001665506006538635 168
1780922848813 0.0016779463707644027 169
1780922848814 0.0016670204739784823 170
1780922848815 0.0016606064117513598 171
1780922848816 0.0016479113220702858 172
1780922848817 0.0016655535409518052 173
1780922848818 0.0016536221872956959 174
1780922848819 0.0016617091948864981 175
1780922848820 0.001690834890541737 176
1780922848822 0.0016476716213219334 177
1780922848823 0.0016918055572023149 178
1780922848824 0.0016543036574148573 179
1780922848825 0.001639201671932824 180
1780922848826 0.0016200792968447785 181
1780922848827 0.0016268855469388655 182
1780922848828 0.0015965504750784021 183
1780922848829 0.001618877522269031 184
1780922848830 0.0016221811174182222 185
1780922848831 0.0015956802990694996 186
1780922848832 0.0016140359178825746 187
1780922848833 0.0016091020664316601 188
1780922848835 0.0015935626275313552 189
1780922848836 0.0016098339374002535 190
1780922848837 0.0015887446084525436 191
1780922848838 0.0016254920535720885 192
1780922848839 0.0015952911999920615 193
1780922848840 0.0015994833262811881 194
1780922848841 0.001612194464687491 195
1780922848842 0.001629381962266052 196
1780922848843 0.0015921933366917073 197
1780922848844 0.0015847880946239456 198
1780922848845 0.0015970171330263838 199
1780922848846 0.001584655982151162 200
1780922848847 0.0015763492215774022 201
1780922848848 0.0015879192659485853 202
1780922848849 0.0015801869209099094 203
1780922848850 0.0015835657493153122 204
1780922848851 0.0015898631024174393 205
1780922848852 0.0015951115608913824 206
1780922848853 0.001565282211668091 207
1780922848855 0.0015761199808912352 208
1780922848856 0.0015770957923086826 209
1780922848856 0.0015592226163425949 210
1780922848857 0.0015572367104323347 211
1780922848859 0.0015718466426187661 212
1780922848860 0.0015581615999690256 213
1780922848861 0.0015642355020099785 214
1780922848862 0.0015653703235147987 215
1780922848863 0.001562936093105236 216
1780922848864 0.001570395997405285 217
1780922848865 0.0015585090919921641 218
1780922848866 0.0015685288510576356 219
1780922848867 0.0015534172249317634 220
1780922848868 0.0015596705905045383 221
1780922848869 0.0015578955675300675 222
1780922848870 0.0015554067530320027 223
1780922848871 0.0015387409822142217 224
1780922848872 0.0015418053835310275 225
1780922848873 0.0015575189770606812 226
1780922848874 0.0015508460349519736 227
1780922848876 0.0015417485336365643 228
1780922848877 0.0015485770574014167 229
1780922848878 0.0015363626438193022 230
1780922848879 0.001536892353615258 231
1780922848880 0.0015419616119470448 232
1780922848881 0.0015317186192260123 233
1780922848882 0.0015368748125911226 234
1780922848883 0.0015383561499766074 235
1780922848884 0.0015371417842106893 236
1780922848885 0.0015482760709710419 237
1780922848886 0.0015422607155051082 238
1780922848887 0.0015371785097522662 239
1780922848888 0.0015363300576427719 240
1780922848889 0.0015241976996185258 241
1780922848891 0.0015257125614152756 242
1780922848892 0.001540593084646389 243
1780922848893 0.001530989043021691 244
1780922848894 0.0015376316491165199 245
1780922848895 0.0015469930828840006 246
1780922848896 0.0015291845101455693 247
1780922848897 0.0015313445850915742 248
1780922848898 0.0015274025964026805 249
1780922848900 0.0015283483031089417 250
1780922848901 0.0015301924520463217 251
1780922848902 0.0015126402449095622 252
1780922848903 0.0015248794607759918 253
1780922848904 0.0015287945087766276 254
1780922848905 0.0015249397125444374 255
1780922848906 0.0015350196248618887 256
1780922848907 0.0015294450035435148 257
1780922848908 0.0015207440764061176 258
1780922848909 0.0015173301289905794 259
1780922848911 0.00153411671773938 260
1780922848912 0.0015409551105403808 261
1780922848912 0.0015119211694400291 262
1780922848914 0.0015295067233091686 263
1780922848915 0.0015273802680894732 264
1780922848916 0.0015305427614657674 265
1780922848917 0.001551001655534492 266
1780922848918 0.001526835886470508 267
1780922848919 0.0015233641122904373 268
1780922848920 0.0015308115634252318 269
1780922848922 0.0015321861037227791 270
1780922848923 0.001522155037673656 271
1780922848924 0.0015247077366075245 272
