1781458038334 0.17798194713088328 1
1781458038363 0.37875475450953416 2
1781458038390 0.6537669683257918 4
1781458038417 0.6549799537796537 6
1781458038442 0.6986278074082952 8
1781458038466 0.7453768589631503 12
1781458038490 0.7797859158385474 16
1781458038514 0.7998634397416378 20
1781458038537 0.840322076297686 28
1781458038562 0.8847286821705426 40
1781458038587 0.9752197802197802 60
1781458038615 0.9951219512195122 80
1781458038642 1.0 100
1781458038670 1.0 120
1781458038698 1.0 160
1781458038725 1.0 200
