1780314163082 0.11435531938448548 1
1780314163084 0.0419365556910634 2
1780314163087 0.021734188441187144 3
1780314163089 0.01383846572600305 4
1780314163091 0.00982702833134681 5
1780314163093 0.007501817524898797 6
1780314163095 0.005966658313991502 7
1780314163098 0.0049588377377949655 8
1780314163100 0.004268102918285876 9
1780314163102 0.0037668723077513276 10
1780314163104 0.003437049050698988 11
1780314163106 0.0031329762359382585 12
1780314163109 0.0029158187832217662 13
1780314163111 0.002712092962465249 14
1780314163113 0.002538290999364108 15
1780314163115 0.0024084376625251023 16
1780314163117 0.0022961426188703627 17
1780314163120 0.0021938197501003742 18
1780314163122 0.0021782526501920073 19
1780314163124 0.002140003164822701 20
1780314163126 0.001969923168362584 21
1780314163129 0.0018952309992164374 22
1780314163131 0.0018522101463167929 23
1780314163133 0.0018544151863898151 24
1780314163135 0.001805806094489526 25
1780314163137 0.0017581682559102774 26
1780314163140 0.0017163833818631246 27
1780314163142 0.0016591643332503736 28
1780314163144 0.0016212302912026644 29
1780314163146 0.0015945128414023202 30
1780314163148 0.0015975643364072312 31
1780314163151 0.0016459525853861124 32
1780314163153 0.0016147609146719333 33
1780314163155 0.0015296860493253916 34
1780314163157 0.0015072889668226708 35
1780314163159 0.00149830880065565 36
1780314163161 0.001473904215672519 37
1780314163164 0.001444170544418739 38
1780314163166 0.0014397646476572844 39
1780314163168 0.0014273755754402374 40
1780314163170 0.001439779760548845 41
1780314163172 0.0014495697608799673 42
1780314163175 0.001396642081963364 43
1780314163177 0.001381037503888365 44
1780314163179 0.0014023753149376716 45
1780314163181 0.0013833682533731916 46
1780314163183 0.0013525109615147813 47
1780314163186 0.0013313327497598948 48
1780314163188 0.0013064307330205337 49
1780314163190 0.001282175574087887 50
1780314163192 0.001277245550227235 51
1780314163194 0.001251650421327213 52
1780314163196 0.0012438259056943934 53
1780314163199 0.001250818365297164 54
1780314163201 0.0012853944673406658 55
1780314163203 0.0012972692953917432 56
1780314163205 0.0012502051757473963 57
1780314163208 0.001303056027245475 58
1780314163210 0.0013101099860068643 59
1780314163220 0.001235081686245394 60
1780314163223 0.0011790659720281838 61
1780314163225 0.0011645856363611529 62
1780314163227 0.0011667784407472937 63
1780314163229 0.0011656484170816839 64
1780314163232 0.0011755561327299801 65
1780314163235 0.0011997683511435753 66
1780314163237 0.001196020782517735 67
1780314163240 0.0012144194115535356 68
1780314163242 0.0011580382931424538 69
1780314163244 0.0011541173837031238 70
1780314163246 0.001150762134930119 71
1780314163249 0.0011322608997579664 72
1780314163251 0.0011456628893938615 73
1780314163253 0.0010977185286901658 74
1780314163255 0.001062781322398223 75
1780314163257 0.0010443289364047814 76
1780314163259 0.0010356225027499022 77
1780314163262 0.0010310307092004222 78
1780314163264 0.0010260244450182655 79
1780314163266 0.001033548599225469 80
1780314163268 0.0010261357710987795 81
1780314163270 0.0010243974890181563 82
1780314163273 0.0010191809963725972 83
1780314163275 0.0010101299345842564 84
1780314163277 0.0009997056850261287 85
1780314163280 0.000996604846950504 86
1780314163282 0.0009907374684553362 87
1780314163284 0.0009882343701610808 88
1780314163286 0.000990128748890129 89
1780314163289 0.0009878875024878653 90
1780314163291 0.0009872240335243986 91
1780314163293 0.0009830008422432002 92
1780314163295 0.0009839876258047298 93
1780314163297 0.0009775507033918983 94
1780314163300 0.0009739498356066179 95
1780314163302 0.0009685237452504225 96
1780314163304 0.0009689243404136505 97
1780314163306 0.0009675039935245877 98
1780314163308 0.0009661445918027311 99
1780314163311 0.0009669129924441222 100
1780314163313 0.0009651028540974949 101
1780314163315 0.000960060071956832 102
1780314163317 0.0009617897879797965 103
1780314163319 0.0009610760641226079 104
1780314163322 0.0009569633231149055 105
1780314163324 0.0009554330785613275 106
1780314163326 0.000956234731056611 107
1780314163328 0.0009568654937174869 108
