1782573068054 0.0 1
1782573068055 0.0 2
1782573068056 0.0 3
1782573068057 0.0 4
1782573068058 0.0 5
1782573068059 0.0 6
1782573068060 0.0 7
1782573068061 0.0 8
1782573068062 0.0 9
1782573068063 0.0 10
1782573068064 0.0 11
1782573068065 0.0 12
1782573068066 0.0 13
1782573068067 0.0 14
1782573068068 0.0 15
1782573068069 0.0 16
1782573068070 0.0 17
1782573068071 0.0 18
1782573068073 0.0 19
1782573068074 0.0 20
1782573068075 0.0 21
1782573068076 0.0 22
1782573068077 0.0 23
1782573068078 0.0 24
1782573068079 0.0 25
1782573068080 0.0 26
1782573068081 0.0 27
1782573068082 0.0 28
1782573068083 0.0 29
1782573068084 0.0 30
1782573068085 0.0 31
1782573068086 0.0 32
1782573068087 0.0 33
1782573068088 0.0 34
1782573068089 0.0 35
1782573068090 0.0 36
1782573068091 0.0 37
1782573068092 0.0 38
1782573068093 0.0 39
1782573068094 0.0 40
1782573068095 0.0 41
1782573068096 0.0 42
1782573068097 0.0 43
1782573068098 0.0 44
1782573068099 0.0 45
1782573068100 0.0 46
1782573068101 0.0 47
1782573068102 0.0 48
1782573068103 0.0 49
1782573068104 0.0 50
1782573068105 0.0 51
1782573068106 0.0 52
1782573068107 0.0 53
1782573068108 0.0 54
1782573068109 0.0 55
1782573068110 0.0 56
1782573068111 0.0 57
1782573068112 0.0 58
1782573068113 0.0 59
1782573068113 0.0 60
1782573068114 0.0 61
1782573068115 0.0 62
1782573068116 0.0 63
1782573068117 0.0 64
1782573068118 0.0 65
1782573068119 0.0 66
1782573068120 0.0 67
1782573068120 0.0 68
1782573068121 0.0 69
1782573068123 0.0 70
1782573068123 0.0 71
1782573068124 0.0 72
1782573068125 0.0 73
1782573068126 0.0 74
1782573068127 0.0 75
1782573068128 0.0 76
1782573068129 0.0 77
1782573068130 0.0 78
1782573068131 0.0 79
1782573068132 0.0 80
1782573068133 0.0 81
1782573068134 0.0 82
1782573068136 0.0 83
1782573068137 0.0 84
1782573068138 0.0 85
1782573068139 0.0 86
1782573068140 0.0 87
