1782573067870 0.15772223081439735 1
1782573067871 0.05864316361024976 2
1782573067872 0.028130465550348163 3
1782573067873 0.016507672122679652 4
1782573067874 0.010948709920048713 5
1782573067876 0.00796827761689201 6
1782573067877 0.006188642806373537 7
1782573067878 0.005087121896212921 8
1782573067879 0.0042331821017432955 9
1782573067880 0.003605175339616835 10
1782573067881 0.0031894997297786175 11
1782573067882 0.002980319607304409 12
1782573067883 0.002664437993662432 13
1782573067884 0.00245279242109973 14
1782573067886 0.002335419585579075 15
1782573067887 0.0022049656708259136 16
1782573067888 0.0020590884491684847 17
1782573067889 0.0019568860900471916 18
1782573067890 0.001826844080351293 19
1782573067891 0.0017607680169749074 20
1782573067892 0.0016683394653955474 21
1782573067893 0.0016351549906539731 22
1782573067894 0.0015776796688442118 23
1782573067895 0.001572395140246954 24
1782573067896 0.0014786627818830311 25
1782573067897 0.001452190168784 26
1782573067898 0.0014397910099069123 27
1782573067899 0.0014115955708257388 28
1782573067900 0.0014073743666813243 29
1782573067901 0.0013239215371140744 30
1782573067902 0.0012946649706282187 31
1782573067903 0.0012643847476283554 32
1782573067904 0.0012232971338380595 33
1782573067906 0.0012739826944016385 34
1782573067907 0.0013124472736672033 35
1782573067908 0.0012638293851341587 36
1782573067909 0.001219195729790954 37
1782573067910 0.001160772473012912 38
1782573067911 0.0011114656654535792 39
1782573067912 0.001077728647942422 40
1782573067913 0.0010896330905234208 41
1782573067914 0.001103917741274927 42
1782573067915 0.0011761319196375553 43
1782573067916 0.001142917488978128 44
1782573067917 0.0010676703807985177 45
1782573067918 0.001046623936490505 46
1782573067919 0.001035935740583227 47
1782573067920 0.0010137300242786295 48
1782573067921 0.0009977603546576575 49
1782573067922 0.0009817403389752145 50
1782573067923 0.0010290568333584816 51
1782573067924 0.001005163155059563 52
1782573067926 0.0009613186657225015 53
1782573067927 0.0009584818095027003 54
1782573067928 0.0010135799203271744 55
1782573067929 0.0009361543537670514 56
1782573067930 0.000864761644625105 57
1782573067931 0.000846328977313533 58
1782573067932 0.000832931206387002 59
1782573067933 0.0008223602252837736 60
1782573067934 0.0008142803293230827 61
1782573067935 0.0008076922156760701 62
1782573067936 0.0008006674622447463 63
1782573067937 0.0007965003314166097 64
1782573067938 0.0007874703502602642 65
1782573067939 0.0007775706300526508 66
1782573067940 0.0007722529223610764 67
1782573067941 0.0007681207234054454 68
1782573067942 0.0007642748118450982 69
1782573067943 0.0007605618871821207 70
1782573067944 0.0007569467827488552 71
1782573067945 0.0007512051063531544 72
1782573067947 0.0007476350177603308 73
1782573067948 0.0007451220796792768 74
1782573067949 0.0007428060976235429 75
1782573067950 0.0007407419940864201 76
1782573067951 0.00073835162929754 77
1782573067952 0.0007362439860298764 78
1782573067953 0.0007326556019324926 79
1782573067954 0.0007311115066113416 80
1782573067955 0.00072972541431227 81
1782573067956 0.0007285049354686635 82
1782573067957 0.0007271658429453964 83
1782573067958 0.0007258663650645758 84
1782573067959 0.0007245423729182221 85
1782573067960 0.0007225060952987405 86
1782573067961 0.0007217308635517839 87
