1780314189298 0.14648196246474982 1
1780314189300 0.10969285015016794 2
1780314189302 0.08550822462886572 3
1780314189305 0.06773696694523096 4
1780314189307 0.0542376553080976 5
1780314189309 0.043928296249359844 6
1780314189312 0.03600425580516457 7
1780314189314 0.029800258157774807 8
1780314189317 0.02500608393922448 9
1780314189319 0.02121841425076127 10
1780314189321 0.01816103792749345 11
1780314189324 0.01572644552681595 12
1780314189326 0.013688403200358152 13
1780314189328 0.012026575165800751 14
1780314189331 0.010647936477325856 15
1780314189333 0.00946406425209716 16
1780314189335 0.008468735762871802 17
1780314189338 0.007651574837509543 18
1780314189340 0.006943591958843171 19
1780314189342 0.006333233199547976 20
1780314189345 0.005776058428455144 21
1780314189347 0.0053048253071028735 22
1780314189350 0.004889876752858981 23
1780314189352 0.004530031395843253 24
1780314189354 0.00421972762211226 25
1780314189357 0.003922105537494645 26
1780314189359 0.0036743648431729527 27
1780314189361 0.003454014470335096 28
1780314189364 0.0032720306259579955 29
1780314189366 0.0030801868916023522 30
1780314189368 0.0029205898271175102 31
1780314189370 0.0027727656258502973 32
1780314189373 0.0026352517039049416 33
1780314189377 0.0025306139711756257 34
1780314189379 0.002439404798205942 35
1780314189381 0.0023228434642078356 36
1780314189384 0.002238642158336006 37
1780314189386 0.002167108409921639 38
1780314189388 0.0021018074548919685 39
1780314189391 0.002029336423438508 40
1780314189393 0.0019595307909185066 41
1780314189395 0.0019257493040640838 42
1780314189398 0.001881428002670873 43
1780314189400 0.0018249341010232456 44
1780314189402 0.0017663457107846626 45
1780314189405 0.0017335359298158437 46
1780314189407 0.0017061034456128255 47
1780314189409 0.0016836625576252117 48
1780314189411 0.0016683364930213428 49
1780314189414 0.001624585974495858 50
1780314189416 0.00159176498913439 51
1780314189419 0.0015571208427718375 52
1780314189424 0.001538410123612266 53
1780314189427 0.0015168256575998384 54
1780314189429 0.001506703424238367 55
1780314189431 0.0015015875552489887 56
1780314189434 0.0014742855884833262 57
1780314189436 0.0014534791131154633 58
1780314189438 0.0014424282773688902 59
1780314189441 0.0014418024706537836 60
1780314189443 0.0014262087497627363 61
1780314189445 0.0013909877654805314 62
1780314189447 0.0013815927821269724 63
1780314189450 0.0013753579967305995 64
1780314189452 0.0013700113300001249 65
1780314189455 0.0013604577208752744 66
1780314189457 0.0013678377991891465 67
1780314189459 0.0013302484957966954 68
1780314189462 0.0013129427311650943 69
1780314189464 0.0013007802570064086 70
1780314189466 0.0012892323225969448 71
1780314189469 0.0012864728266140447 72
1780314189471 0.0012885270661354298 73
1780314189473 0.0012776998164190445 74
1780314189476 0.0012737069478316698 75
1780314189478 0.0012708212476718473 76
1780314189480 0.0012660434376448393 77
1780314189483 0.0012591253550635884 78
1780314189485 0.0012572206235927296 79
1780314189488 0.0012443871313007548 80
1780314189490 0.0012410625543270725 81
1780314189492 0.001239592464553425 82
1780314189494 0.0012327047851431417 83
1780314189497 0.0012394869977288181 84
1780314189499 0.0012282116815913468 85
1780314189502 0.0012303369643632323 86
1780314189504 0.001225257177502499 87
1780314189506 0.0012216099731449503 88
1780314189508 0.0012154696560901356 89
1780314189511 0.0012167670642520534 90
1780314189513 0.0012144186103978426 91
1780314189515 0.001208315192052396 92
1780314189518 0.0012101360382075655 93
1780314189520 0.0012073227282235167 94
1780314189523 0.001207594981242437 95
1780314189525 0.0012100787326926364 96
1780314189527 0.0012039304235804593 97
1780314189530 0.0012051665937906364 98
1780314189532 0.001201765372607042 99
1780314189534 0.0012048858311754884 100
1780314189536 0.0012035439500323263 101
1780314189539 0.0012011001221981133 102
1780314189541 0.0011986925224482547 103
1780314189543 0.0012007202133827377 104
1780314189546 0.0011978953872312558 105
1780314189548 0.00120277708323556 106
1780314189550 0.0011964657110365806 107
1780314189553 0.0011984527996537508 108
1780314189555 0.0011945417173410532 109
