1782196590314 0.0 1
1782196590315 0.0 2
1782196590316 0.0 3
1782196590317 0.0 4
1782196590319 0.0 5
1782196590320 0.0 6
1782196590321 0.0 7
1782196590322 0.0 8
1782196590323 0.0 9
1782196590325 0.0 10
1782196590326 0.0 11
1782196590327 0.0 12
1782196590328 0.0 13
1782196590329 0.0 14
1782196590331 0.0 15
1782196590332 0.0 16
1782196590333 0.0 17
1782196590334 0.0 18
1782196590335 0.0 19
1782196590336 0.0 20
1782196590337 0.0 21
1782196590338 0.0 22
1782196590339 0.0 23
1782196590340 0.0 24
1782196590341 0.0 25
1782196590343 0.0 26
1782196590344 0.0 27
1782196590345 0.0 28
1782196590346 0.0 29
1782196590347 0.0 30
1782196590348 0.0 31
1782196590349 0.0 32
1782196590350 0.0 33
1782196590351 0.0 34
1782196590352 0.0 35
1782196590353 0.0 36
1782196590354 0.0 37
1782196590355 0.0 38
1782196590356 0.0 39
1782196590357 0.0 40
1782196590358 0.0 41
1782196590359 0.0 42
1782196590360 0.0 43
1782196590361 0.0 44
1782196590362 0.0 45
1782196590363 0.0 46
1782196590364 0.0 47
1782196590365 0.0 48
1782196590366 0.0 49
1782196590367 0.0 50
1782196590368 0.0 51
1782196590369 0.0 52
1782196590370 0.0 53
1782196590371 0.0 54
1782196590372 0.0 55
1782196590373 0.0 56
1782196590374 0.0 57
1782196590375 0.0 58
1782196590376 0.0 59
1782196590377 0.0 60
1782196590378 0.0 61
1782196590379 0.0 62
1782196590380 0.0 63
1782196590381 0.0 64
1782196590382 0.0 65
1782196590383 0.0 66
1782196590384 0.0 67
1782196590385 0.0 68
1782196590386 0.0 69
1782196590387 0.0 70
1782196590388 0.0 71
1782196590389 0.0 72
1782196590390 0.0 73
