1782196590391 0.0 1
1782196590392 0.0 2
1782196590393 0.0 3
1782196590394 0.0 4
1782196590395 0.0 5
1782196590396 0.0 6
1782196590397 0.0 7
1782196590398 0.0 8
1782196590399 0.0 9
1782196590400 0.0 10
1782196590402 0.0 11
1782196590403 0.0 12
1782196590404 0.0 13
1782196590405 0.0 14
1782196590406 0.0 15
1782196590407 0.0 16
1782196590408 0.0 17
1782196590409 0.0 18
1782196590410 0.0 19
1782196590411 0.0 20
1782196590412 0.0 21
1782196590413 0.0 22
1782196590414 0.0 23
1782196590415 0.0 24
1782196590416 0.0 25
1782196590417 0.0 26
1782196590418 0.0 27
1782196590419 0.0 28
1782196590420 0.0 29
1782196590421 0.0 30
1782196590422 0.0 31
1782196590424 0.0 32
1782196590425 0.0 33
1782196590426 0.0 34
1782196590427 0.0 35
1782196590428 0.0 36
1782196590429 0.0 37
1782196590430 0.0 38
1782196590431 0.0 39
1782196590432 0.0 40
1782196590433 0.0 41
1782196590434 0.0 42
1782196590435 0.0 43
1782196590436 0.0 44
1782196590437 0.0 45
1782196590439 0.0 46
1782196590440 0.0 47
1782196590441 0.0 48
1782196590442 0.0 49
1782196590443 0.0 50
1782196590444 0.0 51
1782196590445 0.0 52
1782196590446 0.0 53
1782196590447 0.0 54
1782196590448 0.0 55
1782196590449 0.0 56
1782196590450 0.0 57
1782196590451 0.0 58
1782196590452 0.0 59
1782196590454 0.0 60
1782196590455 0.0 61
1782196590456 0.0 62
1782196590457 0.0 63
1782196590458 0.0 64
1782196590459 0.0 65
1782196590460 0.0 66
1782196590461 0.0 67
1782196590462 0.0 68
1782196590463 0.0 69
1782196590464 0.0 70
1782196590465 0.0 71
1782196590466 0.0 72
1782196590467 0.0 73
