1782196590140 0.11522916208952666 1
1782196590141 0.03808982364833355 2
1782196590142 0.01961427747271955 3
1782196590144 0.012447680968325586 4
1782196590145 0.008883890458382665 5
1782196590146 0.006879923203960061 6
1782196590147 0.005738306358689442 7
1782196590149 0.004908359571127221 8
1782196590150 0.004207365999463946 9
1782196590151 0.0037742741988040507 10
1782196590152 0.0034886436973465607 11
1782196590153 0.0032685868855332955 12
1782196590155 0.003077001866768114 13
1782196590156 0.0028902079007821157 14
1782196590157 0.0028655952296685427 15
1782196590158 0.0026825492500211112 16
1782196590159 0.0025660382816568017 17
1782196590161 0.0025650670693721624 18
1782196590162 0.00242144177434966 19
1782196590163 0.0024064924503909425 20
1782196590164 0.0023378563890582883 21
1782196590165 0.002320462803763803 22
1782196590167 0.002288565233757254 23
1782196590168 0.0023252596077509226 24
1782196590169 0.002227116704452783 25
1782196590170 0.002257167218485847 26
1782196590171 0.0022067704547953327 27
1782196590173 0.0022334896650863813 28
1782196590174 0.0022795233469514644 29
1782196590175 0.002154583529481897 30
1782196590176 0.0021517626140848734 31
1782196590177 0.002121284979803022 32
1782196590179 0.0021131488859828097 33
1782196590180 0.002053272282209946 34
1782196590181 0.0020585084542108236 35
1782196590182 0.0020405063882935792 36
1782196590183 0.0020345479277602864 37
1782196590185 0.0020196652357117274 38
1782196590186 0.0020512212552421263 39
1782196590187 0.002017224184673978 40
1782196590188 0.0020245544509089088 41
1782196590189 0.002055604061024496 42
1782196590190 0.002074202041840181 43
1782196590192 0.0021274879277916625 44
1782196590193 0.0019786898729216773 45
1782196590194 0.002073809198482195 46
1782196590195 0.0019893125657108614 47
1782196590196 0.0020145284125464968 48
1782196590198 0.0020013251433556433 49
1782196590199 0.001960384592966875 50
1782196590200 0.00189918185773422 51
1782196590201 0.0018777366707217879 52
1782196590202 0.0018648865491559263 53
1782196590203 0.0019430292902688961 54
1782196590205 0.0018912430328782647 55
1782196590206 0.0018669725593645126 56
1782196590207 0.0018616021327034105 57
1782196590208 0.0018380568976863287 58
1782196590209 0.0018176030872564296 59
1782196590211 0.001816274223237997 60
1782196590212 0.0018149298171920235 61
1782196590213 0.0018108799046603963 62
1782196590214 0.0018106817563966614 63
1782196590215 0.0018222504830919207 64
1782196590216 0.0018137776889489033 65
1782196590218 0.0017906382034561829 66
1782196590219 0.0017859121313813376 67
1782196590220 0.0017802883832337103 68
1782196590221 0.0017813541943905876 69
1782196590222 0.0017794961897016038 70
1782196590224 0.0017792546399869025 71
1782196590225 0.0017763782871043077 72
1782196590226 0.0017682664089807077 73
