1783883375868 0.0 1
1783883375870 0.0 2
1783883375871 0.0 3
1783883375873 0.0 4
1783883375874 0.0 5
1783883375875 0.0 6
1783883375877 0.0 7
1783883375878 0.0 8
1783883375880 0.0 9
1783883375881 0.0 10
1783883375883 0.0 11
1783883375884 0.0 12
1783883375885 0.0 13
1783883375887 0.0 14
1783883375888 0.0 15
1783883375890 0.0 16
1783883375891 0.0 17
1783883375893 0.0 18
1783883375894 0.0 19
1783883375895 0.0 20
1783883375897 0.0 21
1783883375898 0.0 22
1783883375900 0.0 23
1783883375901 0.0 24
1783883375903 0.0 25
1783883375904 0.0 26
1783883375905 0.0 27
1783883375907 0.0 28
1783883375908 0.0 29
1783883375910 0.0 30
1783883375911 0.0 31
1783883375913 0.0 32
1783883375914 0.0 33
1783883375915 0.0 34
1783883375917 0.0 35
1783883375918 0.0 36
1783883375920 0.0 37
1783883375921 0.0 38
1783883375922 0.0 39
1783883375924 0.0 40
1783883375925 0.0 41
1783883375927 0.0 42
1783883375928 0.0 43
1783883375930 0.0 44
1783883375931 0.0 45
1783883375932 0.0 46
1783883375934 0.0 47
1783883375935 0.0 48
1783883375937 0.0 49
1783883375939 0.0 50
1783883375940 0.0 51
1783883375942 0.0 52
1783883375943 0.0 53
1783883375945 0.0 54
1783883375946 0.0 55
1783883375948 0.0 56
1783883375949 0.0 57
1783883375950 0.0 58
1783883375952 0.0 59
1783883375953 0.0 60
1783883375955 0.0 61
1783883375956 0.0 62
1783883375958 0.0 63
1783883375959 0.0 64
1783883375961 0.0 65
1783883375962 0.0 66
1783883375963 0.0 67
1783883375965 0.0 68
1783883375966 0.0 69
1783883375968 0.0 70
1783883375969 0.0 71
1783883375971 0.0 72
1783883375972 0.0 73
1783883375973 0.0 74
1783883375975 0.0 75
1783883375976 0.0 76
1783883375978 0.0 77
1783883375979 0.0 78
1783883375981 0.0 79
1783883375982 0.0 80
1783883375983 0.0 81
1783883375985 0.0 82
1783883375986 0.0 83
1783883375988 0.0 84
1783883375989 0.0 85
1783883375990 0.0 86
1783883375992 0.0 87
1783883375993 0.0 88
1783883375995 0.0 89
1783883375996 0.0 90
1783883375998 0.0 91
