1783883375999 0.0 1
1783883376001 0.0 2
1783883376002 0.0 3
1783883376003 0.0 4
1783883376005 0.0 5
1783883376006 0.0 6
1783883376008 0.0 7
1783883376009 0.0 8
1783883376011 0.0 9
1783883376012 0.0 10
1783883376013 0.0 11
1783883376015 0.0 12
1783883376016 0.0 13
1783883376018 0.0 14
1783883376019 0.0 15
1783883376021 0.0 16
1783883376022 0.0 17
1783883376024 0.0 18
1783883376025 0.0 19
1783883376026 0.0 20
1783883376028 0.0 21
1783883376029 0.0 22
1783883376031 0.0 23
1783883376032 0.0 24
1783883376034 0.0 25
1783883376035 0.0 26
1783883376037 0.0 27
1783883376038 0.0 28
1783883376039 0.0 29
1783883376041 0.0 30
1783883376042 0.0 31
1783883376044 0.0 32
1783883376045 0.0 33
1783883376047 0.0 34
1783883376048 0.0 35
1783883376049 0.0 36
1783883376051 0.0 37
1783883376052 0.0 38
1783883376054 0.0 39
1783883376055 0.0 40
1783883376057 0.0 41
1783883376058 0.0 42
1783883376059 0.0 43
1783883376061 0.0 44
1783883376062 0.0 45
1783883376064 0.0 46
1783883376065 0.0 47
1783883376067 0.0 48
1783883376068 0.0 49
1783883376070 0.0 50
1783883376071 0.0 51
1783883376072 0.0 52
1783883376074 0.0 53
1783883376075 0.0 54
1783883376077 0.0 55
1783883376078 0.0 56
1783883376080 0.0 57
1783883376081 0.0 58
1783883376083 0.0 59
1783883376084 0.0 60
1783883376085 0.0 61
1783883376087 0.0 62
1783883376088 0.0 63
1783883376090 0.0 64
1783883376091 0.0 65
1783883376093 0.0 66
1783883376094 0.0 67
1783883376095 0.0 68
1783883376097 0.0 69
1783883376098 0.0 70
1783883376100 0.0 71
1783883376101 0.0 72
1783883376103 0.0 73
1783883376104 0.0 74
1783883376105 0.0 75
1783883376107 0.0 76
1783883376108 0.0 77
1783883376110 0.0 78
1783883376111 0.0 79
1783883376113 0.0 80
1783883376114 0.0 81
1783883376115 0.0 82
1783883376117 0.0 83
1783883376118 0.0 84
1783883376120 0.0 85
1783883376121 0.0 86
1783883376122 0.0 87
1783883376124 0.0 88
1783883376125 0.0 89
1783883376127 0.0 90
1783883376128 0.0 91
