1783883375606 0.18866650763899087 1
1783883375607 0.06235128246247768 2
1783883375609 0.022222340507432818 3
1783883375610 0.011804512531962246 4
1783883375612 0.007772936508990825 5
1783883375613 0.005680032945238053 6
1783883375615 0.004542799311457202 7
1783883375616 0.003816814428428188 8
1783883375617 0.003287156887818128 9
1783883375619 0.002965861898846924 10
1783883375620 0.0027047965885140003 11
1783883375622 0.002505368012061808 12
1783883375623 0.0023883736407151446 13
1783883375625 0.0022537113647558725 14
1783883375626 0.0021375870110932737 15
1783883375628 0.0020404385967412965 16
1783883375629 0.0019531164912041277 17
1783883375630 0.0019018370073172264 18
1783883375632 0.0018777838246023747 19
1783883375634 0.00183685226002126 20
1783883375635 0.0017872915860789361 21
1783883375636 0.0017233337498328183 22
1783883375638 0.001700716554914834 23
1783883375639 0.001699940853868611 24
1783883375641 0.0016376759226841386 25
1783883375642 0.0016227604410960338 26
1783883375644 0.0015930995244707446 27
1783883375646 0.0015932338338461704 28
1783883375647 0.001561864702234743 29
1783883375649 0.0015194367196818348 30
1783883375650 0.0014752405167382677 31
1783883375652 0.0014666888405918143 32
1783883375653 0.0014571678405627608 33
1783883375654 0.0014575641992269084 34
1783883375656 0.0014434972932212986 35
1783883375657 0.0014281132099858952 36
1783883375659 0.0014167481225013034 37
1783883375660 0.001409723568795016 38
1783883375662 0.0013986542951170123 39
1783883375663 0.0013936453709902708 40
1783883375664 0.0013825579966214717 41
1783883375666 0.001388245691123302 42
1783883375667 0.0013647399471665266 43
1783883375669 0.0013606880443694535 44
1783883375670 0.0013629815253079869 45
1783883375672 0.0013594869588996515 46
1783883375673 0.0013451024132518797 47
1783883375675 0.0013238626866950653 48
1783883375676 0.0013126317848218606 49
1783883375677 0.0013047873093455565 50
1783883375679 0.0013082384658628142 51
1783883375680 0.0012969182128290413 52
1783883375682 0.0012927847104583633 53
1783883375683 0.0012943587016343372 54
1783883375685 0.0012821915553649888 55
1783883375686 0.0012778223382338182 56
1783883375687 0.0012734633643412964 57
1783883375689 0.0012806569627719 58
1783883375690 0.0012805188977654325 59
1783883375692 0.0012743951886659487 60
1783883375693 0.001268903148447862 61
1783883375695 0.0012666148097923724 62
1783883375696 0.0012749515331961447 63
1783883375697 0.0012621099821990356 64
1783883375699 0.0012651587524305796 65
1783883375700 0.0012648086842091289 66
1783883375702 0.0012665557573200204 67
1783883375703 0.0012599838422465836 68
1783883375705 0.0012523220597358887 69
1783883375706 0.0012522333148081088 70
1783883375708 0.0012476979536586441 71
1783883375709 0.0012465939514368074 72
1783883375710 0.0012530698333284818 73
1783883375712 0.0012468502377305413 74
1783883375713 0.0012530538711871485 75
1783883375715 0.0012480382539797575 76
1783883375716 0.0012465900571260137 77
1783883375718 0.0012516347472410416 78
1783883375719 0.0012544298202556091 79
1783883375720 0.0012433321555727162 80
1783883375722 0.0012456916146766162 81
1783883375723 0.0012396483489283128 82
1783883375725 0.0012387247067817953 83
1783883375726 0.0012461157252255362 84
1783883375728 0.0012451891063392396 85
1783883375729 0.001242299408186227 86
1783883375731 0.0012482790532521903 87
1783883375732 0.0012427349772042363 88
1783883375734 0.0012445116113667608 89
1783883375735 0.0012431119039683835 90
1783883375736 0.0012387040344037814 91
