1782730210552 0.18557407092303038 1
1782730210553 0.05714414960704744 2
1782730210554 0.018898604260757564 3
1782730210555 0.008435941154602914 4
1782730210556 0.0051785929396282885 5
1782730210557 0.003781671840697527 6
1782730210558 0.0031378614163259043 7
1782730210559 0.002662091949605383 8
1782730210561 0.0023342973200487904 9
1782730210562 0.0020819914099411106 10
1782730210563 0.001982194549345877 11
1782730210564 0.001781509485153947 12
1782730210565 0.0019983733337721786 13
1782730210566 0.001672564212785801 14
1782730210567 0.0016316838219063356 15
1782730210568 0.0014941533831006383 16
1782730210569 0.0014151720779773313 17
1782730210570 0.001348407959594624 18
1782730210571 0.001432403910002904 19
1782730210572 0.0014365690358681604 20
1782730210574 0.0013414978749642615 21
1782730210575 0.001244801866268972 22
1782730210576 0.0012448008918727283 23
1782730210577 0.0011727254776633346 24
1782730210578 0.0011643247348547448 25
1782730210579 0.0011711497417854844 26
1782730210580 0.0010643254148453706 27
1782730210581 0.000923080110369483 28
1782730210582 0.0008711760492587928 29
1782730210583 0.0008499605276301736 30
1782730210584 0.0008396996384544764 31
1782730210585 0.0008213872636406449 32
1782730210586 0.0007918843048537383 33
1782730210587 0.0007825626716658008 34
1782730210589 0.0008466721306467661 35
1782730210590 0.0008009825535555137 36
1782730210591 0.000782566651396337 37
1782730210592 0.0008073485710337991 38
1782730210593 0.0007689252736599883 39
1782730210594 0.0007440946556744166 40
1782730210595 0.0007329171442688676 41
1782730210596 0.0007508378066995646 42
1782730210597 0.0007783598042442463 43
1782730210598 0.0007479959930060432 44
1782730210599 0.0007387547456164611 45
1782730210600 0.000712826345479698 46
1782730210601 0.000690798040595837 47
1782730210603 0.0006875804530864116 48
1782730210604 0.0007072208556201076 49
1782730210605 0.0007121887931862147 50
1782730210606 0.0006446497055731015 51
1782730210607 0.0005951655756507534 52
1782730210608 0.0005752052429670584 53
1782730210609 0.0005634542302141199 54
1782730210610 0.0005548430854832987 55
1782730210611 0.0005481381073332159 56
1782730210612 0.0005434088352922117 57
1782730210613 0.000533656673724181 58
1782730210614 0.0005271296130376868 59
1782730210615 0.0005231159948016284 60
1782730210617 0.0005195151382213225 61
1782730210618 0.0005159705556434346 62
1782730210619 0.0005122809944441542 63
1782730210620 0.0005091245507719577 64
1782730210621 0.0005029462393576978 65
1782730210622 0.0005002741294083535 66
1782730210623 0.0004980919157242169 67
1782730210624 0.0004961207718588412 68
1782730210625 0.0004939999847192667 69
1782730210626 0.000491893830076151 70
1782730210627 0.0004897924406395759 71
1782730210628 0.0004861921695555793 72
1782730210629 0.00048475017400051 73
