1780314174022 0.1708469158411026 1
1780314174025 0.14934176608920097 2
1780314174027 0.12938845448195935 3
1780314174030 0.11229468561708927 4
1780314174032 0.09814643777906895 5
1780314174035 0.08635677248239518 6
1780314174037 0.07634754113852978 7
1780314174040 0.06804786078631878 8
1780314174042 0.06080983977764845 9
1780314174045 0.05456241127103567 10
1780314174047 0.04903167113661766 11
1780314174050 0.04414286620914936 12
1780314174052 0.0398527941480279 13
1780314174055 0.03610833700746298 14
1780314174057 0.03280321693047881 15
1780314174060 0.02986084537580609 16
1780314174062 0.027292112912982704 17
1780314174065 0.024965002667158842 18
1780314174067 0.02287664107978344 19
1780314174070 0.02103887517005205 20
1780314174072 0.019415410850197077 21
1780314174075 0.017965036854147912 22
1780314174077 0.016711792256683112 23
1780314174080 0.015551170315593481 24
1780314174082 0.01447646826505661 25
1780314174085 0.013471877565607429 26
1780314174087 0.012593970103189349 27
1780314174090 0.011808916768059135 28
1780314174092 0.011089232619851827 29
1780314174095 0.010465448247268796 30
1780314174097 0.00987132303416729 31
1780314174100 0.009344335426576436 32
1780314174102 0.008820397495292127 33
1780314174105 0.0083276473172009 34
1780314174107 0.007860453817993402 35
1780314174110 0.0074491026066243644 36
1780314174112 0.007071306388825178 37
1780314174115 0.006732522244565189 38
1780314174117 0.006432812800630927 39
1780314174120 0.006174702476710081 40
1780314174122 0.00588894568849355 41
1780314174125 0.005634026899933815 42
1780314174127 0.005403683334589004 43
1780314174130 0.00517558922059834 44
1780314174132 0.004966976076830178 45
1780314174135 0.004782783435657621 46
1780314174137 0.0045951463258825246 47
1780314174140 0.004433020735159516 48
1780314174142 0.004287626664154232 49
1780314174145 0.004125339153688401 50
1780314174147 0.003988632766995579 51
1780314174150 0.003853284502401948 52
1780314174152 0.0037287718220613895 53
1780314174155 0.0035784237016923725 54
1780314174157 0.0034586864290758967 55
1780314174160 0.0033596079982817174 56
1780314174162 0.0032664216170087456 57
1780314174165 0.0031798293860629202 58
1780314174167 0.0030864413059316577 59
1780314174170 0.003018772043287754 60
1780314174172 0.0029602751543279736 61
1780314174175 0.0028763278108090164 62
1780314174177 0.0028027213434688746 63
1780314174180 0.0027355890790931882 64
1780314174182 0.002655623097671196 65
1780314174185 0.0025791314896196128 66
1780314174187 0.002536438467213884 67
1780314174190 0.0024774446699302646 68
1780314174192 0.002449968693545088 69
1780314174195 0.0024328707694076003 70
1780314174197 0.002371268426068127 71
1780314174200 0.0023031883023213596 72
1780314174222 0.0022583867865614594 73
1780314174224 0.0021968355355784295 74
1780314174227 0.0021495943423360587 75
1780314174229 0.0021129828813718633 76
1780314174231 0.002083517854916863 77
1780314174234 0.002053831483935937 78
1780314174236 0.002031467202468775 79
1780314174238 0.0020223696518223734 80
1780314174241 0.002007470401003957 81
1780314174243 0.002008362263441086 82
1780314174246 0.0019773653213633223 83
1780314174249 0.0019317057210719213 84
1780314174251 0.0018872483470477163 85
1780314174254 0.0018667029432253913 86
1780314174256 0.0018481007078662514 87
1780314174259 0.0018025340390158816 88
1780314174261 0.001771440445445478 89
1780314174264 0.001749615275184624 90
1780314174266 0.0017236774734919892 91
1780314174269 0.0017121915571624412 92
1780314174271 0.0016941984742879868 93
1780314174274 0.0016873779031448067 94
1780314174276 0.001693383579258807 95
1780314174279 0.0016732822995982133 96
1780314174281 0.0016653019201476127 97
1780314174284 0.0016860779587295838 98
1780314174286 0.0016475042118690908 99
1780314174289 0.0016289739185594953 100
1780314174291 0.0016012012012652122 101
1780314174294 0.0015798607416218147 102
1780314174297 0.0015703767057857476 103
1780314174299 0.0015515430134837515 104
1780314174302 0.0015555777473491616 105
1780314174304 0.0015471267027896828 106
1780314174307 0.0015478591719875112 107
1780314174309 0.001537711621786002 108
1780314174312 0.0015188533833133987 109
1780314174314 0.0014939249539747835 110
1780314174317 0.0014799214238882996 111
1780314174319 0.0014852349812281317 112
1780314174322 0.0014829426314099691 113
1780314174324 0.0014759322986355984 114
1780314174327 0.0014612511103041471 115
1780314174329 0.0014420316988253035 116
1780314174332 0.0014354558239574543 117
1780314174334 0.0014574912443640641 118
1780314174337 0.001460775023442693 119
1780314174339 0.0014816622305079364 120
1780314174342 0.0014690433119540103 121
1780314174344 0.0014371703189681284 122
1780314174347 0.0014065521775046364 123
1780314174349 0.0013963764702202752 124
1780314174352 0.0013800175292999484 125
1780314174355 0.0013658347504679114 126
1780314174357 0.001356212701066397 127
1780314174359 0.001351091445540078 128
1780314174362 0.001351004847092554 129
1780314174365 0.0013534678543510382 130
1780314174367 0.0013611436492647045 131
1780314174370 0.0013842051642131991 132
1780314174372 0.001350227832153905 133
1780314174375 0.0013164411945035682 134
1780314174377 0.0013043200966785663 135
1780314174380 0.0012963717880484183 136
1780314174382 0.001291258141718572 137
1780314174385 0.0012875314085977153 138
1780314174387 0.0012839848508883734 139
1780314174390 0.0012806914994143881 140
1780314174393 0.0012771431088913232 141
1780314174395 0.0012732012299238704 142
1780314174398 0.0012714388186577706 143
