1782739724667 0.0 1
1782739724668 0.0 2
1782739724669 0.0 3
1782739724670 0.0 4
1782739724671 0.0 5
1782739724672 0.0 6
1782739724673 0.0 7
1782739724674 0.0 8
1782739724675 0.0 9
1782739724676 0.0 10
1782739724677 0.0 11
1782739724679 0.0 12
1782739724680 0.0 13
1782739724681 0.0 14
1782739724682 0.0 15
1782739724683 0.0 16
1782739724684 0.0 17
1782739724685 0.0 18
1782739724686 0.0 19
1782739724687 0.0 20
1782739724688 0.0 21
1782739724689 0.0 22
1782739724690 0.0 23
1782739724691 0.0 24
1782739724693 0.0 25
1782739724694 0.0 26
1782739724695 0.0 27
1782739724696 0.0 28
1782739724697 0.0 29
1782739724698 0.0 30
1782739724699 0.0 31
1782739724700 0.0 32
1782739724701 0.0 33
1782739724702 0.0 34
1782739724703 0.0 35
1782739724705 0.0 36
1782739724706 0.0 37
1782739724707 0.0 38
1782739724708 0.0 39
1782739724709 0.0 40
1782739724710 0.0 41
1782739724711 0.0 42
1782739724712 0.0 43
1782739724713 0.0 44
1782739724714 0.0 45
1782739724715 0.0 46
1782739724716 0.0 47
1782739724718 0.0 48
1782739724719 0.0 49
1782739724720 0.0 50
1782739724721 0.0 51
1782739724722 0.0 52
1782739724723 0.0 53
1782739724724 0.0 54
1782739724725 0.0 55
1782739724726 0.0 56
1782739724727 0.0 57
1782739724728 0.0 58
1782739724729 0.0 59
1782739724731 0.0 60
1782739724732 0.0 61
