1782739724733 0.0 1
1782739724734 0.0 2
1782739724735 0.0 3
1782739724736 0.0 4
1782739724737 0.0 5
1782739724738 0.0 6
1782739724739 0.0 7
1782739724740 0.0 8
1782739724741 0.0 9
1782739724742 0.0 10
1782739724743 0.0 11
1782739724744 0.0 12
1782739724745 0.0 13
1782739724746 0.0 14
1782739724747 0.0 15
1782739724748 0.0 16
1782739724749 0.0 17
1782739724749 0.0 18
1782739724750 0.0 19
1782739724751 0.0 20
1782739724752 0.0 21
1782739724753 0.0 22
1782739724754 0.0 23
1782739724755 0.0 24
1782739724756 0.0 25
1782739724757 0.0 26
1782739724758 0.0 27
1782739724759 0.0 28
1782739724760 0.0 29
1782739724761 0.0 30
1782739724762 0.0 31
1782739724763 0.0 32
1782739724764 0.0 33
1782739724765 0.0 34
1782739724765 0.0 35
1782739724766 0.0 36
1782739724767 0.0 37
1782739724768 0.0 38
1782739724769 0.0 39
1782739724770 0.0 40
1782739724771 0.0 41
1782739724772 0.0 42
1782739724773 0.0 43
1782739724774 0.0 44
1782739724775 0.0 45
1782739724776 0.0 46
1782739724777 0.0 47
1782739724778 0.0 48
1782739724779 0.0 49
1782739724780 0.0 50
1782739724780 0.0 51
1782739724781 0.0 52
1782739724782 0.0 53
1782739724783 0.0 54
1782739724784 0.0 55
1782739724785 0.0 56
1782739724786 0.0 57
1782739724787 0.0 58
1782739724788 0.0 59
1782739724789 0.0 60
1782739724790 0.0 61
