1782739724534 0.09700368981808424 1
1782739724535 0.02233880328014493 2
1782739724536 0.009548277778085321 3
1782739724537 0.0060680129181127996 4
1782739724538 0.004540413981303572 5
1782739724539 0.003767671293462627 6
1782739724540 0.002982094059698284 7
1782739724541 0.0026358405401697383 8
1782739724543 0.0023861101115471685 9
1782739724544 0.002073231912218034 10
1782739724545 0.001922316259588115 11
1782739724546 0.0018304697147686966 12
1782739724547 0.0017705587050295434 13
1782739724548 0.0017068181691865902 14
1782739724549 0.0016834986256435514 15
1782739724550 0.0016742736555170267 16
1782739724551 0.0015146220337192062 17
1782739724552 0.0014470354682998732 18
1782739724553 0.0014276146913471165 19
1782739724555 0.0014563549484591931 20
1782739724556 0.0014443287851463537 21
1782739724557 0.0014193571989017074 22
1782739724558 0.001380065034754807 23
1782739724559 0.0013476018895744347 24
1782739724560 0.0012864422973507318 25
1782739724561 0.0012295400905713906 26
1782739724562 0.0011555189049249747 27
1782739724563 0.0011331100276584039 28
1782739724564 0.0011173444672022016 29
1782739724565 0.0011089664827886737 30
1782739724567 0.001104172246559756 31
1782739724568 0.0010967563062149565 32
1782739724569 0.0010960719084687298 33
1782739724570 0.0010985563635040308 34
1782739724571 0.0010847807048412505 35
1782739724572 0.0010868236660462572 36
1782739724573 0.0011022229569789487 37
1782739724574 0.0010773923542001284 38
1782739724575 0.0010316323844745056 39
1782739724576 0.0009987028296745849 40
1782739724577 0.0009851402843924007 41
1782739724578 0.0009770189486880555 42
1782739724580 0.0009688482662750176 43
1782739724581 0.0009633702693099622 44
1782739724582 0.0009588337108289124 45
1782739724583 0.0009443132526939735 46
1782739724584 0.000935822876272141 47
1782739724585 0.000931506490233005 48
1782739724586 0.0009278006346721668 49
1782739724587 0.0009238394175190478 50
1782739724588 0.0009199934360367479 51
1782739724589 0.0009159388473199215 52
1782739724590 0.000908561518517672 53
1782739724591 0.00090503421939502 54
1782739724593 0.0009029974458826473 55
1782739724594 0.0009004630773415556 56
1782739724595 0.0008984410999255488 57
1782739724596 0.0008965582421660656 58
1782739724597 0.0008939536474645138 59
1782739724598 0.00088973282770894 60
1782739724599 0.000888194062790717 61
