1782702109981 0.0 1
1782702109982 0.0 2
1782702109983 0.0 3
1782702109984 0.0 4
1782702109985 0.0 5
1782702109986 0.0 6
1782702109987 0.0 7
1782702109988 0.0 8
1782702109990 0.0 9
1782702109991 0.0 10
1782702109992 0.0 11
1782702109993 0.0 12
1782702109994 0.0 13
1782702109995 0.0 14
1782702109996 0.0 15
1782702109997 0.0 16
1782702109998 0.0 17
1782702109999 0.0 18
1782702110000 0.0 19
1782702110002 0.0 20
1782702110003 0.0 21
1782702110004 0.0 22
1782702110005 0.0 23
1782702110006 0.0 24
1782702110007 0.0 25
1782702110008 0.0 26
1782702110009 0.0 27
1782702110010 0.0 28
1782702110011 0.0 29
1782702110012 0.0 30
1782702110014 0.0 31
1782702110015 0.0 32
1782702110016 0.0 33
1782702110017 0.0 34
1782702110018 0.0 35
1782702110019 0.0 36
1782702110020 0.0 37
1782702110021 0.0 38
1782702110022 0.0 39
1782702110023 0.0 40
1782702110025 0.0 41
1782702110026 0.0 42
1782702110027 0.0 43
1782702110028 0.0 44
1782702110029 0.0 45
1782702110030 0.0 46
1782702110031 0.0 47
1782702110032 0.0 48
1782702110033 0.0 49
1782702110034 0.0 50
1782702110035 0.0 51
1782702110037 0.0 52
1782702110038 0.0 53
1782702110039 0.0 54
1782702110040 0.0 55
1782702110041 0.0 56
1782702110042 0.0 57
1782702110043 0.0 58
1782702110044 0.0 59
1782702110045 0.0 60
1782702110046 0.0 61
1782702110047 0.0 62
1782702110049 0.0 63
1782702110050 0.0 64
1782702110051 0.0 65
1782702110052 0.0 66
1782702110053 0.0 67
1782702110054 0.0 68
1782702110055 0.0 69
1782702110056 0.0 70
1782702110057 0.0 71
1782702110058 0.0 72
1782702110060 0.0 73
1782702110061 0.0 74
