1782702109818 0.14899968050420284 1
1782702109819 0.054440046921372415 2
1782702109820 0.024400453064590693 3
1782702109821 0.013900547614321112 4
1782702109822 0.009421347717288881 5
1782702109823 0.006847037123516202 6
1782702109825 0.005419617828447371 7
1782702109826 0.0045488557987846436 8
1782702109827 0.0038074186944868416 9
1782702109828 0.003299742186209187 10
1782702109829 0.00292167212406639 11
1782702109830 0.0025992236885940658 12
1782702109831 0.0023801050795009358 13
1782702109832 0.0021858495561173186 14
1782702109833 0.0020958574081305415 15
1782702109835 0.0019935594059643335 16
1782702109836 0.0019807130505796523 17
1782702109837 0.0018662871059495956 18
1782702109838 0.0018118520014104432 19
1782702109839 0.0016838760671089403 20
1782702109840 0.0015801644205930643 21
1782702109841 0.0015919512321124784 22
1782702109842 0.0014830604850430973 23
1782702109843 0.001413875519647263 24
1782702109845 0.0013899726334784645 25
1782702109846 0.0013793694564083125 26
1782702109847 0.001326322717795847 27
1782702109848 0.001304522115533473 28
1782702109849 0.001299333113420289 29
1782702109850 0.0012877545403898695 30
1782702109851 0.0013030704771517776 31
1782702109852 0.0012753177569538822 32
1782702109853 0.0011638970309286378 33
1782702109854 0.001104054762981832 34
1782702109856 0.0010613018221920355 35
1782702109857 0.0010389332663908136 36
1782702109858 0.0010239091294351964 37
1782702109859 0.0010132549291301985 38
1782702109860 0.0010006019377033226 39
1782702109861 0.000993283421121305 40
1782702109862 0.0009810940708848649 41
1782702109863 0.000989848229510244 42
1782702109865 0.0010066699646995403 43
1782702109866 0.0009948059856833425 44
1782702109867 0.0009769033873453735 45
1782702109868 0.0009597222929733106 46
1782702109869 0.0009449209824379068 47
1782702109870 0.0009299224261485506 48
1782702109871 0.0009332785321748816 49
1782702109872 0.000935816889468697 50
1782702109873 0.0009209237098548328 51
1782702109874 0.000883152663736837 52
1782702109875 0.000850256967387395 53
1782702109877 0.0008396333940618206 54
1782702109878 0.0008319830955588258 55
1782702109879 0.000827212431904627 56
1782702109880 0.0008214065485663013 57
1782702109881 0.0008162820193683729 58
1782702109882 0.0008069818122748984 59
1782702109883 0.0008018240586534375 60
1782702109884 0.000798455536714755 61
1782702109885 0.0007953653773438419 62
1782702109886 0.0007923896927241003 63
1782702109887 0.0007892688812717097 64
1782702109889 0.0007861620896437671 65
1782702109890 0.0007808944405405783 66
1782702109891 0.0007783618550456595 67
1782702109892 0.0007764924306684406 68
1782702109893 0.0007748344154970255 69
1782702109894 0.0007730752899806248 70
1782702109895 0.0007711425954403239 71
1782702109896 0.0007693872445815941 72
1782702109897 0.0007663736836548196 73
1782702109898 0.0007652300908375764 74
