1782702110062 0.0 1
1782702110063 0.0 2
1782702110064 0.0 3
1782702110065 0.0 4
1782702110066 0.0 5
1782702110067 0.0 6
1782702110069 0.0 7
1782702110070 0.0 8
1782702110071 0.0 9
1782702110072 0.0 10
1782702110073 0.0 11
1782702110074 0.0 12
1782702110075 0.0 13
1782702110076 0.0 14
1782702110077 0.0 15
1782702110078 0.0 16
1782702110079 0.0 17
1782702110080 0.0 18
1782702110081 0.0 19
1782702110082 0.0 20
1782702110082 0.0 21
1782702110083 0.0 22
1782702110085 0.0 23
1782702110086 0.0 24
1782702110087 0.0 25
1782702110087 0.0 26
1782702110088 0.0 27
1782702110089 0.0 28
1782702110090 0.0 29
1782702110091 0.0 30
1782702110092 0.0 31
1782702110093 0.0 32
1782702110094 0.0 33
1782702110095 0.0 34
1782702110096 0.0 35
1782702110097 0.0 36
1782702110097 0.0 37
1782702110098 0.0 38
1782702110099 0.0 39
1782702110101 0.0 40
1782702110102 0.0 41
1782702110102 0.0 42
1782702110103 0.0 43
1782702110104 0.0 44
1782702110105 0.0 45
1782702110106 0.0 46
1782702110107 0.0 47
1782702110108 0.0 48
1782702110109 0.0 49
1782702110110 0.0 50
1782702110111 0.0 51
1782702110112 0.0 52
1782702110113 0.0 53
1782702110113 0.0 54
1782702110114 0.0 55
1782702110115 0.0 56
1782702110117 0.0 57
1782702110118 0.0 58
1782702110118 0.0 59
1782702110119 0.0 60
1782702110120 0.0 61
1782702110121 0.0 62
1782702110122 0.0 63
1782702110123 0.0 64
1782702110124 0.0 65
1782702110125 0.0 66
1782702110126 0.0 67
1782702110127 0.0 68
1782702110128 0.0 69
1782702110129 0.0 70
1782702110129 0.0 71
1782702110130 0.0 72
1782702110131 0.0 73
1782702110133 0.0 74
