1782755684464 0.0 1
1782755684465 0.0 2
1782755684465 0.0 3
1782755684466 0.0 4
1782755684467 0.0 5
1782755684468 0.0 6
1782755684469 0.0 7
1782755684470 0.0 8
1782755684471 0.0 9
1782755684472 0.0 10
1782755684473 0.0 11
1782755684474 0.0 12
1782755684475 0.0 13
1782755684476 0.0 14
1782755684477 0.0 15
1782755684478 0.0 16
1782755684479 0.0 17
1782755684480 0.0 18
1782755684481 0.0 19
1782755684482 0.0 20
1782755684483 0.0 21
1782755684484 0.0 22
1782755684485 0.0 23
1782755684486 0.0 24
1782755684487 0.0 25
1782755684488 0.0 26
1782755684489 0.0 27
1782755684490 0.0 28
1782755684491 0.0 29
1782755684492 0.0 30
1782755684492 0.0 31
1782755684493 0.0 32
1782755684494 0.0 33
1782755684495 0.0 34
1782755684496 0.0 35
1782755684497 0.0 36
1782755684498 0.0 37
1782755684499 0.0 38
1782755684500 0.0 39
1782755684501 0.0 40
1782755684502 0.0 41
1782755684503 0.0 42
1782755684504 0.0 43
1782755684505 0.0 44
1782755684506 0.0 45
1782755684507 0.0 46
1782755684508 0.0 47
1782755684509 0.0 48
1782755684510 0.0 49
1782755684511 0.0 50
1782755684512 0.0 51
1782755684513 0.0 52
1782755684514 0.0 53
1782755684515 0.0 54
1782755684516 0.0 55
1782755684517 0.0 56
1782755684518 0.0 57
1782755684519 0.0 58
1782755684520 0.0 59
1782755684521 0.0 60
1782755684522 0.0 61
1782755684523 0.0 62
1782755684523 0.0 63
1782755684524 0.0 64
1782755684525 0.0 65
1782755684526 0.0 66
1782755684527 0.0 67
1782755684528 0.0 68
1782755684529 0.0 69
1782755684530 0.0 70
1782755684531 0.0 71
1782755684532 0.0 72
1782755684533 0.0 73
1782755684534 0.0 74
1782755684535 0.0 75
1782755684536 0.0 76
1782755684537 0.0 77
1782755684538 0.0 78
1782755684538 0.0 79
1782755684539 0.0 80
1782755684540 0.0 81
1782755684541 0.0 82
1782755684542 0.0 83
1782755684543 0.0 84
1782755684544 0.0 85
1782755684545 0.0 86
1782755684546 0.0 87
1782755684547 0.0 88
1782755684548 0.0 89
1782755684549 0.0 90
