1782755684178 0.1831369474157691 1
1782755684179 0.048113853307440876 2
1782755684180 0.015747278057970108 3
1782755684181 0.008462661739904433 4
1782755684182 0.005731860701926053 5
1782755684184 0.0045496403169818225 6
1782755684185 0.0037957778066629545 7
1782755684186 0.00327153651334811 8
1782755684187 0.002835826093214564 9
1782755684188 0.0026751075556967407 10
1782755684189 0.0022925718131591565 11
1782755684190 0.0021059221040923147 12
1782755684191 0.0019475543714361264 13
1782755684192 0.001884202705405187 14
1782755684193 0.001848526151443366 15
1782755684195 0.0017068175878375768 16
1782755684196 0.0016058430583507288 17
1782755684197 0.0015861963278439362 18
1782755684198 0.0014840220191399568 19
1782755684199 0.001547436899272725 20
1782755684200 0.0014736951932718511 21
1782755684201 0.0014349582338763866 22
1782755684202 0.001365621744771488 23
1782755684203 0.001308547843073029 24
1782755684205 0.0013072282222856301 25
1782755684206 0.0012980406945280265 26
1782755684207 0.0013278075030393665 27
1782755684208 0.001281965160596883 28
1782755684209 0.0012917681868566432 29
1782755684210 0.0012788893024844583 30
1782755684211 0.0012320149629522347 31
1782755684212 0.0011868740159115987 32
1782755684213 0.0011686176005605375 33
1782755684214 0.0011604420166258934 34
1782755684215 0.0011644134373636917 35
1782755684217 0.0011533349713135977 36
1782755684218 0.0011450166828581132 37
1782755684219 0.001125020082181436 38
1782755684220 0.0011306953860912472 39
1782755684221 0.0011759398032882018 40
1782755684222 0.0011445590099901893 41
1782755684223 0.0011155863370368023 42
1782755684224 0.0010779150852613384 43
1782755684225 0.0010615999979199842 44
1782755684226 0.001084343127804459 45
1782755684228 0.001139056581450859 46
1782755684229 0.001114227116413531 47
1782755684230 0.0010660851727152475 48
1782755684231 0.001021434107387904 49
1782755684232 0.0010127909141738202 50
1782755684233 0.000981270224074251 51
1782755684234 0.0010024312560562975 52
1782755684235 0.0010087949680018936 53
1782755684236 0.0010124629336496582 54
1782755684237 0.0010130647866753862 55
1782755684238 0.000994257481506793 56
1782755684240 0.000996590415816172 57
1782755684241 0.001009932649176335 58
1782755684242 0.0009890522331988906 59
1782755684243 0.0009784388455591397 60
1782755684244 0.0009866622592380736 61
1782755684245 0.0009550157653575298 62
1782755684246 0.0009418671485764207 63
1782755684247 0.0009799908172135475 64
1782755684248 0.000944931843696395 65
1782755684249 0.0009212548835785128 66
1782755684250 0.0009040972233924549 67
1782755684252 0.0008724611248180736 68
1782755684253 0.000844470013762475 69
1782755684254 0.0008329879412485753 70
1782755684255 0.0008275762243647477 71
1782755684256 0.0008226994991855463 72
1782755684257 0.0008172430051854462 73
1782755684258 0.0008147808519061073 74
1782755684259 0.0008075752691729576 75
1782755684260 0.0008018762545179925 76
1782755684261 0.0007988150608434808 77
1782755684262 0.0007965379540110007 78
1782755684264 0.0007940313904327923 79
1782755684265 0.0007924628127875622 80
1782755684266 0.000791106504984782 81
1782755684267 0.0007858784904965433 82
1782755684268 0.0007827705519957817 83
1782755684269 0.0007811711246904451 84
1782755684270 0.0007798162345716265 85
1782755684271 0.00077839609428338 86
1782755684272 0.0007770548620464979 87
1782755684273 0.0007757957929425174 88
1782755684274 0.0007731773102932493 89
1782755684275 0.0007720185682046577 90
