1780314202681 0.19223823336263499 1
1780314202682 0.06891334933849673 2
1780314202683 0.024987573192144435 3
1780314202684 0.013803008858424922 4
1780314202686 0.009414361357145632 5
1780314202687 0.007161096795850123 6
1780314202688 0.005731179886303532 7
1780314202689 0.00479605128930416 8
1780314202691 0.004096748176380061 9
1780314202692 0.00363166700747873 10
1780314202693 0.0032903778289134302 11
1780314202694 0.0030248634648160078 12
1780314202695 0.0027221700744121335 13
1780314202697 0.0025935259540953363 14
1780314202698 0.00241004110139329 15
1780314202699 0.0023839117214568737 16
1780314202700 0.0022530035942812296 17
1780314202702 0.0021535901760216802 18
1780314202703 0.0020326961360600158 19
1780314202704 0.001953791695511124 20
1780314202705 0.001926187510495462 21
1780314202706 0.0018726334038850231 22
1780314202708 0.0018607440981819915 23
1780314202709 0.0018824900487137105 24
1780314202710 0.0018625079889413125 25
1780314202711 0.0017473548014095286 26
1780314202712 0.001748195515756379 27
1780314202714 0.001734244465236164 28
1780314202715 0.0017276391711978552 29
1780314202716 0.0016674340038055865 30
1780314202717 0.001635718226073853 31
1780314202719 0.001621711254241139 32
1780314202720 0.0016534009724030814 33
1780314202721 0.0017686905333296938 34
1780314202722 0.001701311217645222 35
1780314202723 0.001630192849188461 36
1780314202725 0.0016054322595058087 37
1780314202726 0.0015431999055484388 38
1780314202727 0.0015258240785745631 39
1780314202728 0.0015470919093786505 40
1780314202729 0.0015350668652899912 41
1780314202731 0.0015778072006166137 42
1780314202732 0.0015834282246942166 43
1780314202733 0.0015092042107426097 44
1780314202734 0.001519175914048295 45
1780314202735 0.001543425754183166 46
1780314202737 0.0015269606085591173 47
1780314202738 0.0015325963749395063 48
1780314202739 0.001570881596004862 49
1780314202740 0.001469504301348934 50
1780314202741 0.0014670817143875561 51
1780314202743 0.0015007631541569329 52
1780314202744 0.0014486286561198843 53
1780314202745 0.00143627313439841 54
1780314202750 0.0014600839955771032 55
1780314202755 0.0014685156840641867 56
1780314202761 0.001462837718584827 57
1780314202762 0.0014533979037878453 58
1780314202764 0.0014442765505615776 59
1780314202765 0.0015011302903682614 60
1780314202766 0.0014969784765222964 61
1780314202767 0.0014344933451866382 62
1780314202769 0.001408234682943051 63
1780314202770 0.0013963347088065347 64
1780314202771 0.0014231766987601684 65
1780314202773 0.0014204671787714082 66
1780314202774 0.0013725181530996149 67
1780314202775 0.0013922190061445387 68
1780314202776 0.0014189973138248508 69
1780314202777 0.0013912808573271227 70
1780314202779 0.0014074853652346064 71
1780314202780 0.0014284812833769442 72
1780314202781 0.0014435774772209697 73
1780314202783 0.0013765168034296949 74
1780314202784 0.0013749580536871993 75
