1780314203572 0.18137640049681067 1
1780314203573 0.07015119885715346 2
1780314203574 0.03011574506138762 3
1780314203576 0.016535290660491832 4
1780314203577 0.010851818812079727 5
1780314203578 0.008252014396324133 6
1780314203580 0.006463225344001937 7
1780314203584 0.005361238461531078 8
1780314203585 0.004586587308828409 9
1780314203586 0.0038751957637335483 10
1780314203588 0.003534305853342327 11
1780314203589 0.0030674734007334337 12
1780314203590 0.0028235655307071285 13
1780314203591 0.0027271136374717266 14
1780314203593 0.0024973839943413624 15
1780314203594 0.002379882603418082 16
1780314203595 0.0023271693554609858 17
1780314203596 0.002133343283397456 18
1780314203598 0.0020998853118120073 19
1780314203599 0.002018597441686628 20
1780314203600 0.001926701050979318 21
1780314203601 0.001862242361433649 22
1780314203602 0.0018126663026729753 23
1780314203604 0.0017463463820604375 24
1780314203605 0.0017127722065197303 25
1780314203606 0.001746457852277672 26
1780314203607 0.00165758765154654 27
1780314203609 0.0016550463004629515 28
1780314203610 0.001654254382083309 29
1780314203611 0.001621111981512513 30
1780314203612 0.001517482961329127 31
1780314203614 0.0014950954274051279 32
1780314203615 0.0014581322450491522 33
1780314203616 0.0014647857442469103 34
1780314203617 0.0014428610573910797 35
1780314203618 0.0014516355929420873 36
1780314203620 0.0014323317632564188 37
1780314203621 0.0015390466394213339 38
1780314203622 0.0014066405689542687 39
1780314203623 0.0013868846388504607 40
1780314203625 0.0013617811254637976 41
1780314203626 0.001348719123173699 42
1780314203627 0.0013567066000784204 43
1780314203628 0.0013346544953189248 44
1780314203630 0.0013767144626399385 45
1780314203631 0.0013613932994606633 46
1780314203632 0.0013280189437258135 47
1780314203633 0.0013196815977304748 48
1780314203635 0.001267553717601307 49
1780314203639 0.0012965137828966058 50
1780314203640 0.0013009963249714929 51
1780314203641 0.0012654364076297498 52
1780314203643 0.0012626901217421013 53
1780314203644 0.0012912444396836994 54
1780314203645 0.0012691847958800886 55
1780314203646 0.0012697220035382392 56
1780314203647 0.0012712378193706778 57
1780314203649 0.001237252791118711 58
1780314203650 0.0012341079010487496 59
1780314203651 0.0012334465955670263 60
1780314203652 0.0011855609399693398 61
1780314203654 0.0011721165903509246 62
1780314203655 0.0012146567984624805 63
1780314203656 0.0012040075648352892 64
1780314203657 0.001208080558111154 65
1780314203658 0.0012116551735743997 66
1780314203660 0.0012210791968148744 67
1780314203661 0.0012142569813174 68
1780314203662 0.0011383462376519068 69
1780314203663 0.0011334727549789628 70
1780314203664 0.0011730228005035314 71
1780314203666 0.001150201342170476 72
1780314203667 0.0011392237452431194 73
1780314203668 0.001144476443187159 74
1780314203669 0.0011270697624543877 75
