1785294600624 0.0 1
1785294600625 0.0 2
1785294600626 0.0 3
1785294600628 0.0 4
1785294600629 0.0 5
1785294600630 0.0 6
1785294600631 0.0 7
1785294600633 0.0 8
1785294600634 0.0 9
1785294600635 0.0 10
1785294600636 0.0 11
1785294600638 0.0 12
1785294600639 0.0 13
1785294600640 0.0 14
1785294600642 0.0 15
1785294600643 0.0 16
1785294600644 0.0 17
1785294600645 0.0 18
1785294600647 0.0 19
1785294600648 0.0 20
1785294600649 0.0 21
1785294600650 0.0 22
1785294600652 0.0 23
1785294600653 0.0 24
1785294600654 0.0 25
1785294600656 0.0 26
1785294600657 0.0 27
1785294600658 0.0 28
1785294600659 0.0 29
1785294600661 0.0 30
1785294600662 0.0 31
1785294600663 0.0 32
1785294600664 0.0 33
1785294600666 0.0 34
1785294600667 0.0 35
1785294600668 0.0 36
1785294600669 0.0 37
1785294600671 0.0 38
1785294600672 0.0 39
1785294600673 0.0 40
1785294600675 0.0 41
1785294600676 0.0 42
1785294600677 0.0 43
1785294600678 0.0 44
1785294600680 0.0 45
1785294600681 0.0 46
1785294600682 0.0 47
1785294600683 0.0 48
1785294600685 0.0 49
1785294600686 0.0 50
1785294600687 0.0 51
1785294600689 0.0 52
