1785294600426 0.07617335673887282 1
1785294600427 0.00933076206012629 2
1785294600429 0.005163774192333222 3
1785294600430 0.004008406950160861 4
1785294600431 0.003483944809413515 5
1785294600432 0.003039282110403292 6
1785294600434 0.002672789505741093 7
1785294600435 0.0024525503130280414 8
1785294600436 0.0023261357520823365 9
1785294600438 0.0022521779817179775 10
1785294600439 0.0020752152174827645 11
1785294600440 0.0019919825623219366 12
1785294600441 0.00198521084341337 13
1785294600443 0.0019038197242480237 14
1785294600444 0.0018441889119276311 15
1785294600445 0.001802542207587976 16
1785294600447 0.0018260084095527418 17
1785294600448 0.0018418640775780658 18
1785294600449 0.0017487312441517133 19
1785294600450 0.0017020955837506336 20
1785294600452 0.001610718694573734 21
1785294600453 0.0016190003593510483 22
1785294600454 0.0018104809877695516 23
1785294600455 0.0015621512569487094 24
1785294600457 0.0014796343095076737 25
1785294600458 0.0014433952946274076 26
1785294600459 0.0014090603929071222 27
1785294600461 0.0013911340909544378 28
1785294600462 0.0013825780931802 29
1785294600463 0.001378323941898998 30
1785294600464 0.0013963696960854577 31
1785294600466 0.0013642387799336574 32
1785294600467 0.0013623778594774195 33
1785294600468 0.0013481191966275218 34
1785294600469 0.0013172915729228406 35
1785294600471 0.001306536823467468 36
1785294600472 0.0012897681378672133 37
1785294600473 0.0012443012833682587 38
1785294600475 0.001215651860111393 39
1785294600476 0.0012008101825631457 40
1785294600477 0.0011907555211655562 41
1785294600478 0.0011817294402135304 42
1785294600480 0.0011681502819556044 43
1785294600481 0.001162338556459872 44
1785294600482 0.0011577981383015868 45
1785294600483 0.0011528362003446091 46
1785294600485 0.0011482147558854194 47
1785294600486 0.0011403880512079923 48
1785294600487 0.001137259558599908 49
1785294600488 0.0011346339293959319 50
1785294600490 0.0011319647522759623 51
1785294600491 0.0011292549956851872 52
