1782731187809 0.0 1
1782731187811 0.0 2
1782731187812 0.0 3
1782731187813 0.0 4
1782731187814 0.0 5
1782731187815 0.0 6
1782731187816 0.0 7
1782731187817 0.0 8
1782731187818 0.0 9
1782731187819 0.0 10
1782731187820 0.0 11
1782731187822 0.0 12
1782731187823 0.0 13
1782731187824 0.0 14
1782731187825 0.0 15
1782731187826 0.0 16
1782731187827 0.0 17
1782731187828 0.0 18
1782731187829 0.0 19
1782731187830 0.0 20
1782731187831 0.0 21
1782731187832 0.0 22
1782731187834 0.0 23
1782731187835 0.0 24
1782731187835 0.0 25
1782731187836 0.0 26
1782731187837 0.0 27
1782731187838 0.0 28
1782731187839 0.0 29
1782731187840 0.0 30
1782731187841 0.0 31
1782731187842 0.0 32
1782731187843 0.0 33
1782731187844 0.0 34
1782731187845 0.0 35
1782731187846 0.0 36
1782731187847 0.0 37
1782731187848 0.0 38
1782731187849 0.0 39
1782731187850 0.0 40
1782731187851 0.0 41
1782731187852 0.0 42
1782731187853 0.0 43
1782731187854 0.0 44
1782731187855 0.0 45
1782731187856 0.0 46
1782731187857 0.0 47
1782731187858 0.0 48
1782731187859 0.0 49
1782731187860 0.0 50
1782731187861 0.0 51
1782731187862 0.0 52
1782731187862 0.0 53
1782731187863 0.0 54
1782731187864 0.0 55
1782731187865 0.0 56
1782731187866 0.0 57
1782731187867 0.0 58
1782731187868 0.0 59
1782731187869 0.0 60
1782731187870 0.0 61
1782731187871 0.0 62
1782731187872 0.0 63
1782731187873 0.0 64
1782731187874 0.0 65
1782731187875 0.0 66
1782731187876 0.0 67
1782731187877 0.0 68
1782731187878 0.0 69
1782731187878 0.0 70
1782731187879 0.0 71
1782731187880 0.0 72
1782731187882 0.0 73
