1782731187650 0.1458922925963998 1
1782731187651 0.025110734710469842 2
1782731187652 0.009182571622077376 3
1782731187653 0.005997046257834882 4
1782731187654 0.004531177878961898 5
1782731187656 0.003656523124082014 6
1782731187657 0.003058468131930567 7
1782731187658 0.002984983447822742 8
1782731187659 0.002460954173002392 9
1782731187660 0.002082034957711585 10
1782731187661 0.0019524841889506205 11
1782731187662 0.0018108020060753915 12
1782731187663 0.0016895958717213944 13
1782731187664 0.0016055945909465663 14
1782731187665 0.0015740756769082509 15
1782731187666 0.0014976155619660857 16
1782731187668 0.0014049508358584717 17
1782731187669 0.0014197805813455488 18
1782731187670 0.001453006549127167 19
1782731187671 0.001388496906729415 20
1782731187672 0.0013426713396620471 21
1782731187673 0.0013467218157893512 22
1782731187674 0.0012966574547317578 23
1782731187675 0.001155516350409016 24
1782731187676 0.001063089642484556 25
1782731187677 0.0010122600990871433 26
1782731187678 0.0010396277848485624 27
1782731187680 0.000992762000823859 28
1782731187681 0.001107291126390919 29
1782731187682 0.001192259763047332 30
1782731187683 0.0010407737156492658 31
1782731187684 0.0010675719829305308 32
1782731187685 0.0009803307778201997 33
1782731187686 0.0008441959748597583 34
1782731187687 0.0007432536105625332 35
1782731187688 0.0007075803853513207 36
1782731187689 0.0006792916347330901 37
1782731187691 0.0006611652523861267 38
1782731187692 0.0006519813942577457 39
1782731187693 0.0006518215092364699 40
1782731187694 0.000670645987993339 41
1782731187695 0.0006878583844809327 42
1782731187696 0.0007048437724733958 43
1782731187697 0.0006596640313364332 44
1782731187698 0.0006768342819123063 45
1782731187699 0.00068832703960652 46
1782731187700 0.0006654594777501188 47
1782731187701 0.0006249497347744181 48
1782731187703 0.0006060797283134889 49
1782731187704 0.0005995044171140762 50
1782731187705 0.0005582849717757199 51
1782731187706 0.0005255106230470119 52
1782731187707 0.0005150076087738853 53
1782731187708 0.0005070045505635789 54
1782731187709 0.000501676804597082 55
1782731187710 0.0004961992058451869 56
1782731187711 0.0004922947696468327 57
1782731187712 0.00048504892809432933 58
1782731187713 0.0004777158265642356 59
1782731187714 0.000474104753593565 60
1782731187716 0.000470863532354997 61
1782731187717 0.00046759320626733826 62
1782731187718 0.0004644320254737977 63
1782731187719 0.00046187334319256477 64
1782731187720 0.00045677760699618374 65
1782731187721 0.0004542697662327555 66
1782731187722 0.0004522679326692014 67
1782731187723 0.0004504124722006964 68
1782731187724 0.0004484432171375374 69
1782731187725 0.0004466866119764745 70
1782731187726 0.0004446746020767023 71
1782731187728 0.0004416965722339228 72
1782731187729 0.0004405146626595524 73
