1782731187883 0.0 1
1782731187884 0.0 2
1782731187885 0.0 3
1782731187886 0.0 4
1782731187886 0.0 5
1782731187887 0.0 6
1782731187888 0.0 7
1782731187889 0.0 8
1782731187890 0.0 9
1782731187891 0.0 10
1782731187892 0.0 11
1782731187893 0.0 12
1782731187895 0.0 13
1782731187896 0.0 14
1782731187897 0.0 15
1782731187897 0.0 16
1782731187898 0.0 17
1782731187899 0.0 18
1782731187900 0.0 19
1782731187901 0.0 20
1782731187902 0.0 21
1782731187903 0.0 22
1782731187904 0.0 23
1782731187905 0.0 24
1782731187906 0.0 25
1782731187907 0.0 26
1782731187908 0.0 27
1782731187909 0.0 28
1782731187910 0.0 29
1782731187911 0.0 30
1782731187911 0.0 31
1782731187912 0.0 32
1782731187913 0.0 33
1782731187914 0.0 34
1782731187915 0.0 35
1782731187916 0.0 36
1782731187917 0.0 37
1782731187918 0.0 38
1782731187919 0.0 39
1782731187920 0.0 40
1782731187921 0.0 41
1782731187922 0.0 42
1782731187923 0.0 43
1782731187924 0.0 44
1782731187925 0.0 45
1782731187926 0.0 46
1782731187926 0.0 47
1782731187927 0.0 48
1782731187928 0.0 49
1782731187929 0.0 50
1782731187930 0.0 51
1782731187931 0.0 52
1782731187932 0.0 53
1782731187933 0.0 54
1782731187934 0.0 55
1782731187935 0.0 56
1782731187936 0.0 57
1782731187937 0.0 58
1782731187938 0.0 59
1782731187939 0.0 60
1782731187940 0.0 61
1782731187941 0.0 62
1782731187942 0.0 63
1782731187943 0.0 64
1782731187944 0.0 65
1782731187945 0.0 66
1782731187946 0.0 67
1782731187946 0.0 68
1782731187947 0.0 69
1782731187948 0.0 70
1782731187949 0.0 71
1782731187950 0.0 72
1782731187951 0.0 73
