1782746609001 0.0 1
1782746609002 0.0 2
1782746609004 0.0 3
1782746609005 0.0 4
1782746609006 0.0 5
1782746609007 0.0 6
1782746609008 0.0 7
1782746609009 0.0 8
1782746609010 0.0 9
1782746609011 0.0 10
1782746609012 0.0 11
1782746609013 0.0 12
1782746609014 0.0 13
1782746609015 0.0 14
1782746609017 0.0 15
1782746609018 0.0 16
1782746609019 0.0 17
1782746609020 0.0 18
1782746609021 0.0 19
1782746609022 0.0 20
1782746609023 0.0 21
1782746609024 0.0 22
1782746609025 0.0 23
1782746609026 0.0 24
1782746609027 0.0 25
1782746609028 0.0 26
1782746609029 0.0 27
1782746609031 0.0 28
1782746609032 0.0 29
1782746609033 0.0 30
1782746609034 0.0 31
1782746609035 0.0 32
1782746609036 0.0 33
1782746609037 0.0 34
1782746609038 0.0 35
1782746609039 0.0 36
1782746609040 0.0 37
1782746609041 0.0 38
1782746609042 0.0 39
1782746609043 0.0 40
1782746609045 0.0 41
1782746609046 0.0 42
1782746609047 0.0 43
1782746609048 0.0 44
1782746609049 0.0 45
1782746609050 0.0 46
1782746609051 0.0 47
1782746609052 0.0 48
1782746609053 0.0 49
1782746609054 0.0 50
1782746609055 0.0 51
