1782746608946 0.0 1
1782746608947 0.0 2
1782746608949 0.0 3
1782746608950 0.0 4
1782746608951 0.0 5
1782746608952 0.0 6
1782746608953 0.0 7
1782746608954 0.0 8
1782746608955 0.0 9
1782746608956 0.0 10
1782746608957 0.0 11
1782746608958 0.0 12
1782746608959 0.0 13
1782746608960 0.0 14
1782746608961 0.0 15
1782746608962 0.0 16
1782746608964 0.0 17
1782746608965 0.0 18
1782746608966 0.0 19
1782746608967 0.0 20
1782746608968 0.0 21
1782746608969 0.0 22
1782746608970 0.0 23
1782746608971 0.0 24
1782746608972 0.0 25
1782746608973 0.0 26
1782746608974 0.0 27
1782746608975 0.0 28
1782746608977 0.0 29
1782746608978 0.0 30
1782746608979 0.0 31
1782746608980 0.0 32
1782746608981 0.0 33
1782746608982 0.0 34
1782746608983 0.0 35
1782746608984 0.0 36
1782746608985 0.0 37
1782746608986 0.0 38
1782746608987 0.0 39
1782746608988 0.0 40
1782746608989 0.0 41
1782746608991 0.0 42
1782746608992 0.0 43
1782746608993 0.0 44
1782746608994 0.0 45
1782746608995 0.0 46
1782746608996 0.0 47
1782746608997 0.0 48
1782746608998 0.0 49
1782746608999 0.0 50
1782746609000 0.0 51
