1784116306013 0.0 1
1784116306014 0.0 2
1784116306016 0.0 3
1784116306017 0.0 4
1784116306018 0.0 5
1784116306020 0.0 6
1784116306021 0.0 7
1784116306022 0.0 8
1784116306024 0.0 9
1784116306025 0.0 10
1784116306026 0.0 11
1784116306028 0.0 12
1784116306029 0.0 13
1784116306031 0.0 14
1784116306032 0.0 15
1784116306034 0.0 16
1784116306035 0.0 17
1784116306037 0.0 18
1784116306039 0.0 19
1784116306040 0.0 20
1784116306041 0.0 21
1784116306043 0.0 22
1784116306044 0.0 23
1784116306046 0.0 24
1784116306047 0.0 25
1784116306048 0.0 26
1784116306050 0.0 27
1784116306051 0.0 28
1784116306052 0.0 29
1784116306054 0.0 30
1784116306055 0.0 31
1784116306057 0.0 32
1784116306058 0.0 33
1784116306060 0.0 34
1784116306061 0.0 35
1784116306063 0.0 36
1784116306064 0.0 37
1784116306065 0.0 38
1784116306067 0.0 39
1784116306068 0.0 40
1784116306069 0.0 41
1784116306071 0.0 42
1784116306072 0.0 43
1784116306073 0.0 44
1784116306075 0.0 45
1784116306076 0.0 46
1784116306078 0.0 47
