1784116305793 0.027881082629901358 1
1784116305795 0.00400920586369466 2
1784116305797 0.0036149707486038095 3
1784116305798 0.0032306572559173217 4
1784116305800 0.0029912997380597516 5
1784116305802 0.00294715225987602 6
1784116305803 0.0028180743276607243 7
1784116305805 0.002690050300152507 8
1784116305807 0.0025934046410839074 9
1784116305808 0.002559132338501513 10
1784116305810 0.002493597890570527 11
1784116305811 0.0024710465176030995 12
1784116305813 0.0023294838547008112 13
1784116305815 0.0021095997891097795 14
1784116305816 0.002205053948855493 15
1784116305818 0.002059741761913756 16
1784116305819 0.0019531684461981057 17
1784116305821 0.0018700235395226628 18
1784116305823 0.002076606753980741 19
1784116305824 0.0018028411811974365 20
1784116305826 0.0017697329001384787 21
1784116305827 0.0016496177311637438 22
1784116305829 0.001550117497536121 23
1784116305831 0.0014876964435097762 24
1784116305832 0.0014417003589915112 25
1784116305834 0.0014240655026515016 26
1784116305835 0.0014332801909768022 27
1784116305837 0.0014065708500129405 28
1784116305839 0.0013392623647814617 29
1784116305840 0.0012964286176429596 30
1784116305842 0.0012847263898584061 31
1784116305843 0.0012994669634645106 32
1784116305845 0.0012150084591121414 33
1784116305847 0.0011718905180168803 34
1784116305848 0.0011476316723565106 35
1784116305850 0.0011327362082374749 36
1784116305851 0.0011165286584582646 37
1784116305853 0.0010909247137897181 38
1784116305855 0.0010748456667352003 39
1784116305856 0.0010645261807076167 40
1784116305858 0.0010565648261399473 41
1784116305859 0.0010509183884278173 42
1784116305861 0.0010337631410220639 43
1784116305863 0.0010257265577092766 44
1784116305864 0.0010207976433594013 45
1784116305866 0.0010155029535962967 46
1784116305867 0.001011049190274207 47
