1784116305943 0.0 1
1784116305945 0.0 2
1784116305947 0.0 3
1784116305948 0.0 4
1784116305950 0.0 5
1784116305951 0.0 6
1784116305953 0.0 7
1784116305954 0.0 8
1784116305956 0.0 9
1784116305958 0.0 10
1784116305959 0.0 11
1784116305961 0.0 12
1784116305962 0.0 13
1784116305964 0.0 14
1784116305965 0.0 15
1784116305966 0.0 16
1784116305968 0.0 17
1784116305969 0.0 18
1784116305970 0.0 19
1784116305972 0.0 20
1784116305973 0.0 21
1784116305974 0.0 22
1784116305976 0.0 23
1784116305977 0.0 24
1784116305979 0.0 25
1784116305980 0.0 26
1784116305982 0.0 27
1784116305983 0.0 28
1784116305984 0.0 29
1784116305986 0.0 30
1784116305987 0.0 31
1784116305989 0.0 32
1784116305990 0.0 33
1784116305991 0.0 34
1784116305993 0.0 35
1784116305994 0.0 36
1784116305996 0.0 37
1784116305998 0.0 38
1784116305999 0.0 39
1784116306001 0.0 40
1784116306002 0.0 41
1784116306004 0.0 42
1784116306005 0.0 43
1784116306007 0.0 44
1784116306008 0.0 45
1784116306010 0.0 46
1784116306011 0.0 47
