1782198151318 0.12897395132109524 1
1782198151319 0.04402803728356958 2
1782198151320 0.02121482160873711 3
1782198151321 0.01304484934080392 4
1782198151323 0.00931454760953784 5
1782198151324 0.006913126630242914 6
1782198151325 0.005563433690695092 7
1782198151326 0.004730484146857634 8
1782198151327 0.004109411424724385 9
1782198151329 0.003635971910553053 10
1782198151330 0.0032555187906837093 11
1782198151331 0.003017143356264569 12
1782198151332 0.0027809879346750678 13
1782198151333 0.0025684298796113583 14
1782198151335 0.0024399802018888295 15
1782198151336 0.002346344065736048 16
1782198151337 0.002229995276138652 17
1782198151338 0.0021941702859476207 18
1782198151339 0.0020409983524587007 19
1782198151341 0.0020950973470462487 20
1782198151342 0.0020685166693874633 21
1782198151343 0.0020227041313773952 22
1782198151344 0.0019785501784645022 23
1782198151345 0.0019099917760468088 24
1782198151347 0.0018413671129383147 25
1782198151348 0.0018608577700797468 26
1782198151349 0.0017701288079842925 27
1782198151350 0.0017675964227237273 28
1782198151351 0.0016778319561854005 29
1782198151353 0.0016548388947558125 30
1782198151354 0.0016032436380919535 31
1782198151355 0.0016287433018442243 32
1782198151356 0.0017006185473292135 33
1782198151357 0.0016994284820975737 34
1782198151359 0.001658434466808103 35
1782198151360 0.0016691143740899862 36
1782198151361 0.0015918718386092223 37
1782198151362 0.0014809824676194695 38
1782198151363 0.0014167369615461212 39
1782198151365 0.0013860958802979439 40
1782198151366 0.001369795871723909 41
1782198151367 0.001357876125985058 42
1782198151368 0.0013542074547149242 43
1782198151369 0.0013575730510638096 44
1782198151371 0.0013590479661070277 45
1782198151372 0.00135241997151752 46
1782198151373 0.0013549997107475064 47
1782198151374 0.0013505066410289146 48
1782198151376 0.0013446412787016014 49
1782198151377 0.0013204266663524322 50
1782198151378 0.0013121914002113045 51
1782198151379 0.001297261991276173 52
1782198151380 0.0012712712281791028 53
1782198151382 0.0012409028650290565 54
1782198151383 0.0012286841637978796 55
1782198151384 0.001220244944706792 56
1782198151385 0.0012136824327899376 57
1782198151386 0.0012072228161559906 58
1782198151388 0.0012033648254873696 59
1782198151389 0.0012033253816480282 60
1782198151390 0.001209714697615709 61
1782198151391 0.0011907558076200075 62
1782198151392 0.0011758920488500735 63
1782198151394 0.001168507707407116 64
1782198151395 0.001165930077258963 65
1782198151396 0.001162061150826048 66
1782198151397 0.0011595672304974868 67
1782198151398 0.0011566943611978787 68
1782198151400 0.0011491365358961047 69
1782198151401 0.001144172206040821 70
1782198151402 0.0011424048900516937 71
1782198151403 0.0011404574215703178 72
1782198151404 0.0011386372651759303 73
1782198151405 0.0011372791715257334 74
1782198151407 0.0011356867582799168 75
1782198151408 0.0011317594454158097 76
1782198151409 0.0011299849882198032 77
1782198151410 0.0011287714079662693 78
1782198151411 0.0011277955745754298 79
1782198151413 0.001126939919195138 80
1782198151414 0.0011261911349720322 81
1782198151415 0.0011254750219086417 82
1782198151416 0.0011229473166167736 83
1782198151417 0.0011221000892692246 84
