1782198151610 0.0 1
1782198151611 0.0 2
1782198151613 0.0 3
1782198151614 0.0 4
1782198151615 0.0 5
1782198151616 0.0 6
1782198151617 0.0 7
1782198151619 0.0 8
1782198151620 0.0 9
1782198151621 0.0 10
1782198151622 0.0 11
1782198151623 0.0 12
1782198151624 0.0 13
1782198151625 0.0 14
1782198151626 0.0 15
1782198151627 0.0 16
1782198151628 0.0 17
1782198151630 0.0 18
1782198151631 0.0 19
1782198151632 0.0 20
1782198151633 0.0 21
1782198151634 0.0 22
1782198151636 0.0 23
1782198151637 0.0 24
1782198151638 0.0 25
1782198151639 0.0 26
1782198151640 0.0 27
1782198151641 0.0 28
1782198151642 0.0 29
1782198151643 0.0 30
1782198151644 0.0 31
1782198151645 0.0 32
1782198151646 0.0 33
1782198151647 0.0 34
1782198151649 0.0 35
1782198151650 0.0 36
1782198151651 0.0 37
1782198151652 0.0 38
1782198151653 0.0 39
1782198151654 0.0 40
1782198151656 0.0 41
1782198151657 0.0 42
1782198151658 0.0 43
1782198151659 0.0 44
1782198151660 0.0 45
1782198151662 0.0 46
1782198151663 0.0 47
1782198151664 0.0 48
1782198151665 0.0 49
1782198151666 0.0 50
1782198151667 0.0 51
1782198151669 0.0 52
1782198151670 0.0 53
1782198151671 0.0 54
1782198151672 0.0 55
1782198151673 0.0 56
1782198151674 0.0 57
1782198151676 0.0 58
1782198151677 0.0 59
1782198151678 0.0 60
1782198151679 0.0 61
1782198151680 0.0 62
1782198151681 0.0 63
1782198151683 0.0 64
1782198151684 0.0 65
1782198151685 0.0 66
1782198151686 0.0 67
1782198151687 0.0 68
1782198151688 0.0 69
1782198151690 0.0 70
1782198151691 0.0 71
1782198151692 0.0 72
1782198151693 0.0 73
1782198151694 0.0 74
1782198151696 0.0 75
1782198151697 0.0 76
1782198151698 0.0 77
1782198151699 0.0 78
1782198151700 0.0 79
1782198151702 0.0 80
1782198151703 0.0 81
1782198151704 0.0 82
1782198151705 0.0 83
1782198151706 0.0 84
