1782198151519 0.0 1
1782198151520 0.0 2
1782198151521 0.0 3
1782198151522 0.0 4
1782198151523 0.0 5
1782198151524 0.0 6
1782198151525 0.0 7
1782198151526 0.0 8
1782198151527 0.0 9
1782198151528 0.0 10
1782198151529 0.0 11
1782198151530 0.0 12
1782198151531 0.0 13
1782198151532 0.0 14
1782198151533 0.0 15
1782198151534 0.0 16
1782198151535 0.0 17
1782198151536 0.0 18
1782198151538 0.0 19
1782198151539 0.0 20
1782198151540 0.0 21
1782198151541 0.0 22
1782198151542 0.0 23
1782198151543 0.0 24
1782198151544 0.0 25
1782198151545 0.0 26
1782198151546 0.0 27
1782198151547 0.0 28
1782198151549 0.0 29
1782198151550 0.0 30
1782198151551 0.0 31
1782198151552 0.0 32
1782198151553 0.0 33
1782198151554 0.0 34
1782198151555 0.0 35
1782198151557 0.0 36
1782198151558 0.0 37
1782198151559 0.0 38
1782198151560 0.0 39
1782198151561 0.0 40
1782198151562 0.0 41
1782198151563 0.0 42
1782198151564 0.0 43
1782198151565 0.0 44
1782198151566 0.0 45
1782198151567 0.0 46
1782198151568 0.0 47
1782198151570 0.0 48
1782198151571 0.0 49
1782198151572 0.0 50
1782198151573 0.0 51
1782198151574 0.0 52
1782198151576 0.0 53
1782198151577 0.0 54
1782198151578 0.0 55
1782198151579 0.0 56
1782198151580 0.0 57
1782198151581 0.0 58
1782198151582 0.0 59
1782198151583 0.0 60
1782198151584 0.0 61
1782198151585 0.0 62
1782198151586 0.0 63
1782198151587 0.0 64
1782198151589 0.0 65
1782198151590 0.0 66
1782198151591 0.0 67
1782198151592 0.0 68
1782198151593 0.0 69
1782198151594 0.0 70
1782198151595 0.0 71
1782198151596 0.0 72
1782198151597 0.0 73
1782198151598 0.0 74
1782198151599 0.0 75
1782198151600 0.0 76
1782198151602 0.0 77
1782198151603 0.0 78
1782198151604 0.0 79
1782198151605 0.0 80
1782198151606 0.0 81
1782198151607 0.0 82
1782198151608 0.0 83
1782198151609 0.0 84
