1784114334214 0.0 1
1784114334216 0.0 2
1784114334217 0.0 3
1784114334218 0.0 4
1784114334220 0.0 5
1784114334221 0.0 6
1784114334223 0.0 7
1784114334225 0.0 8
1784114334226 0.0 9
1784114334228 0.0 10
1784114334229 0.0 11
1784114334231 0.0 12
1784114334232 0.0 13
1784114334234 0.0 14
1784114334236 0.0 15
1784114334237 0.0 16
1784114334239 0.0 17
1784114334240 0.0 18
1784114334242 0.0 19
1784114334243 0.0 20
1784114334245 0.0 21
1784114334246 0.0 22
1784114334248 0.0 23
1784114334249 0.0 24
1784114334251 0.0 25
1784114334253 0.0 26
1784114334254 0.0 27
1784114334256 0.0 28
1784114334257 0.0 29
1784114334259 0.0 30
1784114334260 0.0 31
1784114334261 0.0 32
1784114334263 0.0 33
1784114334264 0.0 34
1784114334266 0.0 35
1784114334267 0.0 36
1784114334269 0.0 37
1784114334270 0.0 38
1784114334272 0.0 39
1784114334273 0.0 40
1784114334275 0.0 41
1784114334276 0.0 42
1784114334278 0.0 43
1784114334279 0.0 44
1784114334281 0.0 45
1784114334283 0.0 46
1784114334284 0.0 47
1784114334286 0.0 48
1784114334287 0.0 49
1784114334289 0.0 50
1784114334290 0.0 51
1784114334292 0.0 52
1784114334294 0.0 53
1784114334295 0.0 54
1784114334297 0.0 55
1784114334298 0.0 56
1784114334300 0.0 57
1784114334302 0.0 58
1784114334303 0.0 59
1784114334305 0.0 60
1784114334306 0.0 61
1784114334308 0.0 62
