1784114334310 0.0 1
1784114334311 0.0 2
1784114334313 0.0 3
1784114334314 0.0 4
1784114334316 0.0 5
1784114334317 0.0 6
1784114334319 0.0 7
1784114334321 0.0 8
1784114334322 0.0 9
1784114334324 0.0 10
1784114334325 0.0 11
1784114334327 0.0 12
1784114334329 0.0 13
1784114334330 0.0 14
1784114334332 0.0 15
1784114334333 0.0 16
1784114334335 0.0 17
1784114334336 0.0 18
1784114334338 0.0 19
1784114334339 0.0 20
1784114334341 0.0 21
1784114334342 0.0 22
1784114334344 0.0 23
1784114334346 0.0 24
1784114334347 0.0 25
1784114334349 0.0 26
1784114334350 0.0 27
1784114334352 0.0 28
1784114334353 0.0 29
1784114334355 0.0 30
1784114334356 0.0 31
1784114334358 0.0 32
1784114334359 0.0 33
1784114334361 0.0 34
1784114334362 0.0 35
1784114334364 0.0 36
1784114334366 0.0 37
1784114334367 0.0 38
1784114334369 0.0 39
1784114334370 0.0 40
1784114334372 0.0 41
1784114334374 0.0 42
1784114334375 0.0 43
1784114334377 0.0 44
1784114334378 0.0 45
1784114334380 0.0 46
1784114334381 0.0 47
1784114334383 0.0 48
1784114334384 0.0 49
1784114334385 0.0 50
1784114334387 0.0 51
1784114334388 0.0 52
1784114334390 0.0 53
1784114334391 0.0 54
1784114334393 0.0 55
1784114334394 0.0 56
1784114334396 0.0 57
1784114334397 0.0 58
1784114334399 0.0 59
1784114334401 0.0 60
1784114334402 0.0 61
1784114334404 0.0 62
