1784114334019 0.014154546731733718 1
1784114334021 0.0037289227690780534 2
1784114334022 0.0035521889006486164 3
1784114334024 0.003422782413254026 4
1784114334026 0.003124262014462147 5
1784114334027 0.0030141565363737753 6
1784114334029 0.003067337482352741 7
1784114334030 0.0028304401799687184 8
1784114334032 0.0026851343104499392 9
1784114334034 0.002810418934968766 10
1784114334035 0.0027155845292145386 11
1784114334037 0.0025527940613392277 12
1784114334038 0.0021957233472494407 13
1784114334040 0.002112407925305888 14
1784114334042 0.0020623294953838922 15
1784114334043 0.001996565690351417 16
1784114334045 0.0018990292580565438 17
1784114334046 0.0018748256153776311 18
1784114334048 0.0018009235538193025 19
1784114334050 0.001768385962350294 20
1784114334051 0.0016427109749929513 21
1784114334053 0.0016840695538849104 22
1784114334054 0.0017972320363332983 23
1784114334056 0.0015902075015765149 24
1784114334057 0.0015078848155098967 25
1784114334059 0.0014852463408897166 26
1784114334061 0.0014435732313722838 27
1784114334062 0.0014524260057078209 28
1784114334064 0.0015572772479208652 29
1784114334065 0.0014384793730278034 30
1784114334067 0.0013590227995882742 31
1784114334069 0.0013727311058028136 32
1784114334070 0.0013475337797717658 33
1784114334072 0.0013022529981390107 34
1784114334073 0.0012092085856420453 35
1784114334075 0.0011345990066911327 36
1784114334077 0.001111736999009736 37
1784114334078 0.0010907183651579543 38
1784114334080 0.001069488921420998 39
1784114334081 0.0010595496438327245 40
1784114334083 0.0010765281364729163 41
1784114334085 0.0010531335422274424 42
1784114334086 0.00104311642855464 43
1784114334088 0.0010556972406629938 44
1784114334089 0.0010394059991813264 45
1784114334091 0.0010401621211349266 46
1784114334092 0.0010195619217847707 47
1784114334094 0.0009655131171166431 48
1784114334096 0.0009309236106491881 49
1784114334097 0.000919691364033497 50
1784114334099 0.0009066410533705493 51
1784114334100 0.0009000575470417971 52
1784114334102 0.0008840060613147216 53
1784114334103 0.000876055346961948 54
1784114334105 0.0008722807303274748 55
1784114334107 0.0008671780424629105 56
1784114334108 0.0008625130009022542 57
1784114334110 0.0008530658925155877 58
1784114334111 0.0008502293254423421 59
1784114334113 0.0008476078178500756 60
1784114334114 0.0008454287800122984 61
1784114334116 0.0008427964150178013 62
