1780314158212 0.18549296863377093 1
1780314158214 0.14653732508420944 2
1780314158217 0.11648590300232171 3
1780314158219 0.09118800453841686 4
1780314158221 0.07143395084887744 5
1780314158223 0.05775433413684368 6
1780314158226 0.04738971889019013 7
1780314158228 0.03932096295058727 8
1780314158230 0.03296960765495896 9
1780314158232 0.027892619064077737 10
1780314158235 0.023781393961980937 11
1780314158248 0.02043975788168609 12
1780314158250 0.017697696099057792 13
1780314158252 0.015431357179768384 14
1780314158254 0.013548068436793983 15
1780314158257 0.011954132029786705 16
1780314158259 0.010645520624238998 17
1780314158261 0.00949915689183399 18
1780314158263 0.00852676210226491 19
1780314158266 0.007673374209553004 20
1780314158268 0.006940529237035662 21
1780314158270 0.006299341763369739 22
1780314158272 0.005720602908404544 23
1780314158275 0.005206081030191854 24
1780314158277 0.004759696536930278 25
1780314158279 0.004328891445184126 26
1780314158281 0.003974119398044422 27
1780314158283 0.0036831213801633567 28
1780314158286 0.003407527981325984 29
1780314158288 0.003159198383218609 30
1780314158290 0.0029322495189262553 31
1780314158292 0.002746314326650463 32
1780314158295 0.002586838502320461 33
1780314158297 0.0024511603894643488 34
1780314158299 0.0023412078322144225 35
1780314158301 0.002227408937178552 36
1780314158304 0.0021032910660142077 37
1780314158306 0.0020111121400259433 38
1780314158308 0.0019185494902194478 39
1780314158310 0.0018403596815187483 40
1780314158313 0.0017796032238402404 41
1780314158315 0.0017283347336342558 42
1780314158317 0.0016724697331665084 43
1780314158319 0.0016292898182291538 44
1780314158321 0.0015787218941841275 45
1780314158324 0.0015408131646108814 46
1780314158326 0.0014843268328695559 47
1780314158328 0.0014370535756461323 48
1780314158330 0.0014061851010774263 49
1780314158332 0.0013870219234377145 50
1780314158335 0.0013734123893664218 51
1780314158337 0.0013414146324794273 52
1780314158340 0.001310335763701005 53
1780314158342 0.0012887023326766211 54
1780314158345 0.0012666768841154408 55
1780314158347 0.001253890187072102 56
1780314158349 0.001229784730821848 57
1780314158352 0.0012048959740786813 58
1780314158354 0.0011873245946480893 59
1780314158357 0.0011743867032055278 60
1780314158359 0.0011646152647881536 61
1780314158362 0.0011565076513943495 62
1780314158364 0.001137962793218321 63
1780314158367 0.001121964921549079 64
1780314158369 0.0011111253376293463 65
1780314158372 0.0011121051155350869 66
1780314158374 0.0011266676072409609 67
1780314158377 0.0011032873066869797 68
1780314158379 0.0010716133981622988 69
1780314158381 0.0010590184691682226 70
1780314158384 0.0010504587045579684 71
1780314158386 0.001052360356625286 72
1780314158389 0.001051483892952092 73
1780314158391 0.0010459931588411564 74
1780314158394 0.001033101452048868 75
1780314158396 0.0010198043798300205 76
1780314158398 0.001004052873031469 77
1780314158401 0.0009860291489894736 78
1780314158403 0.000978754005409428 79
1780314158405 0.0009739085091132438 80
1780314158408 0.0009694429475348443 81
1780314158410 0.0009654195575785707 82
1780314158413 0.0009615687344194157 83
1780314158425 0.0009579037264120416 84
1780314158428 0.0009547129465863691 85
1780314158430 0.0009508912585079088 86
1780314158432 0.0009470994463845273 87
