1783884463724 0.0 1
1783884463725 0.0 2
1783884463726 0.0 3
1783884463727 0.0 4
1783884463728 0.0 5
1783884463730 0.0 6
1783884463731 0.0 7
1783884463732 0.0 8
1783884463733 0.0 9
1783884463734 0.0 10
1783884463735 0.0 11
1783884463737 0.0 12
1783884463738 0.0 13
1783884463739 0.0 14
1783884463740 0.0 15
1783884463741 0.0 16
1783884463743 0.0 17
1783884463744 0.0 18
1783884463745 0.0 19
1783884463746 0.0 20
1783884463747 0.0 21
1783884463748 0.0 22
1783884463750 0.0 23
1783884463751 0.0 24
1783884463752 0.0 25
1783884463753 0.0 26
1783884463754 0.0 27
1783884463755 0.0 28
1783884463757 0.0 29
1783884463758 0.0 30
1783884463759 0.0 31
1783884463760 0.0 32
1783884463761 0.0 33
1783884463763 0.0 34
1783884463764 0.0 35
1783884463765 0.0 36
1783884463766 0.0 37
1783884463767 0.0 38
1783884463769 0.0 39
1783884463770 0.0 40
1783884463771 0.0 41
1783884463772 0.0 42
1783884463773 0.0 43
1783884463774 0.0 44
1783884463776 0.0 45
1783884463777 0.0 46
1783884463778 0.0 47
1783884463779 0.0 48
1783884463780 0.0 49
1783884463781 0.0 50
1783884463783 0.0 51
1783884463784 0.0 52
1783884463785 0.0 53
1783884463786 0.0 54
1783884463787 0.0 55
1783884463789 0.0 56
1783884463790 0.0 57
1783884463791 0.0 58
1783884463792 0.0 59
1783884463793 0.0 60
1783884463795 0.0 61
1783884463796 0.0 62
1783884463797 0.0 63
1783884463798 0.0 64
1783884463799 0.0 65
1783884463800 0.0 66
1783884463802 0.0 67
1783884463803 0.0 68
1783884463804 0.0 69
1783884463805 0.0 70
1783884463806 0.0 71
1783884463807 0.0 72
1783884463809 0.0 73
1783884463810 0.0 74
1783884463811 0.0 75
1783884463812 0.0 76
1783884463813 0.0 77
1783884463814 0.0 78
