1783884463631 0.0 1
1783884463633 0.0 2
1783884463634 0.0 3
1783884463635 0.0 4
1783884463636 0.0 5
1783884463637 0.0 6
1783884463638 0.0 7
1783884463640 0.0 8
1783884463641 0.0 9
1783884463642 0.0 10
1783884463643 0.0 11
1783884463644 0.0 12
1783884463646 0.0 13
1783884463647 0.0 14
1783884463648 0.0 15
1783884463649 0.0 16
1783884463650 0.0 17
1783884463651 0.0 18
1783884463653 0.0 19
1783884463654 0.0 20
1783884463655 0.0 21
1783884463656 0.0 22
1783884463657 0.0 23
1783884463658 0.0 24
1783884463660 0.0 25
1783884463661 0.0 26
1783884463662 0.0 27
1783884463663 0.0 28
1783884463664 0.0 29
1783884463666 0.0 30
1783884463667 0.0 31
1783884463668 0.0 32
1783884463669 0.0 33
1783884463670 0.0 34
1783884463671 0.0 35
1783884463673 0.0 36
1783884463674 0.0 37
1783884463675 0.0 38
1783884463676 0.0 39
1783884463677 0.0 40
1783884463679 0.0 41
1783884463680 0.0 42
1783884463681 0.0 43
1783884463682 0.0 44
1783884463683 0.0 45
1783884463684 0.0 46
1783884463686 0.0 47
1783884463687 0.0 48
1783884463688 0.0 49
1783884463689 0.0 50
1783884463690 0.0 51
1783884463692 0.0 52
1783884463693 0.0 53
1783884463694 0.0 54
1783884463695 0.0 55
1783884463697 0.0 56
1783884463698 0.0 57
1783884463699 0.0 58
1783884463700 0.0 59
1783884463701 0.0 60
1783884463702 0.0 61
1783884463704 0.0 62
1783884463705 0.0 63
1783884463706 0.0 64
1783884463707 0.0 65
1783884463708 0.0 66
1783884463710 0.0 67
1783884463711 0.0 68
1783884463712 0.0 69
1783884463713 0.0 70
1783884463714 0.0 71
1783884463715 0.0 72
1783884463717 0.0 73
1783884463718 0.0 74
1783884463719 0.0 75
1783884463720 0.0 76
1783884463721 0.0 77
1783884463723 0.0 78
