1782598516725 0.0 1
1782598516726 0.0 2
1782598516727 0.0 3
1782598516728 0.0 4
1782598516729 0.0 5
1782598516730 0.0 6
1782598516731 0.0 7
1782598516732 0.0 8
1782598516733 0.0 9
1782598516734 0.0 10
1782598516735 0.0 11
1782598516736 0.0 12
1782598516738 0.0 13
1782598516739 0.0 14
1782598516740 0.0 15
1782598516741 0.0 16
1782598516742 0.0 17
1782598516743 0.0 18
1782598516744 0.0 19
1782598516745 0.0 20
1782598516746 0.0 21
1782598516747 0.0 22
1782598516748 0.0 23
1782598516749 0.0 24
1782598516750 0.0 25
1782598516751 0.0 26
1782598516753 0.0 27
1782598516754 0.0 28
1782598516755 0.0 29
1782598516756 0.0 30
1782598516757 0.0 31
1782598516758 0.0 32
1782598516759 0.0 33
1782598516760 0.0 34
1782598516761 0.0 35
1782598516762 0.0 36
1782598516763 0.0 37
1782598516764 0.0 38
1782598516765 0.0 39
1782598516766 0.0 40
1782598516768 0.0 41
1782598516769 0.0 42
1782598516770 0.0 43
1782598516771 0.0 44
1782598516772 0.0 45
1782598516773 0.0 46
1782598516774 0.0 47
1782598516775 0.0 48
1782598516776 0.0 49
1782598516777 0.0 50
1782598516778 0.0 51
1782598516779 0.0 52
1782598516780 0.0 53
1782598516782 0.0 54
1782598516783 0.0 55
1782598516784 0.0 56
1782598516785 0.0 57
1782598516786 0.0 58
1782598516787 0.0 59
1782598516788 0.0 60
1782598516789 0.0 61
1782598516790 0.0 62
1782598516791 0.0 63
1782598516792 0.0 64
1782598516793 0.0 65
1782598516794 0.0 66
1782598516795 0.0 67
1782598516797 0.0 68
1782598516798 0.0 69
1782598516799 0.0 70
1782598516800 0.0 71
1782598516801 0.0 72
1782598516802 0.0 73
1782598516803 0.0 74
1782598516804 0.0 75
1782598516805 0.0 76
1782598516806 0.0 77
1782598516807 0.0 78
1782598516808 0.0 79
1782598516809 0.0 80
1782598516811 0.0 81
1782598516812 0.0 82
1782598516813 0.0 83
1782598516814 0.0 84
1782598516815 0.0 85
1782598516816 0.0 86
1782598516817 0.0 87
