1782598516537 0.1183236100897193 1
1782598516538 0.044869966059923175 2
1782598516540 0.02224006162956357 3
1782598516541 0.012911636428907514 4
1782598516542 0.008512455488089472 5
1782598516543 0.0063198201847262684 6
1782598516544 0.0048963349859695885 7
1782598516545 0.00400368299218826 8
1782598516546 0.0033819083624985068 9
1782598516547 0.0029800785635598005 10
1782598516548 0.0026645426655886695 11
1782598516549 0.0024039491527946665 12
1782598516550 0.0021947135956725105 13
1782598516551 0.0020225384761579333 14
1782598516553 0.0019372270462918095 15
1782598516554 0.001906931005360093 16
1782598516555 0.0018085529128438792 17
1782598516556 0.0016695265279849992 18
1782598516557 0.0015779257466783747 19
1782598516558 0.0015303580384352245 20
1782598516559 0.0015315099876897875 21
1782598516560 0.001481922781240428 22
1782598516561 0.001446071718382882 23
1782598516562 0.0013944550458109006 24
1782598516563 0.0013379800210532268 25
1782598516564 0.0012986449542222544 26
1782598516565 0.0012612786480167414 27
1782598516567 0.0012375383339531254 28
1782598516568 0.0012072796942084096 29
1782598516569 0.0011856705712852999 30
1782598516570 0.0011826395192474594 31
1782598516571 0.0011590748047456145 32
1782598516572 0.0011593069408263545 33
1782598516573 0.0012047123797674431 34
1782598516574 0.0012050157970952568 35
1782598516575 0.0011614584553899477 36
1782598516576 0.0011065836990019307 37
1782598516577 0.0010883746280887863 38
1782598516578 0.0010561891717952676 39
1782598516579 0.0010302615851105657 40
1782598516581 0.0010204142342990963 41
1782598516582 0.0010065316542750224 42
1782598516583 0.0010056381146569039 43
1782598516584 0.0010126376964035445 44
1782598516585 0.0010308965356671251 45
1782598516586 0.001068479573004879 46
1782598516587 0.0010119296094489982 47
1782598516588 0.0009802676150138722 48
1782598516589 0.0009382623261626577 49
1782598516590 0.0009407546040165471 50
1782598516591 0.0009370360865796102 51
1782598516592 0.0009502683733444428 52
1782598516594 0.00091806335021829 53
1782598516595 0.0009063144972969895 54
1782598516596 0.0009036044139429577 55
1782598516597 0.0009377696421870496 56
1782598516598 0.0009667086190165719 57
1782598516599 0.000978558749993681 58
1782598516600 0.0009705585632764269 59
1782598516601 0.0009181506252207328 60
1782598516602 0.0008675709108138108 61
1782598516603 0.0008306301077755052 62
1782598516604 0.0008186191440472612 63
1782598516605 0.0008271450615939103 64
1782598516606 0.0007999969623051584 65
1782598516607 0.0007718382370148902 66
1782598516609 0.0007605490328933228 67
1782598516610 0.0007540730659820838 68
1782598516611 0.0007488873835245613 69
1782598516612 0.0007444194801064441 70
1782598516613 0.0007403667351536569 71
1782598516614 0.0007343495194072603 72
1782598516615 0.0007298479269229574 73
1782598516616 0.0007266416520360508 74
1782598516617 0.0007238820570637472 75
1782598516618 0.0007214741762072663 76
1782598516619 0.0007189892357928329 77
1782598516620 0.0007166921727912267 78
1782598516621 0.0007125590577925322 79
1782598516622 0.0007100497151986928 80
1782598516624 0.0007082756331146811 81
1782598516625 0.0007066511853554403 82
1782598516626 0.0007050343418086413 83
1782598516627 0.0007034215318708448 84
1782598516628 0.0007017716759946779 85
1782598516629 0.0006993077386141522 86
1782598516630 0.0006982272687673685 87
