1782598516818 0.0 1
1782598516819 0.0 2
1782598516820 0.0 3
1782598516821 0.0 4
1782598516823 0.0 5
1782598516824 0.0 6
1782598516825 0.0 7
1782598516826 0.0 8
1782598516827 0.0 9
1782598516828 0.0 10
1782598516829 0.0 11
1782598516830 0.0 12
1782598516831 0.0 13
1782598516832 0.0 14
1782598516833 0.0 15
1782598516834 0.0 16
1782598516835 0.0 17
1782598516837 0.0 18
1782598516838 0.0 19
1782598516839 0.0 20
1782598516840 0.0 21
1782598516841 0.0 22
1782598516842 0.0 23
1782598516843 0.0 24
1782598516844 0.0 25
1782598516845 0.0 26
1782598516846 0.0 27
1782598516847 0.0 28
1782598516848 0.0 29
1782598516849 0.0 30
1782598516851 0.0 31
1782598516851 0.0 32
1782598516853 0.0 33
1782598516854 0.0 34
1782598516855 0.0 35
1782598516856 0.0 36
1782598516857 0.0 37
1782598516858 0.0 38
1782598516859 0.0 39
1782598516860 0.0 40
1782598516861 0.0 41
1782598516862 0.0 42
1782598516863 0.0 43
1782598516864 0.0 44
1782598516865 0.0 45
1782598516866 0.0 46
1782598516867 0.0 47
1782598516868 0.0 48
1782598516869 0.0 49
1782598516870 0.0 50
1782598516871 0.0 51
1782598516873 0.0 52
1782598516874 0.0 53
1782598516875 0.0 54
1782598516876 0.0 55
1782598516877 0.0 56
1782598516878 0.0 57
1782598516879 0.0 58
1782598516880 0.0 59
1782598516881 0.0 60
1782598516882 0.0 61
1782598516883 0.0 62
1782598516884 0.0 63
1782598516885 0.0 64
1782598516886 0.0 65
1782598516887 0.0 66
1782598516889 0.0 67
1782598516890 0.0 68
1782598516891 0.0 69
1782598516892 0.0 70
1782598516893 0.0 71
1782598516894 0.0 72
1782598516895 0.0 73
1782598516896 0.0 74
1782598516897 0.0 75
1782598516898 0.0 76
1782598516899 0.0 77
1782598516901 0.0 78
1782598516902 0.0 79
1782598516903 0.0 80
1782598516904 0.0 81
1782598516905 0.0 82
1782598516906 0.0 83
1782598516907 0.0 84
1782598516908 0.0 85
1782598516909 0.0 86
1782598516910 0.0 87
