1782725160539 0.11651314595714211 1
1782725160540 0.024542520651593805 2
1782725160541 0.009761340252589434 3
1782725160542 0.005622360365232453 4
1782725160543 0.004307329007424414 5
1782725160544 0.0033617541223065926 6
1782725160545 0.0029630069236736747 7
1782725160547 0.0024691769375931472 8
1782725160548 0.002238680406007916 9
1782725160549 0.0020542665114044213 10
1782725160550 0.002009606443753 11
1782725160551 0.001868573048268445 12
1782725160552 0.0017228598543442787 13
1782725160553 0.001793133084429428 14
1782725160554 0.0017489564116112888 15
1782725160555 0.0018085431434155907 16
1782725160556 0.0015492386273399461 17
1782725160557 0.001523508149839472 18
1782725160559 0.001580468690226553 19
1782725160560 0.0016540531397913583 20
1782725160561 0.0015694643802999053 21
1782725160562 0.0014292484398174565 22
1782725160563 0.0013618960761232301 23
1782725160564 0.0012979979554074816 24
1782725160565 0.0012310367957979907 25
1782725160566 0.0012184442303259857 26
1782725160567 0.0013407304756401573 27
1782725160568 0.00160386040864978 28
1782725160569 0.0014450778193713632 29
1782725160571 0.0012334510440996382 30
1782725160572 0.001223057433089707 31
1782725160573 0.0012277470296248793 32
1782725160574 0.0011157961982826237 33
1782725160575 0.0010036581784515874 34
1782725160576 0.0009468504315736936 35
1782725160577 0.0009346517975791358 36
1782725160578 0.0009183737714920426 37
1782725160579 0.0009292150590772507 38
1782725160580 0.0009494759883818915 39
1782725160581 0.0009129982120794012 40
1782725160582 0.0008586584807926556 41
1782725160584 0.0008423347436473705 42
1782725160585 0.0008308613333065295 43
1782725160586 0.0008231495224754326 44
1782725160587 0.0008189960563322529 45
1782725160588 0.0008140411619388032 46
1782725160589 0.0008027157847391209 47
1782725160590 0.0007887376601865981 48
1782725160591 0.0007814113325730432 49
1782725160592 0.0007782042067992733 50
1782725160593 0.0007747987962648039 51
1782725160594 0.0007703469209081959 52
1782725160595 0.0007678021732135676 53
1782725160597 0.0007585542043671012 54
1782725160598 0.0007550118066865252 55
