1782725160717 0.0 1
1782725160719 0.0 2
1782725160720 0.0 3
1782725160721 0.0 4
1782725160722 0.0 5
1782725160723 0.0 6
1782725160724 0.0 7
1782725160725 0.0 8
1782725160726 0.0 9
1782725160727 0.0 10
1782725160728 0.0 11
1782725160729 0.0 12
1782725160730 0.0 13
1782725160732 0.0 14
1782725160733 0.0 15
1782725160734 0.0 16
1782725160735 0.0 17
1782725160736 0.0 18
1782725160737 0.0 19
1782725160738 0.0 20
1782725160739 0.0 21
1782725160740 0.0 22
1782725160741 0.0 23
1782725160742 0.0 24
1782725160743 0.0 25
1782725160745 0.0 26
1782725160746 0.0 27
1782725160747 0.0 28
1782725160748 0.0 29
1782725160749 0.0 30
1782725160750 0.0 31
1782725160751 0.0 32
1782725160752 0.0 33
1782725160753 0.0 34
1782725160754 0.0 35
1782725160755 0.0 36
1782725160756 0.0 37
1782725160757 0.0 38
1782725160759 0.0 39
1782725160759 0.0 40
1782725160760 0.0 41
1782725160761 0.0 42
1782725160762 0.0 43
1782725160763 0.0 44
1782725160764 0.0 45
1782725160765 0.0 46
1782725160766 0.0 47
1782725160767 0.0 48
1782725160768 0.0 49
1782725160769 0.0 50
1782725160771 0.0 51
1782725160772 0.0 52
1782725160773 0.0 53
1782725160773 0.0 54
1782725160774 0.0 55
