1782725160658 0.0 1
1782725160659 0.0 2
1782725160660 0.0 3
1782725160661 0.0 4
1782725160662 0.0 5
1782725160663 0.0 6
1782725160665 0.0 7
1782725160666 0.0 8
1782725160667 0.0 9
1782725160668 0.0 10
1782725160669 0.0 11
1782725160670 0.0 12
1782725160671 0.0 13
1782725160672 0.0 14
1782725160673 0.0 15
1782725160674 0.0 16
1782725160675 0.0 17
1782725160676 0.0 18
1782725160677 0.0 19
1782725160678 0.0 20
1782725160680 0.0 21
1782725160681 0.0 22
1782725160682 0.0 23
1782725160683 0.0 24
1782725160684 0.0 25
1782725160685 0.0 26
1782725160686 0.0 27
1782725160687 0.0 28
1782725160688 0.0 29
1782725160689 0.0 30
1782725160690 0.0 31
1782725160691 0.0 32
1782725160693 0.0 33
1782725160694 0.0 34
1782725160695 0.0 35
1782725160696 0.0 36
1782725160697 0.0 37
1782725160698 0.0 38
1782725160699 0.0 39
1782725160700 0.0 40
1782725160701 0.0 41
1782725160702 0.0 42
1782725160703 0.0 43
1782725160704 0.0 44
1782725160705 0.0 45
1782725160707 0.0 46
1782725160708 0.0 47
1782725160709 0.0 48
1782725160710 0.0 49
1782725160711 0.0 50
1782725160712 0.0 51
1782725160713 0.0 52
1782725160714 0.0 53
1782725160715 0.0 54
1782725160716 0.0 55
