1784028752491 0.2694689673622258 1
1784028752525 0.4021870286576169 2
1784028752555 0.5951080112370435 4
1784028752585 0.6881405495202974 6
1784028752614 0.7269730019667442 8
1784028752643 0.8062690449646972 12
1784028752672 0.8070007522817703 16
1784028752702 0.8498013668637903 20
1784028752730 0.8849192699192698 28
1784028752759 0.9096046589069845 40
1784028752788 0.9716446533236096 60
1784028752818 0.9951219512195122 80
1784028752848 1.0 100
1784028752878 1.0 120
1784028752908 1.0 160
1784028752938 1.0 200
