1780314159913 0.1274995333328843 1
1780314159915 0.049334993865340945 2
1780314159917 0.026091855708509682 3
1780314159919 0.016388277434743942 4
1780314159922 0.01134699748829007 5
1780314159933 0.008420665082521737 6
1780314159935 0.006544745382852852 7
1780314159937 0.005345733721042052 8
1780314159939 0.004499153678771108 9
1780314159942 0.0039252104028128084 10
1780314159944 0.0034579188970383255 11
1780314159946 0.003078281105263159 12
1780314159948 0.0028961557592265307 13
1780314159951 0.0026834419404622167 14
1780314159953 0.0024149696010863407 15
1780314159955 0.0022987450269283728 16
1780314159957 0.002167714955867268 17
1780314159960 0.0019967162850662136 18
1780314159962 0.0019110584448208102 19
1780314159964 0.0018508377863327042 20
1780314159966 0.0018017769846483133 21
1780314159969 0.0017457467431086116 22
1780314159971 0.0016700375525397248 23
1780314159973 0.0016146667892462574 24
1780314159976 0.001665581977867987 25
1780314159978 0.001634757294668816 26
1780314159980 0.0015611107449512928 27
1780314159982 0.0014907821617089212 28
1780314159985 0.001431308076280402 29
1780314159987 0.0014148415182717144 30
1780314159989 0.0014091609920433258 31
1780314159991 0.0013934629753930494 32
1780314159994 0.0013556598761351778 33
1780314159996 0.0013283137463440653 34
1780314159998 0.0013374038210895378 35
1780314160000 0.001305963671329664 36
1780314160003 0.001291780958272284 37
1780314160005 0.0013037391925172415 38
1780314160007 0.0012828579211054602 39
1780314160009 0.001256202367367223 40
1780314160011 0.0013157987278100336 41
1780314160014 0.0012456203615147387 42
1780314160016 0.0011819031744380482 43
1780314160018 0.001191733064915752 44
1780314160020 0.0011907694432738937 45
1780314160023 0.0011823063150950474 46
1780314160025 0.0011647840293881018 47
1780314160027 0.0011677252237132052 48
1780314160029 0.0011910912663006456 49
1780314160032 0.0011608951835660264 50
1780314160034 0.001125449174651294 51
1780314160036 0.0011041682722134282 52
1780314160038 0.0010918063754797912 53
1780314160041 0.0011442288340185768 54
1780314160043 0.0011345845271716825 55
1780314160045 0.0011158265741687502 56
1780314160048 0.0011000259905995335 57
1780314160050 0.0010311245978664374 58
1780314160053 0.0009771931483555818 59
1780314160055 0.0009599367757618893 60
1780314160058 0.0009491430435446091 61
1780314160060 0.0009430059215810616 62
1780314160063 0.0009438924935966498 63
1780314160065 0.000943884820517269 64
1780314160068 0.0009445426487945951 65
1780314160070 0.0009434430421242724 66
1780314160073 0.0009441644049366005 67
1780314160075 0.0009298821296397364 68
1780314160077 0.0009042463016521651 69
1780314160079 0.0008959277929898235 70
1780314160082 0.0008909258168569068 71
1780314160084 0.0008898830300677218 72
1780314160086 0.0008855242442223244 73
1780314160088 0.0008847116994729731 74
1780314160090 0.0008840150568721583 75
1780314160093 0.0008831466305127833 76
1780314160095 0.0008843239966518012 77
1780314160097 0.0008756352540513035 78
1780314160099 0.0008653466799660236 79
1780314160102 0.0008605930146222818 80
1780314160104 0.0008589414625021164 81
1780314160106 0.0008566150490514702 82
1780314160108 0.0008554955373256234 83
1780314160111 0.0008547810594973271 84
1780314160113 0.0008539564340753714 85
1780314160115 0.000851687290960399 86
1780314160118 0.000850426633587631 87
1780314160120 0.0008476083280402236 88
1780314160123 0.0008437561020400608 89
1780314160125 0.0008424465008283733 90
1780314160127 0.0008413601489519351 91
1780314160130 0.0008386736492684576 92
