1780314180322 0.12653133928775787 1
1780314180324 0.09344825744628907 2
1780314180326 0.07092314509674907 3
1780314180329 0.055068793315440415 4
1780314180331 0.04323841612786054 5
1780314180333 0.03423540092073381 6
1780314180336 0.02767043011263013 7
1780314180338 0.022802405031397938 8
1780314180340 0.019126281971111894 9
1780314180343 0.016218968550674617 10
1780314180345 0.013913090145215391 11
1780314180347 0.01204387040808797 12
1780314180350 0.010556989461183547 13
1780314180352 0.009338007357437164 14
1780314180354 0.008280599880963564 15
1780314180357 0.0073763606371358035 16
1780314180359 0.006620889722835272 17
1780314180362 0.005971849332563579 18
1780314180364 0.005420810036594048 19
1780314180366 0.004958692685468122 20
1780314180369 0.0045741637656465176 21
1780314180371 0.004210072638234124 22
1780314180373 0.003909250658471137 23
1780314180375 0.003620028056902811 24
1780314180378 0.0033644388790708035 25
1780314180380 0.0031704113190062343 26
1780314180382 0.0029762217157986016 27
1780314180385 0.002809456997201778 28
1780314180387 0.0026416939764749257 29
1780314180389 0.0024926422868156804 30
1780314180392 0.002363119253423065 31
1780314180395 0.0022516992891905827 32
1780314180397 0.002163879811996594 33
1780314180399 0.002085457514040172 34
1780314180402 0.002015321028302424 35
1780314180404 0.0019589485062169844 36
1780314180406 0.0018811945241759532 37
1780314180409 0.0018122316111112014 38
1780314180411 0.001754188817285467 39
1780314180413 0.001694372052734252 40
1780314180416 0.0016480746536399237 41
1780314180418 0.001619498817017302 42
1780314180420 0.0015798667314811609 43
1780314180423 0.0015372002311050891 44
1780314180425 0.0015011459196102805 45
1780314180428 0.0014881807433266658 46
1780314180430 0.0014600262649764773 47
1780314180432 0.0014192211159388534 48
1780314180435 0.001404144635598641 49
1780314180437 0.0013798942833091131 50
1780314180439 0.0013664835094823501 51
1780314180442 0.0013425228891719599 52
1780314180444 0.0013250672894355375 53
1780314180446 0.0012989745664526708 54
1780314180449 0.001282667407358531 55
1780314180451 0.0012642128152947408 56
1780314180453 0.0012560706555086653 57
1780314180456 0.0012429755838093116 58
1780314180458 0.0012184039404382928 59
1780314180460 0.0012209919967426685 60
1780314180463 0.0012055976496776566 61
1780314180465 0.001195551057899138 62
1780314180467 0.0011897080072230891 63
1780314180470 0.0011814710914040917 64
1780314180472 0.0011483556708844845 65
1780314180474 0.0011186443227779819 66
1780314180477 0.001105908531899331 67
1780314180479 0.0010974700927908999 68
1780314180481 0.0010906725258973892 69
1780314180483 0.0010842294270696584 70
1780314180486 0.0010780926654842915 71
1780314180488 0.0010730447039532008 72
1780314180490 0.0010686752395849908 73
1780314180493 0.0010630205625056987 74
1780314180495 0.0010562352653505514 75
