1782745085693 0.0 1
1782745085694 0.0 2
1782745085695 0.0 3
1782745085696 0.0 4
1782745085697 0.0 5
1782745085698 0.0 6
1782745085699 0.0 7
1782745085700 0.0 8
1782745085700 0.0 9
1782745085701 0.0 10
1782745085702 0.0 11
1782745085703 0.0 12
1782745085704 0.0 13
1782745085705 0.0 14
1782745085706 0.0 15
1782745085707 0.0 16
1782745085708 0.0 17
1782745085708 0.0 18
1782745085709 0.0 19
1782745085710 0.0 20
1782745085711 0.0 21
1782745085712 0.0 22
1782745085713 0.0 23
1782745085714 0.0 24
1782745085715 0.0 25
1782745085716 0.0 26
1782745085717 0.0 27
1782745085718 0.0 28
1782745085719 0.0 29
1782745085720 0.0 30
1782745085720 0.0 31
1782745085721 0.0 32
1782745085722 0.0 33
1782745085723 0.0 34
1782745085724 0.0 35
1782745085725 0.0 36
1782745085726 0.0 37
1782745085727 0.0 38
1782745085728 0.0 39
1782745085729 0.0 40
1782745085730 0.0 41
1782745085731 0.0 42
1782745085732 0.0 43
1782745085732 0.0 44
1782745085733 0.0 45
1782745085734 0.0 46
1782745085735 0.0 47
1782745085736 0.0 48
1782745085737 0.0 49
1782745085738 0.0 50
1782745085739 0.0 51
1782745085740 0.0 52
1782745085741 0.0 53
1782745085741 0.0 54
1782745085742 0.0 55
1782745085743 0.0 56
1782745085745 0.0 57
1782745085746 0.0 58
1782745085747 0.0 59
1782745085748 0.0 60
1782745085748 0.0 61
1782745085749 0.0 62
1782745085750 0.0 63
1782745085751 0.0 64
1782745085752 0.0 65
1782745085753 0.0 66
1782745085754 0.0 67
1782745085755 0.0 68
1782745085756 0.0 69
1782745085756 0.0 70
1782745085757 0.0 71
1782745085758 0.0 72
1782745085760 0.0 73
1782745085760 0.0 74
1782745085761 0.0 75
1782745085762 0.0 76
1782745085763 0.0 77
1782745085764 0.0 78
1782745085765 0.0 79
1782745085766 0.0 80
1782745085767 0.0 81
1782745085768 0.0 82
1782745085769 0.0 83
1782745085770 0.0 84
1782745085771 0.0 85
1782745085772 0.0 86
1782745085773 0.0 87
1782745085774 0.0 88
1782745085775 0.0 89
1782745085776 0.0 90
1782745085777 0.0 91
1782745085778 0.0 92
1782745085778 0.0 93
1782745085779 0.0 94
1782745085780 0.0 95
