1782745085605 0.0 1
1782745085606 0.0 2
1782745085607 0.0 3
1782745085608 0.0 4
1782745085609 0.0 5
1782745085609 0.0 6
1782745085610 0.0 7
1782745085611 0.0 8
1782745085612 0.0 9
1782745085613 0.0 10
1782745085614 0.0 11
1782745085615 0.0 12
1782745085616 0.0 13
1782745085617 0.0 14
1782745085618 0.0 15
1782745085619 0.0 16
1782745085620 0.0 17
1782745085621 0.0 18
1782745085622 0.0 19
1782745085623 0.0 20
1782745085624 0.0 21
1782745085625 0.0 22
1782745085625 0.0 23
1782745085626 0.0 24
1782745085627 0.0 25
1782745085628 0.0 26
1782745085629 0.0 27
1782745085630 0.0 28
1782745085631 0.0 29
1782745085632 0.0 30
1782745085633 0.0 31
1782745085634 0.0 32
1782745085635 0.0 33
1782745085636 0.0 34
1782745085637 0.0 35
1782745085638 0.0 36
1782745085639 0.0 37
1782745085640 0.0 38
1782745085641 0.0 39
1782745085641 0.0 40
1782745085642 0.0 41
1782745085643 0.0 42
1782745085644 0.0 43
1782745085645 0.0 44
1782745085646 0.0 45
1782745085647 0.0 46
1782745085648 0.0 47
1782745085649 0.0 48
1782745085650 0.0 49
1782745085651 0.0 50
1782745085652 0.0 51
1782745085652 0.0 52
1782745085653 0.0 53
1782745085654 0.0 54
1782745085655 0.0 55
1782745085656 0.0 56
1782745085657 0.0 57
1782745085658 0.0 58
1782745085659 0.0 59
1782745085660 0.0 60
1782745085661 0.0 61
1782745085662 0.0 62
1782745085663 0.0 63
1782745085664 0.0 64
1782745085665 0.0 65
1782745085666 0.0 66
1782745085667 0.0 67
1782745085667 0.0 68
1782745085668 0.0 69
1782745085669 0.0 70
1782745085670 0.0 71
1782745085671 0.0 72
1782745085672 0.0 73
1782745085673 0.0 74
1782745085674 0.0 75
1782745085675 0.0 76
1782745085675 0.0 77
1782745085676 0.0 78
1782745085677 0.0 79
1782745085678 0.0 80
1782745085679 0.0 81
1782745085680 0.0 82
1782745085681 0.0 83
1782745085682 0.0 84
1782745085683 0.0 85
1782745085684 0.0 86
1782745085685 0.0 87
1782745085686 0.0 88
1782745085687 0.0 89
1782745085688 0.0 90
1782745085688 0.0 91
1782745085689 0.0 92
1782745085690 0.0 93
1782745085691 0.0 94
1782745085692 0.0 95
