1782745085401 0.10662413960322738 1
1782745085402 0.024827901315875353 2
1782745085403 0.010099537214264273 3
1782745085405 0.005753676301101223 4
1782745085406 0.0038659316464327276 5
1782745085407 0.002975481825415045 6
1782745085408 0.002525171901215799 7
1782745085409 0.0021953163488069548 8
1782745085410 0.002043399903050158 9
1782745085411 0.0019083567991037853 10
1782745085412 0.001727567849738989 11
1782745085413 0.0017254796781344338 12
1782745085414 0.0015931623948563355 13
1782745085415 0.0014263112423941492 14
1782745085416 0.0013742852710129227 15
1782745085418 0.0013640459284943063 16
1782745085419 0.0012844362211762927 17
1782745085420 0.001231258377811173 18
1782745085421 0.0012518653317238205 19
1782745085422 0.0011763857735786587 20
1782745085423 0.001138004406966502 21
1782745085424 0.0010472224502882455 22
1782745085425 0.001053864914138103 23
1782745085426 0.0010033036675304175 24
1782745085427 0.0009855855233035981 25
1782745085428 0.0009335334459319711 26
1782745085429 0.0009971005853003589 27
1782745085431 0.0010175342416914646 28
1782745085432 0.0009212938383279834 29
1782745085433 0.000917157840449363 30
1782745085434 0.0009087444163014879 31
1782745085435 0.0008395085070515052 32
1782745085436 0.0007678000023588538 33
1782745085437 0.0007978925529459957 34
1782745085438 0.0007856739968701732 35
1782745085439 0.0008090069396712352 36
1782745085440 0.0008723949079285376 37
1782745085441 0.0008333900011348306 38
1782745085442 0.0007908577021589736 39
1782745085443 0.0008047417712077731 40
1782745085445 0.0007063104608096183 41
1782745085446 0.0007290810211270582 42
1782745085447 0.0007432197704474675 43
1782745085448 0.0006992719049594598 44
1782745085449 0.0006953857931512175 45
1782745085450 0.0006547392345964909 46
1782745085451 0.00068778303641011 47
1782745085452 0.0006656490389286774 48
1782745085453 0.0007654594214545796 49
1782745085454 0.0007874877475114772 50
1782745085455 0.0006431773432268528 51
1782745085456 0.0005510123385465704 52
1782745085457 0.000523313627090829 53
1782745085458 0.0005006329791649478 54
1782745085460 0.0004894846071692883 55
1782745085461 0.00048092834156705067 56
1782745085462 0.0004741227632621303 57
1782745085463 0.000467900374205783 58
1782745085464 0.0004677143342632917 59
1782745085465 0.0004630214348071604 60
1782745085466 0.0004981871129348292 61
1782745085467 0.0004957114999706391 62
1782745085468 0.0005246868288668338 63
1782745085469 0.0005267151884254418 64
1782745085470 0.0004651307050153264 65
1782745085471 0.0004363025874772575 66
1782745085472 0.00042604175472661155 67
1782745085473 0.0004188268897632952 68
1782745085475 0.00041479061655991245 69
1782745085476 0.0004113585931190755 70
1782745085477 0.00040765741130599053 71
1782745085478 0.00040434789250866745 72
1782745085479 0.000399253789728391 73
1782745085480 0.0003962676147057209 74
1782745085481 0.0003942155761978938 75
1782745085482 0.0003922563386367983 76
1782745085483 0.00039032697990478484 77
1782745085484 0.0003884263851796277 78
1782745085485 0.00038663923372951104 79
1782745085486 0.00038309698524244593 80
1782745085487 0.0003817028086268692 81
1782745085488 0.0003805808954348322 82
1782745085490 0.0003793937276714132 83
1782745085491 0.0003781643494949094 84
1782745085492 0.00037690165070671357 85
1782745085493 0.0003757656028028578 86
1782745085494 0.00037376297092123423 87
1782745085495 0.0003730226371408207 88
1782745085496 0.0003723446098229033 89
1782745085497 0.00037167610691540175 90
1782745085498 0.0003710044013496372 91
1782745085499 0.00037031415740784723 92
1782745085500 0.00036964938892197096 93
1782745085501 0.0003685822153056506 94
1782745085502 0.0003681951905673486 95
