1782205238192 0.0 1
1782205238193 0.0 2
1782205238194 0.0 3
1782205238196 0.0 4
1782205238197 0.0 5
1782205238198 0.0 6
1782205238199 0.0 7
1782205238200 0.0 8
1782205238201 0.0 9
1782205238203 0.0 10
1782205238203 0.0 11
1782205238205 0.0 12
1782205238206 0.0 13
1782205238207 0.0 14
1782205238208 0.0 15
1782205238209 0.0 16
1782205238210 0.0 17
1782205238211 0.0 18
1782205238212 0.0 19
1782205238213 0.0 20
1782205238214 0.0 21
1782205238215 0.0 22
1782205238216 0.0 23
1782205238217 0.0 24
1782205238218 0.0 25
1782205238219 0.0 26
1782205238220 0.0 27
1782205238221 0.0 28
1782205238222 0.0 29
1782205238223 0.0 30
1782205238224 0.0 31
1782205238226 0.0 32
1782205238227 0.0 33
1782205238228 0.0 34
1782205238229 0.0 35
1782205238230 0.0 36
1782205238231 0.0 37
1782205238232 0.0 38
1782205238233 0.0 39
1782205238234 0.0 40
1782205238235 0.0 41
1782205238236 0.0 42
1782205238237 0.0 43
1782205238238 0.0 44
1782205238239 0.0 45
1782205238240 0.0 46
1782205238241 0.0 47
1782205238242 0.0 48
1782205238244 0.0 49
1782205238245 0.0 50
1782205238246 0.0 51
1782205238247 0.0 52
1782205238248 0.0 53
1782205238249 0.0 54
1782205238250 0.0 55
1782205238251 0.0 56
1782205238252 0.0 57
1782205238253 0.0 58
1782205238254 0.0 59
1782205238255 0.0 60
1782205238256 0.0 61
1782205238257 0.0 62
1782205238258 0.0 63
1782205238259 0.0 64
1782205238260 0.0 65
1782205238261 0.0 66
1782205238262 0.0 67
1782205238263 0.0 68
1782205238264 0.0 69
1782205238265 0.0 70
1782205238267 0.0 71
1782205238268 0.0 72
1782205238269 0.0 73
1782205238270 0.0 74
1782205238271 0.0 75
