1782205238103 0.0 1
1782205238104 0.0 2
1782205238105 0.0 3
1782205238106 0.0 4
1782205238107 0.0 5
1782205238109 0.0 6
1782205238110 0.0 7
1782205238111 0.0 8
1782205238112 0.0 9
1782205238113 0.0 10
1782205238114 0.0 11
1782205238116 0.0 12
1782205238117 0.0 13
1782205238118 0.0 14
1782205238119 0.0 15
1782205238120 0.0 16
1782205238122 0.0 17
1782205238123 0.0 18
1782205238124 0.0 19
1782205238125 0.0 20
1782205238126 0.0 21
1782205238128 0.0 22
1782205238129 0.0 23
1782205238130 0.0 24
1782205238131 0.0 25
1782205238132 0.0 26
1782205238134 0.0 27
1782205238135 0.0 28
1782205238136 0.0 29
1782205238137 0.0 30
1782205238138 0.0 31
1782205238140 0.0 32
1782205238141 0.0 33
1782205238142 0.0 34
1782205238143 0.0 35
1782205238144 0.0 36
1782205238146 0.0 37
1782205238147 0.0 38
1782205238148 0.0 39
1782205238149 0.0 40
1782205238150 0.0 41
1782205238152 0.0 42
1782205238153 0.0 43
1782205238154 0.0 44
1782205238155 0.0 45
1782205238156 0.0 46
1782205238158 0.0 47
1782205238159 0.0 48
1782205238160 0.0 49
1782205238161 0.0 50
1782205238162 0.0 51
1782205238163 0.0 52
1782205238165 0.0 53
1782205238166 0.0 54
1782205238167 0.0 55
1782205238168 0.0 56
1782205238169 0.0 57
1782205238171 0.0 58
1782205238172 0.0 59
1782205238173 0.0 60
1782205238174 0.0 61
1782205238175 0.0 62
1782205238176 0.0 63
1782205238178 0.0 64
1782205238179 0.0 65
1782205238180 0.0 66
1782205238181 0.0 67
1782205238182 0.0 68
1782205238184 0.0 69
1782205238185 0.0 70
1782205238186 0.0 71
1782205238187 0.0 72
1782205238188 0.0 73
1782205238190 0.0 74
1782205238191 0.0 75
