1782556225659 0.0 1
1782556225660 0.0 2
1782556225660 0.0 3
1782556225662 0.0 4
1782556225663 0.0 5
1782556225664 0.0 6
1782556225665 0.0 7
1782556225666 0.0 8
1782556225667 0.0 9
1782556225668 0.0 10
1782556225669 0.0 11
1782556225670 0.0 12
1782556225670 0.0 13
1782556225671 0.0 14
1782556225672 0.0 15
1782556225673 0.0 16
1782556225674 0.0 17
1782556225675 0.0 18
1782556225676 0.0 19
1782556225677 0.0 20
1782556225678 0.0 21
1782556225679 0.0 22
1782556225680 0.0 23
1782556225681 0.0 24
1782556225682 0.0 25
1782556225683 0.0 26
1782556225684 0.0 27
1782556225684 0.0 28
1782556225685 0.0 29
1782556225686 0.0 30
1782556225687 0.0 31
1782556225688 0.0 32
1782556225689 0.0 33
1782556225690 0.0 34
1782556225691 0.0 35
1782556225691 0.0 36
1782556225692 0.0 37
1782556225693 0.0 38
1782556225695 0.0 39
1782556225696 0.0 40
1782556225697 0.0 41
1782556225698 0.0 42
1782556225698 0.0 43
1782556225699 0.0 44
1782556225700 0.0 45
1782556225701 0.0 46
1782556225702 0.0 47
1782556225703 0.0 48
1782556225704 0.0 49
1782556225705 0.0 50
1782556225706 0.0 51
1782556225707 0.0 52
1782556225707 0.0 53
1782556225708 0.0 54
1782556225709 0.0 55
1782556225710 0.0 56
1782556225711 0.0 57
1782556225713 0.0 58
1782556225714 0.0 59
1782556225715 0.0 60
1782556225715 0.0 61
1782556225716 0.0 62
1782556225717 0.0 63
1782556225718 0.0 64
1782556225719 0.0 65
1782556225720 0.0 66
1782556225721 0.0 67
1782556225722 0.0 68
1782556225723 0.0 69
1782556225724 0.0 70
1782556225725 0.0 71
1782556225726 0.0 72
1782556225727 0.0 73
1782556225728 0.0 74
1782556225729 0.0 75
1782556225730 0.0 76
1782556225730 0.0 77
1782556225732 0.0 78
1782556225733 0.0 79
1782556225734 0.0 80
