1782556225410 0.09649207843467593 1
1782556225411 0.032679338371381164 2
1782556225412 0.016754193627275527 3
1782556225413 0.010738695606123656 4
1782556225414 0.0077082350733689966 5
1782556225415 0.0060195326071698215 6
1782556225416 0.00476169798639603 7
1782556225417 0.0038820031424984334 8
1782556225418 0.003294816131237894 9
1782556225420 0.0029323952831327915 10
1782556225421 0.0026578556856838987 11
1782556225422 0.0024140819715103134 12
1782556225423 0.0023113557772012428 13
1782556225424 0.0020796139212325214 14
1782556225425 0.0019864932270138524 15
1782556225426 0.00184715238166973 16
1782556225427 0.001734062655013986 17
1782556225428 0.0016591499204514548 18
1782556225429 0.0016176022347644903 19
1782556225430 0.0015389789774781094 20
1782556225431 0.0014798819058341906 21
1782556225432 0.0014808679719862995 22
1782556225433 0.0014868643713998608 23
1782556225434 0.0014075041112664621 24
1782556225435 0.001335745989345014 25
1782556225436 0.0012802751474373507 26
1782556225437 0.0013049299680278636 27
1782556225439 0.001279080242238706 28
1782556225440 0.001233426818944281 29
1782556225441 0.0012149250569927971 30
1782556225442 0.001192828824132448 31
1782556225443 0.0011569593343301677 32
1782556225444 0.0011608081598387797 33
1782556225445 0.0011404411074909149 34
1782556225446 0.0011359895459463587 35
1782556225447 0.0011316061790421373 36
1782556225448 0.0011026325722195906 37
1782556225449 0.0011171169564477168 38
1782556225450 0.0010540657777164597 39
1782556225451 0.0010345177709677955 40
1782556225452 0.0010257353444467299 41
1782556225453 0.0009777695869706805 42
1782556225454 0.0009277035440754844 43
1782556225455 0.0009103698888793587 44
1782556225456 0.0008984819794568466 45
1782556225457 0.0008881365341949276 46
1782556225458 0.0008803210027690511 47
1782556225460 0.0008730360154731898 48
1782556225461 0.00086837482311239 49
1782556225462 0.0008559887615410843 50
1782556225463 0.0008445995421789121 51
1782556225464 0.0008369383014724008 52
1782556225465 0.0008312393469532254 53
1782556225466 0.0008262777849085978 54
1782556225467 0.0008219634820852661 55
1782556225468 0.0008181171585601988 56
1782556225469 0.0008155109673680272 57
1782556225470 0.0008074549703087541 58
1782556225471 0.0008015253874327755 59
1782556225472 0.0007978210795772611 60
1782556225473 0.0007948281367134768 61
1782556225474 0.0007919923638837645 62
1782556225475 0.0007891574099267018 63
1782556225476 0.0007861176579172024 64
1782556225477 0.0007821671168130706 65
1782556225478 0.000780275992328825 66
1782556225479 0.0007785879445145838 67
1782556225481 0.0007769199346512323 68
1782556225482 0.0007752662718121428 69
1782556225483 0.0007735781187511747 70
1782556225484 0.0007719127631207811 71
1782556225485 0.0007694727833222714 72
1782556225486 0.0007684139455159311 73
1782556225487 0.0007674726991535863 74
1782556225488 0.0007665194974833866 75
1782556225489 0.0007655157290719217 76
1782556225490 0.0007645875118760159 77
1782556225491 0.0007635796011891216 78
1782556225492 0.0007622724474276765 79
1782556225493 0.0007616906677503721 80
