1782556225578 0.0 1
1782556225579 0.0 2
1782556225580 0.0 3
1782556225582 0.0 4
1782556225583 0.0 5
1782556225584 0.0 6
1782556225585 0.0 7
1782556225586 0.0 8
1782556225587 0.0 9
1782556225588 0.0 10
1782556225589 0.0 11
1782556225590 0.0 12
1782556225591 0.0 13
1782556225592 0.0 14
1782556225593 0.0 15
1782556225594 0.0 16
1782556225595 0.0 17
1782556225596 0.0 18
1782556225597 0.0 19
1782556225598 0.0 20
1782556225599 0.0 21
1782556225600 0.0 22
1782556225601 0.0 23
1782556225602 0.0 24
1782556225603 0.0 25
1782556225604 0.0 26
1782556225606 0.0 27
1782556225607 0.0 28
1782556225608 0.0 29
1782556225609 0.0 30
1782556225610 0.0 31
1782556225611 0.0 32
1782556225612 0.0 33
1782556225613 0.0 34
1782556225614 0.0 35
1782556225615 0.0 36
1782556225616 0.0 37
1782556225617 0.0 38
1782556225618 0.0 39
1782556225619 0.0 40
1782556225620 0.0 41
1782556225621 0.0 42
1782556225622 0.0 43
1782556225623 0.0 44
1782556225624 0.0 45
1782556225625 0.0 46
1782556225626 0.0 47
1782556225627 0.0 48
1782556225629 0.0 49
1782556225630 0.0 50
1782556225631 0.0 51
1782556225632 0.0 52
1782556225633 0.0 53
1782556225634 0.0 54
1782556225635 0.0 55
1782556225636 0.0 56
1782556225637 0.0 57
1782556225638 0.0 58
1782556225638 0.0 59
1782556225639 0.0 60
1782556225640 0.0 61
1782556225641 0.0 62
1782556225642 0.0 63
1782556225643 0.0 64
1782556225644 0.0 65
1782556225645 0.0 66
1782556225646 0.0 67
1782556225647 0.0 68
1782556225648 0.0 69
1782556225649 0.0 70
1782556225650 0.0 71
1782556225651 0.0 72
1782556225652 0.0 73
1782556225653 0.0 74
1782556225653 0.0 75
1782556225654 0.0 76
1782556225655 0.0 77
1782556225656 0.0 78
1782556225657 0.0 79
1782556225658 0.0 80
