1780314193947 0.13010072644799947 1
1780314193950 0.051928176544606686 2
1780314193952 0.026275256536900996 3
1780314193962 0.016201398130506278 4
1780314193965 0.011321298654656857 5
1780314193967 0.008430509446188807 6
1780314193970 0.006808680950198323 7
1780314193972 0.00552217158023268 8
1780314193974 0.00481863493216224 9
1780314193977 0.0042185431357938796 10
1780314193979 0.0038336020649876444 11
1780314193981 0.0035047498886706307 12
1780314193984 0.0032093132397858428 13
1780314193986 0.002941637257463299 14
1780314193988 0.0027960935508599505 15
1780314193991 0.00264950453361962 16
1780314193993 0.002573649373371154 17
1780314193996 0.002424430315149948 18
1780314193998 0.0022590830008266494 19
1780314194000 0.002151280210528057 20
1780314194003 0.002099919196916744 21
1780314194005 0.0020506782419397497 22
1780314194008 0.001993382261134684 23
1780314194010 0.0019473596566240304 24
1780314194012 0.001962799268658273 25
1780314194015 0.001899301241210196 26
1780314194017 0.0017937673510459717 27
1780314194019 0.0017435516773548444 28
1780314194022 0.0016948855700320564 29
1780314194024 0.001675360098888632 30
1780314194027 0.0016680099186487495 31
1780314194029 0.001680484629177954 32
1780314194031 0.0017685719422297552 33
1780314194034 0.001679523736529518 34
1780314194036 0.0015671251039020718 35
1780314194038 0.0015608954666822682 36
1780314194041 0.0015359723364235833 37
1780314194043 0.0014895699388580398 38
1780314194045 0.0014845344120112713 39
1780314194048 0.001539517474739114 40
1780314194050 0.0014890399143041577 41
1780314194052 0.0014901463018031792 42
1780314194055 0.0014418176723120268 43
1780314194057 0.0014420419878297252 44
1780314194059 0.0014223898891941645 45
1780314194062 0.0013741007584758336 46
1780314194064 0.0013863735702761915 47
1780314194067 0.001401836078366614 48
1780314194069 0.0013817612904676935 49
1780314194071 0.0013514661964291008 50
1780314194074 0.0013119883932813537 51
1780314194076 0.0013472623571578878 52
1780314194078 0.0013955825910670684 53
1780314194081 0.0013670161924528657 54
1780314194083 0.001392713479071972 55
1780314194085 0.0013515283812012059 56
1780314194088 0.0012871805812756066 57
1780314194090 0.0012801936189498519 58
1780314194093 0.0013050993131764699 59
1780314194095 0.0012938857116387226 60
1780314194097 0.0012794047712668545 61
1780314194100 0.0012449277155246819 62
1780314194110 0.0012516016057634262 63
1780314194113 0.0011903428230289137 64
1780314194115 0.0011480433295946568 65
1780314194117 0.0011267410146683686 66
1780314194120 0.0011206414811749709 67
1780314194122 0.0011195206592674368 68
1780314194124 0.0011282363608916058 69
1780314194127 0.001117251608375227 70
1780314194129 0.0011127929997746832 71
1780314194131 0.0011098143782874103 72
1780314194134 0.0011181241739541292 73
1780314194136 0.0010895911783154587 74
1780314194138 0.0010783183399325936 75
1780314194141 0.0010622230261651566 76
1780314194143 0.0010635916100727627 77
1780314194146 0.0010613655223278328 78
1780314194148 0.0010587171783845407 79
1780314194150 0.0010604436259745852 80
1780314194153 0.0010565431267605162 81
1780314194155 0.0010535920535039622 82
1780314194157 0.0010444933660619425 83
1780314194160 0.0010375838423351525 84
1780314194162 0.0010276255270582624 85
1780314194165 0.0010300614873267478 86
1780314194167 0.0010260557268338744 87
1780314194169 0.0010219331779080677 88
1780314194172 0.0010216103875427508 89
1780314194174 0.001019621319064754 90
1780314194176 0.0010210007079149363 91
1780314194179 0.0010200578135845717 92
1780314194181 0.0010209595721244113 93
1780314194184 0.0010135589657147648 94
1780314194186 0.0010131676310265903 95
1780314194188 0.0010102528196875937 96
1780314194191 0.0010068771314399782 97
1780314194193 0.001008510765605024 98
