1782233422393 0.10054351445287465 1
1782233422394 0.033806511154398325 2
1782233422396 0.01670613678172231 3
1782233422397 0.010273896278813482 4
1782233422398 0.007203468231018632 5
1782233422400 0.005485716969706118 6
1782233422401 0.0043907956732437015 7
1782233422402 0.0037258344027213753 8
1782233422403 0.0031740163103677332 9
1782233422405 0.002801150002051145 10
1782233422406 0.002551118787960149 11
1782233422407 0.0025112966855522245 12
1782233422408 0.0022445268626324834 13
1782233422410 0.0020372037668130363 14
1782233422411 0.001903583885577973 15
1782233422412 0.001787904904340394 16
1782233422414 0.0018096773533034139 17
1782233422415 0.001718283812806476 18
1782233422416 0.0017528127040714026 19
1782233422417 0.0015419294993625954 20
1782233422419 0.0014710637436655815 21
1782233422420 0.0014561673617572524 22
1782233422421 0.0014218323848035651 23
1782233422422 0.0013606488682853524 24
1782233422424 0.0013548213057219983 25
1782233422425 0.00133539879185264 26
1782233422426 0.0013571041663817595 27
1782233422427 0.0012825071229599417 28
1782233422429 0.0012573423466528766 29
1782233422430 0.0012165998478303663 30
1782233422431 0.0012059660504746717 31
1782233422433 0.0011603526775434147 32
1782233422434 0.0011705508591694524 33
1782233422435 0.0011473335392656735 34
1782233422436 0.001174122199881822 35
1782233422438 0.0011489305840223097 36
1782233422439 0.0011095283411123092 37
1782233422440 0.0011223808253271272 38
1782233422441 0.0010952652912237682 39
1782233422443 0.001060987586970441 40
1782233422444 0.0010394500485563186 41
1782233422445 0.001030871214243234 42
1782233422446 0.001063218924391549 43
1782233422448 0.000980741284583928 44
1782233422449 0.0009092115863313665 45
1782233422450 0.0008887163712643087 46
1782233422451 0.0008721487111324677 47
1782233422453 0.0008629329749965109 48
1782233422454 0.0008527704584412277 49
1782233422455 0.0008473045449500206 50
1782233422457 0.0008344468974974006 51
1782233422458 0.0008236609313098598 52
1782233422459 0.0008167683765714173 53
1782233422460 0.0008112022447312483 54
1782233422462 0.0008058693296698039 55
1782233422463 0.0008007476395141566 56
1782233422464 0.000795954520945088 57
1782233422466 0.0007894151126311044 58
1782233422467 0.0007848091815685621 59
1782233422468 0.0007811735176073853 60
1782233422469 0.0007780371716944501 61
1782233422471 0.0007750931094778935 62
1782233422472 0.0007723988182988251 63
1782233422473 0.0007697079729769029 64
1782233422474 0.0007652539228729438 65
1782233422476 0.0007622262155564385 66
