1782233422643 0.0 1
1782233422645 0.0 2
1782233422646 0.0 3
1782233422647 0.0 4
1782233422648 0.0 5
1782233422650 0.0 6
1782233422651 0.0 7
1782233422652 0.0 8
1782233422653 0.0 9
1782233422655 0.0 10
1782233422656 0.0 11
1782233422657 0.0 12
1782233422658 0.0 13
1782233422660 0.0 14
1782233422661 0.0 15
1782233422662 0.0 16
1782233422664 0.0 17
1782233422665 0.0 18
1782233422666 0.0 19
1782233422667 0.0 20
1782233422669 0.0 21
1782233422670 0.0 22
1782233422671 0.0 23
1782233422672 0.0 24
1782233422674 0.0 25
1782233422675 0.0 26
1782233422676 0.0 27
1782233422677 0.0 28
1782233422679 0.0 29
1782233422680 0.0 30
1782233422681 0.0 31
1782233422682 0.0 32
1782233422684 0.0 33
1782233422685 0.0 34
1782233422686 0.0 35
1782233422687 0.0 36
1782233422689 0.0 37
1782233422690 0.0 38
1782233422691 0.0 39
1782233422692 0.0 40
1782233422694 0.0 41
1782233422695 0.0 42
1782233422696 0.0 43
1782233422697 0.0 44
1782233422699 0.0 45
1782233422700 0.0 46
1782233422701 0.0 47
1782233422702 0.0 48
1782233422704 0.0 49
1782233422705 0.0 50
1782233422706 0.0 51
1782233422707 0.0 52
1782233422709 0.0 53
1782233422710 0.0 54
1782233422711 0.0 55
1782233422712 0.0 56
1782233422714 0.0 57
1782233422715 0.0 58
1782233422716 0.0 59
1782233422717 0.0 60
1782233422719 0.0 61
1782233422720 0.0 62
1782233422721 0.0 63
1782233422722 0.0 64
1782233422724 0.0 65
1782233422725 0.0 66
