1782233422560 0.0 1
1782233422561 0.0 2
1782233422563 0.0 3
1782233422564 0.0 4
1782233422565 0.0 5
1782233422566 0.0 6
1782233422568 0.0 7
1782233422569 0.0 8
1782233422570 0.0 9
1782233422571 0.0 10
1782233422573 0.0 11
1782233422574 0.0 12
1782233422575 0.0 13
1782233422576 0.0 14
1782233422578 0.0 15
1782233422579 0.0 16
1782233422580 0.0 17
1782233422582 0.0 18
1782233422583 0.0 19
1782233422584 0.0 20
1782233422585 0.0 21
1782233422587 0.0 22
1782233422588 0.0 23
1782233422589 0.0 24
1782233422590 0.0 25
1782233422592 0.0 26
1782233422593 0.0 27
1782233422594 0.0 28
1782233422595 0.0 29
1782233422597 0.0 30
1782233422598 0.0 31
1782233422599 0.0 32
1782233422601 0.0 33
1782233422602 0.0 34
1782233422603 0.0 35
1782233422604 0.0 36
1782233422606 0.0 37
1782233422607 0.0 38
1782233422608 0.0 39
1782233422609 0.0 40
1782233422611 0.0 41
1782233422612 0.0 42
1782233422613 0.0 43
1782233422614 0.0 44
1782233422616 0.0 45
1782233422617 0.0 46
1782233422618 0.0 47
1782233422619 0.0 48
1782233422621 0.0 49
1782233422622 0.0 50
1782233422623 0.0 51
1782233422624 0.0 52
1782233422626 0.0 53
1782233422627 0.0 54
1782233422628 0.0 55
1782233422630 0.0 56
1782233422631 0.0 57
1782233422632 0.0 58
1782233422633 0.0 59
1782233422635 0.0 60
1782233422636 0.0 61
1782233422637 0.0 62
1782233422638 0.0 63
1782233422640 0.0 64
1782233422641 0.0 65
1782233422642 0.0 66
