1784016266863 0.0 1
1784016266864 0.0 2
1784016266866 0.0 3
1784016266867 0.0 4
1784016266869 0.0 5
1784016266870 0.0 6
1784016266872 0.0 7
1784016266873 0.0 8
1784016266875 0.0 9
1784016266876 0.0 10
1784016266878 0.0 11
1784016266879 0.0 12
1784016266880 0.0 13
1784016266882 0.0 14
1784016266883 0.0 15
1784016266885 0.0 16
1784016266886 0.0 17
1784016266887 0.0 18
1784016266889 0.0 19
1784016266890 0.0 20
1784016266892 0.0 21
1784016266894 0.0 22
1784016266895 0.0 23
1784016266897 0.0 24
1784016266898 0.0 25
1784016266900 0.0 26
1784016266901 0.0 27
1784016266903 0.0 28
1784016266904 0.0 29
1784016266906 0.0 30
1784016266907 0.0 31
1784016266909 0.0 32
1784016266910 0.0 33
1784016266912 0.0 34
1784016266913 0.0 35
1784016266914 0.0 36
1784016266916 0.0 37
1784016266917 0.0 38
1784016266919 0.0 39
1784016266920 0.0 40
1784016266922 0.0 41
1784016266924 0.0 42
1784016266925 0.0 43
1784016266927 0.0 44
1784016266928 0.0 45
1784016266930 0.0 46
1784016266931 0.0 47
1784016266933 0.0 48
1784016266934 0.0 49
1784016266936 0.0 50
1784016266937 0.0 51
1784016266939 0.0 52
1784016266940 0.0 53
1784016266942 0.0 54
1784016266943 0.0 55
1784016266945 0.0 56
1784016266946 0.0 57
1784016266948 0.0 58
1784016266949 0.0 59
1784016266951 0.0 60
1784016266952 0.0 61
1784016266954 0.0 62
1784016266956 0.0 63
1784016266957 0.0 64
1784016266958 0.0 65
1784016266959 0.0 66
1784016266961 0.0 67
1784016266962 0.0 68
1784016266964 0.0 69
1784016266966 0.0 70
1784016266967 0.0 71
1784016266968 0.0 72
1784016266970 0.0 73
1784016266972 0.0 74
1784016266973 0.0 75
1784016266975 0.0 76
1784016266976 0.0 77
1784016266978 0.0 78
1784016266979 0.0 79
1784016266981 0.0 80
1784016266982 0.0 81
1784016266984 0.0 82
1784016266985 0.0 83
1784016266987 0.0 84
1784016266988 0.0 85
1784016266990 0.0 86
1784016266992 0.0 87
1784016266993 0.0 88
1784016266995 0.0 89
1784016266996 0.0 90
1784016266998 0.0 91
1784016266999 0.0 92
1784016267001 0.0 93
1784016267002 0.0 94
1784016267004 0.0 95
1784016267005 0.0 96
1784016267007 0.0 97
1784016267008 0.0 98
1784016267009 0.0 99
1784016267011 0.0 100
1784016267012 0.0 101
1784016267014 0.0 102
1784016267015 0.0 103
1784016267017 0.0 104
1784016267018 0.0 105
1784016267020 0.0 106
