1784016267021 0.0 1
1784016267023 0.0 2
1784016267024 0.0 3
1784016267026 0.0 4
1784016267027 0.0 5
1784016267029 0.0 6
1784016267030 0.0 7
1784016267032 0.0 8
1784016267034 0.0 9
1784016267035 0.0 10
1784016267037 0.0 11
1784016267038 0.0 12
1784016267040 0.0 13
1784016267041 0.0 14
1784016267043 0.0 15
1784016267044 0.0 16
1784016267046 0.0 17
1784016267047 0.0 18
1784016267048 0.0 19
1784016267050 0.0 20
1784016267052 0.0 21
1784016267053 0.0 22
1784016267054 0.0 23
1784016267056 0.0 24
1784016267057 0.0 25
1784016267059 0.0 26
1784016267060 0.0 27
1784016267062 0.0 28
1784016267063 0.0 29
1784016267064 0.0 30
1784016267066 0.0 31
1784016267068 0.0 32
1784016267069 0.0 33
1784016267071 0.0 34
1784016267072 0.0 35
1784016267074 0.0 36
1784016267075 0.0 37
1784016267077 0.0 38
1784016267078 0.0 39
1784016267080 0.0 40
1784016267081 0.0 41
1784016267083 0.0 42
1784016267085 0.0 43
1784016267086 0.0 44
1784016267088 0.0 45
1784016267089 0.0 46
1784016267091 0.0 47
1784016267092 0.0 48
1784016267094 0.0 49
1784016267095 0.0 50
1784016267097 0.0 51
1784016267098 0.0 52
1784016267100 0.0 53
1784016267101 0.0 54
1784016267103 0.0 55
1784016267104 0.0 56
1784016267106 0.0 57
1784016267108 0.0 58
1784016267109 0.0 59
1784016267111 0.0 60
1784016267112 0.0 61
1784016267114 0.0 62
1784016267115 0.0 63
1784016267116 0.0 64
1784016267118 0.0 65
1784016267119 0.0 66
1784016267121 0.0 67
1784016267122 0.0 68
1784016267123 0.0 69
1784016267125 0.0 70
1784016267126 0.0 71
1784016267128 0.0 72
1784016267129 0.0 73
1784016267131 0.0 74
1784016267132 0.0 75
1784016267134 0.0 76
1784016267135 0.0 77
1784016267137 0.0 78
1784016267138 0.0 79
1784016267140 0.0 80
1784016267141 0.0 81
1784016267143 0.0 82
1784016267144 0.0 83
1784016267146 0.0 84
1784016267147 0.0 85
1784016267149 0.0 86
1784016267151 0.0 87
1784016267152 0.0 88
1784016267153 0.0 89
1784016267155 0.0 90
1784016267156 0.0 91
1784016267157 0.0 92
1784016267159 0.0 93
1784016267160 0.0 94
1784016267162 0.0 95
1784016267163 0.0 96
1784016267165 0.0 97
1784016267166 0.0 98
1784016267168 0.0 99
1784016267169 0.0 100
1784016267171 0.0 101
1784016267172 0.0 102
1784016267173 0.0 103
1784016267175 0.0 104
1784016267176 0.0 105
1784016267178 0.0 106
