1783889553946 0.17135295044630766 1
1783889553947 0.08503284092992544 2
1783889553949 0.04259687766432762 3
1783889553950 0.02446892499923706 4
1783889553952 0.01604110120330006 5
1783889553953 0.011447145114652812 6
1783889553955 0.008719125979114324 7
1783889553956 0.00691534326178953 8
1783889553957 0.005701895847450942 9
1783889553959 0.004841875054407865 10
1783889553960 0.004191634104354307 11
1783889553962 0.0037368723773397506 12
1783889553963 0.003332957880338654 13
1783889553965 0.003030978224123828 14
1783889553966 0.0028192901937291025 15
1783889553968 0.002617134137544781 16
1783889553969 0.002465104232833255 17
1783889553970 0.002356005450419616 18
1783889553972 0.002241230795334559 19
1783889553973 0.002136075104062911 20
1783889553975 0.00205021337576909 21
1783889553976 0.0019741614279337226 22
1783889553978 0.0019243949139490723 23
1783889553979 0.0018540153666981496 24
1783889553981 0.0018069797307543921 25
1783889553982 0.0017559166568389627 26
1783889553984 0.0017083210046985188 27
1783889553985 0.0016747816996939946 28
1783889553986 0.0016656904702540486 29
1783889553988 0.00161067145265406 30
1783889553989 0.0015660457429476082 31
1783889553991 0.0015410212753340603 32
1783889553992 0.0015194737998535856 33
1783889553994 0.0015251687131240033 34
1783889553995 0.0014928032028547022 35
1783889553996 0.0014714856584032532 36
1783889553998 0.0014352153173240367 37
1783889553999 0.001419037585001206 38
1783889554001 0.0013946026701887604 39
1783889554002 0.0013854161748167826 40
1783889554004 0.001388176591208321 41
1783889554005 0.0013756937268772163 42
1783889554006 0.0013541325467667775 43
1783889554008 0.0013410190494323616 44
1783889554009 0.0013278339909447822 45
1783889554011 0.001340408434116398 46
1783889554012 0.001300236671086168 47
1783889554014 0.001272088051046012 48
1783889554015 0.0012616259776405058 49
1783889554017 0.0012525062524218812 50
1783889554018 0.001247910566162318 51
1783889554019 0.0012459688501257915 52
1783889554021 0.0012348097106587375 53
1783889554022 0.0012335499927576166 54
1783889554024 0.0012330140864651184 55
1783889554025 0.0012228075972234365 56
1783889554027 0.0012225954377208836 57
1783889554028 0.001219127367148758 58
1783889554030 0.0012262585856660734 59
1783889554031 0.0012177158245322063 60
1783889554032 0.0012084460392361507 61
1783889554034 0.001216707326893811 62
1783889554035 0.0011987245582713512 63
1783889554037 0.001183483730928856 64
1783889554038 0.0011799006340879714 65
1783889554040 0.0011820812061341711 66
1783889554041 0.0011700352550542447 67
1783889554042 0.0011694958870793926 68
1783889554044 0.0011646999046206474 69
1783889554045 0.0011695914426672971 70
1783889554047 0.001162772124444018 71
1783889554048 0.0011580273239087547 72
1783889554050 0.0011554357890418033 73
1783889554051 0.0011571783851832152 74
1783889554052 0.0011536901450017467 75
1783889554054 0.0011543488403549418 76
1783889554055 0.0011577843820123235 77
1783889554057 0.0011526359947310993 78
1783889554058 0.001155338435783051 79
1783889554060 0.0011449192429427058 80
1783889554061 0.0011445256764272926 81
1783889554062 0.0011434410619403934 82
1783889554064 0.0011466117991949432 83
1783889554065 0.001142170721286675 84
1783889554067 0.0011457900789537234 85
1783889554068 0.0011378698776388773 86
1783889554070 0.0011409417071990902 87
1783889554071 0.0011468240454269108 88
1783889554073 0.0011397350182960509 89
1783889554074 0.0011433456982194912 90
1783889554075 0.00113975646221661 91
1783889554077 0.0011374735292338301 92
1783889554078 0.0011375643526116619 93
1783889554080 0.0011384564703621437 94
