1783889554350 0.0 1
1783889554352 0.0 2
1783889554353 0.0 3
1783889554354 0.0 4
1783889554356 0.0 5
1783889554357 0.0 6
1783889554359 0.0 7
1783889554360 0.0 8
1783889554362 0.0 9
1783889554363 0.0 10
1783889554365 0.0 11
1783889554366 0.0 12
1783889554367 0.0 13
1783889554369 0.0 14
1783889554370 0.0 15
1783889554372 0.0 16
1783889554373 0.0 17
1783889554375 0.0 18
1783889554376 0.0 19
1783889554377 0.0 20
1783889554379 0.0 21
1783889554380 0.0 22
1783889554382 0.0 23
1783889554383 0.0 24
1783889554385 0.0 25
1783889554386 0.0 26
1783889554388 0.0 27
1783889554389 0.0 28
1783889554390 0.0 29
1783889554392 0.0 30
1783889554393 0.0 31
1783889554395 0.0 32
1783889554396 0.0 33
1783889554398 0.0 34
1783889554399 0.0 35
1783889554400 0.0 36
1783889554402 0.0 37
1783889554403 0.0 38
1783889554405 0.0 39
1783889554406 0.0 40
1783889554408 0.0 41
1783889554409 0.0 42
1783889554410 0.0 43
1783889554412 0.0 44
1783889554413 0.0 45
1783889554415 0.0 46
1783889554416 0.0 47
1783889554418 0.0 48
1783889554419 0.0 49
1783889554420 0.0 50
1783889554422 0.0 51
1783889554423 0.0 52
1783889554425 0.0 53
1783889554426 0.0 54
1783889554427 0.0 55
1783889554429 0.0 56
1783889554430 0.0 57
1783889554432 0.0 58
1783889554433 0.0 59
1783889554435 0.0 60
1783889554436 0.0 61
1783889554438 0.0 62
1783889554439 0.0 63
1783889554440 0.0 64
1783889554442 0.0 65
1783889554443 0.0 66
1783889554445 0.0 67
1783889554446 0.0 68
1783889554448 0.0 69
1783889554449 0.0 70
1783889554450 0.0 71
1783889554452 0.0 72
1783889554453 0.0 73
1783889554455 0.0 74
1783889554456 0.0 75
1783889554458 0.0 76
1783889554459 0.0 77
1783889554461 0.0 78
1783889554462 0.0 79
1783889554463 0.0 80
1783889554465 0.0 81
1783889554466 0.0 82
1783889554468 0.0 83
1783889554469 0.0 84
1783889554471 0.0 85
1783889554472 0.0 86
1783889554473 0.0 87
1783889554475 0.0 88
1783889554476 0.0 89
1783889554478 0.0 90
1783889554479 0.0 91
1783889554480 0.0 92
1783889554482 0.0 93
1783889554483 0.0 94
