1783889554216 0.0 1
1783889554217 0.0 2
1783889554219 0.0 3
1783889554220 0.0 4
1783889554222 0.0 5
1783889554223 0.0 6
1783889554225 0.0 7
1783889554226 0.0 8
1783889554227 0.0 9
1783889554229 0.0 10
1783889554230 0.0 11
1783889554232 0.0 12
1783889554233 0.0 13
1783889554235 0.0 14
1783889554236 0.0 15
1783889554237 0.0 16
1783889554239 0.0 17
1783889554240 0.0 18
1783889554242 0.0 19
1783889554243 0.0 20
1783889554245 0.0 21
1783889554246 0.0 22
1783889554247 0.0 23
1783889554249 0.0 24
1783889554250 0.0 25
1783889554252 0.0 26
1783889554253 0.0 27
1783889554255 0.0 28
1783889554256 0.0 29
1783889554257 0.0 30
1783889554259 0.0 31
1783889554260 0.0 32
1783889554262 0.0 33
1783889554263 0.0 34
1783889554265 0.0 35
1783889554266 0.0 36
1783889554267 0.0 37
1783889554269 0.0 38
1783889554270 0.0 39
1783889554272 0.0 40
1783889554273 0.0 41
1783889554275 0.0 42
1783889554276 0.0 43
1783889554277 0.0 44
1783889554279 0.0 45
1783889554280 0.0 46
1783889554282 0.0 47
1783889554283 0.0 48
1783889554285 0.0 49
1783889554286 0.0 50
1783889554287 0.0 51
1783889554289 0.0 52
1783889554290 0.0 53
1783889554292 0.0 54
1783889554293 0.0 55
1783889554295 0.0 56
1783889554296 0.0 57
1783889554297 0.0 58
1783889554299 0.0 59
1783889554300 0.0 60
1783889554302 0.0 61
1783889554303 0.0 62
1783889554305 0.0 63
1783889554306 0.0 64
1783889554307 0.0 65
1783889554309 0.0 66
1783889554310 0.0 67
1783889554312 0.0 68
1783889554313 0.0 69
1783889554314 0.0 70
1783889554316 0.0 71
1783889554317 0.0 72
1783889554319 0.0 73
1783889554320 0.0 74
1783889554322 0.0 75
1783889554323 0.0 76
1783889554325 0.0 77
1783889554326 0.0 78
1783889554327 0.0 79
1783889554329 0.0 80
1783889554330 0.0 81
1783889554332 0.0 82
1783889554333 0.0 83
1783889554334 0.0 84
1783889554336 0.0 85
1783889554337 0.0 86
1783889554339 0.0 87
1783889554340 0.0 88
1783889554342 0.0 89
1783889554343 0.0 90
1783889554344 0.0 91
1783889554346 0.0 92
1783889554347 0.0 93
1783889554349 0.0 94
