1780314137717 0.21157985039055346 1
1780314137719 0.16703492566943168 2
1780314137721 0.13042059522122146 3
1780314137723 0.10294970974326134 4
1780314137726 0.08181838102638722 5
1780314137728 0.06557636462152004 6
1780314137730 0.05319352235645056 7
1780314137732 0.04367859886959195 8
1780314137734 0.03623982248827815 9
1780314137736 0.030452024843543767 10
1780314137738 0.025858718929812313 11
1780314137740 0.02207577783614397 12
1780314137742 0.019022376742213964 13
1780314137744 0.01655447526834905 14
1780314137747 0.01452538337558508 15
1780314137749 0.012750564422458411 16
1780314137751 0.011286558462306856 17
1780314137753 0.01004691652720794 18
1780314137755 0.008984768041409552 19
1780314137757 0.00810383619973436 20
1780314137759 0.0073614528076723215 21
1780314137761 0.006694240542128682 22
1780314137763 0.006122217599768192 23
1780314137766 0.005590330464765429 24
1780314137768 0.00514160418882966 25
1780314137770 0.004740171298617497 26
1780314137772 0.004406600336078554 27
1780314137774 0.004091021012281999 28
1780314137776 0.003828392446739599 29
1780314137778 0.003587995485868305 30
1780314137780 0.003431651130085811 31
1780314137783 0.003214379644487053 32
1780314137785 0.00300580047594849 33
1780314137787 0.002871074859285727 34
1780314137789 0.002733887733775191 35
1780314137791 0.002618334242142737 36
1780314137793 0.0025066273577976973 37
1780314137795 0.0024082667665788903 38
1780314137797 0.002297486229217611 39
1780314137799 0.002211535039241426 40
1780314137802 0.0021442383111570963 41
1780314137804 0.002074038903811015 42
1780314137806 0.0020037545287050307 43
1780314137808 0.0019448545342311263 44
1780314137810 0.0019023149661370553 45
1780314137812 0.0018700584972975776 46
1780314137814 0.0018364457512507215 47
1780314137816 0.0017905621472164056 48
1780314137818 0.001729556722275447 49
1780314137821 0.0016834760337951593 50
1780314137823 0.0016462189023150131 51
1780314137825 0.0016298290365375579 52
1780314137827 0.0016288100930978544 53
1780314137829 0.0016226910991827025 54
1780314137831 0.001593663009116426 55
1780314137833 0.0015524744128924794 56
1780314137835 0.0015264894725987687 57
1780314137837 0.0014944400551030411 58
1780314137839 0.001476348558353493 59
1780314137842 0.0014700618718052282 60
1780314137844 0.0014895169444207569 61
1780314137846 0.0014961828774539753 62
1780314137848 0.0014577951435057912 63
1780314137850 0.00143411346944049 64
1780314137852 0.0014092562595033086 65
1780314137854 0.0013977028716908534 66
1780314137856 0.0013859183171007316 67
1780314137859 0.0013799092393310276 68
1780314137861 0.0013657450888422318 69
1780314137863 0.0013662658362591173 70
1780314137865 0.0013682944757601944 71
1780314137867 0.0013707436644472182 72
1780314137869 0.0013485771682462656 73
1780314137871 0.0013278508232906462 74
1780314137873 0.0013093017107166816 75
1780314137875 0.001310303259670036 76
1780314137878 0.0012810732329671737 77
1780314137880 0.001256336726437439 78
1780314137882 0.0012462509269244037 79
1780314137884 0.0012397864931699587 80
1780314137886 0.0012356529767566825 81
1780314137888 0.001232199894147925 82
1780314137891 0.0012296452830923954 83
1780314137893 0.0012263340484059881 84
1780314137895 0.001224552403364214 85
1780314137897 0.0012120314099593088 86
1780314137899 0.0012044941695057787 87
