1783880371267 0.0 1
1783880371268 0.0 2
1783880371269 0.0 3
1783880371271 0.0 4
1783880371272 0.0 5
1783880371274 0.0 6
1783880371275 0.0 7
1783880371277 0.0 8
1783880371278 0.0 9
1783880371280 0.0 10
1783880371281 0.0 11
1783880371283 0.0 12
1783880371284 0.0 13
1783880371286 0.0 14
1783880371287 0.0 15
1783880371288 0.0 16
1783880371290 0.0 17
1783880371291 0.0 18
1783880371293 0.0 19
1783880371294 0.0 20
1783880371296 0.0 21
1783880371297 0.0 22
1783880371298 0.0 23
1783880371300 0.0 24
1783880371301 0.0 25
1783880371303 0.0 26
1783880371304 0.0 27
1783880371306 0.0 28
1783880371307 0.0 29
1783880371308 0.0 30
1783880371310 0.0 31
1783880371311 0.0 32
1783880371313 0.0 33
1783880371314 0.0 34
1783880371316 0.0 35
1783880371317 0.0 36
1783880371319 0.0 37
1783880371320 0.0 38
1783880371321 0.0 39
1783880371323 0.0 40
1783880371324 0.0 41
1783880371326 0.0 42
1783880371327 0.0 43
1783880371329 0.0 44
1783880371330 0.0 45
1783880371332 0.0 46
1783880371333 0.0 47
1783880371334 0.0 48
1783880371336 0.0 49
1783880371337 0.0 50
1783880371339 0.0 51
1783880371340 0.0 52
1783880371342 0.0 53
1783880371343 0.0 54
1783880371344 0.0 55
1783880371346 0.0 56
1783880371347 0.0 57
1783880371349 0.0 58
1783880371350 0.0 59
1783880371352 0.0 60
1783880371353 0.0 61
1783880371354 0.0 62
1783880371356 0.0 63
1783880371357 0.0 64
1783880371359 0.0 65
1783880371360 0.0 66
1783880371362 0.0 67
1783880371363 0.0 68
1783880371364 0.0 69
1783880371366 0.0 70
