1783880371065 0.1554089643806219 1
1783880371066 0.05213134464807809 2
1783880371068 0.021377879162319004 3
1783880371069 0.011721350620500743 4
1783880371071 0.007937079016119241 5
1783880371072 0.006016799536300823 6
1783880371074 0.004844030466629192 7
1783880371075 0.004210244562709704 8
1783880371077 0.0035687534301541745 9
1783880371078 0.0031964012782555074 10
1783880371079 0.0029343023092951626 11
1783880371081 0.0026870594339561647 12
1783880371082 0.002541097898792941 13
1783880371084 0.0024252478723064998 14
1783880371085 0.002332078539475333 15
1783880371087 0.0022581346207880414 16
1783880371088 0.0021398876531748103 17
1783880371090 0.00211487050721189 18
1783880371091 0.002037634081207216 19
1783880371093 0.0019925998072721995 20
1783880371094 0.0019402366096619517 21
1783880371095 0.0019512582896277309 22
1783880371097 0.001935982193244854 23
1783880371098 0.0018658595721353776 24
1783880371100 0.00183347826343379 25
1783880371101 0.0017996056452102493 26
1783880371103 0.0017997106452821753 27
1783880371104 0.0017891348377452232 28
1783880371105 0.0017686213650449645 29
1783880371107 0.001731036045093788 30
1783880371108 0.0016889150542556308 31
1783880371110 0.0016958833087119274 32
1783880371111 0.0016755978541914374 33
1783880371113 0.001680243996088393 34
1783880371114 0.0017090743004519026 35
1783880371115 0.0016471556532633258 36
1783880371117 0.001611423281719908 37
1783880371118 0.0015850067696010228 38
1783880371120 0.0015872519236290827 39
1783880371121 0.0015865124923584517 40
1783880371123 0.0015775281557580457 41
1783880371124 0.0015806569295818917 42
1783880371126 0.0015774373106251004 43
1783880371127 0.0015622830828942824 44
1783880371129 0.0015512188800494186 45
1783880371130 0.0015574380618636496 46
1783880371131 0.0015469036159629467 47
1783880371133 0.0015305175663525006 48
1783880371134 0.0015242173310980433 49
1783880371136 0.001522839422468678 50
1783880371137 0.0015125596490543102 51
1783880371139 0.0015122248674742877 52
1783880371140 0.001516544289625017 53
1783880371142 0.0015150394544616575 54
1783880371143 0.0014979432738618924 55
1783880371144 0.0015032481589878444 56
1783880371146 0.0014974529160826932 57
1783880371147 0.00148745473154122 58
1783880371149 0.0014879440257209353 59
1783880371150 0.0014916910883766832 60
1783880371152 0.0014950117442640476 61
1783880371153 0.0014870096104277763 62
1783880371154 0.0014905481327150483 63
1783880371156 0.0014878449755633483 64
1783880371157 0.0014817478377517545 65
1783880371159 0.0014889743951061974 66
1783880371160 0.0014785442822176265 67
1783880371162 0.001483037571888417 68
1783880371163 0.001476688595212181 69
1783880371165 0.001473684945012792 70
