1783880371367 0.0 1
1783880371369 0.0 2
1783880371370 0.0 3
1783880371372 0.0 4
1783880371373 0.0 5
1783880371375 0.0 6
1783880371376 0.0 7
1783880371377 0.0 8
1783880371379 0.0 9
1783880371380 0.0 10
1783880371382 0.0 11
1783880371383 0.0 12
1783880371385 0.0 13
1783880371386 0.0 14
1783880371387 0.0 15
1783880371389 0.0 16
1783880371390 0.0 17
1783880371392 0.0 18
1783880371393 0.0 19
1783880371395 0.0 20
1783880371396 0.0 21
1783880371398 0.0 22
1783880371399 0.0 23
1783880371400 0.0 24
1783880371402 0.0 25
1783880371403 0.0 26
1783880371405 0.0 27
1783880371406 0.0 28
1783880371408 0.0 29
1783880371409 0.0 30
1783880371410 0.0 31
1783880371412 0.0 32
1783880371413 0.0 33
1783880371415 0.0 34
1783880371416 0.0 35
1783880371418 0.0 36
1783880371419 0.0 37
1783880371420 0.0 38
1783880371422 0.0 39
1783880371423 0.0 40
1783880371425 0.0 41
1783880371426 0.0 42
1783880371428 0.0 43
1783880371429 0.0 44
1783880371430 0.0 45
1783880371432 0.0 46
1783880371433 0.0 47
1783880371435 0.0 48
1783880371436 0.0 49
1783880371438 0.0 50
1783880371439 0.0 51
1783880371441 0.0 52
1783880371442 0.0 53
1783880371443 0.0 54
1783880371445 0.0 55
1783880371446 0.0 56
1783880371448 0.0 57
1783880371449 0.0 58
1783880371451 0.0 59
1783880371452 0.0 60
1783880371453 0.0 61
1783880371455 0.0 62
1783880371456 0.0 63
1783880371458 0.0 64
1783880371459 0.0 65
1783880371461 0.0 66
1783880371462 0.0 67
1783880371463 0.0 68
1783880371465 0.0 69
1783880371466 0.0 70
