1783921476574 0.025568506247363985 1
1783921476576 0.003797051214205567 2
1783921476577 0.003804658032458974 3
1783921476578 0.0035392987850354986 4
1783921476579 0.0031693580302817282 5
1783921476581 0.0029606964596314354 6
1783921476582 0.0029840217559831215 7
1783921476583 0.0027716085128486156 8
1783921476584 0.0028706956200767308 9
1783921476585 0.00265426959405886 10
1783921476586 0.0024211348217795603 11
1783921476588 0.002419672604301013 12
1783921476589 0.002195306898211129 13
1783921476590 0.0021174330996291246 14
1783921476591 0.002087437194859376 15
1783921476592 0.0019687220377090854 16
1783921476594 0.002019008356728591 17
1783921476595 0.002196042453724658 18
1783921476596 0.0018201709764252881 19
1783921476597 0.0018530002437182702 20
1783921476598 0.001899778812075965 21
1783921476599 0.0018433144986920525 22
1783921476601 0.0016692425972723867 23
1783921476602 0.0017047857218130957 24
1783921476603 0.0016537705171504058 25
1783921476604 0.0016839406843064354 26
1783921476605 0.0016192540437623393 27
1783921476607 0.0017219994765764568 28
1783921476608 0.0018164774707111065 29
1783921476609 0.0016523426043568178 30
1783921476610 0.0015626956472260644 31
1783921476611 0.00161773448184249 32
1783921476612 0.0016908311086444882 33
1783921476614 0.0016751022988319164 34
1783921476615 0.0014563059718057047 35
1783921476616 0.001373971245411667 36
1783921476617 0.001329978359863162 37
1783921476618 0.0014481423297547735 38
1783921476619 0.0014013515111582818 39
1783921476621 0.0014911834599479333 40
1783921476622 0.0014775602049485314 41
1783921476623 0.001423407859983854 42
1783921476624 0.0013910440398467471 43
1783921476626 0.0014083753527665977 44
1783921476627 0.0012880122936621773 45
1783921476628 0.0012169806017482188 46
1783921476629 0.001234343027608702 47
1783921476630 0.001206376547779655 48
1783921476631 0.0011948061389557552 49
1783921476633 0.0012292106710083317 50
1783921476634 0.0015825099716312253 51
1783921476635 0.001393972875230247 52
1783921476636 0.0012426116681308486 53
1783921476637 0.0011243143805768341 54
1783921476638 0.0010578680679464013 55
1783921476640 0.001052139105304377 56
1783921476641 0.0011079520855855661 57
1783921476642 0.0012213522398087661 58
1783921476643 0.0011354256459162571 59
1783921476644 0.001159188252495369 60
1783921476646 0.0011217862343619344 61
1783921476647 0.0011247296641522552 62
1783921476648 0.0010771427747386041 63
1783921476649 0.001021244838120765 64
1783921476650 0.0011270106251322432 65
1783921476651 0.0014847354778612498 66
1783921476653 0.0013601020711939782 67
1783921476654 0.0011609777787089115 68
1783921476655 0.0010342572611261858 69
1783921476656 0.0009530069281026953 70
1783921476657 0.000878953454157454 71
1783921476658 0.0008589561314875028 72
1783921476660 0.0008817709768482019 73
1783921476661 0.0009445449274062412 74
1783921476662 0.0010580446374660823 75
1783921476663 0.001291556038268027 76
1783921476664 0.0010697693994734436 77
1783921476666 0.0009063974586752011 78
1783921476667 0.0008856010081217391 79
1783921476668 0.0008924712742737029 80
1783921476669 0.0009776753326877952 81
1783921476670 0.0010446759405749618 82
1783921476671 0.001027873940911377 83
1783921476673 0.0008766759910940891 84
1783921476674 0.0008968385970365488 85
1783921476675 0.000806021491298452 86
1783921476676 0.0008058564701059368 87
1783921476677 0.0007959749611472944 88
1783921476678 0.001338186934881378 89
1783921476680 0.0011121812446799595 90
1783921476681 0.0009938974315446103 91
1783921476682 0.0007800012134248391 92
1783921476683 0.0006997874999797205 93
1783921476684 0.0006716562240762869 94
1783921476686 0.0006509913012996549 95
1783921476687 0.0006371642102021724 96
1783921476688 0.0006255489970499184 97
1783921476689 0.0006133026177121792 98
1783921476690 0.0006141621199640213 99
1783921476691 0.0006114640743908239 100
1783921476693 0.0006126497872173786 101
1783921476694 0.0006164993035781662 102
1783921476695 0.0006128370822989381 103
1783921476696 0.0005989523377502337 104
1783921476697 0.0005911733024549904 105
1783921476698 0.000594675967367948 106
1783921476700 0.0005617266369517893 107
1783921476701 0.0005258099205821054 108
1783921476702 0.000513497697247658 109
1783921476703 0.0005067429182963679 110
1783921476704 0.0005006846300238976 111
1783921476705 0.0004946497955825179 112
1783921476707 0.0004916781507927226 113
1783921476708 0.0004902282364128042 114
1783921476709 0.0004970176569622708 115
1783921476710 0.0004985794494132278 116
1783921476711 0.0005008294369326905 117
1783921476713 0.00047777809770195746 118
1783921476714 0.0004616584167160909 119
1783921476715 0.0004559661169332685 120
1783921476716 0.0004527612897072686 121
1783921476717 0.0004501328939659288 122
1783921476718 0.0004473186004906893 123
1783921476720 0.00044489838954177687 124
1783921476721 0.0004426997962218593 125
1783921476722 0.0004403189357617521 126
1783921476723 0.0004383417933786404 127
1783921476724 0.0004364641106076306 128
1783921476725 0.00043042431309004315 129
1783921476727 0.00042676063527324003 130
1783921476728 0.0004250439366296632 131
1783921476729 0.0004235759616130963 132
1783921476730 0.0004223550153255928 133
1783921476731 0.0004210774506282178 134
1783921476733 0.00041964452204410916 135
1783921476734 0.0004184395761694759 136
1783921476735 0.00041705876639753115 137
1783921476736 0.00041579702512535734 138
1783921476737 0.0004146204799690167 139
1783921476738 0.0004110830047284253 140
1783921476739 0.00040991835274326147 141
1783921476740 0.00040918516169767826 142
1783921476741 0.000408483744613477 143
1783921476742 0.0004077322540251771 144
1783921476743 0.00040711306635785147 145
