1783921476894 0.0 1
1783921476895 0.0 2
1783921476896 0.0 3
1783921476897 0.0 4
1783921476898 0.0 5
1783921476899 0.0 6
1783921476901 0.0 7
1783921476902 0.0 8
1783921476903 0.0 9
1783921476904 0.0 10
1783921476905 0.0 11
1783921476906 0.0 12
1783921476907 0.0 13
1783921476908 0.0 14
1783921476909 0.0 15
1783921476910 0.0 16
1783921476911 0.0 17
1783921476912 0.0 18
1783921476913 0.0 19
1783921476914 0.0 20
1783921476915 0.0 21
1783921476916 0.0 22
1783921476917 0.0 23
1783921476918 0.0 24
1783921476919 0.0 25
1783921476920 0.0 26
1783921476921 0.0 27
1783921476922 0.0 28
1783921476923 0.0 29
1783921476924 0.0 30
1783921476925 0.0 31
1783921476926 0.0 32
1783921476927 0.0 33
1783921476928 0.0 34
1783921476929 0.0 35
1783921476931 0.0 36
1783921476932 0.0 37
1783921476933 0.0 38
1783921476934 0.0 39
1783921476935 0.0 40
1783921476936 0.0 41
1783921476937 0.0 42
1783921476938 0.0 43
1783921476939 0.0 44
1783921476940 0.0 45
1783921476941 0.0 46
1783921476942 0.0 47
1783921476943 0.0 48
1783921476944 0.0 49
1783921476945 0.0 50
1783921476946 0.0 51
1783921476947 0.0 52
1783921476948 0.0 53
1783921476949 0.0 54
1783921476950 0.0 55
1783921476951 0.0 56
1783921476952 0.0 57
1783921476953 0.0 58
1783921476954 0.0 59
1783921476955 0.0 60
1783921476956 0.0 61
1783921476957 0.0 62
1783921476958 0.0 63
1783921476959 0.0 64
1783921476960 0.0 65
1783921476961 0.0 66
1783921476962 0.0 67
1783921476963 0.0 68
1783921476964 0.0 69
1783921476966 0.0 70
1783921476967 0.0 71
1783921476968 0.0 72
1783921476969 0.0 73
1783921476970 0.0 74
1783921476971 0.0 75
1783921476972 0.0 76
1783921476973 0.0 77
1783921476974 0.0 78
1783921476975 0.0 79
1783921476976 0.0 80
1783921476977 0.0 81
1783921476978 0.0 82
1783921476979 0.0 83
1783921476980 0.0 84
1783921476982 0.0 85
1783921476983 0.0 86
1783921476984 0.0 87
1783921476985 0.0 88
1783921476986 0.0 89
1783921476986 0.0 90
1783921476987 0.0 91
1783921476988 0.0 92
1783921476989 0.0 93
1783921476990 0.0 94
1783921476991 0.0 95
1783921476993 0.0 96
1783921476994 0.0 97
1783921476995 0.0 98
1783921476996 0.0 99
1783921476997 0.0 100
1783921476998 0.0 101
1783921476999 0.0 102
1783921477000 0.0 103
1783921477001 0.0 104
1783921477002 0.0 105
1783921477003 0.0 106
1783921477004 0.0 107
1783921477005 0.0 108
1783921477006 0.0 109
1783921477007 0.0 110
1783921477008 0.0 111
1783921477009 0.0 112
1783921477010 0.0 113
1783921477012 0.0 114
1783921477013 0.0 115
1783921477014 0.0 116
1783921477015 0.0 117
1783921477016 0.0 118
1783921477017 0.0 119
1783921477018 0.0 120
1783921477019 0.0 121
1783921477020 0.0 122
1783921477021 0.0 123
1783921477023 0.0 124
1783921477024 0.0 125
1783921477025 0.0 126
1783921477025 0.0 127
1783921477026 0.0 128
1783921477028 0.0 129
1783921477029 0.0 130
1783921477030 0.0 131
1783921477031 0.0 132
1783921477032 0.0 133
1783921477033 0.0 134
1783921477034 0.0 135
1783921477035 0.0 136
1783921477036 0.0 137
1783921477037 0.0 138
1783921477038 0.0 139
1783921477039 0.0 140
1783921477040 0.0 141
1783921477041 0.0 142
1783921477042 0.0 143
1783921477043 0.0 144
1783921477044 0.0 145
