1783921477045 0.0 1
1783921477046 0.0 2
1783921477047 0.0 3
1783921477048 0.0 4
1783921477049 0.0 5
1783921477050 0.0 6
1783921477051 0.0 7
1783921477052 0.0 8
1783921477053 0.0 9
1783921477054 0.0 10
1783921477055 0.0 11
1783921477056 0.0 12
1783921477057 0.0 13
1783921477058 0.0 14
1783921477060 0.0 15
1783921477061 0.0 16
1783921477062 0.0 17
1783921477063 0.0 18
1783921477064 0.0 19
1783921477065 0.0 20
1783921477067 0.0 21
1783921477068 0.0 22
1783921477069 0.0 23
1783921477070 0.0 24
1783921477071 0.0 25
1783921477073 0.0 26
1783921477074 0.0 27
1783921477075 0.0 28
1783921477076 0.0 29
1783921477077 0.0 30
1783921477078 0.0 31
1783921477080 0.0 32
1783921477081 0.0 33
1783921477082 0.0 34
1783921477083 0.0 35
1783921477084 0.0 36
1783921477085 0.0 37
1783921477087 0.0 38
1783921477088 0.0 39
1783921477089 0.0 40
1783921477090 0.0 41
1783921477091 0.0 42
1783921477092 0.0 43
1783921477093 0.0 44
1783921477094 0.0 45
1783921477095 0.0 46
1783921477097 0.0 47
1783921477098 0.0 48
1783921477099 0.0 49
1783921477100 0.0 50
1783921477101 0.0 51
1783921477102 0.0 52
1783921477104 0.0 53
1783921477105 0.0 54
1783921477106 0.0 55
1783921477107 0.0 56
1783921477108 0.0 57
1783921477110 0.0 58
1783921477111 0.0 59
1783921477112 0.0 60
1783921477113 0.0 61
1783921477114 0.0 62
1783921477115 0.0 63
1783921477116 0.0 64
1783921477117 0.0 65
1783921477118 0.0 66
1783921477119 0.0 67
1783921477121 0.0 68
1783921477122 0.0 69
1783921477123 0.0 70
1783921477124 0.0 71
1783921477125 0.0 72
1783921477126 0.0 73
1783921477127 0.0 74
1783921477128 0.0 75
1783921477129 0.0 76
1783921477130 0.0 77
1783921477131 0.0 78
1783921477132 0.0 79
1783921477133 0.0 80
1783921477134 0.0 81
1783921477135 0.0 82
1783921477136 0.0 83
1783921477137 0.0 84
1783921477138 0.0 85
1783921477139 0.0 86
1783921477140 0.0 87
1783921477141 0.0 88
1783921477142 0.0 89
1783921477143 0.0 90
1783921477144 0.0 91
1783921477145 0.0 92
1783921477147 0.0 93
1783921477148 0.0 94
1783921477149 0.0 95
1783921477150 0.0 96
1783921477151 0.0 97
1783921477152 0.0 98
1783921477153 0.0 99
1783921477154 0.0 100
1783921477155 0.0 101
1783921477156 0.0 102
1783921477157 0.0 103
1783921477158 0.0 104
1783921477159 0.0 105
1783921477160 0.0 106
1783921477161 0.0 107
1783921477162 0.0 108
1783921477163 0.0 109
1783921477164 0.0 110
1783921477165 0.0 111
1783921477166 0.0 112
1783921477167 0.0 113
1783921477168 0.0 114
1783921477169 0.0 115
1783921477170 0.0 116
1783921477171 0.0 117
1783921477172 0.0 118
1783921477174 0.0 119
1783921477175 0.0 120
1783921477176 0.0 121
1783921477177 0.0 122
1783921477178 0.0 123
1783921477179 0.0 124
1783921477181 0.0 125
1783921477182 0.0 126
1783921477183 0.0 127
1783921477184 0.0 128
1783921477185 0.0 129
1783921477186 0.0 130
1783921477187 0.0 131
1783921477188 0.0 132
1783921477190 0.0 133
1783921477191 0.0 134
1783921477192 0.0 135
1783921477193 0.0 136
1783921477194 0.0 137
1783921477195 0.0 138
1783921477196 0.0 139
1783921477197 0.0 140
1783921477198 0.0 141
1783921477199 0.0 142
1783921477200 0.0 143
1783921477201 0.0 144
1783921477202 0.0 145
