1782239666368 0.09233338406309485 1
1782239666370 0.03212289516814053 2
1782239666371 0.015835480112582446 3
1782239666372 0.009654484540224075 4
1782239666374 0.006773653030395507 5
1782239666375 0.005213272827677429 6
1782239666376 0.004184391152812168 7
1782239666378 0.003474999729078263 8
1782239666379 0.0030581814533798025 9
1782239666380 0.0027635701035615056 10
1782239666381 0.0025290912255877627 11
1782239666383 0.0023151861393125727 12
1782239666384 0.0021462155389599504 13
1782239666385 0.002008337261795532 14
1782239666386 0.0019217195376404561 15
1782239666388 0.001792494293767959 16
1782239666389 0.0017138000769773498 17
1782239666390 0.0016891030769329517 18
1782239666391 0.0016325171862263232 19
1782239666393 0.001664426792121958 20
1782239666394 0.0016220744739985093 21
1782239666395 0.0015633306831296068 22
1782239666396 0.0014581187066505664 23
1782239666398 0.001388014975382248 24
1782239666399 0.0013448134221835063 25
1782239666400 0.0013176120184652973 26
1782239666401 0.0013080103632819374 27
1782239666403 0.0012938738397497219 28
1782239666404 0.0013128551535191947 29
1782239666405 0.0012605471708229744 30
1782239666406 0.0012319284690602216 31
1782239666408 0.0012332050212717149 32
1782239666409 0.0012187671788706212 33
1782239666410 0.0012079389917198568 34
1782239666411 0.0011707866662618472 35
1782239666413 0.0011604052899929229 36
1782239666414 0.0011261108671169495 37
1782239666415 0.0011002608395938296 38
1782239666416 0.0010745626684365561 39
1782239666418 0.0010729780566907721 40
1782239666419 0.0010823949140467447 41
1782239666420 0.0010938021566835232 42
1782239666421 0.0010924646131024928 43
1782239666423 0.0010906393834011396 44
1782239666424 0.0010793364130950067 45
1782239666425 0.0010390781958267326 46
1782239666426 0.0010185923473909498 47
1782239666428 0.0009858484743745066 48
1782239666429 0.0009864658046717524 49
1782239666430 0.0009857837068557274 50
1782239666431 0.0009940592603379628 51
1782239666433 0.0009385539491631789 52
1782239666434 0.0008961080502922414 53
1782239666435 0.0008754804374621017 54
1782239666436 0.000863532644798397 55
1782239666438 0.000855371406141785 56
1782239666439 0.0008489812535844976 57
1782239666440 0.0008430240915913601 58
1782239666441 0.0008323358220877708 59
1782239666443 0.0008262078554253094 60
1782239666444 0.0008228744590087444 61
1782239666445 0.0008191698736118269 62
1782239666446 0.0008159246728610015 63
1782239666448 0.0008121930968991364 64
1782239666449 0.0008091554231577903 65
1782239666450 0.0008030421869989369 66
1782239666451 0.0007998749018952367 67
1782239666453 0.0007976515685368213 68
1782239666454 0.0007954618030635174 69
1782239666455 0.0007936206770682475 70
1782239666456 0.0007915886532646254 71
1782239666458 0.0007899201715554227 72
1782239666459 0.0007859725943490048 73
1782239666460 0.0007845847334465361 74
