1782239666646 0.0 1
1782239666647 0.0 2
1782239666648 0.0 3
1782239666650 0.0 4
1782239666651 0.0 5
1782239666652 0.0 6
1782239666653 0.0 7
1782239666655 0.0 8
1782239666656 0.0 9
1782239666657 0.0 10
1782239666658 0.0 11
1782239666660 0.0 12
1782239666661 0.0 13
1782239666662 0.0 14
1782239666663 0.0 15
1782239666665 0.0 16
1782239666666 0.0 17
1782239666667 0.0 18
1782239666668 0.0 19
1782239666670 0.0 20
1782239666671 0.0 21
1782239666672 0.0 22
1782239666673 0.0 23
1782239666674 0.0 24
1782239666676 0.0 25
1782239666677 0.0 26
1782239666678 0.0 27
1782239666679 0.0 28
1782239666681 0.0 29
1782239666682 0.0 30
1782239666683 0.0 31
1782239666684 0.0 32
1782239666686 0.0 33
1782239666687 0.0 34
1782239666688 0.0 35
1782239666689 0.0 36
1782239666691 0.0 37
1782239666692 0.0 38
1782239666693 0.0 39
1782239666694 0.0 40
1782239666696 0.0 41
1782239666697 0.0 42
1782239666698 0.0 43
1782239666699 0.0 44
1782239666701 0.0 45
1782239666702 0.0 46
1782239666703 0.0 47
1782239666704 0.0 48
1782239666706 0.0 49
1782239666707 0.0 50
1782239666708 0.0 51
1782239666709 0.0 52
1782239666711 0.0 53
1782239666712 0.0 54
1782239666713 0.0 55
1782239666714 0.0 56
1782239666716 0.0 57
1782239666717 0.0 58
1782239666718 0.0 59
1782239666719 0.0 60
1782239666721 0.0 61
1782239666722 0.0 62
1782239666723 0.0 63
1782239666724 0.0 64
1782239666726 0.0 65
1782239666727 0.0 66
1782239666728 0.0 67
1782239666729 0.0 68
1782239666731 0.0 69
1782239666732 0.0 70
1782239666733 0.0 71
1782239666734 0.0 72
1782239666736 0.0 73
1782239666737 0.0 74
