1782239666554 0.0 1
1782239666555 0.0 2
1782239666556 0.0 3
1782239666557 0.0 4
1782239666559 0.0 5
1782239666560 0.0 6
1782239666561 0.0 7
1782239666563 0.0 8
1782239666564 0.0 9
1782239666565 0.0 10
1782239666566 0.0 11
1782239666568 0.0 12
1782239666569 0.0 13
1782239666570 0.0 14
1782239666571 0.0 15
1782239666573 0.0 16
1782239666574 0.0 17
1782239666575 0.0 18
1782239666576 0.0 19
1782239666578 0.0 20
1782239666579 0.0 21
1782239666580 0.0 22
1782239666581 0.0 23
1782239666583 0.0 24
1782239666584 0.0 25
1782239666585 0.0 26
1782239666586 0.0 27
1782239666588 0.0 28
1782239666589 0.0 29
1782239666590 0.0 30
1782239666591 0.0 31
1782239666592 0.0 32
1782239666594 0.0 33
1782239666595 0.0 34
1782239666596 0.0 35
1782239666597 0.0 36
1782239666599 0.0 37
1782239666600 0.0 38
1782239666601 0.0 39
1782239666602 0.0 40
1782239666604 0.0 41
1782239666605 0.0 42
1782239666606 0.0 43
1782239666607 0.0 44
1782239666609 0.0 45
1782239666610 0.0 46
1782239666611 0.0 47
1782239666612 0.0 48
1782239666614 0.0 49
1782239666615 0.0 50
1782239666616 0.0 51
1782239666617 0.0 52
1782239666619 0.0 53
1782239666620 0.0 54
1782239666621 0.0 55
1782239666622 0.0 56
1782239666623 0.0 57
1782239666625 0.0 58
1782239666626 0.0 59
1782239666627 0.0 60
1782239666628 0.0 61
1782239666630 0.0 62
1782239666631 0.0 63
1782239666632 0.0 64
1782239666633 0.0 65
1782239666635 0.0 66
1782239666636 0.0 67
1782239666637 0.0 68
1782239666638 0.0 69
1782239666640 0.0 70
1782239666641 0.0 71
1782239666642 0.0 72
1782239666643 0.0 73
1782239666645 0.0 74
