1785103492488 0.0 1
1785103492490 0.0 2
1785103492491 0.0 3
1785103492492 0.0 4
1785103492493 0.0 5
1785103492495 0.0 6
1785103492496 0.0 7
1785103492497 0.0 8
1785103492498 0.0 9
1785103492500 0.0 10
1785103492501 0.0 11
1785103492502 0.0 12
1785103492503 0.0 13
1785103492504 0.0 14
1785103492506 0.0 15
1785103492507 0.0 16
1785103492508 0.0 17
1785103492509 0.0 18
1785103492511 0.0 19
1785103492512 0.0 20
1785103492513 0.0 21
1785103492514 0.0 22
1785103492516 0.0 23
1785103492517 0.0 24
1785103492518 0.0 25
1785103492519 0.0 26
1785103492521 0.0 27
1785103492522 0.0 28
1785103492523 0.0 29
1785103492524 0.0 30
1785103492526 0.0 31
1785103492527 0.0 32
1785103492528 0.0 33
1785103492529 0.0 34
1785103492531 0.0 35
1785103492532 0.0 36
1785103492533 0.0 37
1785103492534 0.0 38
1785103492536 0.0 39
1785103492537 0.0 40
1785103492538 0.0 41
1785103492539 0.0 42
1785103492541 0.0 43
1785103492542 0.0 44
1785103492543 0.0 45
1785103492544 0.0 46
1785103492545 0.0 47
1785103492547 0.0 48
1785103492548 0.0 49
1785103492549 0.0 50
1785103492550 0.0 51
1785103492552 0.0 52
1785103492553 0.0 53
1785103492554 0.0 54
