1785103492354 0.014409850519732571 1
1785103492355 0.004401718291046563 2
1785103492356 0.00377830128534697 3
1785103492358 0.003559080029372126 4
1785103492359 0.003354873665375635 5
1785103492360 0.00351010596845299 6
1785103492361 0.003244591005204711 7
1785103492363 0.00313799743889831 8
1785103492364 0.0030300785080180502 9
1785103492365 0.0029526209947653113 10
1785103492366 0.002960203129332513 11
1785103492368 0.002964010552386753 12
1785103492369 0.0028511397939291784 13
1785103492370 0.002780343404156156 14
1785103492371 0.0025332255006651396 15
1785103492373 0.002544427346001612 16
1785103492374 0.0025109830230940133 17
1785103492375 0.00239127437438583 18
1785103492376 0.002307250816957094 19
1785103492378 0.002325367337616626 20
1785103492379 0.00232125147478655 21
1785103492380 0.0022973236299003476 22
1785103492381 0.002328083796746796 23
1785103492383 0.0020653675028006547 24
1785103492384 0.0019269274768885225 25
1785103492385 0.0018811255489708857 26
1785103492386 0.0018599725354579277 27
1785103492388 0.0018492961337324232 28
1785103492389 0.0018183784022403416 29
1785103492390 0.0017459461724502034 30
1785103492391 0.0016670960068586283 31
1785103492393 0.0016392250391072593 32
1785103492394 0.001643655549705727 33
1785103492395 0.0016239373579446691 34
1785103492396 0.001609243008424528 35
1785103492397 0.0016114273596031126 36
1785103492399 0.0015927469571761321 37
1785103492400 0.0016326751539600083 38
1785103492401 0.0015809618328057695 39
1785103492402 0.001548610343306791 40
1785103492404 0.0014881037911982275 41
1785103492405 0.0014938429911853747 42
1785103492406 0.0014710376159928274 43
1785103492407 0.0014692897515487858 44
1785103492409 0.0014434822980547324 45
1785103492410 0.0014402340998640284 46
1785103492411 0.0014366305248404388 47
1785103492412 0.0014373047681874595 48
1785103492414 0.00143157618236728 49
1785103492415 0.0014281864954682534 50
1785103492416 0.0014252030008356086 51
1785103492417 0.0014087206771364435 52
1785103492419 0.00140883877480519 53
1785103492420 0.0014139938191510737 54
