1785103492555 0.0 1
1785103492557 0.0 2
1785103492558 0.0 3
1785103492559 0.0 4
1785103492560 0.0 5
1785103492562 0.0 6
1785103492563 0.0 7
1785103492564 0.0 8
1785103492565 0.0 9
1785103492567 0.0 10
1785103492568 0.0 11
1785103492569 0.0 12
1785103492570 0.0 13
1785103492572 0.0 14
1785103492573 0.0 15
1785103492574 0.0 16
1785103492575 0.0 17
1785103492577 0.0 18
1785103492578 0.0 19
1785103492579 0.0 20
1785103492580 0.0 21
1785103492582 0.0 22
1785103492583 0.0 23
1785103492584 0.0 24
1785103492585 0.0 25
1785103492586 0.0 26
1785103492588 0.0 27
1785103492589 0.0 28
1785103492590 0.0 29
1785103492592 0.0 30
1785103492593 0.0 31
1785103492594 0.0 32
1785103492595 0.0 33
1785103492596 0.0 34
1785103492598 0.0 35
1785103492599 0.0 36
1785103492600 0.0 37
1785103492601 0.0 38
1785103492603 0.0 39
1785103492604 0.0 40
1785103492605 0.0 41
1785103492606 0.0 42
1785103492608 0.0 43
1785103492609 0.0 44
1785103492610 0.0 45
1785103492611 0.0 46
1785103492613 0.0 47
1785103492614 0.0 48
1785103492615 0.0 49
1785103492616 0.0 50
1785103492617 0.0 51
1785103492619 0.0 52
1785103492620 0.0 53
1785103492621 0.0 54
