1780314164208 0.1575624480098486 1
1780314164211 0.06110333302989602 2
1780314164213 0.031462848167866465 3
1780314164215 0.019546393090859055 4
1780314164217 0.01357363346964121 5
1780314164219 0.010022805791813881 6
1780314164222 0.007772251036949456 7
1780314164224 0.006290779169648886 8
1780314164226 0.00528663287172094 9
1780314164228 0.004575045944657177 10
1780314164231 0.004010089481016621 11
1780314164233 0.0035413505032192917 12
1780314164235 0.0032349585404153913 13
1780314164237 0.0029734578425996004 14
1780314164239 0.0027195369981927796 15
1780314164242 0.0025340560014592483 16
1780314164244 0.002424398430157453 17
1780314164246 0.0022189371328568087 18
1780314164248 0.0020745579624781383 19
1780314164251 0.0019844322570133953 20
1780314164253 0.001892681134340819 21
1780314164255 0.0018004066366120242 22
1780314164257 0.0017203053389675915 23
1780314164259 0.0017323976795887576 24
1780314164262 0.001669129380316008 25
1780314164264 0.001624542698264122 26
1780314164266 0.0015116252459120006 27
1780314164268 0.0013956607397994957 28
1780314164271 0.0013932583959831392 29
1780314164273 0.00131403494393453 30
1780314164275 0.0012660686079470906 31
1780314164277 0.0012695261728367768 32
1780314164279 0.0012967988180753308 33
1780314164282 0.0013071113968908322 34
1780314164284 0.0012193489974015393 35
1780314164286 0.00115603460042621 36
1780314164288 0.0011357014819805044 37
1780314164291 0.0011071788557455876 38
1780314164293 0.0011313281790353358 39
1780314164295 0.0011405645131890197 40
1780314164297 0.0010920391295803711 41
1780314164299 0.001050073902879376 42
1780314164302 0.001005286014842568 43
1780314164304 0.0010232107508636545 44
1780314164306 0.001009168758027954 45
1780314164308 0.001040809777987306 46
1780314164311 0.0010386889812798472 47
1780314164313 0.001040597471728688 48
1780314164315 0.0009747740449529374 49
1780314164317 0.0009076582346460782 50
1780314164320 0.0008949182867945638 51
1780314164322 0.0009157057629636256 52
1780314164324 0.0009350986203207867 53
1780314164326 0.0009181179969164077 54
1780314164328 0.0009072975241724634 55
1780314164331 0.0008443582561449148 56
1780314164333 0.0007936900427012005 57
1780314164335 0.0007687460229499265 58
1780314164337 0.0007629192434251309 59
1780314164339 0.0007667727248917799 60
1780314164342 0.0007602243161818478 61
1780314164344 0.0007595841305010253 62
1780314164346 0.0007391607459430816 63
1780314164348 0.0007432417551171966 64
1780314164351 0.0007435585492930841 65
1780314164353 0.0007627789056277834 66
1780314164355 0.0007761134064639918 67
1780314164357 0.0007621686933271121 68
1780314164359 0.0007307526726799551 69
1780314164362 0.0007002645528700668 70
1780314164364 0.0006933565921644913 71
1780314164366 0.0006903584131941898 72
1780314164368 0.0006863028051157016 73
1780314164370 0.000684273304141243 74
1780314164373 0.0006839525575924199 75
1780314164375 0.000677975309517933 76
1780314164377 0.0006755878504918656 77
1780314164379 0.0006742727244272828 78
1780314164382 0.000673143892781809 79
1780314164384 0.0006615597819472896 80
1780314164386 0.0006606260850821854 81
1780314164388 0.0006544683857646305 82
1780314164391 0.0006514768469060072 83
1780314164393 0.000653554656819324 84
1780314164395 0.000647371151135303 85
1780314164397 0.0006456190927565331 86
1780314164400 0.0006505374120024498 87
1780314164402 0.0006454901854158379 88
1780314164404 0.0006449348669411847 89
1780314164406 0.0006420239710132592 90
1780314164408 0.0006416707168682478 91
1780314164414 0.000637379139661789 92
1780314164416 0.0006346999285597122 93
1780314164418 0.0006355653706850717 94
1780314164420 0.0006358966534753562 95
1780314164423 0.000637636807441595 96
1780314164425 0.0006327153707388789 97
1780314164427 0.0006322657264536247 98
1780314164429 0.000631282616086537 99
1780314164431 0.0006287812766095158 100
1780314164434 0.0006285861258220393 101
1780314164436 0.0006267997148825088 102
1780314164438 0.0006279160813573981 103
1780314164440 0.0006300080283835996 104
1780314164442 0.000624268794344971 105
1780314164445 0.0006297731170343468 106
1780314164447 0.0006289450069743907 107
1780314164449 0.0006282697916321922 108
1780314164451 0.0006263638870586874 109
1780314164454 0.0006258378794882447 110
1780314164456 0.0006232281544362194 111
1780314164458 0.0006248975409107515 112
1780314164460 0.0006239833321888 113
1780314164463 0.0006218853141035652 114
