1785334680990 0.12615439242993792 1
1785334680992 0.05994360602150361 2
1785334680994 0.034990616228121024 3
1785334680996 0.022988895191034923 4
1785334680997 0.016401841844587275 5
1785334680999 0.012451884589002779 6
1785334681001 0.009831114866149923 7
1785334681002 0.008107051637489348 8
1785334681004 0.006811137159820646 9
1785334681006 0.005852800574696933 10
1785334681007 0.0052206248141980416 11
1785334681009 0.00466918079861595 12
1785334681011 0.004201262715893487 13
1785334681013 0.0038731325243134052 14
1785334681014 0.003566416711934532 15
1785334681016 0.00332030511975366 16
1785334681018 0.003160479955840856 17
1785334681019 0.0030249839313910344 18
1785334681021 0.00286222516685181 19
1785334681023 0.0027543432409098995 20
1785334681024 0.0026967428949622747 21
1785334681026 0.002578171857749112 22
1785334681028 0.0024749604667401097 23
1785334681029 0.002453960122754021 24
1785334681031 0.002388739537612613 25
1785334681033 0.0022943831301139046 26
1785334681034 0.0022329106233276736 27
1785334681036 0.00218362412560964 28
1785334681038 0.0021713478619252175 29
1785334681040 0.002127311264242356 30
1785334681041 0.0020652356678814007 31
1785334681043 0.0020416691833816 32
1785334681045 0.001998286070496154 33
1785334681046 0.0019928060994667857 34
1785334681048 0.0019621463973938567 35
1785334681050 0.0019582494755013614 36
1785334681051 0.0019644347915649027 37
1785334681053 0.0018859031395550118 38
1785334681055 0.0018694729616981931 39
1785334681056 0.0018729638887937958 40
1785334681058 0.0018943059799009158 41
1785334681060 0.0018605512257636291 42
1785334681061 0.0018361929560342105 43
1785334681063 0.0018083121277110573 44
1785334681065 0.001806262197108784 45
1785334681066 0.001777488530812358 46
1785334681068 0.0017370041566512858 47
1785334681070 0.001739461248992787 48
1785334681072 0.0017379158965923126 49
1785334681073 0.0017197450477397069 50
1785334681075 0.0017151625869397927 51
1785334681077 0.001713402456031569 52
1785334681078 0.0017151071265592084 53
1785334681080 0.0017087821121094748 54
1785334681082 0.0016699691035076587 55
1785334681083 0.0016733479522372363 56
1785334681085 0.0016577684584869227 57
1785334681087 0.0016395704934742147 58
1785334681088 0.0016425296217979243 59
1785334681090 0.001637377290171571 60
1785334681092 0.0016294327222567517 61
1785334681094 0.0016053174908544558 62
1785334681095 0.0016276326048682676 63
1785334681097 0.0016035897449910407 64
1785334681098 0.0016086279109003953 65
1785334681100 0.001585096128716638 66
1785334681102 0.0015760941295108446 67
1785334681103 0.0015650360948105421 68
1785334681105 0.0015757757667112552 69
1785334681106 0.0015684814674993201 70
1785334681108 0.0015551383040777486 71
1785334681109 0.0015546894990014456 72
1785334681111 0.0015546115271718008 73
1785334681112 0.0015285251418390544 74
1785334681114 0.0015164100549251694 75
1785334681116 0.001524309090746101 76
1785334681117 0.001511734134692233 77
1785334681119 0.0015139777976097928 78
1785334681120 0.0014902875692011245 79
1785334681122 0.001515956869237319 80
1785334681123 0.0014896768724914486 81
1785334681124 0.0014831138678952508 82
1785334681126 0.0014884941991719339 83
1785334681127 0.0015006595910866357 84
1785334681129 0.0014684533884671207 85
1785334681130 0.0014582173328866095 86
1785334681131 0.0014541065949742916 87
1785334681133 0.0014710691181486861 88
1785334681134 0.0014676460947763796 89
1785334681136 0.0014827225219050887 90
1785334681138 0.001479397077127942 91
1785334681139 0.0014463465762673878 92
1785334681140 0.0014156107578552717 93
1785334681142 0.0014182459960769241 94
1785334681143 0.00142486896305248 95
1785334681145 0.0014024309480494897 96
1785334681146 0.0014282152904343092 97
1785334681147 0.0014247666358035834 98
1785334681149 0.0014141953661843823 99
1785334681151 0.0014024727058616312 100
