1785167570526 0.010525347561342642 1
1785167570527 0.004456590505724307 2
1785167570528 0.004175337811175268 3
1785167570530 0.00412073611136293 4
1785167570531 0.0037685636567766777 5
1785167570532 0.0033704136736923828 6
1785167570534 0.0032788742551929317 7
1785167570535 0.0031629077218531167 8
1785167570536 0.003903446653566789 9
1785167570537 0.0034774031199049206 10
1785167570539 0.0032935090170940384 11
1785167570540 0.0030798114257049748 12
1785167570541 0.0027796203101752327 13
1785167570542 0.0028494530598982236 14
1785167570544 0.002672707287420053 15
1785167570545 0.0026133490205393173 16
1785167570546 0.002648884593800176 17
1785167570548 0.0025680669577559457 18
1785167570549 0.002561998381279409 19
1785167570550 0.0026151180085435045 20
1785167570551 0.0023997794950264507 21
1785167570553 0.002524781305255601 22
1785167570554 0.0028329852447495796 23
1785167570555 0.0026052711659576744 24
1785167570556 0.0025358314762706866 25
1785167570558 0.0023729120241478083 26
1785167570559 0.0024092836515046657 27
1785167570560 0.0023879250763275193 28
1785167570562 0.0024244143122632523 29
1785167570563 0.002284284205525182 30
1785167570564 0.0025376770181173925 31
1785167570565 0.002323647726152558 32
1785167570567 0.0026927236001938583 33
1785167570568 0.002374796745862113 34
1785167570569 0.0022441906160383953 35
1785167570570 0.0022984414544771426 36
1785167570572 0.002185386396886315 37
1785167570573 0.002248335475742351 38
1785167570574 0.0023432618634251414 39
1785167570576 0.0022207692070514897 40
1785167570577 0.002507736347906757 41
1785167570578 0.002293737050786149 42
1785167570579 0.002140459754591575 43
1785167570581 0.0021264842426171526 44
1785167570582 0.0024425337924913037 45
1785167570583 0.002116848899022443 46
1785167570584 0.002074437266419409 47
1785167570586 0.0019497861455602106 48
1785167570587 0.001931411385157844 49
1785167570588 0.0018983506117365323 50
1785167570589 0.0019273013329075184 51
1785167570591 0.0019621925133105835 52
1785167570592 0.0019135170965455472 53
1785167570593 0.001970620306674391 54
1785167570594 0.001882004438812146 55
1785167570596 0.0018702222374849954 56
1785167570597 0.0019173596470500342 57
1785167570598 0.0018754232864012011 58
1785167570600 0.0018306289875181393 59
1785167570601 0.0018679543683538214 60
1785167570602 0.0019652964304259514 61
1785167570603 0.0018596068616898265 62
1785167570605 0.0018211741409322713 63
1785167570606 0.0017402513722481671 64
1785167570607 0.0017057634361844975 65
1785167570609 0.0016797366061655338 66
1785167570610 0.001689615016366588 67
1785167570611 0.0017286676914955023 68
1785167570612 0.0017146908708673436 69
1785167570614 0.0016750614922784735 70
1785167570615 0.0016491955542005598 71
1785167570616 0.00163706803767127 72
1785167570617 0.0016680463032389525 73
1785167570619 0.0016410542583616917 74
1785167570620 0.0016832180615165271 75
1785167570621 0.0016569861581956502 76
1785167570622 0.0015743556132656522 77
1785167570624 0.001571005103760399 78
1785167570625 0.0015598155496991239 79
1785167570626 0.0015726248400460463 80
1785167570627 0.0015527054156700614 81
1785167570629 0.0015248951212561224 82
1785167570630 0.0015296865008713211 83
1785167570631 0.0015164195661782286 84
1785167570633 0.0015110252401791513 85
1785167570634 0.0015062544484680984 86
1785167570635 0.001491912336787209 87
1785167570636 0.0014836910099256784 88
1785167570638 0.0014942509270622394 89
1785167570639 0.0014861726178787649 90
1785167570640 0.001485192144609755 91
