1785167570757 0.0 1
1785167570759 0.0 2
1785167570760 0.0 3
1785167570761 0.0 4
1785167570762 0.0 5
1785167570764 0.0 6
1785167570765 0.0 7
1785167570766 0.0 8
1785167570767 0.0 9
1785167570769 0.0 10
1785167570770 0.0 11
1785167570771 0.0 12
1785167570772 0.0 13
1785167570774 0.0 14
1785167570775 0.0 15
1785167570776 0.0 16
1785167570778 0.0 17
1785167570779 0.0 18
1785167570780 0.0 19
1785167570781 0.0 20
1785167570783 0.0 21
1785167570784 0.0 22
1785167570785 0.0 23
1785167570787 0.0 24
1785167570788 0.0 25
1785167570789 0.0 26
1785167570790 0.0 27
1785167570792 0.0 28
1785167570793 0.0 29
1785167570794 0.0 30
1785167570795 0.0 31
1785167570797 0.0 32
1785167570798 0.0 33
1785167570799 0.0 34
1785167570800 0.0 35
1785167570802 0.0 36
1785167570803 0.0 37
1785167570804 0.0 38
1785167570805 0.0 39
1785167570807 0.0 40
1785167570808 0.0 41
1785167570809 0.0 42
1785167570810 0.0 43
1785167570812 0.0 44
1785167570813 0.0 45
1785167570814 0.0 46
1785167570816 0.0 47
1785167570817 0.0 48
1785167570818 0.0 49
1785167570819 0.0 50
1785167570821 0.0 51
1785167570822 0.0 52
1785167570823 0.0 53
1785167570824 0.0 54
1785167570826 0.0 55
1785167570827 0.0 56
1785167570828 0.0 57
1785167570829 0.0 58
1785167570831 0.0 59
1785167570832 0.0 60
1785167570833 0.0 61
1785167570834 0.0 62
1785167570836 0.0 63
1785167570837 0.0 64
1785167570838 0.0 65
1785167570840 0.0 66
1785167570841 0.0 67
1785167570842 0.0 68
1785167570843 0.0 69
1785167570845 0.0 70
1785167570846 0.0 71
1785167570847 0.0 72
1785167570848 0.0 73
1785167570850 0.0 74
1785167570851 0.0 75
1785167570852 0.0 76
1785167570854 0.0 77
1785167570855 0.0 78
1785167570856 0.0 79
1785167570857 0.0 80
1785167570859 0.0 81
1785167570860 0.0 82
1785167570861 0.0 83
1785167570862 0.0 84
1785167570864 0.0 85
1785167570865 0.0 86
1785167570866 0.0 87
1785167570868 0.0 88
1785167570869 0.0 89
1785167570870 0.0 90
1785167570871 0.0 91
