1785167570873 0.0 1
1785167570874 0.0 2
1785167570875 0.0 3
1785167570876 0.0 4
1785167570878 0.0 5
1785167570879 0.0 6
1785167570880 0.0 7
1785167570881 0.0 8
1785167570883 0.0 9
1785167570884 0.0 10
1785167570885 0.0 11
1785167570886 0.0 12
1785167570888 0.0 13
1785167570889 0.0 14
1785167570890 0.0 15
1785167570891 0.0 16
1785167570893 0.0 17
1785167570894 0.0 18
1785167570895 0.0 19
1785167570896 0.0 20
1785167570898 0.0 21
1785167570899 0.0 22
1785167570900 0.0 23
1785167570901 0.0 24
1785167570903 0.0 25
1785167570904 0.0 26
1785167570905 0.0 27
1785167570906 0.0 28
1785167570908 0.0 29
1785167570909 0.0 30
1785167570910 0.0 31
1785167570911 0.0 32
1785167570913 0.0 33
1785167570914 0.0 34
1785167570915 0.0 35
1785167570916 0.0 36
1785167570918 0.0 37
1785167570919 0.0 38
1785167570920 0.0 39
1785167570921 0.0 40
1785167570923 0.0 41
1785167570924 0.0 42
1785167570925 0.0 43
1785167570927 0.0 44
1785167570928 0.0 45
1785167570929 0.0 46
1785167570930 0.0 47
1785167570932 0.0 48
1785167570933 0.0 49
1785167570934 0.0 50
1785167570935 0.0 51
1785167570937 0.0 52
1785167570938 0.0 53
1785167570939 0.0 54
1785167570940 0.0 55
1785167570942 0.0 56
1785167570943 0.0 57
1785167570944 0.0 58
1785167570945 0.0 59
1785167570947 0.0 60
1785167570948 0.0 61
1785167570949 0.0 62
1785167570950 0.0 63
1785167570951 0.0 64
1785167570953 0.0 65
1785167570954 0.0 66
1785167570955 0.0 67
1785167570956 0.0 68
1785167570958 0.0 69
1785167570959 0.0 70
1785167570960 0.0 71
1785167570961 0.0 72
1785167570962 0.0 73
1785167570964 0.0 74
1785167570965 0.0 75
1785167570966 0.0 76
1785167570967 0.0 77
1785167570968 0.0 78
1785167570969 0.0 79
1785167570970 0.0 80
1785167570971 0.0 81
1785167570973 0.0 82
1785167570974 0.0 83
1785167570975 0.0 84
1785167570976 0.0 85
1785167570977 0.0 86
1785167570978 0.0 87
1785167570979 0.0 88
1785167570981 0.0 89
1785167570982 0.0 90
1785167570983 0.0 91
