1782577589380 0.11563542328774928 1
1782577589381 0.03955650528892875 2
1782577589382 0.01911176130641252 3
1782577589383 0.011581231441814452 4
1782577589384 0.008229922601021827 5
1782577589385 0.00628738506231457 6
1782577589386 0.004982803267193958 7
1782577589388 0.004089366535190493 8
1782577589389 0.0035266384237911553 9
1782577589390 0.003184025175869465 10
1782577589391 0.0028273361560422925 11
1782577589392 0.0025822893710574137 12
1782577589393 0.0023245408036746086 13
1782577589394 0.00218448584433645 14
1782577589395 0.00203870567784179 15
1782577589396 0.001907924782135524 16
1782577589397 0.0019027153041679412 17
1782577589398 0.0018469711567740887 18
1782577589399 0.001681844629056286 19
1782577589400 0.0015785583353135734 20
1782577589401 0.0015319045251817442 21
1782577589402 0.0014858464521239512 22
1782577589403 0.0014664902980439365 23
1782577589405 0.0014094752972596326 24
1782577589406 0.0014618844850338064 25
1782577589407 0.0014496159520058427 26
1782577589408 0.001420224281901028 27
1782577589409 0.0013669158794800752 28
1782577589410 0.0012759548306348733 29
1782577589411 0.001224745763320243 30
1782577589412 0.0012124430296535137 31
1782577589413 0.001191717447945848 32
1782577589414 0.001174696321686497 33
1782577589415 0.0011107985946000555 34
1782577589416 0.0011018263996811584 35
1782577589417 0.0011066790425684303 36
1782577589418 0.0011238794412929565 37
1782577589419 0.0011097713054914493 38
1782577589420 0.00108104950748384 39
1782577589421 0.0010909458769310732 40
1782577589422 0.0010935414278355892 41
1782577589423 0.0011555410765868145 42
1782577589425 0.001055011804928654 43
1782577589426 0.0009657811382930959 44
1782577589427 0.0009134089862345718 45
1782577589428 0.0008926602692372398 46
1782577589429 0.0008783159463928314 47
1782577589431 0.0008671145120024448 48
1782577589432 0.0008570740172581282 49
1782577589433 0.0008495801961544202 50
1782577589434 0.0008389920042827726 51
1782577589435 0.0008284809779433999 52
1782577589436 0.000822299323626794 53
1782577589437 0.0008166832610004348 54
1782577589438 0.0008117883128943504 55
1782577589439 0.0008077669214253547 56
1782577589440 0.0008053882576496107 57
1782577589441 0.0007983710358166718 58
1782577589442 0.0007917798580456292 59
1782577589443 0.0007874622507370077 60
1782577589444 0.0007841713693778729 61
1782577589445 0.0007809881333378144 62
1782577589446 0.0007778306504769716 63
1782577589448 0.0007746591170143802 64
1782577589449 0.0007703088972994009 65
1782577589450 0.0007682206063327612 66
