1780314151853 0.24158502086997033 1
1780314151855 0.21866857528686523 2
1780314151857 0.195597540140152 3
1780314151859 0.17354566842317581 4
1780314151862 0.1543327297270298 5
1780314151864 0.13785543210804463 6
1780314151866 0.12338577166199684 7
1780314151868 0.11058947958052158 8
1780314151870 0.09930743880569935 9
1780314151872 0.08936163917183876 10
1780314151875 0.08055983774363995 11
1780314151877 0.07276254951953888 12
1780314151879 0.06575664337724448 13
1780314151881 0.05949672184884548 14
1780314151883 0.05384137913584709 15
1780314151885 0.04880048185586929 16
1780314151888 0.0443028611317277 17
1780314151890 0.04031891629099846 18
1780314151892 0.036792601216584446 19
1780314151894 0.033667410258203745 20
1780314151897 0.030896896421909334 21
1780314151899 0.02839910764247179 22
1780314151901 0.026180368736386298 23
1780314151903 0.024193413704633713 24
1780314151905 0.022421863786876203 25
1780314151907 0.020836336109787225 26
1780314151910 0.01939548633992672 27
1780314151912 0.01808889918960631 28
1780314151914 0.016896398747339846 29
1780314151916 0.01580563304014504 30
1780314151918 0.014818166401237249 31
1780314151920 0.013924111798405647 32
1780314151922 0.013103825850412249 33
1780314151925 0.0123560659494251 34
1780314151927 0.011666226731613279 35
1780314151929 0.011036258991807699 36
1780314151931 0.01046854853630066 37
1780314151933 0.009941455647349358 38
1780314151935 0.009411742016673087 39
1780314151938 0.008930426789447665 40
1780314151940 0.008503585457801818 41
1780314151942 0.008099019569344819 42
1780314151944 0.007720991410315037 43
1780314151946 0.007373269977979362 44
1780314151949 0.007051576082594693 45
1780314151951 0.006759829255752265 46
1780314151953 0.006482905047014356 47
1780314151955 0.006216247528791428 48
1780314151957 0.005968363541178405 49
1780314151959 0.005741321109235286 50
1780314151961 0.005512459822930396 51
1780314151964 0.00530831690877676 52
1780314151966 0.005112265353091061 53
1780314151968 0.004920515352860093 54
1780314151970 0.004750941982492805 55
1780314151973 0.0045857632742263375 56
1780314151975 0.004436459725257009 57
1780314151977 0.00429741122527048 58
1780314151979 0.00418025764869526 59
1780314151981 0.004063310341443867 60
1780314151983 0.003932937239296734 61
1780314151985 0.0038143270672298967 62
1780314151988 0.003717791917733848 63
1780314151990 0.003606991250999272 64
1780314151992 0.00351509568747133 65
1780314151994 0.0034441617340780794 66
1780314151996 0.003360276685561985 67
1780314151999 0.0032680241332855076 68
1780314152001 0.003173218535957858 69
1780314152003 0.0030954636237584053 70
1780314152005 0.0030251886509358884 71
1780314152007 0.002959410654148087 72
1780314152009 0.0028930451814085244 73
1780314152012 0.0028330207837279887 74
1780314152014 0.002787835147464648 75
1780314152016 0.0027450174430850892 76
1780314152018 0.0027036718733143062 77
1780314152020 0.002644305950962007 78
1780314152022 0.0026046175614465026 79
1780314152025 0.0025855607620906083 80
1780314152027 0.00253125193528831 81
1780314152030 0.002478705927496776 82
1780314152032 0.0024337435327470304 83
1780314152034 0.0023874490486923607 84
1780314152036 0.0023440557305002586 85
1780314152039 0.0023142010194715113 86
1780314152041 0.002279567216755822 87
1780314152043 0.00225242868764326 88
1780314152045 0.0022287228365894408 89
1780314152047 0.0022158457891782745 90
1780314152049 0.00219083298870828 91
1780314152052 0.0021741380594903605 92
1780314152054 0.002167793500702828 93
1780314152056 0.0021395042940275744 94
1780314152058 0.0021048757672542705 95
1780314152060 0.0020761935343034566 96
1780314152062 0.0020463494246359916 97
1780314152065 0.0020163379434961826 98
1780314152069 0.001992901483317837 99
1780314152072 0.001977572876494378 100
1780314152074 0.0019590370706282557 101
1780314152076 0.0019487133185612038 102
1780314152078 0.0019407891511218623 103
1780314152080 0.0019503532373346389 104
1780314152083 0.0019356706109829246 105
1780314152085 0.0019084748154273258 106
1780314152087 0.0018883556849323213 107
1780314152089 0.0018697268888354301 108
1780314152091 0.0018566997878951951 109
1780314152093 0.0018417975248303264 110
1780314152096 0.0018323821428930388 111
1780314152098 0.001822433607885614 112
1780314152100 0.0018110076169250533 113
1780314152102 0.0018011378208757378 114
1780314152104 0.0017961381541681475 115
1780314152107 0.0017883602195070125 116
1780314152110 0.0017759744220529684 117
1780314152112 0.001768939265748486 118
1780314152114 0.001752221856440883 119
1780314152116 0.0017412422483903357 120
1780314152118 0.0017323563739773818 121
1780314152121 0.0017239334460464307 122
1780314152123 0.001717770236718934 123
1780314152125 0.0017191750704660081 124
1780314152127 0.0017305351136019454 125
1780314152129 0.001709606019721832 126
1780314152131 0.0017107723507797346 127
1780314152134 0.0017058256710879504 128
1780314152136 0.0016965883082593791 129
1780314152138 0.0016837413303437644 130
1780314152140 0.0016732471663272008 131
1780314152142 0.0016580106742912902 132
1780314152144 0.0016468130884459242 133
1780314152147 0.0016407320366124622 134
1780314152149 0.0016325269767548888 135
1780314152151 0.001629839732486289 136
1780314152153 0.0016259968021768146 137
1780314152155 0.0016308722464600579 138
1780314152157 0.0016341717840987259 139
1780314152160 0.0016264467971632258 140
1780314152162 0.0016197171006933787 141
1780314152164 0.001611586143844761 142
1780314152166 0.0016047291926224716 143
1780314152168 0.0015996811998775229 144
1780314152170 0.0015952510200440884 145
1780314152173 0.0015894664323423057 146
1780314152175 0.0015866063471185043 147
1780314152177 0.0015784582719788887 148
1780314152179 0.0015753764862893149 149
1780314152181 0.0015729249906144104 150
1780314152184 0.0015735379728721455 151
1780314152186 0.0015700816348544321 152
1780314152188 0.0015657710150117055 153
1780314152190 0.0015644570079166441 154
1780314152192 0.001558561214187648 155
1780314152194 0.001552855239715427 156
1780314152197 0.0015491773502435534 157
1780314152199 0.0015472751608467661 158
1780314152201 0.0015479097579373046 159
1780314152203 0.0015549759034183808 160
1780314152205 0.0015534611354814842 161
1780314152207 0.0015553520669345745 162
1780314152210 0.0015439553320175036 163
1780314152212 0.0015322154673049226 164
1780314152214 0.0015225233446108178 165
1780314152216 0.0015201408514985814 166
1780314152218 0.0015153452957747504 167
1780314152220 0.0015088458149693906 168
1780314152223 0.001506285959330853 169
1780314152225 0.001506013488105964 170
1780314152227 0.0015095132769783958 171
1780314152229 0.0015126843881444075 172
1780314152231 0.0015154922337387688 173
1780314152233 0.0015159742569085212 174
1780314152236 0.001508072710421402 175
1780314152238 0.001504093414405361 176
