1785093274082 0.015029860867070966 1
1785093274084 0.004165773183631245 2
1785093274085 0.0038993692060466855 3
1785093274086 0.0036906874118722045 4
1785093274088 0.003334859193128068 5
1785093274089 0.0036824407961103135 6
1785093274090 0.003276992333412636 7
1785093274091 0.0032444708232651463 8
1785093274093 0.0030716126022161915 9
1785093274094 0.0030256429925793783 10
1785093274095 0.0027514698400045745 11
1785093274096 0.002872742967447266 12
1785093274098 0.002606276598817203 13
1785093274099 0.0025258991804730613 14
1785093274100 0.0026414919405942784 15
1785093274101 0.002478191840928048 16
1785093274102 0.002554888700542506 17
1785093274104 0.002460901328304317 18
1785093274105 0.002408899924485013 19
1785093274106 0.0024626922197057864 20
1785093274107 0.002414996600273298 21
1785093274109 0.002444961019064067 22
1785093274110 0.002337440061382949 23
1785093274111 0.0028280072548659517 24
1785093274112 0.002319478282443015 25
1785093274114 0.002297081222786801 26
1785093274115 0.0022514658741420134 27
1785093274116 0.003196034512366168 28
1785093274117 0.0023778630202286877 29
1785093274118 0.00216460589246708 30
1785093274120 0.0020164220163132996 31
1785093274121 0.001910008944250876 32
1785093274122 0.0018920124626311007 33
1785093274123 0.00191476846972364 34
1785093274125 0.0019141158979618922 35
1785093274126 0.0018753309418389108 36
1785093274127 0.0018367733352351934 37
1785093274128 0.001743837144022109 38
1785093274130 0.001673818018171005 39
1785093274131 0.0016614206873055081 40
1785093274132 0.001664778211415978 41
1785093274133 0.0017096675635548308 42
1785093274134 0.0016665929630107711 43
1785093274136 0.0016627406221232377 44
1785093274137 0.0016642020133440384 45
1785093274138 0.0015758571439073422 46
1785093274139 0.001528318684286205 47
1785093274141 0.0015161983891448473 48
1785093274142 0.0015185034561727663 49
1785093274143 0.0015328248747391625 50
1785093274144 0.0014952785808418413 51
1785093274146 0.00151043006189866 52
1785093274147 0.0014684246515389533 53
1785093274148 0.0014437011719564906 54
1785093274149 0.001439159001020016 55
1785093274150 0.0014403737121028825 56
1785093274152 0.001428200915834168 57
1785093274153 0.001410571778542362 58
1785093274154 0.0014036513048631604 59
1785093274155 0.001394120514160022 60
1785093274157 0.0013940648187417536 61
1785093274158 0.0013877143440186046 62
1785093274159 0.0013836971615091898 63
1785093274160 0.001375402846460929 64
1785093274161 0.0013753841584548355 65
1785093274163 0.0013770076038781554 66
1785093274164 0.0013712721350020729 67
