1785093274247 0.0 1
1785093274249 0.0 2
1785093274250 0.0 3
1785093274251 0.0 4
1785093274252 0.0 5
1785093274254 0.0 6
1785093274255 0.0 7
1785093274256 0.0 8
1785093274257 0.0 9
1785093274259 0.0 10
1785093274260 0.0 11
1785093274261 0.0 12
1785093274262 0.0 13
1785093274263 0.0 14
1785093274265 0.0 15
1785093274266 0.0 16
1785093274267 0.0 17
1785093274268 0.0 18
1785093274270 0.0 19
1785093274271 0.0 20
1785093274272 0.0 21
1785093274273 0.0 22
1785093274275 0.0 23
1785093274276 0.0 24
1785093274277 0.0 25
1785093274278 0.0 26
1785093274280 0.0 27
1785093274281 0.0 28
1785093274282 0.0 29
1785093274283 0.0 30
1785093274284 0.0 31
1785093274286 0.0 32
1785093274287 0.0 33
1785093274288 0.0 34
1785093274289 0.0 35
1785093274291 0.0 36
1785093274292 0.0 37
1785093274293 0.0 38
1785093274294 0.0 39
1785093274296 0.0 40
1785093274297 0.0 41
1785093274298 0.0 42
1785093274299 0.0 43
1785093274301 0.0 44
1785093274302 0.0 45
1785093274303 0.0 46
1785093274304 0.0 47
1785093274306 0.0 48
1785093274307 0.0 49
1785093274308 0.0 50
1785093274309 0.0 51
1785093274310 0.0 52
1785093274312 0.0 53
1785093274313 0.0 54
1785093274314 0.0 55
1785093274315 0.0 56
1785093274317 0.0 57
1785093274318 0.0 58
1785093274319 0.0 59
1785093274320 0.0 60
1785093274322 0.0 61
1785093274323 0.0 62
1785093274324 0.0 63
1785093274325 0.0 64
1785093274327 0.0 65
1785093274328 0.0 66
1785093274329 0.0 67
