1785093274330 0.0 1
1785093274331 0.0 2
1785093274333 0.0 3
1785093274334 0.0 4
1785093274335 0.0 5
1785093274336 0.0 6
1785093274338 0.0 7
1785093274339 0.0 8
1785093274340 0.0 9
1785093274341 0.0 10
1785093274343 0.0 11
1785093274344 0.0 12
1785093274345 0.0 13
1785093274346 0.0 14
1785093274348 0.0 15
1785093274349 0.0 16
1785093274350 0.0 17
1785093274351 0.0 18
1785093274353 0.0 19
1785093274354 0.0 20
1785093274355 0.0 21
1785093274356 0.0 22
1785093274358 0.0 23
1785093274359 0.0 24
1785093274360 0.0 25
1785093274361 0.0 26
1785093274363 0.0 27
1785093274364 0.0 28
1785093274365 0.0 29
1785093274366 0.0 30
1785093274367 0.0 31
1785093274369 0.0 32
1785093274370 0.0 33
1785093274371 0.0 34
1785093274372 0.0 35
1785093274374 0.0 36
1785093274375 0.0 37
1785093274376 0.0 38
1785093274377 0.0 39
1785093274379 0.0 40
1785093274380 0.0 41
1785093274381 0.0 42
1785093274382 0.0 43
1785093274383 0.0 44
1785093274385 0.0 45
1785093274386 0.0 46
1785093274387 0.0 47
1785093274388 0.0 48
1785093274390 0.0 49
1785093274391 0.0 50
1785093274392 0.0 51
1785093274393 0.0 52
1785093274395 0.0 53
1785093274396 0.0 54
1785093274397 0.0 55
1785093274398 0.0 56
1785093274399 0.0 57
1785093274401 0.0 58
1785093274402 0.0 59
1785093274403 0.0 60
1785093274404 0.0 61
1785093274406 0.0 62
1785093274407 0.0 63
1785093274408 0.0 64
1785093274409 0.0 65
1785093274410 0.0 66
1785093274411 0.0 67
