1780314197700 0.14469731625169516 1
1780314197702 0.05858003346249461 2
1780314197713 0.028432018188759685 3
1780314197715 0.01698178197722882 4
1780314197718 0.01143772283103317 5
1780314197720 0.008607917630579323 6
1780314197722 0.006731793291401118 7
1780314197725 0.005551156796282157 8
1780314197727 0.004719000062905252 9
1780314197730 0.004203974812990055 10
1780314197732 0.0036966464307624848 11
1780314197734 0.003407506304210983 12
1780314197737 0.003050533663481474 13
1780314197739 0.0028171282674884423 14
1780314197742 0.0027358737093163654 15
1780314197744 0.0025634273269679398 16
1780314197746 0.002436850759549998 17
1780314197749 0.0022857948660384864 18
1780314197751 0.002166401766589843 19
1780314197754 0.0021360069152433427 20
1780314197756 0.0020666103941039183 21
1780314197758 0.0020490230424911717 22
1780314197761 0.0019981600722530856 23
1780314197763 0.0018980636014021002 24
1780314197766 0.0018722125591011719 25
1780314197768 0.0018362395695294253 26
1780314197770 0.0017679909146681894 27
1780314197773 0.0017234626119898167 28
1780314197775 0.0016703911643708126 29
1780314197778 0.001626406425202731 30
1780314197780 0.0016232629888691009 31
1780314197783 0.0017205621785251423 32
1780314197785 0.00161818148670136 33
1780314197787 0.0016400375525699928 34
1780314197790 0.0016155125509249046 35
1780314197792 0.001566061190678738 36
1780314197795 0.001575069805548992 37
1780314197797 0.001543568016786594 38
1780314197799 0.0015083370842330624 39
1780314197802 0.0014542577603424433 40
1780314197804 0.0014781083694833796 41
1780314197807 0.0014801212333259172 42
1780314197809 0.0014005314304085914 43
1780314197811 0.0013954369978455361 44
1780314197814 0.0014276294963201507 45
1780314197816 0.0014149334927060408 46
1780314197819 0.0014467076439177618 47
1780314197822 0.0014012476814968978 48
1780314197824 0.0013965033294516616 49
1780314197827 0.001367896888332325 50
1780314197829 0.0013347565908770776 51
1780314197831 0.0013408241097204155 52
1780314197834 0.0013267599635582883 53
1780314197836 0.0013399376824963839 54
1780314197839 0.001373383361788001 55
1780314197841 0.0013323563683661631 56
1780314197843 0.0013276433308783452 57
1780314197846 0.0012835588542657206 58
1780314197848 0.0012657630567991874 59
1780314197851 0.0012792599157546646 60
1780314197853 0.0012934127014159458 61
1780314197856 0.0012310808149777585 62
1780314197858 0.0011681353463791312 63
1780314197861 0.0011505039367330028 64
1780314197863 0.0011399094326770864 65
1780314197865 0.0011353377877094317 66
1780314197868 0.0011215190487564542 67
1780314197870 0.0011222773494955617 68
1780314197873 0.0011385055564460344 69
1780314197875 0.001136933835223317 70
1780314197877 0.0011268192757415817 71
1780314197880 0.0011164808978355722 72
1780314197882 0.001126284451383981 73
1780314197885 0.001120026730641257 74
1780314197887 0.0011168289913621266 75
1780314197889 0.0011019495288201143 76
1780314197892 0.0011031362131325294 77
1780314197894 0.0010954391702398425 78
1780314197897 0.0010739012053818443 79
1780314197899 0.0010489638729632134 80
1780314197901 0.0010482028000842547 81
1780314197904 0.0010423852813983103 82
1780314197906 0.0010428147029597312 83
1780314197908 0.0010401868660119362 84
1780314197911 0.0010361129877128406 85
1780314197913 0.0010309570907702436 86
1780314197916 0.001035368562588701 87
1780314197918 0.001039774240416591 88
1780314197921 0.0010223850056354422 89
1780314197923 0.0010157640689430992 90
1780314197925 0.0010105194288189522 91
1780314197928 0.0010101894582476233 92
1780314197930 0.0010084954634658062 93
1780314197933 0.0010077421319874703 94
1780314197935 0.0010086104470974533 95
1780314197937 0.0010082696842437144 96
1780314197940 0.0010007830244285287 97
1780314197942 0.0010030909596389392 98
1780314197945 0.0009966009925119579 99
1780314197947 0.0010007155634230002 100
1780314197949 0.0009976945598464226 101
1780314197952 0.0009987286091927671 102
1780314197954 0.000989583958144067 103
1780314197957 0.0009907948028558167 104
1780314197959 0.000991784853322315 105
1780314197961 0.000990406469500158 106
1780314197964 0.0009912121156958164 107
1780314197966 0.0009899140897323378 108
1780314197969 0.0009900955377088393 109
1780314197971 0.0009885098060476594 110
1780314197973 0.0009875084015948232 111
1780314197976 0.0009870963184221181 112
1780314197978 0.0009867763721558731 113
