1784111506573 0.0 1
1784111506574 0.0 2
1784111506576 0.0 3
1784111506577 0.0 4
1784111506579 0.0 5
1784111506581 0.0 6
1784111506582 0.0 7
1784111506584 0.0 8
1784111506585 0.0 9
1784111506587 0.0 10
1784111506588 0.0 11
1784111506590 0.0 12
1784111506591 0.0 13
1784111506593 0.0 14
1784111506594 0.0 15
1784111506596 0.0 16
1784111506597 0.0 17
1784111506599 0.0 18
1784111506601 0.0 19
1784111506602 0.0 20
1784111506604 0.0 21
1784111506605 0.0 22
1784111506607 0.0 23
1784111506608 0.0 24
1784111506610 0.0 25
1784111506611 0.0 26
1784111506613 0.0 27
1784111506614 0.0 28
1784111506616 0.0 29
1784111506618 0.0 30
1784111506619 0.0 31
1784111506621 0.0 32
1784111506622 0.0 33
1784111506624 0.0 34
1784111506625 0.0 35
1784111506627 0.0 36
1784111506628 0.0 37
1784111506630 0.0 38
1784111506631 0.0 39
1784111506633 0.0 40
1784111506634 0.0 41
1784111506636 0.0 42
1784111506638 0.0 43
1784111506639 0.0 44
1784111506641 0.0 45
1784111506642 0.0 46
1784111506644 0.0 47
1784111506645 0.0 48
1784111506647 0.0 49
1784111506648 0.0 50
