1784111506495 0.0 1
1784111506497 0.0 2
1784111506499 0.0 3
1784111506500 0.0 4
1784111506502 0.0 5
1784111506503 0.0 6
1784111506505 0.0 7
1784111506506 0.0 8
1784111506508 0.0 9
1784111506509 0.0 10
1784111506511 0.0 11
1784111506513 0.0 12
1784111506514 0.0 13
1784111506516 0.0 14
1784111506517 0.0 15
1784111506519 0.0 16
1784111506520 0.0 17
1784111506522 0.0 18
1784111506523 0.0 19
1784111506525 0.0 20
1784111506526 0.0 21
1784111506528 0.0 22
1784111506530 0.0 23
1784111506531 0.0 24
1784111506533 0.0 25
1784111506534 0.0 26
1784111506536 0.0 27
1784111506537 0.0 28
1784111506539 0.0 29
1784111506540 0.0 30
1784111506542 0.0 31
1784111506543 0.0 32
1784111506545 0.0 33
1784111506547 0.0 34
1784111506548 0.0 35
1784111506550 0.0 36
1784111506551 0.0 37
1784111506553 0.0 38
1784111506554 0.0 39
1784111506556 0.0 40
1784111506557 0.0 41
1784111506559 0.0 42
1784111506560 0.0 43
1784111506562 0.0 44
1784111506563 0.0 45
1784111506565 0.0 46
1784111506567 0.0 47
1784111506568 0.0 48
1784111506570 0.0 49
1784111506571 0.0 50
