1784111506340 0.01386187088675797 1
1784111506342 0.0037404835238703527 2
1784111506343 0.0034923033164523075 3
1784111506345 0.003225488137395587 4
1784111506347 0.002845817150955554 5
1784111506348 0.0027602841971383894 6
1784111506350 0.002715602274547564 7
1784111506351 0.002762119200924644 8
1784111506353 0.0023350062344979963 9
1784111506354 0.00213545686317957 10
1784111506356 0.0025846348710183518 11
1784111506358 0.002567523264151532 12
1784111506359 0.0020256093426723964 13
1784111506361 0.0019330742962483782 14
1784111506362 0.0021157050054171123 15
1784111506364 0.0018950255299569107 16
1784111506365 0.001825370846054284 17
1784111506367 0.0017562545520195272 18
1784111506369 0.0018445643402810674 19
1784111506370 0.0017585817852523178 20
1784111506372 0.0017449824136565439 21
1784111506373 0.0015699764125747607 22
1784111506375 0.0014493029446020955 23
1784111506376 0.0014452038521267242 24
1784111506378 0.0013969029439613223 25
1784111506379 0.0013617557722318452 26
1784111506381 0.0014011900495097508 27
1784111506383 0.0013368138209625612 28
1784111506384 0.0012981804152514087 29
1784111506386 0.0012336720934399636 30
1784111506387 0.001186406252454617 31
1784111506389 0.0011645582306664436 32
1784111506390 0.0011527598394604865 33
1784111506392 0.0011415634168952238 34
1784111506393 0.0011392928432906047 35
1784111506395 0.0010937932435626863 36
1784111506396 0.0010729298165824729 37
1784111506398 0.0010618024252471514 38
1784111506400 0.0010515034286800074 39
1784111506401 0.0010419941312284208 40
1784111506403 0.0010250032119074604 41
1784111506404 0.0010183735343161971 42
1784111506406 0.0010127948827721412 43
1784111506407 0.0010075268887885613 44
1784111506409 0.0010021902118023717 45
1784111506410 0.000993482339545153 46
1784111506412 0.000989578827357036 47
1784111506413 0.0009865997915767366 48
1784111506415 0.000984093618026236 49
1784111506417 0.0009815325928502717 50
