1781177489631 0.19612512227147819 1
1781177489632 0.07579102419316769 2
1781177489633 0.029732459411025047 3
1781177489634 0.016640271116048096 4
1781177489635 0.011164124384522437 5
1781177489637 0.008377340852748603 6
1781177489638 0.006612216690555215 7
1781177489639 0.005326156566152349 8
1781177489640 0.004534827284514904 9
1781177489641 0.003897142889909446 10
1781177489642 0.0035632630239706485 11
1781177489643 0.0031400612147990613 12
1781177489644 0.0029508464608807117 13
1781177489646 0.0027755431446712464 14
1781177489647 0.0026516870316118 15
1781177489648 0.002428489861194976 16
1781177489649 0.0023161521117435768 17
1781177489650 0.0021883759688353164 18
1781177489651 0.0021578672097530218 19
1781177489652 0.0020411180472001433 20
1781177489654 0.0019487510281032882 21
1781177489655 0.0018923441562219523 22
1781177489656 0.0018412435404025018 23
1781177489657 0.001820045952918008 24
1781177489658 0.0019361301735625603 25
1781177489659 0.0017827238634345122 26
1781177489660 0.0017530753926257602 27
1781177489661 0.001747068976110313 28
1781177489663 0.0017487153070396744 29
1781177489664 0.001689212249184493 30
1781177489665 0.0016285888508718927 31
1781177489666 0.0016348858045239468 32
1781177489667 0.0016085825001937338 33
1781177489668 0.0016110449077677913 34
1781177489669 0.0015909135290712584 35
1781177489670 0.0015545509035291617 36
1781177489672 0.001552572340151528 37
1781177489673 0.0015756710324785672 38
1781177489674 0.0015647098155750427 39
1781177489675 0.0015299718326423318 40
1781177489676 0.0016162999859079719 41
1781177489677 0.0015453801651892718 42
1781177489678 0.0014945599717611912 43
1781177489679 0.0014772029478626791 44
1781177489680 0.0014928403434169013 45
1781177489682 0.001508282305439934 46
1781177489683 0.0014532111086009536 47
1781177489684 0.0014117481018183753 48
1781177489685 0.001454291019908851 49
1781177489686 0.0014330353146942798 50
1781177489687 0.0014227223589841742 51
1781177489688 0.001376652720355196 52
1781177489689 0.0013355294217763003 53
1781177489691 0.0013676981335447634 54
1781177489692 0.0013088580542535055 55
1781177489693 0.0012675983720691875 56
1781177489694 0.0012533255413291044 57
1781177489695 0.0012494061009783763 58
1781177489696 0.001249278599425452 59
1781177489697 0.001245823150529759 60
1781177489698 0.0012306257295131217 61
1781177489700 0.0012367654764966574 62
1781177489701 0.0012180825846735389 63
1781177489702 0.0012229156792454886 64
1781177489703 0.0012229158816626296 65
1781177489704 0.0012178618769394234 66
1781177489705 0.0012148616563354153 67
1781177489706 0.0011981521880079526 68
1781177489707 0.001194793326576473 69
1781177489709 0.0011929753179720137 70
1781177489710 0.001179632958082948 71
1781177489711 0.001155149087717291 72
1781177489712 0.0011461469270579983 73
1781177489713 0.0011390919651603326 74
1781177489714 0.0011405750413541681 75
1781177489715 0.0011329733951424715 76
1781177489716 0.0011363883304875344 77
1781177489718 0.0011194984200119506 78
1781177489719 0.0011114640452433377 79
1781177489720 0.0011150138713855995 80
1781177489721 0.0011116330852382816 81
1781177489722 0.0011084230820415542 82
1781177489723 0.0011055309079529253 83
1781177489724 0.001105791795271216 84
1781177489725 0.0010965117027808447 85
1781177489727 0.0010977195676241537 86
1781177489728 0.0010980983210902196 87
1781177489729 0.001095740038290387 88
1781177489730 0.0010958692470740062 89
1781177489731 0.001093059399863705 90
1781177489732 0.0010930807174008806 91
1781177489733 0.0010931654543674086 92
