1781177489942 2.1001059355400504 1
1781177489943 3.95398330450058 2
1781177489944 3.106729803085327 3
1781177489945 2.0324589765071868 4
1781177489946 1.714954489469528 5
1781177489947 1.6475908136367798 6
1781177489949 1.4430922222137452 7
1781177489950 1.371314845085144 8
1781177489951 1.2548453542590141 9
1781177489952 1.2402925792336463 10
1781177489953 1.208608548939228 11
1781177489954 1.1719255125522614 12
1781177489955 1.158308439552784 13
1781177489956 1.1416271549463273 14
1781177489957 1.100232745707035 15
1781177489959 0.9909186089038848 16
1781177489960 0.9951213493943214 17
1781177489961 0.9791312223672867 18
1781177489962 0.9603644070029259 19
1781177489963 0.9377094608545303 20
1781177489964 0.9127790737152099 21
1781177489965 0.884075464606285 22
1781177489966 0.8375339531898498 23
1781177489967 0.8243515333533287 24
1781177489969 0.8238291203975677 25
1781177489970 0.802852686047554 26
1781177489971 0.7571898263692856 27
1781177489972 0.783300302028656 28
1781177489973 0.7815753248333931 29
1781177489974 0.7437464223802089 30
1781177489975 0.7419175446033478 31
1781177489976 0.7457947407662868 32
1781177489978 0.6899617063999176 33
1781177489979 0.7064201349020004 34
1781177489980 0.6770989455282688 35
1781177489981 0.6622454603016377 36
1781177489982 0.668721377402544 37
1781177489983 0.659532678425312 38
1781177489984 0.6380512364208698 39
1781177489985 0.6740178847312928 40
1781177489987 0.6616506312787532 41
1781177489988 0.6460636153817176 42
1781177489989 0.6382092528045178 43
1781177489990 0.6290119807422161 44
1781177489991 0.6552201990783214 45
1781177489992 0.6575686721503735 46
1781177489993 0.6484793001413345 47
1781177489994 0.6231905862689018 48
1781177489996 0.6294167654216289 49
1781177489997 0.6292423933744431 50
1781177489998 0.6475175806879997 51
1781177489999 0.6258942951261998 52
1781177490000 0.6087576928734779 53
1781177490001 0.623804112970829 54
1781177490002 0.6142925329506397 55
1781177490003 0.6301297889649868 56
1781177490005 0.6100515386462212 57
1781177490006 0.6302206298708916 58
1781177490007 0.6271998171508312 59
1781177490008 0.6384661243855954 60
1781177490009 0.6238371108472347 61
1781177490010 0.6396821115911007 62
1781177490011 0.6210631063580513 63
1781177490012 0.6320258256793022 64
1781177490014 0.6400074636936188 65
1781177490015 0.6169657862186432 66
1781177490016 0.6509005746245384 67
1781177490017 0.6406663347780704 68
1781177490018 0.6436831253767014 69
1781177490019 0.6222616724669934 70
1781177490020 0.6140162616968154 71
1781177490021 0.6153499621152878 72
1781177490023 0.642134760171175 73
1781177490024 0.6342170427739621 74
1781177490025 0.642009114921093 75
1781177490026 0.6367419081926345 76
1781177490027 0.6557284827530384 77
1781177490028 0.6397197984158993 78
1781177490029 0.6337190507352353 79
1781177490031 0.651893143504858 80
1781177490032 0.639732309281826 81
1781177490033 0.6427048598229885 82
1781177490034 0.633072088509798 83
1781177490035 0.6414499816298485 84
1781177490036 0.6411468297243118 85
1781177490037 0.6444020819664001 86
1781177490038 0.640091008245945 87
1781177490039 0.6387607172131539 88
1781177490041 0.6429016362130642 89
1781177490042 0.6383542443811894 90
1781177490043 0.6440101888775825 91
1781177490044 0.6408513893187046 92
