1781177489838 0.19611385326832534 1
1781177489839 0.07574859132990241 2
1781177489840 0.029682448636740445 3
1781177489841 0.016596647608093918 4
1781177489842 0.011118113419506699 5
1781177489844 0.008324296483770012 6
1781177489845 0.00655801273882389 7
1781177489846 0.005267290354240685 8
1781177489847 0.0044742274435702716 9
1781177489848 0.0038305905915331094 10
1781177489849 0.003491925635607913 11
1781177489850 0.003064600645448081 12
1781177489851 0.0028700473927892743 13
1781177489853 0.0026897818833822385 14
1781177489854 0.0025631317094666883 15
1781177489855 0.002343415864161216 16
1781177489856 0.0022253776344587097 17
1781177489857 0.0020938062164350415 18
1781177489858 0.0020599568844772874 19
1781177489859 0.0019404858016059735 20
1781177489860 0.0018458964023739099 21
1781177489861 0.0017879801293020138 22
1781177489863 0.001737879599968437 23
1781177489864 0.0017138855610392056 24
1781177489865 0.001825616505520884 25
1781177489866 0.0016707161339581944 26
1781177489867 0.0016433752088050825 27
1781177489868 0.0016293828752532136 28
1781177489869 0.0016270945611177013 29
1781177489870 0.0015694872132735328 30
1781177489871 0.0015051772112201433 31
1781177489873 0.001506827393459389 32
1781177489874 0.001486408790369751 33
1781177489875 0.0014821663171460386 34
1781177489876 0.0014637510423199274 35
1781177489877 0.001426624461018946 36
1781177489878 0.0014198066941753496 37
1781177489879 0.0014411907074099873 38
1781177489880 0.0014311859232839198 39
1781177489881 0.0013853045774158091 40
1781177489883 0.0014707368474046233 41
1781177489884 0.0014032461630995386 42
1781177489885 0.001354153928841697 43
1781177489886 0.00133882030742825 44
1781177489887 0.0013486919076240156 45
1781177489888 0.0013636171896359882 46
1781177489889 0.0013105456602352206 47
1781177489890 0.0012746461667120456 48
1781177489891 0.0013158193312119693 49
1781177489893 0.0012946019928494934 50
1781177489894 0.001280268500559032 51
1781177489895 0.0012389559675648344 52
1781177489896 0.0012016027281060815 53
1781177489897 0.0012304612275329419 54
1781177489898 0.001173713696116465 55
1781177489899 0.0011289698245673207 56
1781177489900 0.0011191141985182184 57
1781177489901 0.0011107575597998221 58
1781177489903 0.0011112946349749108 59
1781177489904 0.0011053606019413565 60
1781177489905 0.0010933815660246183 61
1781177489906 0.0010960354171402286 62
1781177489907 0.0010814487006427953 63
1781177489908 0.0010838699962187092 64
1781177489909 0.0010821142373606562 65
1781177489910 0.001082129407877801 66
1781177489911 0.001071663526017801 67
1781177489913 0.0010572055896773235 68
1781177489914 0.001053183037947747 69
1781177489915 0.0010560777492355554 70
1781177489916 0.0010445493788574821 71
1781177489917 0.0010197720878204564 72
1781177489918 0.0010048772789741634 73
1781177489919 0.0009995642167632468 74
1781177489920 0.0009993330252473242 75
1781177489921 0.0009928901672537904 76
1781177489923 0.0009921280627895612 77
1781177489924 0.000978760068246629 78
1781177489925 0.0009720458545052679 79
1781177489926 0.0009715973790298449 80
1781177489927 0.000970891970791854 81
1781177489928 0.0009670280117279617 82
1781177489929 0.0009662550471693976 83
1781177489930 0.0009646727938525146 84
1781177489931 0.000955459408723982 85
1781177489932 0.0009559511184488656 86
1781177489934 0.0009572782996110619 87
1781177489935 0.0009552126759081147 88
1781177489936 0.0009544308805197943 89
1781177489938 0.000952621460382943 90
1781177489940 0.0009513984707155033 91
1781177489941 0.0009521781420335174 92
