1781171742701 1.5917540846765041 1
1781171742702 2.026601944565773 2
1781171742703 1.9094874703884124 3
1781171742704 1.7520046895742416 4
1781171742705 1.922059286236763 5
1781171742706 1.6869154056906701 6
1781171742707 1.641677593588829 7
1781171742708 1.6667642012238502 8
1781171742709 1.8354668086767196 9
1781171742710 1.8959008431434632 10
1781171742712 1.6047208511829376 11
1781171742713 1.660835375189781 12
1781171742714 1.5914689689874648 13
1781171742715 1.532816469669342 14
1781171742716 1.561312325000763 15
1781171742717 1.5450083628296851 16
1781171742718 1.51947335511446 17
1781171742719 1.3716313856840134 18
1781171742720 1.3433862024545669 19
1781171742721 1.3840516912937164 20
1781171742722 1.3453244739770889 21
1781171742723 1.3150096157193183 22
1781171742725 1.3317244470119476 23
1781171742725 1.272315957248211 24
1781171742726 1.181454613506794 25
1781171742728 1.2313138622045516 26
1781171742729 1.2289771455526353 27
1781171742730 1.2483021339774132 28
1781171742731 1.1923078981041908 29
1781171742732 1.1789708951115607 30
1781171742733 1.1787945067882537 31
1781171742734 1.16176105260849 32
1781171742735 1.137165141403675 33
1781171742736 1.1304157653450966 34
1781171742737 1.1271116882562637 35
1781171742738 1.0770357856154442 36
1781171742739 1.0586992758512497 37
1781171742741 1.046639083325863 38
1781171742742 1.0289858198165893 39
1781171742742 1.0562967965006829 40
1781171742744 1.0101703491806984 41
1781171742745 1.0154460975527764 42
1781171742746 1.0435806459188461 43
1781171742747 1.0539208409190177 44
1781171742748 1.011423616707325 45
1781171742749 1.0666314083337785 46
1781171742750 1.033800864815712 47
1781171742751 1.0550173780322074 48
1781171742752 1.046839995086193 49
1781171742753 1.0014397630095482 50
1781171742754 1.0481842324137687 51
1781171742755 1.0475387308001518 52
1781171742756 1.0505468252301216 53
1781171742757 1.0562864422798157 54
1781171742758 1.048593021631241 55
1781171742759 1.0404777982831002 56
1781171742760 1.0567683252692222 57
1781171742761 1.0356861239671706 58
1781171742762 1.0362934890389441 59
1781171742763 1.0304156002402305 60
1781171742764 1.0364484843611717 61
1781171742765 1.0409935507178307 62
1781171742766 1.043474862575531 63
