1781171742485 0.12216511994600296 1
1781171742487 0.04303170873783529 2
1781171742488 0.021138703250326216 3
1781171742489 0.013025909634307027 4
1781171742490 0.009120679493062198 5
1781171742491 0.006966609740629792 6
1781171742493 0.0055807526176795364 7
1781171742494 0.0046619798964820805 8
1781171742495 0.0040957117860671135 9
1781171742496 0.0036743127938825637 10
1781171742497 0.0032167097355704755 11
1781171742498 0.002967954865307547 12
1781171742500 0.0027742373739602045 13
1781171742501 0.0025775362562853845 14
1781171742502 0.0025766137457685547 15
1781171742503 0.0024267613224219532 16
1781171742504 0.0023162838924326934 17
1781171742505 0.0021714211799553594 18
1781171742507 0.002121216095983982 19
1781171742508 0.0021312448749085887 20
1781171742509 0.0020031485983054154 21
1781171742510 0.0019269174031796865 22
1781171742511 0.00200043507211376 23
1781171742512 0.0019426999031566083 24
1781171742513 0.0018262459579273128 25
1781171742515 0.0018178080522920936 26
1781171742516 0.0018712811774457805 27
1781171742517 0.0018002276853076183 28
1781171742518 0.001790710438217502 29
1781171742519 0.001818643412552774 30
1781171742520 0.0017736043498734943 31
1781171742521 0.0017280868350644596 32
1781171742523 0.001777518958260771 33
1781171742524 0.0017213824929785916 34
1781171742525 0.0018051426619058474 35
1781171742526 0.001626145271002315 36
1781171742527 0.0015837596025085076 37
1781171742528 0.0015675237246614415 38
1781171742530 0.001547426990873646 39
1781171742531 0.0015870328624441755 40
1781171742532 0.0015681787536595947 41
1781171742533 0.0015674955712165683 42
1781171742534 0.0015395211530267261 43
1781171742535 0.0015030581830069423 44
1781171742536 0.0015073951039812528 45
1781171742538 0.0015065105886606033 46
1781171742539 0.0014939514607249294 47
1781171742540 0.0014845064890687354 48
1781171742541 0.0014650521862495224 49
1781171742542 0.001454816526675131 50
1781171742543 0.001467860462871613 51
1781171742544 0.001462117014452815 52
1781171742546 0.0014560973389598074 53
1781171742547 0.001446627257973887 54
1781171742548 0.0014431500625505579 55
1781171742549 0.0014398004081158434 56
1781171742550 0.0014437130648002495 57
1781171742551 0.0014253735337115359 58
1781171742552 0.0014353479306737427 59
1781171742554 0.00142369212480844 60
1781171742555 0.0014291817691992038 61
1781171742556 0.0014249918847053778 62
1781171742557 0.0014208467920252587 63
