1781171742630 0.12215657860040664 1
1781171742631 0.04300995983183384 2
1781171742632 0.021107965214177966 3
1781171742633 0.01298830564133823 4
1781171742635 0.009069112057331949 5
1781171742636 0.006912299273535609 6
1781171742637 0.005519089621957391 7
1781171742638 0.004590430994285271 8
1781171742639 0.00400707217049785 9
1781171742640 0.0035725815349724145 10
1781171742642 0.003121992059168406 11
1781171742643 0.0028610132733592765 12
1781171742644 0.0026632226986112073 13
1781171742645 0.0024623881001025437 14
1781171742646 0.0024509471387136727 15
1781171742647 0.0022941166933742353 16
1781171742648 0.002177678278821986 17
1781171742649 0.002038941657228861 18
1781171742651 0.0019842562242411077 19
1781171742652 0.001982712491590064 20
1781171742653 0.0018515535022015682 21
1781171742654 0.001771682111429982 22
1781171742655 0.0018360807810677215 23
1781171742656 0.0017788504395866767 24
1781171742657 0.0016677581550902686 25
1781171742659 0.0016460247625946067 26
1781171742660 0.0016932293507852592 27
1781171742661 0.0016126779119076673 28
1781171742662 0.001605175700969994 29
1781171742663 0.0016288578510284424 30
1781171742664 0.0015775219518400262 31
1781171742665 0.001528603971528355 32
1781171742666 0.0015761575209035073 33
1781171742668 0.0015151505448739045 34
1781171742669 0.0015934655824094079 35
1781171742670 0.0014180934669275303 36
1781171742671 0.001373569075076375 37
1781171742672 0.00135411145616672 38
1781171742673 0.0013320928822213318 39
1781171742675 0.0013603155156306458 40
1781171742676 0.0013459412821976002 41
1781171742677 0.0013440974308468866 42
1781171742678 0.0013099334073194769 43
1781171742679 0.0012711955974373267 44
1781171742680 0.0012848819008650025 45
1781171742681 0.0012718516800669022 46
1781171742682 0.0012665152703993953 47
1781171742683 0.0012524026726896409 48
1781171742684 0.0012347473864792846 49
1781171742686 0.0012344997726904693 50
1781171742687 0.0012372599275840912 51
1781171742688 0.0012316584947984666 52
1781171742689 0.0012249770341441035 53
1781171742690 0.0012142442411277442 54
1781171742691 0.0012124595923523884 55
1781171742692 0.0012108952934795525 56
1781171742693 0.0012112240312853828 57
1781171742694 0.001197522589500295 58
1781171742695 0.0012073633652471471 59
1781171742696 0.0011970006878254935 60
1781171742697 0.0012011631076893536 61
1781171742699 0.0011959732980176341 62
1781171742700 0.001191282321815379 63
