1782756305949 0.0 1
1782756305951 0.0 2
1782756305952 0.0 3
1782756305953 0.0 4
1782756305954 0.0 5
1782756305955 0.0 6
1782756305956 0.0 7
1782756305957 0.0 8
1782756305958 0.0 9
1782756305959 0.0 10
1782756305960 0.0 11
1782756305961 0.0 12
1782756305963 0.0 13
1782756305964 0.0 14
1782756305965 0.0 15
1782756305966 0.0 16
1782756305967 0.0 17
1782756305968 0.0 18
1782756305969 0.0 19
1782756305970 0.0 20
1782756305971 0.0 21
1782756305972 0.0 22
1782756305973 0.0 23
1782756305975 0.0 24
1782756305976 0.0 25
1782756305977 0.0 26
1782756305978 0.0 27
1782756305979 0.0 28
1782756305980 0.0 29
1782756305981 0.0 30
1782756305982 0.0 31
1782756305983 0.0 32
1782756305984 0.0 33
1782756305985 0.0 34
1782756305986 0.0 35
1782756305987 0.0 36
1782756305988 0.0 37
1782756305989 0.0 38
1782756305990 0.0 39
1782756305991 0.0 40
1782756305992 0.0 41
1782756305992 0.0 42
1782756305993 0.0 43
1782756305994 0.0 44
1782756305995 0.0 45
1782756305996 0.0 46
1782756305997 0.0 47
1782756305998 0.0 48
1782756305999 0.0 49
1782756306000 0.0 50
1782756306001 0.0 51
1782756306002 0.0 52
1782756306003 0.0 53
1782756306004 0.0 54
1782756306005 0.0 55
1782756306006 0.0 56
1782756306007 0.0 57
1782756306008 0.0 58
1782756306009 0.0 59
1782756306010 0.0 60
