1782756305818 0.12933415392413736 1
1782756305819 0.023272050409577787 2
1782756305821 0.009019720461219549 3
1782756305822 0.005506604198599234 4
1782756305823 0.0038317705382360148 5
1782756305824 0.0030014985310845075 6
1782756305825 0.0025476549635641277 7
1782756305826 0.002330080285028089 8
1782756305827 0.0021195249728043564 9
1782756305828 0.0018698257554206066 10
1782756305829 0.0017568146109988448 11
1782756305830 0.0016717707442876417 12
1782756305832 0.0016089422871300484 13
1782756305833 0.0015365093134460039 14
1782756305834 0.0015215366137272214 15
1782756305835 0.0014771940758510028 16
1782756305836 0.0014063377166166902 17
1782756305837 0.0013761937765229958 18
1782756305838 0.0013956197134393734 19
1782756305839 0.0013837611395865678 20
1782756305840 0.001304851063832757 21
1782756305841 0.0012515808008174644 22
1782756305843 0.0012736120729096002 23
1782756305844 0.0012349830294260756 24
1782756305845 0.0012130517734476598 25
1782756305846 0.0011931513807940065 26
1782756305847 0.001186382545492961 27
1782756305848 0.001163146764592966 28
1782756305849 0.0011111866763530997 29
1782756305850 0.0010675727254420052 30
1782756305851 0.0010491017598542385 31
1782756305852 0.001035402349079959 32
1782756305853 0.0010248119901370956 33
1782756305855 0.0010166745189781068 34
1782756305856 0.0010166565092367818 35
1782756305857 0.001017522844049381 36
1782756305858 0.001017398085386958 37
1782756305859 0.00099697263307462 38
1782756305860 0.0009743011261161882 39
1782756305861 0.0009649856566102244 40
1782756305862 0.0009592600061296252 41
1782756305863 0.0009540289809228852 42
1782756305864 0.0009498302815336502 43
1782756305866 0.0009457678522448987 44
1782756305867 0.0009381046867201803 45
1782756305868 0.0009338988924719161 46
1782756305869 0.0009309209164348431 47
1782756305870 0.0009279694185534026 48
1782756305871 0.0009251585010497366 49
1782756305872 0.0009223716359701939 50
1782756305873 0.0009195200442627538 51
1782756305874 0.0009153217273706104 52
1782756305875 0.0009134973134132451 53
1782756305876 0.0009119238886705716 54
1782756305878 0.000910313532804139 55
1782756305879 0.0009086347708580434 56
1782756305880 0.0009070027034977101 57
1782756305881 0.0009052686101495056 58
1782756305882 0.0009028782840323402 59
1782756305883 0.0009019215884109144 60
