1782756306011 0.0 1
1782756306012 0.0 2
1782756306012 0.0 3
1782756306013 0.0 4
1782756306014 0.0 5
1782756306015 0.0 6
1782756306016 0.0 7
1782756306017 0.0 8
1782756306018 0.0 9
1782756306019 0.0 10
1782756306020 0.0 11
1782756306021 0.0 12
1782756306022 0.0 13
1782756306023 0.0 14
1782756306024 0.0 15
1782756306025 0.0 16
1782756306026 0.0 17
1782756306026 0.0 18
1782756306027 0.0 19
1782756306028 0.0 20
1782756306029 0.0 21
1782756306030 0.0 22
1782756306031 0.0 23
1782756306032 0.0 24
1782756306033 0.0 25
1782756306034 0.0 26
1782756306035 0.0 27
1782756306036 0.0 28
1782756306037 0.0 29
1782756306038 0.0 30
1782756306039 0.0 31
1782756306040 0.0 32
1782756306041 0.0 33
1782756306042 0.0 34
1782756306043 0.0 35
1782756306044 0.0 36
1782756306045 0.0 37
1782756306046 0.0 38
1782756306047 0.0 39
1782756306047 0.0 40
1782756306048 0.0 41
1782756306050 0.0 42
1782756306051 0.0 43
1782756306052 0.0 44
1782756306053 0.0 45
1782756306054 0.0 46
1782756306055 0.0 47
1782756306056 0.0 48
1782756306057 0.0 49
1782756306057 0.0 50
1782756306058 0.0 51
1782756306059 0.0 52
1782756306060 0.0 53
1782756306061 0.0 54
1782756306062 0.0 55
1782756306063 0.0 56
1782756306064 0.0 57
1782756306065 0.0 58
1782756306066 0.0 59
1782756306067 0.0 60
