1782741615574 0.0 1
1782741615575 0.0 2
1782741615576 0.0 3
1782741615577 0.0 4
1782741615578 0.0 5
1782741615579 0.0 6
1782741615580 0.0 7
1782741615581 0.0 8
1782741615582 0.0 9
1782741615582 0.0 10
1782741615583 0.0 11
1782741615585 0.0 12
1782741615586 0.0 13
1782741615586 0.0 14
1782741615588 0.0 15
1782741615589 0.0 16
1782741615590 0.0 17
1782741615591 0.0 18
1782741615591 0.0 19
1782741615592 0.0 20
1782741615593 0.0 21
1782741615594 0.0 22
1782741615595 0.0 23
1782741615596 0.0 24
1782741615597 0.0 25
1782741615598 0.0 26
1782741615599 0.0 27
1782741615600 0.0 28
1782741615601 0.0 29
1782741615602 0.0 30
1782741615602 0.0 31
1782741615603 0.0 32
1782741615605 0.0 33
1782741615606 0.0 34
1782741615606 0.0 35
1782741615607 0.0 36
1782741615608 0.0 37
1782741615609 0.0 38
1782741615610 0.0 39
1782741615611 0.0 40
1782741615612 0.0 41
1782741615613 0.0 42
1782741615614 0.0 43
1782741615615 0.0 44
1782741615615 0.0 45
1782741615616 0.0 46
1782741615617 0.0 47
1782741615618 0.0 48
1782741615619 0.0 49
1782741615620 0.0 50
1782741615621 0.0 51
1782741615622 0.0 52
1782741615623 0.0 53
1782741615624 0.0 54
1782741615625 0.0 55
1782741615626 0.0 56
1782741615627 0.0 57
1782741615628 0.0 58
1782741615629 0.0 59
1782741615630 0.0 60
1782741615631 0.0 61
1782741615632 0.0 62
1782741615633 0.0 63
1782741615634 0.0 64
1782741615635 0.0 65
1782741615636 0.0 66
1782741615637 0.0 67
1782741615638 0.0 68
1782741615639 0.0 69
1782741615640 0.0 70
1782741615641 0.0 71
1782741615642 0.0 72
1782741615643 0.0 73
1782741615643 0.0 74
1782741615644 0.0 75
1782741615645 0.0 76
1782741615646 0.0 77
1782741615647 0.0 78
1782741615648 0.0 79
1782741615649 0.0 80
1782741615651 0.0 81
1782741615652 0.0 82
1782741615653 0.0 83
