1782741615654 0.0 1
1782741615655 0.0 2
1782741615655 0.0 3
1782741615656 0.0 4
1782741615657 0.0 5
1782741615658 0.0 6
1782741615659 0.0 7
1782741615660 0.0 8
1782741615661 0.0 9
1782741615662 0.0 10
1782741615663 0.0 11
1782741615664 0.0 12
1782741615665 0.0 13
1782741615666 0.0 14
1782741615667 0.0 15
1782741615668 0.0 16
1782741615669 0.0 17
1782741615670 0.0 18
1782741615671 0.0 19
1782741615672 0.0 20
1782741615673 0.0 21
1782741615674 0.0 22
1782741615675 0.0 23
1782741615675 0.0 24
1782741615676 0.0 25
1782741615677 0.0 26
1782741615678 0.0 27
1782741615679 0.0 28
1782741615680 0.0 29
1782741615681 0.0 30
1782741615682 0.0 31
1782741615683 0.0 32
1782741615684 0.0 33
1782741615685 0.0 34
1782741615686 0.0 35
1782741615687 0.0 36
1782741615688 0.0 37
1782741615689 0.0 38
1782741615690 0.0 39
1782741615691 0.0 40
1782741615692 0.0 41
1782741615693 0.0 42
1782741615695 0.0 43
1782741615696 0.0 44
1782741615697 0.0 45
1782741615698 0.0 46
1782741615698 0.0 47
1782741615699 0.0 48
1782741615701 0.0 49
1782741615702 0.0 50
1782741615703 0.0 51
1782741615704 0.0 52
1782741615705 0.0 53
1782741615706 0.0 54
1782741615707 0.0 55
1782741615708 0.0 56
1782741615709 0.0 57
1782741615710 0.0 58
1782741615711 0.0 59
1782741615712 0.0 60
1782741615713 0.0 61
1782741615714 0.0 62
1782741615715 0.0 63
1782741615716 0.0 64
1782741615717 0.0 65
1782741615718 0.0 66
1782741615719 0.0 67
1782741615720 0.0 68
1782741615721 0.0 69
1782741615722 0.0 70
1782741615723 0.0 71
1782741615724 0.0 72
1782741615725 0.0 73
1782741615727 0.0 74
1782741615727 0.0 75
1782741615728 0.0 76
1782741615729 0.0 77
1782741615730 0.0 78
1782741615731 0.0 79
1782741615732 0.0 80
1782741615733 0.0 81
1782741615734 0.0 82
1782741615735 0.0 83
