1782754758108 0.0 1
1782754758109 0.0 2
1782754758110 0.0 3
1782754758111 0.0 4
1782754758112 0.0 5
1782754758113 0.0 6
1782754758114 0.0 7
1782754758116 0.0 8
1782754758117 0.0 9
1782754758118 0.0 10
1782754758119 0.0 11
1782754758120 0.0 12
1782754758121 0.0 13
1782754758122 0.0 14
1782754758123 0.0 15
1782754758124 0.0 16
1782754758125 0.0 17
1782754758126 0.0 18
1782754758127 0.0 19
1782754758129 0.0 20
1782754758130 0.0 21
1782754758131 0.0 22
1782754758132 0.0 23
1782754758133 0.0 24
1782754758134 0.0 25
1782754758135 0.0 26
1782754758136 0.0 27
1782754758137 0.0 28
1782754758138 0.0 29
1782754758139 0.0 30
1782754758140 0.0 31
1782754758141 0.0 32
1782754758142 0.0 33
1782754758143 0.0 34
1782754758144 0.0 35
1782754758144 0.0 36
1782754758145 0.0 37
1782754758146 0.0 38
1782754758147 0.0 39
1782754758148 0.0 40
1782754758149 0.0 41
1782754758150 0.0 42
1782754758151 0.0 43
1782754758152 0.0 44
1782754758153 0.0 45
1782754758154 0.0 46
1782754758155 0.0 47
1782754758156 0.0 48
1782754758157 0.0 49
1782754758158 0.0 50
1782754758158 0.0 51
1782754758159 0.0 52
1782754758161 0.0 53
1782754758162 0.0 54
1782754758163 0.0 55
1782754758164 0.0 56
1782754758165 0.0 57
1782754758166 0.0 58
1782754758167 0.0 59
1782754758168 0.0 60
1782754758169 0.0 61
1782754758170 0.0 62
1782754758171 0.0 63
1782754758172 0.0 64
1782754758173 0.0 65
