1782754757966 0.10723239282146096 1
1782754757967 0.020747421267442404 2
1782754757969 0.008989324129652232 3
1782754757970 0.005787066328339279 4
1782754757971 0.004256385627668351 5
1782754757972 0.0034682075271848588 6
1782754757973 0.00291770676150918 7
1782754757974 0.002565677304810379 8
1782754757975 0.0022563064537825996 9
1782754757976 0.0020980710440198893 10
1782754757977 0.0019576846511336044 11
1782754757978 0.0018655412568477914 12
1782754757979 0.0017991787323262543 13
1782754757981 0.0016669203390483743 14
1782754757982 0.0016058421498746612 15
1782754757983 0.001521458167990204 16
1782754757984 0.0015293228217342402 17
1782754757985 0.0014659142126038204 18
1782754757986 0.0014628035308851394 19
1782754757987 0.0014305946064996533 20
1782754757988 0.001368710573296994 21
1782754757989 0.0013274033891502767 22
1782754757990 0.001314443673909409 23
1782754757991 0.001290058974409476 24
1782754757993 0.0012848704773932695 25
1782754757994 0.0012811431629233994 26
1782754757995 0.0012944716430502011 27
1782754757996 0.0012776320605917136 28
1782754757997 0.0012596892744477374 29
1782754757998 0.0012588888243044495 30
1782754757999 0.001214498902845662 31
1782754758000 0.0011627138766925782 32
1782754758001 0.001108633957192069 33
1782754758002 0.0010862172423367156 34
1782754758003 0.001071563006262295 35
1782754758005 0.0010588963899499503 36
1782754758006 0.0010504845067771384 37
1782754758007 0.0010424912867165403 38
1782754758008 0.0010367398543166928 39
1782754758009 0.0010435751613840694 40
1782754758010 0.0010504759188188473 41
1782754758011 0.001048522607452469 42
1782754758012 0.0010300890065263956 43
1782754758013 0.0009990888522588648 44
1782754758014 0.0009907461324473843 45
1782754758015 0.0009843615263525863 46
1782754758017 0.0009792085691151442 47
1782754758018 0.0009748071364447242 48
1782754758019 0.000970338437546161 49
1782754758020 0.000964116728719091 50
1782754758021 0.0009607832667097682 51
1782754758022 0.0009583319479133934 52
1782754758023 0.000955950882344041 53
1782754758024 0.0009535174516349798 54
1782754758025 0.0009511958821531153 55
1782754758026 0.0009489918216422665 56
1782754758027 0.0009448747204442042 57
1782754758028 0.0009432016380742425 58
1782754758030 0.0009418915559217567 59
1782754758031 0.0009405493384838337 60
1782754758032 0.00093908966096933 61
1782754758033 0.0009377610458614072 62
1782754758034 0.0009363739033142337 63
1782754758035 0.0009341251790465321 64
1782754758036 0.0009333183438138804 65
