1785104391448 0.0 1
1785104391449 0.0 2
1785104391450 0.0 3
1785104391451 0.0 4
1785104391453 0.0 5
1785104391454 0.0 6
1785104391455 0.0 7
1785104391456 0.0 8
1785104391458 0.0 9
1785104391459 0.0 10
1785104391460 0.0 11
1785104391461 0.0 12
1785104391463 0.0 13
1785104391464 0.0 14
1785104391465 0.0 15
1785104391466 0.0 16
1785104391468 0.0 17
1785104391469 0.0 18
1785104391470 0.0 19
1785104391472 0.0 20
1785104391473 0.0 21
1785104391474 0.0 22
1785104391475 0.0 23
1785104391477 0.0 24
1785104391478 0.0 25
1785104391479 0.0 26
1785104391480 0.0 27
1785104391482 0.0 28
1785104391483 0.0 29
1785104391484 0.0 30
1785104391485 0.0 31
1785104391487 0.0 32
1785104391488 0.0 33
1785104391489 0.0 34
1785104391490 0.0 35
1785104391492 0.0 36
1785104391493 0.0 37
1785104391494 0.0 38
1785104391495 0.0 39
1785104391496 0.0 40
1785104391498 0.0 41
1785104391499 0.0 42
1785104391500 0.0 43
1785104391501 0.0 44
1785104391503 0.0 45
1785104391504 0.0 46
1785104391505 0.0 47
1785104391506 0.0 48
1785104391507 0.0 49
1785104391509 0.0 50
1785104391510 0.0 51
1785104391511 0.0 52
1785104391512 0.0 53
1785104391514 0.0 54
1785104391515 0.0 55
1785104391516 0.0 56
1785104391517 0.0 57
1785104391519 0.0 58
1785104391520 0.0 59
1785104391521 0.0 60
1785104391522 0.0 61
1785104391524 0.0 62
1785104391525 0.0 63
1785104391526 0.0 64
1785104391527 0.0 65
1785104391529 0.0 66
1785104391530 0.0 67
