1785104391195 0.015324734894675203 1
1785104391196 0.004209357879008166 2
1785104391198 0.0039689659755094905 3
1785104391199 0.0037938645452959465 4
1785104391200 0.003524054889276158 5
1785104391202 0.0034258249614504167 6
1785104391203 0.0033864045012160205 7
1785104391204 0.0035315076060942374 8
1785104391205 0.003105989618052263 9
1785104391207 0.0032281172031071036 10
1785104391208 0.003096632704837248 11
1785104391209 0.002987978531164117 12
1785104391210 0.002818176421278622 13
1785104391212 0.002917709844186902 14
1785104391213 0.002809200641931966 15
1785104391214 0.002793504287255928 16
1785104391215 0.0028186235812609085 17
1785104391217 0.002898657977057155 18
1785104391218 0.0026872703156550415 19
1785104391219 0.002566314241848886 20
1785104391220 0.0026797515101497993 21
1785104391222 0.0028096680124872365 22
1785104391223 0.0025212889749673196 23
1785104391224 0.0026784522231901066 24
1785104391226 0.0024084997549653053 25
1785104391227 0.002316282166284509 26
1785104391228 0.0023866070005169604 27
1785104391229 0.0025177024106960745 28
1785104391231 0.0021336413142853416 29
1785104391232 0.00208616492775036 30
1785104391233 0.002103195429663174 31
1785104391234 0.0020630617981078105 32
1785104391236 0.002116583515307866 33
1785104391237 0.002140648944769055 34
1785104391238 0.00200490106275538 35
1785104391239 0.0018982700411288534 36
1785104391241 0.0018851063723559491 37
1785104391242 0.001865283142105909 38
1785104391243 0.0018336197693133726 39
1785104391244 0.0018637815269175917 40
1785104391246 0.0017520549883192872 41
1785104391247 0.001723818585887784 42
1785104391248 0.0017098362717661076 43
1785104391249 0.0016961398858984468 44
1785104391251 0.0017038518912158907 45
1785104391252 0.001670123026269721 46
1785104391253 0.0016428324281878303 47
1785104391254 0.0016474357797414995 48
1785104391256 0.0016407169999729375 49
1785104391257 0.0016287801245925947 50
1785104391258 0.0016208625493163709 51
1785104391260 0.001611740754742641 52
1785104391261 0.0015982785128289833 53
1785104391262 0.0015916008182102815 54
1785104391263 0.0015907607183908113 55
1785104391265 0.0015932384257030209 56
1785104391266 0.0015732243050297257 57
1785104391267 0.0015732730491436087 58
1785104391268 0.0015697990691114683 59
1785104391270 0.0015657029053545556 60
1785104391271 0.001563509473344311 61
1785104391272 0.0015610855743580032 62
1785104391273 0.001552431144664297 63
1785104391275 0.0015636966058809776 64
1785104391276 0.0015549162609386257 65
1785104391277 0.0015630827825225424 66
1785104391278 0.001555050009774277 67
