1785104391364 0.0 1
1785104391365 0.0 2
1785104391366 0.0 3
1785104391367 0.0 4
1785104391369 0.0 5
1785104391370 0.0 6
1785104391371 0.0 7
1785104391372 0.0 8
1785104391374 0.0 9
1785104391375 0.0 10
1785104391376 0.0 11
1785104391377 0.0 12
1785104391379 0.0 13
1785104391380 0.0 14
1785104391381 0.0 15
1785104391382 0.0 16
1785104391384 0.0 17
1785104391385 0.0 18
1785104391386 0.0 19
1785104391388 0.0 20
1785104391389 0.0 21
1785104391390 0.0 22
1785104391391 0.0 23
1785104391392 0.0 24
1785104391394 0.0 25
1785104391395 0.0 26
1785104391396 0.0 27
1785104391397 0.0 28
1785104391399 0.0 29
1785104391400 0.0 30
1785104391401 0.0 31
1785104391402 0.0 32
1785104391404 0.0 33
1785104391405 0.0 34
1785104391406 0.0 35
1785104391408 0.0 36
1785104391409 0.0 37
1785104391410 0.0 38
1785104391411 0.0 39
1785104391413 0.0 40
1785104391414 0.0 41
1785104391415 0.0 42
1785104391416 0.0 43
1785104391418 0.0 44
1785104391419 0.0 45
1785104391420 0.0 46
1785104391421 0.0 47
1785104391423 0.0 48
1785104391424 0.0 49
1785104391425 0.0 50
1785104391426 0.0 51
1785104391428 0.0 52
1785104391429 0.0 53
1785104391430 0.0 54
1785104391431 0.0 55
1785104391433 0.0 56
1785104391434 0.0 57
1785104391435 0.0 58
1785104391436 0.0 59
1785104391438 0.0 60
1785104391439 0.0 61
1785104391440 0.0 62
1785104391441 0.0 63
1785104391443 0.0 64
1785104391444 0.0 65
1785104391445 0.0 66
1785104391446 0.0 67
