1780491144364 0.7295368909835815 1
1780491144740 0.7588819265365601 2
1780491145108 0.7784071564674377 3
1780491145463 0.7891665101051331 4
1780491145826 0.7997482419013977 5
1780491146217 0.8074477910995483 6
1780491146616 0.8134632110595703 7
1780491146958 0.8183797001838684 8
1780491147336 0.8256174921989441 9
1780491147696 0.830953061580658 10
1780491148079 0.8351388573646545 11
1780491148483 0.8384948968887329 12
1780491148870 0.8423332571983337 13
1780491149298 0.8462782502174377 14
1780491149678 0.8492951989173889 15
1780491150143 0.8526709079742432 16
1780491150670 0.8557776212692261 17
1780491151135 0.8586006164550781 18
1780491151712 0.8616749048233032 19
1780491152291 0.864384651184082 20
1780491152800 0.866592526435852 21
1780491153266 0.8685611486434937 22
1780491153724 0.870792806148529 23
1780491154239 0.8723011612892151 24
1780491154723 0.8741874098777771 25
1780491155187 0.8760926723480225 26
1780491155638 0.8776583075523376 27
1780491156078 0.8797398209571838 28
1780491156688 0.8813405632972717 29
1780491157287 0.8830092549324036 30
1780491157852 0.8843421936035156 31
1780491158552 0.8860968351364136 32
1780491159203 0.8880382776260376 33
1780491159858 0.8894813656806946 34
1780491160568 0.8909358978271484 35
1780491161201 0.8925610184669495 36
1780491162018 0.8941850662231445 37
1780491162766 0.8954101800918579 38
1780491163460 0.8964678645133972 39
1780491164134 0.8976166248321533 40
1780491165086 0.8988795876502991 41
1780491165864 0.9000272750854492 42
1780491166643 0.9014337062835693 43
1780491167411 0.9026981592178345 44
1780491168242 0.903891921043396 45
1780491169084 0.9050724506378174 46
1780491169887 0.9062508344650269 47
1780491170754 0.907400369644165 48
1780491171795 0.9085855484008789 49
1780491172708 0.9094437956809998 50
1780491173557 0.9106197357177734 51
1780491174423 0.9116467833518982 52
1780491175239 0.9126125574111938 53
1780491176053 0.9137075543403625 54
1780491176929 0.9145718812942505 55
1780491177810 0.9155385494232178 56
1780491178773 0.9165036678314209 57
1780491179623 0.9174896478652954 58
1780491180551 0.9184245467185974 59
1780491181301 0.9194105267524719 60
1780491182371 0.9202608466148376 61
1780491183256 0.9211767315864563 62
1780491184142 0.922029435634613 63
1780491185161 0.9228178858757019 64
1780491186152 0.9236062169075012 65
1780491187163 0.9244489073753357 66
1780491188223 0.9252116084098816 67
1780491189146 0.9260416030883789 68
1780491190046 0.9268176555633545 69
1780491191021 0.9276627898216248 70
1780491192131 0.9284746050834656 71
1780491193111 0.9293030500411987 72
1780491194076 0.9301131367683411 73
1780491195106 0.9309101104736328 74
1780491196099 0.9316635131835938 75
1780491197019 0.9323657155036926 76
1780491198058 0.9330980777740479 77
1780491199155 0.9338057041168213 78
1780491200124 0.9345360398292542 79
1780491201323 0.9351688027381897 80
1780491202738 0.9358757734298706 81
1780491203887 0.9365613460540771 82
1780491205084 0.9372245669364929 83
1780491206073 0.9379380941390991 84
1780491207171 0.9385204911231995 85
1780491208301 0.939140260219574 86
1780491209418 0.9398075342178345 87
1780491210557 0.9404708743095398 88
1780491211737 0.9411017298698425 89
1780491212996 0.9417610168457031 90
1780491214125 0.9423896074295044 91
1780491215151 0.9430461525917053 92
1780491216268 0.9437116980552673 93
1780491217410 0.9443143010139465 94
1780491218599 0.9449352025985718 95
1780491219789 0.9455279111862183 96
1780491221092 0.9460802674293518 97
1780491222541 0.946701169013977 98
1780491223810 0.9472562670707703 99
1780491225130 0.9478374123573303 100
1780491226423 0.9483846426010132 101
1780491227618 0.9489860534667969 102
1780491228887 0.9495528936386108 103
1780491230100 0.950073778629303 104
1780491231436 0.9506235122680664 105
1780491232915 0.9511231184005737 106
1780491234204 0.9516515135765076 107
1780491235350 0.9521980285644531 108
1780491236628 0.9527249932289124 109
1780491237838 0.9532355070114136 110
1780491239142 0.9537603855133057 111
1780491240487 0.9542309641838074 112
1780491241985 0.9547178149223328 113
1780491243370 0.955225944519043 114
1780491245665 0.9557418823242188 115
1780491246943 0.9562365412712097 116
1780491248247 0.9567911624908447 117
1780491249601 0.9572925567626953 118
1780491252075 0.9577743411064148 119
1780491256044 0.9582625031471252 120
1780491260209 0.9587115049362183 121
1780491264560 0.9591248631477356 122
1780491269229 0.9595630168914795 123
1780491273603 0.9599876403808594 124
1780491277929 0.9604825377464294 125
1780491282583 0.9609338045120239 126
1780491287879 0.9613946080207825 127
1780491295222 0.9618937373161316 128
1780491302652 0.9623292088508606 129
1780491307081 0.9627746343612671 130
1780491312019 0.9632381200790405 131
1780491318470 0.9636984467506409 132
1780491323603 0.9641237854957581 133
1780491328177 0.9645519852638245 134
1780491332814 0.9649821519851685 135
1780491337292 0.9654253721237183 136
1780491342589 0.9658344388008118 137
1780491347489 0.9662482142448425 138
1780491354281 0.9666798710823059 139
1780491361713 0.967082679271698 140
1780491366361 0.9674806594848633 141
1780491371208 0.9679392576217651 142
1780491375840 0.9683367609977722 143
1780491382097 0.9687458276748657 144
1780491388493 0.9691447019577026 145
1780491393042 0.9695301055908203 146
1780491398608 0.9699376225471497 147
1780491405845 0.9703584909439087 148
1780491413340 0.9707253575325012 149
1780491420243 0.9711233973503113 150
1780491425371 0.9715307354927063 151
1780491430180 0.9719496965408325 152
1780491434951 0.9722821712493896 153
1780491440710 0.972656786441803 154
1780491446910 0.9730488657951355 155
1780491452686 0.9734556078910828 156
1780491459470 0.9738328456878662 157
1780491466372 0.9741687774658203 158
1780491473320 0.9745457172393799 159
1780491480736 0.9748989343643188 160
1780491485743 0.9752687811851501 161
1780491492525 0.9756660461425781 162
1780491498333 0.9760084748268127 163
1780491505296 0.9763862490653992 164
1780491511769 0.9767497181892395 165
1780491517025 0.9770971536636353 166
1780491523136 0.9774492383003235 167
1780491529780 0.9777923822402954 168
1780491535413 0.9781240820884705 169
1780491540760 0.9784668684005737 170
1780491546210 0.9787949323654175 171
1780491551311 0.9791074395179749 172
1780491556576 0.9794363379478455 173
1780491561672 0.9797471165657043 174
1780491568610 0.9801226258277893 175
1780491576052 0.9804553985595703 176
1780491583521 0.9808146953582764 177
1780491589448 0.9811825156211853 178
1780491594613 0.981555700302124 179
1780491599414 0.9818845391273499 180
1780491604056 0.9821919798851013 181
1780491609114 0.982538104057312 182
1780491614184 0.982865571975708 183
1780491618662 0.98319411277771 184
1780491624391 0.9835342764854431 185
1780491630293 0.9838399291038513 186
1780491636050 0.9841981530189514 187
1780491641374 0.9844834804534912 188
1780491646729 0.9847727417945862 189
1780491653197 0.9850815534591675 190
1780491659021 0.9854057431221008 191
1780491664217 0.9857948422431946 192
1780491669738 0.9860749840736389 193
1780491675238 0.9863747954368591 194
1780491680934 0.9867113828659058 195
1780491687335 0.9870544672012329 196
1780491693786 0.9873627424240112 197
1780491701049 0.9876476526260376 198
1780491706952 0.9879791140556335 199
1780491712132 0.9882691502571106 200
1780491717934 0.9886096715927124 201
1780491723023 0.9889293909072876 202
1780491728312 0.989241898059845 203
1780491734146 0.9895443320274353 204
1780491739097 0.9898827075958252 205
1780491743593 0.9901787042617798 206
1780491748123 0.9905503988265991 207
1780491752754 0.9908217191696167 208
1780491758985 0.9911754727363586 209
1780491763551 0.9914568662643433 210
1780491769329 0.9917348623275757 211
1780491774028 0.992074728012085 212
1780491778893 0.9923452734947205 213
1780491783910 0.9926332831382751 214
1780491787905 0.9928966760635376 215
1780491793800 0.9932211637496948 216
1780491799246 0.9935394525527954 217
1780491806970 0.9938417077064514 218
1780491814642 0.9941355586051941 219
1780491822041 0.9944207668304443 220
1780491827484 0.9947444200515747 221
1780491832778 0.9950534701347351 222
1780491839266 0.9953707456588745 223
1780491845010 0.9956995844841003 224
1780491850629 0.9959923624992371 225
1780491855694 0.9962324500083923 226
1780491861436 0.9965313076972961 227
1780491867673 0.9967916011810303 228
1780491874014 0.9971017241477966 229
1780491880161 0.9974116683006287 230
1780491885532 0.9978218674659729 231
1780491890969 0.9982004761695862 232
1780491897106 0.9984952807426453 233
1780491902280 0.9988232254981995 234
1780491907573 0.9991902709007263 235
1780491913629 0.9995414614677429 236
1780491919260 0.9997945427894592 237
1780491924476 0.9998608231544495 238
1780491929516 1.0 239
1780491934464 1.0 240
