1780491144348 9195.830078125 1
1780491144723 3253.67626953125 2
1780491145091 2504.266845703125 3
1780491145446 2330.342041015625 4
1780491145808 2086.554443359375 5
1780491146200 1464.142822265625 6
1780491146600 1229.315185546875 7
1780491146941 1055.2860107421875 8
1780491147319 960.2107543945312 9
1780491147679 912.474853515625 10
1780491148062 825.4261474609375 11
1780491148466 772.5719604492188 12
1780491148854 609.8458862304688 13
1780491149279 604.3101196289062 14
1780491149661 572.9044799804688 15
1780491150126 537.9957275390625 16
1780491150654 526.9951782226562 17
1780491151118 465.7904357910156 18
1780491151696 465.66961669921875 19
1780491152271 417.82391357421875 20
1780491152783 387.5250244140625 21
1780491153249 381.69525146484375 22
1780491153707 351.50811767578125 23
1780491154222 351.30517578125 24
1780491154707 346.94842529296875 25
1780491155170 308.87188720703125 26
1780491155621 297.48406982421875 27
1780491156061 288.1832275390625 28
1780491156672 273.09649658203125 29
1780491157270 269.2800598144531 30
1780491157835 265.829833984375 31
1780491158535 258.8231201171875 32
1780491159186 249.98452758789062 33
1780491159841 243.9338836669922 34
1780491160552 230.6878662109375 35
1780491161185 228.55918884277344 36
1780491162001 227.3726043701172 37
1780491162749 206.05838012695312 38
1780491163442 204.50521850585938 39
1780491164117 204.49197387695312 40
1780491165070 198.42544555664062 41
1780491165847 193.90237426757812 42
1780491166626 192.81686401367188 43
1780491167394 177.3909912109375 44
1780491168225 171.22897338867188 45
1780491169068 170.15786743164062 46
1780491169871 169.92100524902344 47
1780491170737 169.19699096679688 48
1780491171778 168.17764282226562 49
1780491172691 164.50674438476562 50
1780491173540 158.23638916015625 51
1780491174406 158.22923278808594 52
1780491175222 157.90054321289062 53
1780491176036 156.0396728515625 54
1780491176912 152.95211791992188 55
1780491177793 152.8827667236328 56
1780491178756 152.2260284423828 57
1780491179607 129.48712158203125 58
1780491180534 121.07737731933594 59
1780491181284 114.2365493774414 60
1780491182355 113.98445129394531 61
1780491183239 113.88752746582031 62
1780491184125 109.9481201171875 63
1780491185142 109.02082061767578 64
1780491186135 108.75015258789062 65
1780491187146 107.28144836425781 66
1780491188207 105.5587158203125 67
1780491189129 102.25010681152344 68
1780491190030 102.23207092285156 69
1780491191004 98.72158813476562 70
1780491192100 96.27954864501953 71
1780491193094 95.3390121459961 72
1780491194059 94.40565490722656 73
1780491195089 94.28434753417969 74
1780491196082 94.13455200195312 75
1780491197002 92.17984771728516 76
1780491198042 87.54735565185547 77
1780491199139 87.26905822753906 78
1780491200107 87.00675964355469 79
1780491201306 86.99919891357422 80
1780491202721 85.48777770996094 81
1780491203870 82.35501098632812 82
1780491205067 77.03748321533203 83
1780491206057 76.61109161376953 84
1780491207154 76.12264251708984 85
1780491208284 76.12216186523438 86
1780491209401 74.82275390625 87
1780491210540 74.77769470214844 88
1780491211721 74.71051025390625 89
1780491212979 73.67306518554688 90
1780491214108 70.87571716308594 91
1780491215135 70.76921844482422 92
1780491216252 70.69219207763672 93
1780491217393 69.46401977539062 94
1780491218582 69.46371459960938 95
1780491219773 68.50531005859375 96
1780491221076 68.22102355957031 97
1780491222524 68.12150573730469 98
1780491223794 66.65342712402344 99
1780491225111 66.618408203125 100
1780491226406 66.59101867675781 101
1780491227601 66.44541931152344 102
1780491228864 65.88435363769531 103
1780491230084 65.37265014648438 104
1780491231419 64.88035583496094 105
1780491232898 64.82621765136719 106
1780491234187 63.6910400390625 107
1780491235334 62.664024353027344 108
1780491236611 62.28819274902344 109
1780491237822 58.65620422363281 110
1780491239125 57.922916412353516 111
1780491240470 57.01874542236328 112
1780491241968 56.359561920166016 113
1780491243354 56.1088981628418 114
1780491245649 55.52735137939453 115
1780491246926 51.14914321899414 116
1780491248230 51.05308532714844 117
1780491249584 50.518714904785156 118
1780491252060 50.457115173339844 119
1780491256016 50.44285583496094 120
1780491260184 49.54386520385742 121
1780491264536 48.80057907104492 122
1780491269199 48.61037826538086 123
1780491273571 48.59727478027344 124
1780491277904 47.972476959228516 125
1780491282552 46.360130310058594 126
1780491287842 45.493896484375 127
1780491295184 45.36820602416992 128
1780491302620 45.281158447265625 129
1780491307047 44.076133728027344 130
1780491311975 44.0286865234375 131
1780491318404 43.922481536865234 132
1780491323572 43.53061294555664 133
1780491328151 43.10136032104492 134
1780491332780 43.074623107910156 135
1780491337269 42.6812858581543 136
1780491342557 42.434165954589844 137
1780491347449 42.32246398925781 138
1780491354250 42.09051513671875 139
1780491361679 41.34235763549805 140
1780491366332 41.341163635253906 141
1780491371180 40.97409439086914 142
1780491375808 40.45883560180664 143
1780491382079 40.449310302734375 144
1780491388463 39.38669204711914 145
1780491393008 39.03973388671875 146
1780491398575 38.9940185546875 147
1780491405807 38.93156433105469 148
1780491413295 38.488914489746094 149
1780491420227 38.41033935546875 150
1780491425354 38.13302230834961 151
1780491430145 37.121437072753906 152
1780491434919 37.10768127441406 153
1780491440670 37.10441970825195 154
1780491446858 36.22938537597656 155
1780491452650 35.98891067504883 156
1780491459437 35.90992736816406 157
1780491466348 35.65003204345703 158
1780491473290 35.64808654785156 159
1780491480695 35.63844299316406 160
1780491485711 35.633705139160156 161
1780491492478 33.095680236816406 162
1780491498302 32.94660568237305 163
1780491505263 32.83439254760742 164
1780491511752 32.669734954833984 165
1780491516978 32.59543991088867 166
1780491523091 32.20697021484375 167
1780491529746 32.20457077026367 168
1780491535379 32.20109558105469 169
1780491540726 32.10906982421875 170
1780491546194 31.366104125976562 171
1780491551276 31.36248016357422 172
1780491556549 31.122013092041016 173
1780491561640 31.002151489257812 174
1780491568579 30.782960891723633 175
1780491576024 30.692113876342773 176
1780491583486 28.981136322021484 177
1780491589428 28.73491668701172 178
1780491594582 28.526020050048828 179
1780491599396 27.55474853515625 180
1780491604023 27.434642791748047 181
1780491609081 26.910037994384766 182
1780491614163 26.291839599609375 183
1780491618646 26.26548194885254 184
1780491624366 25.88042449951172 185
1780491630242 25.765647888183594 186
1780491636014 25.755268096923828 187
1780491641336 25.755266189575195 188
1780491646712 25.75216293334961 189
1780491653166 25.352642059326172 190
1780491658982 25.12880516052246 191
1780491664185 24.957759857177734 192
1780491669721 24.95005989074707 193
1780491675207 24.57684326171875 194
1780491680911 24.44413185119629 195
1780491687303 23.913293838500977 196
1780491693756 23.872886657714844 197
1780491701017 23.838125228881836 198
1780491706911 23.743228912353516 199
1780491712115 23.661651611328125 200
1780491717910 23.402042388916016 201
1780491722993 22.884788513183594 202
1780491728296 22.756328582763672 203
1780491734121 22.75223159790039 204
1780491739064 22.75149154663086 205
1780491743576 22.607040405273438 206
1780491748094 22.243432998657227 207
1780491752737 22.236766815185547 208
1780491758968 22.198040008544922 209
1780491763524 21.670001983642578 210
1780491769296 21.62232208251953 211
1780491773995 21.614011764526367 212
1780491778850 21.596696853637695 213
1780491783878 19.976572036743164 214
1780491787888 19.755210876464844 215
1780491793784 19.74481964111328 216
1780491799214 19.303085327148438 217
1780491806939 19.301837921142578 218
1780491814594 18.886028289794922 219
1780491822005 18.88558578491211 220
1780491827452 18.83371353149414 221
1780491832738 18.26595687866211 222
1780491839235 18.26587677001953 223
1780491844985 17.69290542602539 224
1780491850613 15.924919128417969 225
1780491855677 15.249247550964355 226
1780491861390 14.52033805847168 227
1780491867654 14.396814346313477 228
1780491873974 14.3883056640625 229
1780491880135 13.955698013305664 230
1780491885504 12.285558700561523 231
1780491890952 11.39056396484375 232
1780491897089 11.214123725891113 233
1780491902256 11.14648151397705 234
1780491907531 8.004380226135254 235
1780491913612 7.960203170776367 236
1780491919228 7.935306549072266 237
1780491924434 6.788018703460693 238
1780491929492 4.564588743960485e-05 239
1780491934433 4.57531787105836e-05 240
