1780491144368 0.9103772640228271 1
1780491144744 0.9103913903236389 2
1780491145112 0.912088930606842 3
1780491145467 0.951745867729187 4
1780491145830 0.9523142576217651 5
1780491146221 0.9837858080863953 6
1780491146621 0.9838082194328308 7
1780491146962 0.989360511302948 8
1780491147340 0.9905957579612732 9
1780491147700 0.9907031059265137 10
1780491148083 0.9934861660003662 11
1780491148487 0.9958732724189758 12
1780491148874 0.9959336519241333 13
1780491149302 0.9961166977882385 14
1780491149683 0.9968898296356201 15
1780491150147 0.9976303577423096 16
1780491150675 0.9977151155471802 17
1780491151139 0.9979479908943176 18
1780491151717 0.9979775547981262 19
1780491152295 0.9980506896972656 20
1780491152804 0.9980550408363342 21
1780491153270 0.998684823513031 22
1780491153728 0.9986990094184875 23
1780491154243 0.9988157153129578 24
1780491154728 0.9989882707595825 25
1780491155191 0.9990609288215637 26
1780491155642 0.999326229095459 27
1780491156082 0.9993769526481628 28
1780491156692 0.9993939399719238 29
1780491157291 0.9994160532951355 30
1780491157857 0.9994229674339294 31
1780491158556 0.9994296431541443 32
1780491159207 0.9994540810585022 33
1780491159862 0.9994840025901794 34
1780491160573 0.9994840621948242 35
1780491161205 0.9995078444480896 36
1780491162022 0.9995094537734985 37
1780491162770 0.9995333552360535 38
1780491163464 0.9995583295822144 39
1780491164142 0.9996134042739868 40
1780491165090 0.9996483325958252 41
1780491165868 0.9997019171714783 42
1780491166647 0.9997142553329468 43
1780491167415 0.9997146725654602 44
1780491168247 0.9997462630271912 45
1780491169088 0.9997901320457458 46
1780491169892 0.9997950196266174 47
1780491170759 0.9997965693473816 48
1780491171799 0.9997993111610413 49
1780491172712 0.9998235106468201 50
1780491173561 0.9998235106468201 51
1780491174428 0.9998309016227722 52
1780491175243 0.9998310804367065 53
1780491176058 0.9998889565467834 54
1780491176933 0.9998934268951416 55
1780491177814 0.9998939037322998 56
1780491178777 0.9999082088470459 57
1780491179627 0.9999106526374817 58
1780491180555 0.9999133348464966 59
1780491181305 0.9999135732650757 60
1780491182376 0.9999168515205383 61
1780491183260 0.999917209148407 62
1780491184146 0.9999248385429382 63
1780491185166 0.999924898147583 64
1780491186156 0.9999345541000366 65
1780491187167 0.9999346137046814 66
1780491188227 0.9999353289604187 67
1780491189150 0.9999356865882874 68
1780491190051 0.9999394416809082 69
1780491191025 0.9999403357505798 70
1780491192136 0.9999440908432007 71
1780491193115 0.9999441504478455 72
1780491194080 0.9999441504478455 73
1780491195110 0.9999529719352722 74
1780491196103 0.9999547600746155 75
1780491197023 0.9999573230743408 76
1780491198062 0.9999579787254333 77
1780491199160 0.9999584555625916 78
1780491200128 0.9999587535858154 79
1780491201327 0.9999591708183289 80
1780491202742 0.9999638199806213 81
1780491203891 0.9999645352363586 82
1780491205088 0.9999646544456482 83
1780491206077 0.9999658465385437 84
1780491207175 0.9999658465385437 85
1780491208305 0.9999659061431885 86
1780491209422 0.9999663233757019 87
1780491210561 0.9999674558639526 88
1780491211742 0.9999675750732422 89
1780491213000 0.9999691843986511 90
1780491214129 0.9999692440032959 91
1780491215155 0.9999694228172302 92
1780491216272 0.9999698996543884 93
1780491217414 0.9999724626541138 94
1780491218604 0.9999748468399048 95
1780491219794 0.9999749064445496 96
1780491221097 0.9999751448631287 97
1780491222545 0.9999752044677734 98
1780491223814 0.9999756813049316 99
1780491225134 0.9999757409095764 100
1780491226427 0.9999759793281555 101
1780491227622 0.9999781250953674 102
1780491228891 0.9999781847000122 103
1780491230105 0.9999797940254211 104
1780491231440 0.9999799132347107 105
1780491232920 0.9999810457229614 106
1780491234208 0.999981164932251 107
1780491235355 0.9999814629554749 108
1780491236632 0.9999815225601196 109
1780491237843 0.9999833703041077 110
1780491239146 0.9999834895133972 111
1780491240491 0.9999848008155823 112
1780491241990 0.9999850988388062 113
1780491243374 0.9999865889549255 114
1780491245669 0.9999865889549255 115
1780491246947 0.9999882578849792 116
1780491248251 0.9999882578849792 117
1780491249605 0.999988317489624 118
1780491252079 0.9999885559082031 119
1780491256048 0.9999885559082031 120
1780491260213 0.9999886155128479 121
1780491264572 0.9999886155128479 122
1780491269241 0.9999887347221375 123
1780491273614 0.9999887943267822 124
1780491277942 0.999988853931427 125
1780491282595 0.9999889135360718 126
1780491287883 0.9999889135360718 127
1780491295226 0.9999893307685852 128
1780491302656 0.9999912977218628 129
1780491307085 0.9999913573265076 130
1780491312024 0.9999914169311523 131
1780491318474 0.9999920129776001 132
1780491323610 0.9999920725822449 133
1780491328190 0.9999929070472717 134
1780491332818 0.9999929070472717 135
1780491337302 0.9999929070472717 136
1780491342600 0.9999933838844299 137
1780491347493 0.9999936819076538 138
1780491354285 0.9999939799308777 139
1780491361717 0.9999939799308777 140
1780491366365 0.9999939799308777 141
1780491371217 0.999994158744812 142
1780491375844 0.9999942779541016 143
1780491382101 0.9999949336051941 144
1780491388497 0.9999949336051941 145
1780491393047 0.9999955296516418 146
1780491398612 0.9999955296516418 147
1780491405849 0.9999955296516418 148
1780491413344 0.9999955892562866 149
1780491420247 0.9999955892562866 150
1780491425375 0.9999958276748657 151
1780491430192 0.9999960064888 152
1780491434955 0.9999960064888 153
1780491440714 0.9999960064888 154
1780491446913 0.9999961256980896 155
1780491452706 0.9999961256980896 156
1780491459474 0.9999966621398926 157
1780491466376 0.9999966621398926 158
1780491473324 0.9999967813491821 159
1780491480740 0.9999969005584717 160
1780491485756 0.9999969601631165 161
1780491492529 0.9999969601631165 162
1780491498337 0.9999969601631165 163
1780491505300 0.9999969601631165 164
1780491511773 0.9999974370002747 165
1780491517029 0.9999974370002747 166
1780491523140 0.9999974966049194 167
1780491529790 0.9999974966049194 168
1780491535417 0.9999974966049194 169
1780491540770 0.9999980330467224 170
1780491546214 0.9999980330467224 171
1780491551322 0.9999983310699463 172
1780491556588 0.9999986886978149 173
1780491561681 0.9999986886978149 174
1780491568614 0.9999986886978149 175
1780491576055 0.9999986886978149 176
1780491583525 0.9999986886978149 177
1780491589454 0.9999988675117493 178
1780491594625 0.999998927116394 179
1780491599418 0.9999989867210388 180
1780491604068 0.9999990463256836 181
1780491609124 0.9999990463256836 182
1780491614197 0.9999990463256836 183
1780491618666 0.9999991059303284 184
1780491624395 0.9999991655349731 185
1780491630305 0.9999992251396179 186
1780491636062 0.9999992251396179 187
1780491641385 0.9999992251396179 188
1780491646733 0.9999992251396179 189
1780491653201 0.9999992251396179 190
1780491659032 0.9999992847442627 191
1780491664221 0.9999992847442627 192
1780491669749 0.9999994039535522 193
1780491675243 0.9999995827674866 194
1780491680947 0.9999995827674866 195
1780491687339 0.9999995827674866 196
1780491693790 0.9999996423721313 197
1780491701053 0.9999996423721313 198
1780491706956 0.9999996423721313 199
1780491712136 0.9999996423721313 200
1780491717946 0.9999996423721313 201
1780491723033 0.9999996423721313 202
1780491728316 0.9999997019767761 203
1780491734151 0.9999997615814209 204
1780491739105 0.9999997615814209 205
1780491743597 0.9999997615814209 206
1780491748127 0.9999997615814209 207
1780491752758 0.9999997615814209 208
1780491758989 0.9999997615814209 209
1780491763559 0.9999997615814209 210
1780491769333 0.9999997615814209 211
1780491774040 0.9999997615814209 212
1780491778897 0.9999998211860657 213
1780491783914 0.9999998211860657 214
1780491787909 0.9999998211860657 215
1780491793804 0.9999999403953552 216
1780491799250 0.9999999403953552 217
1780491806980 0.9999999403953552 218
1780491814646 0.9999999403953552 219
1780491822045 0.9999999403953552 220
1780491827488 1.0 221
1780491832789 1.0 222
1780491839270 1.0 223
1780491845014 1.0 224
1780491850634 1.0 225
1780491855698 1.0 226
1780491861440 1.0 227
1780491867677 1.0 228
1780491874018 1.0 229
1780491880171 1.0 230
1780491885545 1.0 231
1780491890974 1.0 232
1780491897111 1.0 233
1780491902284 1.0 234
1780491907577 1.0 235
1780491913633 1.0 236
1780491919268 1.0 237
1780491924480 1.0 238
1780491929528 1.0 239
1780491934477 1.0 240
