1780491144369 0.7464197874069214 1
1780491144745 0.7801856994628906 2
1780491145113 0.7905075550079346 3
1780491145469 0.8042173385620117 4
1780491145831 0.8151922225952148 5
1780491146222 0.821745753288269 6
1780491146622 0.8266409635543823 7
1780491146963 0.8316543102264404 8
1780491147341 0.8358837366104126 9
1780491147701 0.8407591581344604 10
1780491148084 0.8462381362915039 11
1780491148488 0.8496963381767273 12
1780491148885 0.8546777367591858 13
1780491149303 0.8572587966918945 14
1780491149684 0.8600625991821289 15
1780491150149 0.8627746105194092 16
1780491150676 0.865630030632019 17
1780491151141 0.8676698207855225 18
1780491151718 0.8694442510604858 19
1780491152297 0.8716919422149658 20
1780491152806 0.872438907623291 21
1780491153272 0.8735822439193726 22
1780491153729 0.8759560585021973 23
1780491154244 0.8785234689712524 24
1780491154729 0.8790055513381958 25
1780491155193 0.8818857669830322 26
1780491155643 0.8825291991233826 27
1780491156084 0.8853837251663208 28
1780491156694 0.8872343301773071 29
1780491157293 0.8880821466445923 30
1780491157858 0.8887650966644287 31
1780491158557 0.8902726173400879 32
1780491159208 0.890880823135376 33
1780491159863 0.8924738168716431 34
1780491160574 0.8928312063217163 35
1780491161207 0.8948208093643188 36
1780491162023 0.8983441591262817 37
1780491162771 0.8994723558425903 38
1780491163465 0.9000815153121948 39
1780491164143 0.9008530378341675 40
1780491165092 0.9027765393257141 41
1780491165870 0.9033534526824951 42
1780491166650 0.9044443964958191 43
1780491167416 0.9050729274749756 44
1780491168248 0.9061532020568848 45
1780491169090 0.9087144136428833 46
1780491169893 0.9108066558837891 47
1780491170760 0.9115887880325317 48
1780491171801 0.9123402833938599 49
1780491172714 0.9134219884872437 50
1780491173562 0.9147047996520996 51
1780491174429 0.915219247341156 52
1780491175245 0.9165890216827393 53
1780491176059 0.9179428815841675 54
1780491176935 0.9187915325164795 55
1780491177816 0.9200415015220642 56
1780491178778 0.9215471744537354 57
1780491179629 0.9227297306060791 58
1780491180557 0.9232326149940491 59
1780491181306 0.9240200519561768 60
1780491182377 0.9247982501983643 61
1780491183261 0.9252078533172607 62
1780491184148 0.9256621599197388 63
1780491185167 0.9263044595718384 64
1780491186157 0.9265837669372559 65
1780491187169 0.9269671440124512 66
1780491188229 0.9270233511924744 67
1780491189152 0.9276218414306641 68
1780491190052 0.9291571974754333 69
1780491191027 0.930004358291626 70
1780491192137 0.9300863742828369 71
1780491193116 0.9318337440490723 72
1780491194081 0.9322731494903564 73
1780491195112 0.9330771565437317 74
1780491196104 0.9333606958389282 75
1780491197024 0.9340534210205078 76
1780491198064 0.9343067407608032 77
1780491199161 0.9354575872421265 78
1780491200129 0.9360944032669067 79
1780491201329 0.9363893866539001 80
1780491202743 0.9370139241218567 81
1780491203893 0.9373643398284912 82
1780491205090 0.9377337098121643 83
1780491206079 0.9386851787567139 84
1780491207177 0.9395371079444885 85
1780491208307 0.9403609037399292 86
1780491209423 0.9414730072021484 87
1780491210562 0.9420011043548584 88
1780491211744 0.9425493478775024 89
1780491213001 0.9439842700958252 90
1780491214130 0.9444786310195923 91
1780491215157 0.9451719522476196 92
1780491216274 0.9465956687927246 93
1780491217415 0.9478312730789185 94
1780491218605 0.9484487771987915 95
1780491219795 0.9495083093643188 96
1780491221098 0.9499581456184387 97
1780491222546 0.9503785371780396 98
1780491223816 0.9516373872756958 99
1780491225135 0.9518377780914307 100
1780491226428 0.9522407650947571 101
1780491227623 0.9527455568313599 102
1780491228892 0.9535828828811646 103
1780491230106 0.9542214870452881 104
1780491231441 0.955603301525116 105
1780491232921 0.9561036825180054 106
1780491234209 0.9569563269615173 107
1780491235356 0.9575670957565308 108
1780491236633 0.9585300087928772 109
1780491237845 0.9594695568084717 110
1780491239148 0.9595738053321838 111
1780491240492 0.9598989486694336 112
1780491241991 0.9602078795433044 113
1780491243376 0.9605512022972107 114
1780491245671 0.9611339569091797 115
1780491246948 0.9613726735115051 116
1780491248252 0.9617053270339966 117
1780491249606 0.962506890296936 118
1780491252080 0.963833212852478 119
1780491256049 0.9644445776939392 120
1780491260224 0.9647287130355835 121
1780491264574 0.9654200077056885 122
1780491269243 0.9665959477424622 123
1780491273616 0.9670644998550415 124
1780491277944 0.9679470062255859 125
1780491282604 0.9682029485702515 126
1780491287884 0.968262255191803 127
1780491295228 0.9693624377250671 128
1780491302664 0.9697993397712708 129
1780491307086 0.970012366771698 130
1780491312026 0.9712492823600769 131
1780491318475 0.9718177318572998 132
1780491323612 0.9722543954849243 133
1780491328192 0.9722617864608765 134
1780491332828 0.9732258915901184 135
1780491337303 0.9736194014549255 136
1780491342601 0.974810004234314 137
1780491347494 0.9750781059265137 138
1780491354286 0.9752429127693176 139
1780491361718 0.9761413335800171 140
1780491366366 0.9767172336578369 141
1780491371218 0.9768061637878418 142
1780491375845 0.9773685932159424 143
1780491382102 0.97847580909729 144
1780491388512 0.9786293506622314 145
1780491393048 0.9790560603141785 146
1780491398613 0.9794996976852417 147
1780491405850 0.9806711673736572 148
1780491413345 0.9806778430938721 149
1780491420249 0.9809289574623108 150
1780491425376 0.9811414480209351 151
1780491430193 0.9824808835983276 152
1780491434964 0.9839106798171997 153
1780491440715 0.984021782875061 154
1780491446915 0.984641969203949 155
1780491452707 0.9848520755767822 156
1780491459475 0.985658586025238 157
1780491466377 0.9860363006591797 158
1780491473328 0.9864599704742432 159
1780491480741 0.9870379567146301 160
1780491485757 0.9879453182220459 161
1780491492530 0.9884320497512817 162
1780491498338 0.9887086153030396 163
1780491505301 0.9891036152839661 164
1780491511774 0.9895687103271484 165
1780491517031 0.9896656274795532 166
1780491523141 0.9899625182151794 167
1780491529792 0.9900709390640259 168
1780491535418 0.9909290075302124 169
1780491540772 0.9912928342819214 170
1780491546216 0.9918209910392761 171
1780491551324 0.9919488430023193 172
1780491556589 0.9919537305831909 173
1780491561682 0.9921766519546509 174
1780491568616 0.992243766784668 175
1780491576057 0.9923092126846313 176
1780491583526 0.9928508996963501 177
1780491589456 0.9929121136665344 178
1780491594626 0.993446409702301 179
1780491599419 0.9934709072113037 180
1780491604069 0.9938132166862488 181
1780491609126 0.9943403005599976 182
1780491614199 0.9947839975357056 183
1780491618668 0.9950888156890869 184
1780491624396 0.9954797029495239 185
1780491630307 0.9956809282302856 186
1780491636063 0.9960013628005981 187
1780491641387 0.9960454702377319 188
1780491646734 0.996397852897644 189
1780491653202 0.9965122938156128 190
1780491659033 0.9967969059944153 191
1780491664228 0.9970666766166687 192
1780491669751 0.9972609877586365 193
1780491675260 0.9974490404129028 194
1780491680950 0.997594952583313 195
1780491687356 0.998045802116394 196
1780491693792 0.9981124401092529 197
1780491701068 0.9984126091003418 198
1780491706957 0.9984865188598633 199
1780491712137 0.998664140701294 200
1780491717948 0.9987195730209351 201
1780491723034 0.9987719058990479 202
1780491728318 0.9988263845443726 203
1780491734152 0.9988822937011719 204
1780491739106 0.9989926815032959 205
1780491743598 0.9990440011024475 206
1780491748140 0.999104380607605 207
1780491752759 0.9991894960403442 208
1780491758990 0.9992302656173706 209
1780491763564 0.999312162399292 210
1780491769335 0.9993669986724854 211
1780491774041 0.9994240999221802 212
1780491778898 0.9995080232620239 213
1780491783916 0.999546229839325 214
1780491787910 0.9995653629302979 215
1780491793806 0.999602198600769 216
1780491799251 0.9996089935302734 217
1780491806981 0.9996632933616638 218
1780491814648 0.9997004270553589 219
1780491822047 0.9997430443763733 220
1780491827489 0.9997756481170654 221
1780491832791 0.9998072385787964 222
1780491839272 0.999823808670044 223
1780491845024 0.9998334050178528 224
1780491850635 0.9998601675033569 225
1780491855700 0.9998931884765625 226
1780491861441 0.9999013543128967 227
1780491867679 0.9999154806137085 228
1780491874020 0.9999310970306396 229
1780491880172 0.9999455809593201 230
1780491885546 0.99995356798172 231
1780491890975 0.9999650716781616 232
1780491897112 0.9999750852584839 233
1780491902285 0.9999864101409912 234
1780491907584 0.9999927282333374 235
1780491913634 0.9999955892562866 236
1780491919269 0.9999991655349731 237
1780491924481 0.9999998211860657 238
1780491929529 1.0 239
1780491934478 1.0 240
