1780491144359 4.823863983154297 1
1780491144734 3.3312227725982666 2
1780491145102 3.114887237548828 3
1780491145458 2.5745291709899902 4
1780491145820 2.3159611225128174 5
1780491146211 2.2029364109039307 6
1780491146611 2.0118606090545654 7
1780491146952 1.9242898225784302 8
1780491147330 1.845076322555542 9
1780491147690 1.7189677953720093 10
1780491148073 1.632881760597229 11
1780491148477 1.555920958518982 12
1780491148865 1.4801554679870605 13
1780491149291 1.4167109727859497 14
1780491149673 1.3422768115997314 15
1780491150138 1.310821294784546 16
1780491150665 1.2769452333450317 17
1780491151130 1.2537291049957275 18
1780491151707 1.2209638357162476 19
1780491152286 1.1812548637390137 20
1780491152795 1.1524710655212402 21
1780491153261 1.1248779296875 22
1780491153718 1.0987440347671509 23
1780491154233 1.050675868988037 24
1780491154718 1.0332354307174683 25
1780491155182 1.01133131980896 26
1780491155632 0.9786630272865295 27
1780491156073 0.9553346633911133 28
1780491156683 0.9273418188095093 29
1780491157282 0.9061468839645386 30
1780491157847 0.8944690227508545 31
1780491158546 0.8845446109771729 32
1780491159197 0.8800500631332397 33
1780491159853 0.8700512647628784 34
1780491160563 0.8506575226783752 35
1780491161196 0.8418642282485962 36
1780491162012 0.8309086561203003 37
1780491162760 0.8206726908683777 38
1780491163454 0.8090271949768066 39
1780491164128 0.8007245063781738 40
1780491165081 0.7979936599731445 41
1780491165859 0.7880042791366577 42
1780491166637 0.7836394309997559 43
1780491167405 0.7725017666816711 44
1780491168236 0.7587305307388306 45
1780491169079 0.751589298248291 46
1780491169882 0.7509398460388184 47
1780491170749 0.7416035532951355 48
1780491171790 0.7390102744102478 49
1780491172703 0.7318859696388245 50
1780491173551 0.7280710339546204 51
1780491174418 0.7206839919090271 52
1780491175234 0.7166343331336975 53
1780491176048 0.7134218215942383 54
1780491176924 0.7084810733795166 55
1780491177804 0.7045106291770935 56
1780491178768 0.6948946714401245 57
1780491179618 0.6874903440475464 58
1780491180546 0.6786831617355347 59
1780491181295 0.6632429361343384 60
1780491182366 0.6571358442306519 61
1780491183250 0.6548683047294617 62
1780491184136 0.647746205329895 63
1780491185154 0.6456856727600098 64
1780491186146 0.6436160802841187 65
1780491187158 0.6422832608222961 66
1780491188218 0.6406375765800476 67
1780491189141 0.6392924785614014 68
1780491190041 0.6389486789703369 69
1780491191016 0.6354272365570068 70
1780491192120 0.6335988640785217 71
1780491193105 0.6300534009933472 72
1780491194070 0.6257060170173645 73
1780491195100 0.625521719455719 74
1780491196093 0.624121904373169 75
1780491197013 0.6222764253616333 76
1780491198053 0.6193690299987793 77
1780491199150 0.6186555027961731 78
1780491200118 0.6194390654563904 79
1780491201318 0.6195494532585144 80
1780491202732 0.618706226348877 81
1780491203882 0.6196154356002808 82
1780491205079 0.6217150688171387 83
1780491206068 0.6229346990585327 84
1780491207165 0.6271916031837463 85
1780491208295 0.6280319094657898 86
1780491209412 0.6282272934913635 87
1780491210551 0.6275830864906311 88
1780491211732 0.6270022988319397 89
1780491212990 0.6270189881324768 90
1780491214119 0.6263799071311951 91
1780491215146 0.6239694952964783 92
1780491216263 0.6211552023887634 93
1780491217404 0.619159996509552 94
1780491218594 0.6207075119018555 95
1780491219784 0.6194201707839966 96
1780491221087 0.6183220148086548 97
1780491222535 0.6179268956184387 98
1780491223805 0.6193906664848328 99
1780491225123 0.6173847913742065 100
1780491226417 0.6157220602035522 101
1780491227612 0.615086555480957 102
1780491228876 0.6130054593086243 103
1780491230095 0.6126330494880676 104
1780491231430 0.6110588908195496 105
1780491232910 0.6109241247177124 106
1780491234198 0.6096349954605103 107
1780491235345 0.6102667450904846 108
1780491236622 0.6087741255760193 109
1780491237833 0.6097989082336426 110
1780491239136 0.6084033846855164 111
1780491240481 0.6040799021720886 112
1780491241980 0.6051504015922546 113
1780491243365 0.605426549911499 114
1780491245660 0.6045587062835693 115
1780491246937 0.6027916073799133 116
1780491248241 0.6044239401817322 117
1780491249595 0.6037047505378723 118
1780491252070 0.6047983169555664 119
1780491256033 0.6050655245780945 120
1780491260204 0.6043437719345093 121
1780491264555 0.6034595966339111 122
1780491269224 0.6049838066101074 123
1780491273597 0.6051129102706909 124
1780491277923 0.6054424047470093 125
1780491282570 0.6056053638458252 126
1780491287862 0.6043174266815186 127
1780491295217 0.6031087636947632 128
1780491302638 0.6040913462638855 129
1780491307067 0.6028951406478882 130
1780491312001 0.6002294421195984 131
1780491318434 0.5983095765113831 132
1780491323597 0.5979440808296204 133
1780491328172 0.5960878729820251 134
1780491332803 0.594887912273407 135
1780491337286 0.5949186682701111 136
1780491342584 0.5931256413459778 137
1780491347477 0.5935400724411011 138
1780491354276 0.5936267375946045 139
1780491361708 0.5924816131591797 140
1780491366351 0.5940980315208435 141
1780491371197 0.5928324460983276 142
1780491375827 0.5918651819229126 143
1780491382091 0.5925574898719788 144
1780491388488 0.5908545255661011 145
1780491393028 0.5901069045066833 146
1780491398602 0.590203046798706 147
1780491405840 0.5883728265762329 148
1780491413320 0.5861806273460388 149
1780491420238 0.584719181060791 150
1780491425365 0.5836483836174011 151
1780491430164 0.582996129989624 152
1780491434945 0.5823739767074585 153
1780491440693 0.5808280110359192 154
1780491446889 0.5782771110534668 155
1780491452681 0.576618492603302 156
1780491459457 0.5742421746253967 157
1780491466359 0.572655200958252 158
1780491473314 0.5708793997764587 159
1780491480716 0.5693144202232361 160
1780491485730 0.5671256184577942 161
1780491492504 0.5662972331047058 162
1780491498328 0.5650379061698914 163
1780491505290 0.5622795820236206 164
1780491511763 0.5603815317153931 165
1780491517020 0.559222936630249 166
1780491523114 0.5566133260726929 167
1780491529774 0.555106520652771 168
1780491535402 0.5519078969955444 169
1780491540754 0.5503237247467041 170
1780491546205 0.5478494167327881 171
1780491551305 0.5466980934143066 172
1780491556565 0.5436245203018188 173
1780491561657 0.5399631857872009 174
1780491568605 0.5365985035896301 175
1780491576034 0.5338631272315979 176
1780491583516 0.5309385061264038 177
1780491589441 0.528367817401886 178
1780491594608 0.5256572365760803 179
1780491599408 0.5223099589347839 180
1780491604044 0.5206934809684753 181
1780491609109 0.5173305869102478 182
1780491614179 0.5141944289207458 183
1780491618657 0.5126619935035706 184
1780491624385 0.5091997385025024 185
1780491630280 0.5073176026344299 186
1780491636037 0.5049159526824951 187
1780491641360 0.500041663646698 188
1780491646723 0.49613121151924133 189
1780491653192 0.492228239774704 190
1780491659009 0.48798951506614685 191
1780491664212 0.48399725556373596 192
1780491669732 0.48101526498794556 193
1780491675233 0.4766042232513428 194
1780491680929 0.47205546498298645 195
1780491687329 0.46915581822395325 196
1780491693767 0.46534761786460876 197
1780491701044 0.4610345661640167 198
1780491706941 0.45665499567985535 199
1780491712126 0.4531521201133728 200
1780491717929 0.44768384099006653 201
1780491723017 0.44196537137031555 202
1780491728307 0.4367888867855072 203
1780491734132 0.4308643639087677 204
1780491739092 0.4248843491077423 205
1780491743587 0.41965076327323914 206
1780491748115 0.4131931960582733 207
1780491752748 0.4083726704120636 208
1780491758979 0.40199920535087585 209
1780491763542 0.3977467119693756 210
1780491769315 0.3917078673839569 211
1780491774015 0.3845440447330475 212
1780491778880 0.37611302733421326 213
1780491783905 0.36916837096214294 214
1780491787900 0.3618713915348053 215
1780491793795 0.3539273142814636 216
1780491799241 0.34596753120422363 217
1780491806965 0.3392275869846344 218
1780491814622 0.331114798784256 219
1780491822036 0.323137104511261 220
1780491827470 0.31402209401130676 221
1780491832773 0.3053331971168518 222
1780491839261 0.29445821046829224 223
1780491845005 0.283769428730011 224
1780491850624 0.27496734261512756 225
1780491855688 0.2645168900489807 226
1780491861416 0.2518971562385559 227
1780491867668 0.2388855665922165 228
1780491873996 0.2241448014974594 229
1780491880153 0.2094247192144394 230
1780491885515 0.19484391808509827 231
1780491890964 0.17972508072853088 232
1780491897101 0.16255292296409607 233
1780491902267 0.14298862218856812 234
1780491907562 0.12172362208366394 235
1780491913623 0.09679392725229263 236
1780491919250 0.05965942144393921 237
1780491924454 0.04108832776546478 238
1780491929503 0.0002683521306607872 239
1780491934456 0.0002684716018848121 240
