1780491144354 7.288710117340088 1
1780491144729 7.286710262298584 2
1780491145097 7.1574177742004395 3
1780491145452 7.156973361968994 4
1780491145814 7.1544671058654785 5
1780491146206 7.056787490844727 6
1780491146605 6.976070880889893 7
1780491146947 6.939961910247803 8
1780491147325 6.914120197296143 9
1780491147685 6.846232891082764 10
1780491148068 6.747427463531494 11
1780491148472 6.717090129852295 12
1780491148859 6.708174228668213 13
1780491149285 6.696977138519287 14
1780491149667 6.6184892654418945 15
1780491150132 6.587758541107178 16
1780491150659 6.489688396453857 17
1780491151124 6.359434127807617 18
1780491151702 6.35258150100708 19
1780491152276 6.3518476486206055 20
1780491152789 6.341020584106445 21
1780491153255 5.472919464111328 22
1780491153713 5.4433207511901855 23
1780491154228 5.19346284866333 24
1780491154712 4.800200462341309 25
1780491155176 4.624600887298584 26
1780491155627 3.9171643257141113 27
1780491156067 3.7668943405151367 28
1780491156677 3.715172052383423 29
1780491157276 3.6468472480773926 30
1780491157841 3.6251742839813232 31
1780491158541 3.514604091644287 32
1780491159192 3.511512517929077 33
1780491159847 3.323655128479004 34
1780491160557 3.2985053062438965 35
1780491161190 3.213099479675293 36
1780491162007 2.9904625415802 37
1780491162755 2.9746713638305664 38
1780491163448 2.8312199115753174 39
1780491164123 2.698462963104248 40
1780491165075 1.9892168045043945 41
1780491165853 1.8313087224960327 42
1780491166632 1.7930587530136108 43
1780491167400 1.7917238473892212 44
1780491168231 1.6896710395812988 45
1780491169073 1.536600947380066 46
1780491169876 1.5186152458190918 47
1780491170743 1.5129929780960083 48
1780491171784 1.5026179552078247 49
1780491172697 1.4092271327972412 50
1780491173546 1.4092237949371338 51
1780491174412 1.3793154954910278 52
1780491175228 1.3787033557891846 53
1780491176042 1.1177414655685425 54
1780491176918 1.095055103302002 55
1780491177799 1.0926635265350342 56
1780491178762 1.0163599252700806 57
1780491179612 1.002472996711731 58
1780491180540 0.9874222278594971 59
1780491181290 0.9860106706619263 60
1780491182360 0.967108428478241 61
1780491183245 0.9651109576225281 62
1780491184131 0.9197806119918823 63
1780491185148 0.919364333152771 64
1780491186141 0.8580743670463562 65
1780491187152 0.8576440215110779 66
1780491188212 0.8531637191772461 67
1780491189135 0.8507872223854065 68
1780491190035 0.8256122469902039 69
1780491191010 0.8191941380500793 70
1780491192114 0.7931240797042847 71
1780491193099 0.7929015159606934 72
1780491194065 0.7928837537765503 73
1780491195095 0.72747403383255 74
1780491196088 0.7135265469551086 75
1780491197008 0.6931177377700806 76
1780491198047 0.6875706315040588 77
1780491199145 0.6835809946060181 78
1780491200113 0.6814620494842529 79
1780491201312 0.6778327822685242 80
1780491202727 0.6382328271865845 81
1780491203876 0.6316894888877869 82
1780491205073 0.6306241750717163 83
1780491206062 0.6197764277458191 84
1780491207160 0.6197102665901184 85
1780491208290 0.6195504665374756 86
1780491209407 0.6155720949172974 87
1780491210546 0.6050007343292236 88
1780491211726 0.6042783260345459 89
1780491212985 0.5888763666152954 90
1780491214114 0.5880367159843445 91
1780491215140 0.5863518118858337 92
1780491216257 0.5821670293807983 93
1780491217399 0.5566188097000122 94
1780491218588 0.5317336916923523 95
1780491219778 0.5310702323913574 96
1780491221081 0.5291054844856262 97
1780491222530 0.5282298922538757 98
1780491223799 0.5228273868560791 99
1780491225116 0.522666871547699 100
1780491226412 0.5200700163841248 101
1780491227607 0.5197460055351257 102
1780491228870 0.5187254548072815 103
1780491230089 0.47647807002067566 104
1780491231425 0.47553330659866333 105
1780491232904 0.4737471044063568 106
1780491234193 0.4607023000717163 107
1780491235339 0.45662784576416016 108
1780491236617 0.4560464918613434 109
1780491237827 0.4328753650188446 110
1780491239131 0.4309481084346771 111
1780491240476 0.41321679949760437 112
1780491241974 0.4094436764717102 113
1780491243359 0.3880895674228668 114
1780491245654 0.38808196783065796 115
1780491246932 0.36353492736816406 116
1780491248236 0.3630703389644623 117
1780491249589 0.36233410239219666 118
1780491252065 0.3587792217731476 119
1780491256021 0.3584083616733551 120
1780491260190 0.3583260774612427 121
1780491264541 0.35768923163414 122
1780491269213 0.35588571429252625 123
1780491273584 0.3550766706466675 124
1780491277909 0.3540947437286377 125
1780491282565 0.3534967005252838 126
1780491287857 0.3534940183162689 127
1780491295196 0.3464328944683075 128
1780491302633 0.313130259513855 129
1780491307061 0.3113113343715668 130
1780491311996 0.31099802255630493 131
1780491318429 0.30019712448120117 132
1780491323584 0.2982754111289978 133
1780491328157 0.282932311296463 134
1780491332786 0.2826926112174988 135
1780491337275 0.2820611298084259 136
1780491342571 0.2734198272228241 137
1780491347464 0.2660944163799286 138
1780491354255 0.26044976711273193 139
1780491361689 0.26037511229515076 140
1780491366338 0.25999152660369873 141
1780491371192 0.2561704218387604 142
1780491375814 0.2538009583950043 143
1780491382086 0.23937629163265228 144
1780491388469 0.23905980587005615 145
1780491393022 0.22499346733093262 146
1780491398581 0.2243575006723404 147
1780491405818 0.2235349714756012 148
1780491413314 0.22325704991817474 149
1780491420232 0.2224723994731903 150
1780491425360 0.21692782640457153 151
1780491430151 0.21270295977592468 152
1780491434930 0.21261633932590485 153
1780491440687 0.2122008204460144 154
1780491446883 0.20871005952358246 155
1780491452671 0.20870135724544525 156
1780491459449 0.1933618038892746 157
1780491466354 0.19312767684459686 158
1780491473296 0.18970108032226562 159
1780491480708 0.18599219620227814 160
1780491485725 0.18582306802272797 161
1780491492498 0.18556803464889526 162
1780491498307 0.185090109705925 163
1780491505269 0.18494738638401031 164
1780491511758 0.17040780186653137 165
1780491517004 0.1700781285762787 166
1780491523109 0.1687963306903839 167
1780491529760 0.16793735325336456 168
1780491535397 0.16734591126441956 169
1780491540740 0.1495354324579239 170
1780491546199 0.14858639240264893 171
1780491551292 0.13597530126571655 172
1780491556560 0.12277819961309433 173
1780491561652 0.12225721031427383 174
1780491568584 0.12182284891605377 175
1780491576029 0.12056536972522736 176
1780491583491 0.12030050903558731 177
1780491589434 0.11218138784170151 178
1780491594595 0.10840798914432526 179
1780491599403 0.10649550706148148 180
1780491604038 0.10304532945156097 181
1780491609094 0.10285930335521698 182
1780491614173 0.10270851105451584 183
1780491618651 0.10040953755378723 184
1780491624380 0.09835194796323776 185
1780491630267 0.0943887010216713 186
1780491636032 0.0943886935710907 187
1780491641347 0.09295009821653366 188
1780491646718 0.09294324368238449 189
1780491653187 0.09292005002498627 190
1780491658997 0.08955322206020355 191
1780491664198 0.08947352319955826 192
1780491669727 0.08178023248910904 193
1780491675228 0.07025522738695145 194
1780491680916 0.07020838558673859 195
1780491687324 0.06718771904706955 196
1780491693761 0.06169307604432106 197
1780491701024 0.06125151738524437 198
1780491706924 0.061217211186885834 199
1780491712121 0.06116130203008652 200
1780491717923 0.06111864000558853 201
1780491723012 0.06108691543340683 202
1780491728301 0.055901724845170975 203
1780491734127 0.05423787608742714 204
1780491739078 0.054231684654951096 205
1780491743582 0.05402359366416931 206
1780491748103 0.0540047287940979 207
1780491752743 0.0536714531481266 208
1780491758974 0.05359920486807823 209
1780491763529 0.051953934133052826 210
1780491769301 0.0514770932495594 211
1780491774009 0.05108991265296936 212
1780491778863 0.041037607938051224 213
1780491783884 0.04101807251572609 214
1780491787894 0.04095716401934624 215
1780491793790 0.02293354459106922 216
1780491799219 0.022894971072673798 217
1780491806960 0.022025760263204575 218
1780491814617 0.021666735410690308 219
1780491822016 0.020534398034214973 220
1780491827458 0.01625954359769821 221
1780491832760 0.015126851387321949 222
1780491839240 0.013912605121731758 223
1780491844991 0.01390955038368702 224
1780491850618 0.013872763141989708 225
1780491855683 0.013825305737555027 226
1780491861410 0.012664645910263062 227
1780491867662 0.012030908837914467 228
1780491873987 0.0070744906552135944 229
1780491880148 0.006010092329233885 230
1780491885509 0.005648094695061445 231
1780491890958 0.0055152652785182 232
1780491897095 0.004392444156110287 233
1780491902261 0.004356972873210907 234
1780491907548 0.004245529882609844 235
1780491913618 0.0039127846248447895 236
1780491919245 0.0004140859527979046 237
1780491924449 0.00023611918732058257 238
1780491929498 0.00010048502736026421 239
1780491934438 9.124186908593401e-05 240
