1780491144361 38.143272399902344 1
1780491144737 25.278837203979492 2
1780491145105 23.633153915405273 3
1780491145460 17.864322662353516 4
1780491145823 15.71522045135498 5
1780491146214 15.69815444946289 6
1780491146614 13.882852554321289 7
1780491146955 13.89212417602539 8
1780491147333 13.410780906677246 9
1780491147693 11.680109024047852 10
1780491148076 10.711946487426758 11
1780491148480 10.458478927612305 12
1780491148867 10.183694839477539 13
1780491149293 10.143077850341797 14
1780491149676 8.721711158752441 15
1780491150140 8.353998184204102 16
1780491150668 8.336861610412598 17
1780491151132 8.295012474060059 18
1780491151710 8.064404487609863 19
1780491152288 7.38920783996582 20
1780491152797 7.095498085021973 21
1780491153263 7.0755720138549805 22
1780491153721 7.042253494262695 23
1780491154236 7.066038131713867 24
1780491154721 7.0634765625 25
1780491155184 6.546036720275879 26
1780491155635 6.194271087646484 27
1780491156075 5.889734268188477 28
1780491156686 5.8385186195373535 29
1780491157285 5.789684295654297 30
1780491157850 5.810543060302734 31
1780491158549 5.785193920135498 32
1780491159200 5.760360240936279 33
1780491159855 5.6939239501953125 34
1780491160566 5.607686519622803 35
1780491161199 5.6212544441223145 36
1780491162015 5.5555315017700195 37
1780491162763 5.550788879394531 38
1780491163457 5.461148262023926 39
1780491164131 5.328502655029297 40
1780491165083 5.245721817016602 41
1780491165861 5.244704246520996 42
1780491166640 5.242448806762695 43
1780491167408 5.22853946685791 44
1780491168239 5.1657257080078125 45
1780491169082 5.048675537109375 46
1780491169885 5.056055068969727 47
1780491170752 4.931116580963135 48
1780491171793 4.853055953979492 49
1780491172705 4.839658737182617 50
1780491173554 4.720314979553223 51
1780491174421 4.537074089050293 52
1780491175237 4.5368757247924805 53
1780491176051 4.413469314575195 54
1780491176926 4.4006876945495605 55
1780491177807 4.39836311340332 56
1780491178770 4.32781982421875 57
1780491179620 4.249327659606934 58
1780491180548 4.076094627380371 59
1780491181298 3.9158859252929688 60
1780491182369 3.806422233581543 61
1780491183253 3.79959774017334 62
1780491184139 3.699775457382202 63
1780491185157 3.6836795806884766 64
1780491186149 3.682204246520996 65
1780491187160 3.680854320526123 66
1780491188220 3.6818161010742188 67
1780491189144 3.667066812515259 68
1780491190044 3.6169660091400146 69
1780491191018 3.6057510375976562 70
1780491192128 3.5900156497955322 71
1780491193108 3.5902786254882812 72
1780491194073 3.504136562347412 73
1780491195103 3.501671552658081 74
1780491196096 3.4870643615722656 75
1780491197016 3.4505867958068848 76
1780491198055 3.432833194732666 77
1780491199153 3.4309751987457275 78
1780491200121 3.4143643379211426 79
1780491201321 3.3742852210998535 80
1780491202735 3.3712501525878906 81
1780491203885 3.362023115158081 82
1780491205081 3.3561627864837646 83
1780491206070 3.3561229705810547 84
1780491207168 3.359160900115967 85
1780491208298 3.360060691833496 86
1780491209415 3.342257022857666 87
1780491210554 3.336662769317627 88
1780491211734 3.3323371410369873 89
1780491212993 3.3324074745178223 90
1780491214122 3.3195018768310547 91
1780491215148 3.3084487915039062 92
1780491216266 3.2836952209472656 93
1780491217407 3.275470733642578 94
1780491218597 3.2754626274108887 95
1780491219787 3.259131669998169 96
1780491221090 3.2528834342956543 97
1780491222538 3.2463510036468506 98
1780491223808 3.2236762046813965 99
1780491225127 3.220702648162842 100
1780491226420 3.221876621246338 101
1780491227615 3.2180581092834473 102
1780491228884 3.221388816833496 103
1780491230098 3.209813117980957 104
1780491231433 3.2005741596221924 105
1780491232913 3.197666645050049 106
1780491234201 3.1698355674743652 107
1780491235348 3.1646289825439453 108
1780491236625 3.154372453689575 109
1780491237836 3.0747241973876953 110
1780491239139 3.0626931190490723 111
1780491240484 3.0082502365112305 112
1780491241983 2.996203899383545 113
1780491243368 2.9873597621917725 114
1780491245663 2.9811432361602783 115
1780491246940 2.7642462253570557 116
1780491248244 2.7584736347198486 117
1780491249598 2.7568535804748535 118
1780491252072 2.757269859313965 119
1780491256036 2.678098201751709 120
1780491260207 2.6801090240478516 121
1780491264557 2.671262741088867 122
1780491269226 2.669980525970459 123
1780491273600 2.5330934524536133 124
1780491277926 2.43166446685791 125
1780491282581 2.4298295974731445 126
1780491287876 2.4031360149383545 127
1780491295220 2.3984508514404297 128
1780491302649 2.389613151550293 129
1780491307069 2.375344753265381 130
1780491312004 2.365556478500366 131
1780491318468 2.3544960021972656 132
1780491323600 2.3526041507720947 133
1780491328174 2.3537187576293945 134
1780491332806 2.3335490226745605 135
1780491337289 2.3367323875427246 136
1780491342586 2.335947036743164 137
1780491347480 2.320329189300537 138
1780491354279 2.3195948600769043 139
1780491361710 2.3068089485168457 140
1780491366354 2.307577610015869 141
1780491371205 2.272592067718506 142
1780491375829 2.2699668407440186 143
1780491382094 2.2718405723571777 144
1780491388490 2.2538957595825195 145
1780491393040 2.247849464416504 146
1780491398605 2.2284860610961914 147
1780491405842 2.2223870754241943 148
1780491413323 2.215505599975586 149
1780491420241 2.1763787269592285 150
1780491425368 2.1768150329589844 151
1780491430177 2.1404612064361572 152
1780491434948 2.1346120834350586 153
1780491440695 2.107271194458008 154
1780491446891 2.1055774688720703 155
1780491452683 2.0881948471069336 156
1780491459463 2.088106393814087 157
1780491466369 2.077760696411133 158
1780491473317 2.0696640014648438 159
1780491480733 2.0631260871887207 160
1780491485741 2.0599348545074463 161
1780491492506 2.05757474899292 162
1780491498331 2.0239815711975098 163
1780491505293 2.012364387512207 164
1780491511766 2.0122454166412354 165
1780491517022 2.0089282989501953 166
1780491523117 1.998530626296997 167
1780491529777 1.9983115196228027 168
1780491535405 1.9244372844696045 169
1780491540757 1.9223766326904297 170
1780491546208 1.895797610282898 171
1780491551308 1.895261526107788 172
1780491556573 1.8848456144332886 173
1780491561669 1.8848390579223633 174
1780491568608 1.873021125793457 175
1780491576049 1.8727922439575195 176
1780491583519 1.8486227989196777 177
1780491589445 1.8492544889450073 178
1780491594611 1.8453991413116455 179
1780491599411 1.8475394248962402 180
1780491604053 1.7851098775863647 181
1780491609112 1.7858247756958008 182
1780491614181 1.7849276065826416 183
1780491618659 1.7758500576019287 184
1780491624388 1.7750145196914673 185
1780491630283 1.7670687437057495 186
1780491636047 1.7668579816818237 187
1780491641363 1.766828179359436 188
1780491646726 1.7672947645187378 189
1780491653195 1.757810115814209 190
1780491659012 1.7396206855773926 191
1780491664215 1.7393841743469238 192
1780491669735 1.739052653312683 193
1780491675236 1.71473228931427 194
1780491680932 1.7129287719726562 195
1780491687332 1.7146002054214478 196
1780491693783 1.7144427299499512 197
1780491701046 1.714681625366211 198
1780491706944 1.7098791599273682 199
1780491712129 1.669377088546753 200
1780491717932 1.668816089630127 201
1780491723020 1.6701531410217285 202
1780491728310 1.5999970436096191 203
1780491734144 1.5897893905639648 204
1780491739094 1.5894426107406616 205
1780491743590 1.5839784145355225 206
1780491748121 1.5686442852020264 207
1780491752751 1.5681798458099365 208
1780491758982 1.566909670829773 209
1780491763548 1.5532958507537842 210
1780491769318 1.5537172555923462 211
1780491774025 1.5537891387939453 212
1780491778883 1.5527820587158203 213
1780491783908 1.494420051574707 214
1780491787902 1.486846685409546 215
1780491793797 1.4806127548217773 216
1780491799243 1.4613595008850098 217
1780491806968 1.4364449977874756 218
1780491814640 1.3748247623443604 219
1780491822038 1.3689000606536865 220
1780491827473 1.3686895370483398 221
1780491832775 1.3179564476013184 222
1780491839264 1.312014102935791 223
1780491845008 1.303580641746521 224
1780491850627 1.2426578998565674 225
1780491855691 1.2313179969787598 226
1780491861419 1.2259705066680908 227
1780491867670 1.2249181270599365 228
1780491874012 1.2243751287460327 229
1780491880156 1.2025763988494873 230
1780491885530 1.0754427909851074 231
1780491890967 1.0498393774032593 232
1780491897104 1.0476129055023193 233
1780491902277 0.9992629885673523 234
1780491907564 0.8071256875991821 235
1780491913626 0.7983881235122681 236
1780491919253 0.5025414228439331 237
1780491924473 0.4540502727031708 238
1780491929514 0.0019398211734369397 239
1780491934458 0.001940445275977254 240
