1780491144360 2.223614454269409 1
1780491144736 2.2093729972839355 2
1780491145104 2.1827187538146973 3
1780491145459 2.1892080307006836 4
1780491145821 2.191476345062256 5
1780491146213 2.175652027130127 6
1780491146612 2.1821064949035645 7
1780491146954 2.138437271118164 8
1780491147331 2.07418155670166 9
1780491147691 2.1866750717163086 10
1780491148075 2.1553444862365723 11
1780491148479 2.1620230674743652 12
1780491148866 2.1445870399475098 13
1780491149292 2.1414618492126465 14
1780491149674 2.0609378814697266 15
1780491150139 2.0386369228363037 16
1780491150666 2.0032715797424316 17
1780491151131 1.927704930305481 18
1780491151708 1.9170787334442139 19
1780491152287 1.923139214515686 20
1780491152796 1.9372599124908447 21
1780491153262 1.9410161972045898 22
1780491153720 1.940597653388977 23
1780491154234 1.8145782947540283 24
1780491154719 1.6643301248550415 25
1780491155183 1.593131184577942 26
1780491155634 1.388207197189331 27
1780491156074 1.3846317529678345 28
1780491156684 1.3757127523422241 29
1780491157283 1.3331209421157837 30
1780491157848 1.3140017986297607 31
1780491158547 1.3038239479064941 32
1780491159199 1.2632421255111694 33
1780491159854 1.2071547508239746 34
1780491160564 1.2074828147888184 35
1780491161197 1.1958144903182983 36
1780491162014 1.197988748550415 37
1780491162762 1.1789149045944214 38
1780491163456 1.0600121021270752 39
1780491164130 0.9651623964309692 40
1780491165082 0.8258286118507385 41
1780491165860 0.7566378712654114 42
1780491166639 0.7454472184181213 43
1780491167406 0.7458975315093994 44
1780491168238 0.710982084274292 45
1780491169080 0.6401671767234802 46
1780491169883 0.6276071667671204 47
1780491170750 0.6245262622833252 48
1780491171791 0.6201159358024597 49
1780491172704 0.5730239748954773 50
1780491173552 0.5730608701705933 51
1780491174419 0.5565531253814697 52
1780491175235 0.5563650131225586 53
1780491176049 0.4703543186187744 54
1780491176925 0.4609867036342621 55
1780491177806 0.4602299630641937 56
1780491178769 0.42114123702049255 57
1780491179619 0.4170522689819336 58
1780491180547 0.4105430245399475 59
1780491181297 0.4090665280818939 60
1780491182367 0.39939796924591064 61
1780491183251 0.39876997470855713 62
1780491184138 0.3807341158390045 63
1780491185155 0.38019904494285583 64
1780491186147 0.3580215573310852 65
1780491187159 0.35731351375579834 66
1780491188219 0.35596734285354614 67
1780491189142 0.35478782653808594 68
1780491190042 0.3384106159210205 69
1780491191017 0.33564600348472595 70
1780491192127 0.31935515999794006 71
1780491193107 0.3192303478717804 72
1780491194072 0.3192451000213623 73
1780491195102 0.2879542112350464 74
1780491196095 0.28194451332092285 75
1780491197015 0.2707340717315674 76
1780491198054 0.2685544490814209 77
1780491199151 0.2671789526939392 78
1780491200120 0.26610904932022095 79
1780491201319 0.26546013355255127 80
1780491202734 0.25311893224716187 81
1780491203883 0.2502039074897766 82
1780491205080 0.2497650682926178 83
1780491206069 0.24466192722320557 84
1780491207167 0.24463000893592834 85
1780491208297 0.2445145696401596 86
1780491209414 0.24244296550750732 87
1780491210553 0.2383478283882141 88
1780491211733 0.23794057965278625 89
1780491212992 0.23113086819648743 90
1780491214121 0.2306825965642929 91
1780491215147 0.2294379472732544 92
1780491216264 0.22886182367801666 93
1780491217405 0.2151409536600113 94
1780491218595 0.2059648036956787 95
1780491219785 0.20558199286460876 96
1780491221088 0.20485816895961761 97
1780491222536 0.20451496541500092 98
1780491223806 0.2020655870437622 99
1780491225126 0.20177742838859558 100
1780491226419 0.20161902904510498 101
1780491227613 0.2015555053949356 102
1780491228877 0.2010088860988617 103
1780491230096 0.18307329714298248 104
1780491231432 0.18249060213565826 105
1780491232911 0.1816304475069046 106
1780491234200 0.1760978102684021 107
1780491235346 0.17443913221359253 108
1780491236624 0.1742652952671051 109
1780491237834 0.16578009724617004 110
1780491239138 0.16450481116771698 111
1780491240482 0.1606290340423584 112
1780491241981 0.15876418352127075 113
1780491243366 0.14937956631183624 114
1780491245661 0.14939270913600922 115
1780491246939 0.1374688744544983 116
1780491248243 0.13734805583953857 117
1780491249597 0.1369408369064331 118
1780491252071 0.13563990592956543 119
1780491256034 0.13542473316192627 120
1780491260205 0.1352939009666443 121
1780491264556 0.13517704606056213 122
1780491269225 0.13450463116168976 123
1780491273598 0.1346764862537384 124
1780491277924 0.13410861790180206 125
1780491282579 0.13365405797958374 126
1780491287863 0.13365890085697174 127
1780491295218 0.1304626762866974 128
1780491302648 0.11955813318490982 129
1780491307068 0.11925512552261353 130
1780491312003 0.11899126321077347 131
1780491318436 0.11483437567949295 132
1780491323599 0.11391133069992065 133
1780491328173 0.10731357336044312 134
1780491332804 0.10726898163557053 135
1780491337288 0.1068916767835617 136
1780491342585 0.10375334322452545 137
1780491347478 0.10063739120960236 138
1780491354278 0.09868032485246658 139
1780491361709 0.09867095947265625 140
1780491366353 0.09847192466259003 141
1780491371204 0.0973091870546341 142
1780491375828 0.09622744470834732 143
1780491382092 0.09016016125679016 144
1780491388489 0.09006856381893158 145
1780491393029 0.08501878380775452 146
1780491398604 0.08464071154594421 147
1780491405841 0.08453286439180374 148
1780491413321 0.08458847552537918 149
1780491420239 0.084072545170784 150
1780491425367 0.08234423398971558 151
1780491430176 0.08078493177890778 152
1780491434946 0.08076373487710953 153
1780491440694 0.08069375157356262 154
1780491446890 0.07916685938835144 155
1780491452682 0.07918384671211243 156
1780491459458 0.07429086416959763 157
1780491466368 0.07410269975662231 158
1780491473316 0.07204373180866241 159
1780491480732 0.0703694298863411 160
1780491485739 0.07028885185718536 161
1780491492505 0.07015116512775421 162
1780491498330 0.0699610561132431 163
1780491505292 0.06994021683931351 164
1780491511765 0.06464844942092896 165
1780491517021 0.06451250612735748 166
1780491523116 0.06413405388593674 167
1780491529776 0.06378450244665146 168
1780491535404 0.06365452706813812 169
1780491540756 0.055692821741104126 170
1780491546206 0.05533120036125183 171
1780491551307 0.051058463752269745 172
1780491556572 0.04619511961936951 173
1780491561668 0.04602960869669914 174
1780491568606 0.04584308713674545 175
1780491576048 0.04522603377699852 176
1780491583517 0.04515790939331055 177
1780491589442 0.04202637821435928 178
1780491594610 0.040147945284843445 179
1780491599409 0.03928624838590622 180
1780491604052 0.03788183256983757 181
1780491609110 0.037795960903167725 182
1780491614180 0.037703849375247955 183
1780491618658 0.03699494153261185 184
1780491624387 0.03620269522070885 185
1780491630282 0.03519473597407341 186
1780491636038 0.03519460931420326 187
1780491641362 0.03411949425935745 188
1780491646725 0.03412753343582153 189
1780491653194 0.03410891816020012 190
1780491659010 0.033288490027189255 191
1780491664213 0.03327464312314987 192
1780491669733 0.03000803291797638 193
1780491675234 0.026245523244142532 194
1780491680930 0.026240408420562744 195
1780491687330 0.02484244853258133 196
1780491693768 0.022767696529626846 197
1780491701045 0.022461406886577606 198
1780491706943 0.02244590036571026 199
1780491712128 0.022418998181819916 200
1780491717930 0.022405609488487244 201
1780491723019 0.02237727679312229 202
1780491728308 0.020265940576791763 203
1780491734134 0.01999705284833908 204
1780491739093 0.0199907049536705 205
1780491743588 0.019941437989473343 206
1780491748117 0.019922075793147087 207
1780491752749 0.019803699105978012 208
1780491758981 0.0198172926902771 209
1780491763543 0.019153278321027756 210
1780491769316 0.018927183002233505 211
1780491774024 0.01880103535950184 212
1780491778882 0.014500673860311508 213
1780491783906 0.01450083777308464 214
1780491787901 0.014497531577944756 215
1780491793796 0.008354241028428078 216
1780491799242 0.008346321061253548 217
1780491806966 0.00792892836034298 218
1780491814624 0.007748407311737537 219
1780491822037 0.007323324214667082 220
1780491827472 0.0057600196450948715 221
1780491832774 0.005331747233867645 222
1780491839262 0.004943567328155041 223
1780491845006 0.004943151958286762 224
1780491850625 0.0049499636515975 225
1780491855690 0.004905694164335728 226
1780491861417 0.004468579776585102 227
1780491867669 0.004216269589960575 228
1780491873997 0.002492576837539673 229
1780491880154 0.0020885237026959658 230
1780491885528 0.0019588295836001635 231
1780491890965 0.0019103937083855271 232
1780491897102 0.001410693395882845 233
1780491902276 0.0013970574364066124 234
1780491907563 0.001344831078313291 235
1780491913625 0.0011543724685907364 236
1780491919252 0.00012356789375189692 237
1780491924472 6.906969792908058e-05 238
1780491929512 3.5095981729682535e-05 239
1780491934457 3.4850578231271356e-05 240
