1780491144365 0.09932288527488708 1
1780491144741 0.09136008471250534 2
1780491145109 0.08301302045583725 3
1780491145464 0.08377937227487564 4
1780491145827 0.07869864255189896 5
1780491146218 0.07671960443258286 6
1780491146618 0.07656437903642654 7
1780491146959 0.07501301169395447 8
1780491147337 0.07156848907470703 9
1780491147697 0.06990835815668106 10
1780491148080 0.06888758391141891 11
1780491148484 0.06827282160520554 12
1780491148872 0.06759697198867798 13
1780491149299 0.06534972041845322 14
1780491149680 0.06492144614458084 15
1780491150145 0.0642467811703682 16
1780491150672 0.06362932920455933 17
1780491151137 0.06251699477434158 18
1780491151714 0.06112321466207504 19
1780491152293 0.06013639643788338 20
1780491152802 0.05960160866379738 21
1780491153268 0.05936215817928314 22
1780491153725 0.058650869876146317 23
1780491154240 0.05854255333542824 24
1780491154725 0.05823170393705368 25
1780491155189 0.057550955563783646 26
1780491155639 0.05744291841983795 27
1780491156080 0.056990690529346466 28
1780491156690 0.05679086223244667 29
1780491157289 0.05657321587204933 30
1780491157854 0.05625859275460243 31
1780491158553 0.05571799352765083 32
1780491159204 0.05449187010526657 33
1780491159859 0.054243288934230804 34
1780491160570 0.05370250344276428 35
1780491161203 0.05304918438196182 36
1780491162019 0.052594732493162155 37
1780491162767 0.052647899836301804 38
1780491163461 0.052669309079647064 39
1780491164139 0.05259884148836136 40
1780491165088 0.05233333632349968 41
1780491165865 0.05221359059214592 42
1780491166644 0.051754824817180634 43
1780491167412 0.051166974008083344 44
1780491168243 0.050841908901929855 45
1780491169086 0.05051076039671898 46
1780491169889 0.050240907818078995 47
1780491170756 0.049978990107774734 48
1780491171797 0.04972892999649048 49
1780491172710 0.04965652525424957 50
1780491173558 0.04917408153414726 51
1780491174425 0.04899384826421738 52
1780491175241 0.04888658598065376 53
1780491176055 0.04851946234703064 54
1780491176930 0.048411767929792404 55
1780491177811 0.04820878803730011 56
1780491178774 0.04810497164726257 57
1780491179625 0.04784156009554863 58
1780491180552 0.04760858789086342 59
1780491181302 0.04737294465303421 60
1780491182373 0.04723005369305611 61
1780491183257 0.04701537638902664 62
1780491184143 0.04686473682522774 63
1780491185163 0.046722039580345154 64
1780491186153 0.04655656963586807 65
1780491187164 0.0463843047618866 66
1780491188225 0.04630287364125252 67
1780491189148 0.04608641937375069 68
1780491190048 0.045920923352241516 69
1780491191023 0.04559486359357834 70
1780491192133 0.045295197516679764 71
1780491193112 0.04505916312336922 72
1780491194077 0.04481843113899231 73
1780491195108 0.04465402290225029 74
1780491196100 0.044450487941503525 75
1780491197020 0.04435700923204422 76
1780491198060 0.04418386146426201 77
1780491199157 0.044056959450244904 78
1780491200125 0.043847642838954926 79
1780491201325 0.04380105808377266 80
1780491202739 0.043663255870342255 81
1780491203889 0.04353591799736023 82
1780491205085 0.043386656790971756 83
1780491206075 0.0430808886885643 84
1780491207172 0.04303315281867981 85
1780491208302 0.042995091527700424 86
1780491209419 0.042815256863832474 87
1780491210558 0.04267871752381325 88
1780491211739 0.04254193976521492 89
1780491212997 0.04234740138053894 90
1780491214126 0.04218931868672371 91
1780491215153 0.04201371967792511 92
1780491216270 0.041793715208768845 93
1780491217411 0.04167412221431732 94
1780491218601 0.041512951254844666 95
1780491219791 0.041379205882549286 96
1780491221094 0.041291262954473495 97
1780491222542 0.04105636849999428 98
1780491223812 0.04088782146573067 99
1780491225131 0.04069897532463074 100
1780491226424 0.04058123007416725 101
1780491227619 0.040327467024326324 102
1780491228888 0.04015364497900009 103
1780491230102 0.040082115679979324 104
1780491231437 0.03991271182894707 105
1780491232917 0.03981200233101845 106
1780491234205 0.03963685408234596 107
1780491235352 0.03948651999235153 108
1780491236629 0.03936776518821716 109
1780491237840 0.0392373763024807 110
1780491239143 0.039095766842365265 111
1780491240488 0.03897617384791374 112
1780491241987 0.03889298066496849 113
1780491243372 0.03868597745895386 114
1780491245667 0.03855861723423004 115
1780491246944 0.03845418244600296 116
1780491248248 0.03815136104822159 117
1780491249602 0.037968046963214874 118
1780491252076 0.03781287744641304 119
1780491256045 0.03758247196674347 120
1780491260211 0.03747577965259552 121
1780491264561 0.0373886376619339 122
1780491269230 0.03728194534778595 123
1780491273612 0.03717733919620514 124
1780491277940 0.03700149431824684 125
1780491282592 0.036868222057819366 126
1780491287880 0.03670118376612663 127
1780491295224 0.0364781990647316 128
1780491302653 0.036372408270835876 129
1780491307082 0.03620177507400513 130
1780491312021 0.035978078842163086 131
1780491318471 0.03580494225025177 132
1780491323608 0.035689447075128555 133
1780491328188 0.03557763993740082 134
1780491332815 0.0353894978761673 135
1780491337293 0.03526433929800987 136
1780491342590 0.035084377974271774 137
1780491347490 0.0349702425301075 138
1780491354283 0.03473471477627754 139
1780491361714 0.03458255156874657 140
1780491366362 0.03447224572300911 141
1780491371209 0.03423835709691048 142
1780491375841 0.03407493978738785 143
1780491382098 0.03388125076889992 144
1780491388494 0.03377309441566467 145
1780491393044 0.03366439417004585 146
1780491398609 0.03352225199341774 147
1780491405846 0.033292002975940704 148
1780491413341 0.033160384744405746 149
1780491420245 0.03292157128453255 150
1780491425372 0.03272064030170441 151
1780491430181 0.03250984102487564 152
1780491434952 0.03246384114027023 153
1780491440711 0.032318584620952606 154
1780491446911 0.032116178423166275 155
1780491452687 0.03182398900389671 156
1780491459471 0.03161713853478432 157
1780491466373 0.031523045152425766 158
1780491473321 0.03134055435657501 159
1780491480737 0.031156836077570915 160
1780491485745 0.031000111252069473 161
1780491492526 0.030710604041814804 162
1780491498335 0.03059064783155918 163
1780491505297 0.030327297747135162 164
1780491511770 0.030109236016869545 165
1780491517026 0.030006280168890953 166
1780491523137 0.029837699607014656 167
1780491529788 0.029711274430155754 168
1780491535414 0.0295886043459177 169
1780491540768 0.029414499178528786 170
1780491546212 0.029276259243488312 171
1780491551320 0.02916080504655838 172
1780491556577 0.02900358848273754 173
1780491561673 0.02888377383351326 174
1780491568612 0.028601326048374176 175
1780491576053 0.028430292382836342 176
1780491583522 0.02815621718764305 177
1780491589450 0.027862340211868286 178
1780491594615 0.02743239887058735 179
1780491599415 0.027232078835368156 180
1780491604057 0.027065716683864594 181
1780491609116 0.026806706562638283 182
1780491614194 0.026617545634508133 183
1780491618663 0.02637511119246483 184
1780491624392 0.026118414476513863 185
1780491630295 0.025881018489599228 186
1780491636051 0.025544194504618645 187
1780491641375 0.025427741929888725 188
1780491646730 0.025272425264120102 189
1780491653198 0.02507668547332287 190
1780491659022 0.02482493780553341 191
1780491664219 0.024380983784794807 192
1780491669739 0.02429095283150673 193
1780491675240 0.02402995340526104 194
1780491680943 0.02367180399596691 195
1780491687336 0.02333158254623413 196
1780491693788 0.023095931857824326 197
1780491701050 0.022922728210687637 198
1780491706953 0.02257802151143551 199
1780491712133 0.02242271415889263 200
1780491717944 0.022026902064681053 201
1780491723024 0.02177325263619423 202
1780491728314 0.02144867181777954 203
1780491734148 0.021087273955345154 204
1780491739098 0.020602669566869736 205
1780491743594 0.02040719799697399 206
1780491748125 0.020037246868014336 207
1780491752755 0.019929980859160423 208
1780491758986 0.019555553793907166 209
1780491763556 0.019358253106474876 210
1780491769330 0.019032586365938187 211
1780491774029 0.018491428345441818 212
1780491778895 0.01826450414955616 213
1780491783912 0.01795824244618416 214
1780491787906 0.017760125920176506 215
1780491793802 0.017353137955069542 216
1780491799247 0.016897086054086685 217
1780491806972 0.01665390469133854 218
1780491814644 0.016389984637498856 219
1780491822042 0.015954846516251564 220
1780491827485 0.01536851841956377 221
1780491832779 0.014958013780415058 222
1780491839268 0.01428831648081541 223
1780491845012 0.013587488792836666 224
1780491850631 0.012984971515834332 225
1780491855695 0.012701948173344135 226
1780491861437 0.012042446993291378 227
1780491867674 0.011702165938913822 228
1780491874016 0.011059347540140152 229
1780491880168 0.010450861416757107 230
1780491885534 0.00854588020592928 231
1780491890971 0.007651699706912041 232
1780491897108 0.006678102072328329 233
1780491902281 0.005719080567359924 234
1780491907574 0.003529422217980027 235
1780491913630 0.0024761853273957968 236
1780491919261 0.0016240556724369526 237
1780491924477 0.001476079924032092 238
1780491929517 0.0 239
1780491934465 0.0 240
