1780491144350 243.359619140625 1
1780491144725 220.44810485839844 2
1780491145093 203.86929321289062 3
1780491145448 190.44834899902344 4
1780491145810 183.40341186523438 5
1780491146202 176.87388610839844 6
1780491146601 170.64520263671875 7
1780491146943 168.92715454101562 8
1780491147321 163.8949432373047 9
1780491147680 156.6053466796875 10
1780491148064 150.54354858398438 11
1780491148468 148.07760620117188 12
1780491148855 143.62867736816406 13
1780491149281 143.3532257080078 14
1780491149663 139.69065856933594 15
1780491150128 134.71197509765625 16
1780491150655 131.12326049804688 17
1780491151120 129.0790557861328 18
1780491151697 128.5741424560547 19
1780491152272 124.75982666015625 20
1780491152785 124.15811920166016 21
1780491153251 123.05787658691406 22
1780491153709 120.46870422363281 23
1780491154224 119.9767074584961 24
1780491154708 117.85887145996094 25
1780491155172 113.99232482910156 26
1780491155623 113.07565307617188 27
1780491156063 112.17977905273438 28
1780491156673 107.8905029296875 29
1780491157272 106.43093872070312 30
1780491157837 104.86093139648438 31
1780491158536 104.10128784179688 32
1780491159188 101.40542602539062 33
1780491159843 99.70046997070312 34
1780491160553 98.59888458251953 35
1780491161186 97.32225036621094 36
1780491162003 96.10874938964844 37
1780491162751 93.6634750366211 38
1780491163444 93.11561584472656 39
1780491164119 91.584716796875 40
1780491165071 90.36774444580078 41
1780491165849 89.50460815429688 42
1780491166628 87.53730773925781 43
1780491167395 86.42356872558594 44
1780491168226 85.62229919433594 45
1780491169069 84.92581176757812 46
1780491169872 83.15737915039062 47
1780491170739 82.3204116821289 48
1780491171780 81.08930206298828 49
1780491172693 80.21534729003906 50
1780491173541 79.83487701416016 51
1780491174408 78.97727966308594 52
1780491175224 77.04779052734375 53
1780491176038 76.02765655517578 54
1780491176914 75.0080795288086 55
1780491177795 73.5115966796875 56
1780491178758 72.51985168457031 57
1780491179608 71.51337432861328 58
1780491180536 71.50444030761719 59
1780491181286 70.77577209472656 60
1780491182356 69.55570220947266 61
1780491183240 68.33104705810547 62
1780491184127 67.05181884765625 63
1780491185144 66.51066589355469 64
1780491186136 65.36634826660156 65
1780491187148 64.4527587890625 66
1780491188208 63.72030258178711 67
1780491189131 63.027122497558594 68
1780491190031 62.628021240234375 69
1780491191006 62.2050895690918 70
1780491192102 61.23723602294922 71
1780491193095 60.41450500488281 72
1780491194061 59.917686462402344 73
1780491195091 58.86222839355469 74
1780491196084 58.563514709472656 75
1780491197003 57.67439270019531 76
1780491198043 56.74530792236328 77
1780491199140 56.14713668823242 78
1780491200108 55.580474853515625 79
1780491201308 55.07441711425781 80
1780491202722 54.058231353759766 81
1780491203872 53.91107940673828 82
1780491205069 53.36619567871094 83
1780491206058 52.549556732177734 84
1780491207156 51.90643310546875 85
1780491208286 51.5045166015625 86
1780491209402 50.856903076171875 87
1780491210542 50.43181610107422 88
1780491211722 50.04621887207031 89
1780491212981 48.849483489990234 90
1780491214110 47.97051239013672 91
1780491215136 47.20685577392578 92
1780491216253 46.99296569824219 93
1780491217394 46.09064483642578 94
1780491218584 45.17479705810547 95
1780491219774 45.004913330078125 96
1780491221077 44.42070770263672 97
1780491222525 43.85460662841797 98
1780491223795 43.08479690551758 99
1780491225112 42.408714294433594 100
1780491226408 42.33978271484375 101
1780491227602 41.4765510559082 102
1780491228866 41.11570739746094 103
1780491230085 40.896026611328125 104
1780491231420 40.325401306152344 105
1780491232899 40.02915573120117 106
1780491234189 39.366390228271484 107
1780491235335 38.05803680419922 108
1780491236612 37.781280517578125 109
1780491237823 37.47149658203125 110
1780491239127 36.29511260986328 111
1780491240471 35.814388275146484 112
1780491241970 35.081817626953125 113
1780491243355 34.80323028564453 114
1780491245650 33.864166259765625 115
1780491246928 33.28205108642578 116
1780491248232 32.729949951171875 117
1780491249585 32.352867126464844 118
1780491252061 32.31797409057617 119
1780491256017 31.77164077758789 120
1780491260185 31.019882202148438 121
1780491264537 30.922645568847656 122
1780491269201 30.295446395874023 123
1780491273576 30.022050857543945 124
1780491277905 29.607900619506836 125
1780491282553 29.362342834472656 126
1780491287853 29.114349365234375 127
1780491295192 29.032085418701172 128
1780491302622 28.436687469482422 129
1780491307049 28.361597061157227 130
1780491311992 27.544849395751953 131
1780491318416 26.95115852355957 132
1780491323580 26.611255645751953 133
1780491328153 26.585498809814453 134
1780491332782 26.303356170654297 135
1780491337270 25.628934860229492 136
1780491342559 25.226152420043945 137
1780491347460 24.614933013916016 138
1780491354251 24.4735050201416 139
1780491361681 23.979473114013672 140
1780491366333 23.392560958862305 141
1780491371182 23.220592498779297 142
1780491375810 22.4271240234375 143
1780491382080 22.282028198242188 144
1780491388464 21.63693618774414 145
1780491393009 21.175079345703125 146
1780491398577 20.631343841552734 147
1780491405808 19.570188522338867 148
1780491413297 18.996522903442383 149
1780491420228 18.40679931640625 150
1780491425356 17.88870620727539 151
1780491430147 17.416885375976562 152
1780491434920 16.25326156616211 153
1780491440672 15.887434005737305 154
1780491446860 15.683564186096191 155
1780491452652 15.22527027130127 156
1780491459441 14.457660675048828 157
1780491466349 12.88469123840332 158
1780491473292 12.178162574768066 159
1780491480696 11.828346252441406 160
1780491485712 10.745748519897461 161
1780491492480 10.526601791381836 162
1780491498303 10.231374740600586 163
1780491505265 10.15019416809082 164
1780491511754 9.726633071899414 165
1780491516992 9.272988319396973 166
1780491523092 9.088676452636719 167
1780491529748 8.826033592224121 168
1780491535385 8.511460304260254 169
1780491540735 8.26781177520752 170
1780491546196 7.88531494140625 171
1780491551288 7.375441551208496 172
1780491556551 6.923978805541992 173
1780491561642 6.868541717529297 174
1780491568580 6.2690863609313965 175
1780491576025 6.17966365814209 176
1780491583487 5.848453521728516 177
1780491589430 5.773309707641602 178
1780491594584 5.649419784545898 179
1780491599398 5.485713958740234 180
1780491604024 5.155237197875977 181
1780491609082 4.621942043304443 182
1780491614164 4.316505432128906 183
1780491618648 3.988724708557129 184
1780491624368 3.6818037033081055 185
1780491630255 3.5162715911865234 186
1780491636020 3.425218343734741 187
1780491641343 3.3560938835144043 188
1780491646714 3.205029010772705 189
1780491653167 3.149428367614746 190
1780491658984 2.667753219604492 191
1780491664186 2.457902431488037 192
1780491669722 2.2846927642822266 193
1780491675208 2.1881351470947266 194
1780491680912 1.9908947944641113 195
1780491687304 1.7533650398254395 196
1780491693757 1.635789394378662 197
1780491701018 1.462508201599121 198
1780491706920 1.389289379119873 199
1780491712117 1.3127682209014893 200
1780491717912 1.1860389709472656 201
1780491723000 1.1297262907028198 202
1780491728297 1.0872416496276855 203
1780491734122 1.0608479976654053 204
1780491739066 0.9329971671104431 205
1780491743577 0.8562843203544617 206
1780491748096 0.8005599975585938 207
1780491752738 0.7403478622436523 208
1780491758970 0.7125182747840881 209
1780491763525 0.6706392765045166 210
1780491769297 0.6180660128593445 211
1780491773996 0.5452345013618469 212
1780491778860 0.49724653363227844 213
1780491783880 0.4434167742729187 214
1780491787890 0.419913113117218 215
1780491793786 0.3821555972099304 216
1780491799216 0.36710071563720703 217
1780491806941 0.32047080993652344 218
1780491814613 0.287593811750412 219
1780491822006 0.25040701031684875 220
1780491827454 0.22093713283538818 221
1780491832748 0.20018091797828674 222
1780491839236 0.17882224917411804 223
1780491844987 0.16555416584014893 224
1780491850614 0.1431354582309723 225
1780491855678 0.10989178717136383 226
1780491861391 0.0993744507431984 227
1780491867658 0.0822657123208046 228
1780491873976 0.06803663074970245 229
1780491880137 0.056947484612464905 230
1780491885505 0.04463234543800354 231
1780491890954 0.0331781841814518 232
1780491897091 0.023816777393221855 233
1780491902257 0.014331803657114506 234
1780491907545 0.007130269426852465 235
1780491913614 0.0036819581873714924 236
1780491919229 0.0007952805026434362 237
1780491924436 0.00022262152924668044 238
1780491929494 2.5121380531345494e-07 239
1780491934434 2.5141497417280334e-07 240
