1780491144367 0.3949459195137024 1
1780491144743 0.4112391471862793 2
1780491145111 0.49947619438171387 3
1780491145466 0.5305161476135254 4
1780491145828 0.5509962439537048 5
1780491146219 0.574673056602478 6
1780491146619 0.5892910957336426 7
1780491146960 0.5999014973640442 8
1780491147338 0.6098875403404236 9
1780491147698 0.6243463754653931 10
1780491148082 0.6333245038986206 11
1780491148486 0.6333699226379395 12
1780491148873 0.6378594636917114 13
1780491149300 0.637932300567627 14
1780491149681 0.6467310190200806 15
1780491150146 0.6529258489608765 16
1780491150673 0.655848503112793 17
1780491151138 0.6603082418441772 18
1780491151715 0.6710553169250488 19
1780491152294 0.6742292046546936 20
1780491152803 0.6748769283294678 21
1780491153269 0.6762639880180359 22
1780491153727 0.6885416507720947 23
1780491154241 0.6905351877212524 24
1780491154726 0.6959423422813416 25
1780491155190 0.696820855140686 26
1780491155641 0.6996123790740967 27
1780491156081 0.6996862888336182 28
1780491156691 0.7024109363555908 29
1780491157290 0.7024716734886169 30
1780491157855 0.703837513923645 31
1780491158554 0.7073874473571777 32
1780491159206 0.7243298888206482 33
1780491159861 0.7243439555168152 34
1780491160571 0.724346935749054 35
1780491161204 0.7263922691345215 36
1780491162021 0.7273561954498291 37
1780491162769 0.7293046116828918 38
1780491163462 0.7293212413787842 39
1780491164140 0.7294743657112122 40
1780491165089 0.7298620939254761 41
1780491165867 0.7301658391952515 42
1780491166645 0.7326745390892029 43
1780491167413 0.7340551018714905 44
1780491168245 0.737883448600769 45
1780491169087 0.7384774684906006 46
1780491169890 0.7384982109069824 47
1780491170757 0.7391945123672485 48
1780491171798 0.7393263578414917 49
1780491172711 0.7434902787208557 50
1780491173559 0.7473877668380737 51
1780491174426 0.7476915121078491 52
1780491175242 0.7485211491584778 53
1780491176056 0.7487285137176514 54
1780491176932 0.7487573623657227 55
1780491177813 0.7491871118545532 56
1780491178776 0.7492237091064453 57
1780491179626 0.7537688612937927 58
1780491180554 0.7573678493499756 59
1780491181304 0.7573840022087097 60
1780491182374 0.7614750266075134 61
1780491183258 0.761564314365387 62
1780491184145 0.7618790864944458 63
1780491185164 0.7624292373657227 64
1780491186154 0.7632189393043518 65
1780491187166 0.7664046883583069 66
1780491188226 0.7665733098983765 67
1780491189149 0.7666520476341248 68
1780491190049 0.7670378684997559 69
1780491191024 0.7709331512451172 70
1780491192134 0.7756495475769043 71
1780491193113 0.7757114171981812 72
1780491194078 0.776469886302948 73
1780491195109 0.7792006731033325 74
1780491196102 0.7806167006492615 75
1780491197021 0.7811334133148193 76
1780491198061 0.7820218801498413 77
1780491199158 0.7821155786514282 78
1780491200127 0.7821327447891235 79
1780491201326 0.7826068997383118 80
1780491202740 0.7827437520027161 81
1780491203890 0.7827629446983337 82
1780491205087 0.7828289270401001 83
1780491206076 0.7869188785552979 84
1780491207174 0.7871942520141602 85
1780491208304 0.7872167229652405 86
1780491209420 0.7872249484062195 87
1780491210560 0.7891004085540771 88
1780491211741 0.7918540835380554 89
1780491212999 0.7920886874198914 90
1780491214128 0.7920935153961182 91
1780491215154 0.7923258543014526 92
1780491216271 0.7927089929580688 93
1780491217412 0.7942472696304321 94
1780491218602 0.7947521805763245 95
1780491219792 0.7954186201095581 96
1780491221095 0.7958611249923706 97
1780491222543 0.7959991693496704 98
1780491223813 0.796082615852356 99
1780491225133 0.7960844039916992 100
1780491226426 0.7961225509643555 101
1780491227620 0.7968879342079163 102
1780491228889 0.7975747585296631 103
1780491230103 0.7976604700088501 104
1780491231438 0.800092875957489 105
1780491232918 0.8009531497955322 106
1780491234206 0.8010010719299316 107
1780491235353 0.8035822510719299 108
1780491236630 0.8040013909339905 109
1780491237841 0.8043120503425598 110
1780491239145 0.8048146963119507 111
1780491240489 0.8048431873321533 112
1780491241988 0.8052508234977722 113
1780491243373 0.8058925271034241 114
1780491245668 0.8067439794540405 115
1780491246946 0.8078621029853821 116
1780491248250 0.8082138895988464 117
1780491249604 0.8084080815315247 118
1780491252077 0.812122106552124 119
1780491256046 0.8144151568412781 120
1780491260212 0.8147810697555542 121
1780491264563 0.8148728609085083 122
1780491269240 0.8149294853210449 123
1780491273613 0.8160796165466309 124
1780491277941 0.8162168264389038 125
1780491282594 0.8168591856956482 126
1780491287881 0.8172814249992371 127
1780491295225 0.8190951943397522 128
1780491302655 0.8193832039833069 129
1780491307084 0.8201087713241577 130
1780491312022 0.8202254772186279 131
1780491318473 0.8203774690628052 132
1780491323609 0.8217214345932007 133
1780491328189 0.822105884552002 134
1780491332817 0.8223000764846802 135
1780491337300 0.8223303556442261 136
1780491342592 0.8228404521942139 137
1780491347492 0.8228809833526611 138
1780491354284 0.8234364986419678 139
1780491361716 0.8234886527061462 140
1780491366363 0.8243342638015747 141
1780491371216 0.8249430656433105 142
1780491375842 0.8250373601913452 143
1780491382099 0.8257791996002197 144
1780491388496 0.8258121013641357 145
1780491393045 0.8258127570152283 146
1780491398610 0.8258326649665833 147
1780491405848 0.826725959777832 148
1780491413343 0.8272380828857422 149
1780491420246 0.8272454738616943 150
1780491425374 0.8272586464881897 151
1780491430182 0.8279613256454468 152
1780491434953 0.8281077742576599 153
1780491440712 0.8283385038375854 154
1780491446912 0.8285835981369019 155
1780491452704 0.8294545412063599 156
1780491459472 0.8305920958518982 157
1780491466374 0.830880880355835 158
1780491473322 0.8317676782608032 159
1780491480738 0.8331232070922852 160
1780491485746 0.833186686038971 161
1780491492528 0.8350111246109009 162
1780491498336 0.8352117538452148 163
1780491505299 0.8356000185012817 164
1780491511772 0.8366068005561829 165
1780491517028 0.8373860716819763 166
1780491523138 0.837891697883606 167
1780491529789 0.8379417657852173 168
1780491535416 0.8379478454589844 169
1780491540769 0.8379526138305664 170
1780491546213 0.8390487432479858 171
1780491551321 0.840499222278595 172
1780491556580 0.8416078090667725 173
1780491561680 0.8416576981544495 174
1780491568613 0.8424860239028931 175
1780491576054 0.8424929976463318 176
1780491583524 0.843034029006958 177
1780491589452 0.8437247276306152 178
1780491594624 0.844493567943573 179
1780491599416 0.8445186614990234 180
1780491604058 0.8445223569869995 181
1780491609123 0.8448024392127991 182
1780491614196 0.8448221683502197 183
1780491618665 0.846531867980957 184
1780491624393 0.8466272354125977 185
1780491630304 0.8499037623405457 186
1780491636060 0.851561427116394 187
1780491641384 0.8517906069755554 188
1780491646731 0.8518158197402954 189
1780491653200 0.851825475692749 190
1780491659024 0.8523716330528259 191
1780491664220 0.854233980178833 192
1780491669748 0.854241132736206 193
1780491675241 0.8547438979148865 194
1780491680944 0.8564366698265076 195
1780491687337 0.8573334217071533 196
1780491693789 0.8582689762115479 197
1780491701052 0.8593645095825195 198
1780491706954 0.8624227046966553 199
1780491712134 0.8624321222305298 200
1780491717945 0.8625420928001404 201
1780491723032 0.8625532388687134 202
1780491728315 0.8628988265991211 203
1780491734149 0.8628988862037659 204
1780491739104 0.8685347437858582 205
1780491743595 0.8685988187789917 206
1780491748126 0.8692116141319275 207
1780491752756 0.8693913221359253 208
1780491758987 0.8708149194717407 209
1780491763557 0.8715568780899048 210
1780491769332 0.8719781637191772 211
1780491774031 0.8763997554779053 212
1780491778896 0.8764966130256653 213
1780491783913 0.8765429854393005 214
1780491787908 0.8767012357711792 215
1780491793803 0.8793047070503235 216
1780491799248 0.8820425271987915 217
1780491806973 0.8821366429328918 218
1780491814645 0.8821755647659302 219
1780491822044 0.8847297430038452 220
1780491827487 0.8879042267799377 221
1780491832788 0.8914538025856018 222
1780491839269 0.898021936416626 223
1780491845013 0.9046379923820496 224
1780491850632 0.9048333168029785 225
1780491855697 0.9075958132743835 226
1780491861438 0.9095593690872192 227
1780491867676 0.9097299575805664 228
1780491874017 0.9104270935058594 229
1780491880169 0.9154168963432312 230
1780491885544 0.9406263828277588 231
1780491890972 0.9449517130851746 232
1780491897109 0.9458044171333313 233
1780491902282 0.9461312890052795 234
1780491907576 0.9742714166641235 235
1780491913632 0.9747529625892639 236
1780491919263 0.9834328293800354 237
1780491924478 0.9835615754127502 238
1780491929519 1.0 239
1780491934476 1.0 240
