1780491144347 53.12529754638672 1
1780491144722 53.09614562988281 2
1780491145089 51.2286262512207 3
1780491145445 51.222267150878906 4
1780491145807 51.186397552490234 5
1780491146198 49.798248291015625 6
1780491146598 48.66556167602539 7
1780491146940 48.16307067871094 8
1780491147317 47.80506134033203 9
1780491147677 46.87090301513672 10
1780491148061 45.527774810791016 11
1780491148465 45.119300842285156 12
1780491148852 44.99959945678711 13
1780491149278 44.84950256347656 14
1780491149660 43.80439758300781 15
1780491150125 43.3985595703125 16
1780491150652 42.11605453491211 17
1780491151117 40.44240188598633 18
1780491151694 40.35529327392578 19
1780491152269 40.345970153808594 20
1780491152782 40.20854187011719 21
1780491153248 29.952848434448242 22
1780491153705 29.62973976135254 23
1780491154221 26.972055435180664 24
1780491154705 23.04192352294922 25
1780491155168 21.386932373046875 26
1780491155619 15.34417724609375 27
1780491156060 14.189493179321289 28
1780491156670 13.80250358581543 29
1780491157269 13.299495697021484 30
1780491157834 13.141888618469238 31
1780491158533 12.352441787719727 32
1780491159185 12.330720901489258 33
1780491159839 11.046683311462402 34
1780491160550 10.880136489868164 35
1780491161183 10.32400894165039 36
1780491162000 8.942866325378418 37
1780491162748 8.848669052124023 38
1780491163441 8.015806198120117 39
1780491164116 7.281702518463135 40
1780491165068 3.9569835662841797 41
1780491165846 3.353691816329956 42
1780491166624 3.215059757232666 43
1780491167392 3.2102744579315186 44
1780491168223 2.8549880981445312 45
1780491169065 2.361142635345459 46
1780491169869 2.306192398071289 47
1780491170736 2.2891476154327393 48
1780491171777 2.2578606605529785 49
1780491172690 1.9859211444854736 50
1780491173538 1.9859116077423096 51
1780491174405 1.9025113582611084 52
1780491175221 1.9008228778839111 53
1780491176035 1.2493460178375244 54
1780491176911 1.199145793914795 55
1780491177792 1.193913459777832 56
1780491178755 1.0329875946044922 57
1780491179605 1.0049521923065186 58
1780491180533 0.9750027060508728 59
1780491181283 0.9722170829772949 60
1780491182353 0.9352987408638 61
1780491183238 0.9314391613006592 62
1780491184124 0.8459963798522949 63
1780491185141 0.8452308177947998 64
1780491186133 0.7362916469573975 65
1780491187145 0.7355532646179199 66
1780491188205 0.7278883457183838 67
1780491189128 0.7238389253616333 68
1780491190028 0.6816356182098389 69
1780491191003 0.6710790395736694 70
1780491192098 0.6290457844734192 71
1780491193092 0.6286928057670593 72
1780491194058 0.6286646723747253 73
1780491195087 0.5292184948921204 74
1780491196081 0.5091201066970825 75
1780491197000 0.48041218519210815 76
1780491198040 0.4727533459663391 77
1780491199137 0.4672829508781433 78
1780491200105 0.4643905460834503 79
1780491201305 0.45945724844932556 80
1780491202719 0.4073411226272583 81
1780491203868 0.3990316390991211 82
1780491205066 0.3976868689060211 83
1780491206055 0.3841228485107422 84
1780491207153 0.38404083251953125 85
1780491208282 0.3838427662849426 86
1780491209399 0.3789290189743042 87
1780491210539 0.3660258650779724 88
1780491211719 0.3651522994041443 89
1780491212977 0.3467753529548645 90
1780491214107 0.3457871675491333 91
1780491215133 0.3438084125518799 92
1780491216250 0.33891844749450684 93
1780491217392 0.30982452630996704 94
1780491218581 0.2827407121658325 95
1780491219771 0.28203558921813965 96
1780491221074 0.2799525856971741 97
1780491222523 0.2790268063545227 98
1780491223792 0.27334845066070557 99
1780491225109 0.27318063378334045 100
1780491226404 0.27047279477119446 101
1780491227599 0.27013587951660156 102
1780491228863 0.2690761089324951 103
1780491230082 0.22703135013580322 104
1780491231417 0.22613191604614258 105
1780491232895 0.22443631291389465 106
1780491234185 0.2122465968132019 107
1780491235332 0.20850899815559387 108
1780491236609 0.20797841250896454 109
1780491237820 0.1873810887336731 110
1780491239124 0.18571627140045166 111
1780491240468 0.17074811458587646 112
1780491241967 0.16764412820339203 113
1780491243352 0.15061350166797638 114
1780491245647 0.1506076157093048 115
1780491246924 0.13215765357017517 116
1780491248228 0.13182006776332855 117
1780491249582 0.13128601014614105 118
1780491252058 0.12872253358364105 119
1780491256005 0.12845656275749207 120
1780491260173 0.12839758396148682 121
1780491264530 0.1279415786266327 122
1780491269197 0.12665463984012604 123
1780491273569 0.12607944011688232 124
1780491277898 0.12538307905197144 125
1780491282543 0.12495991587638855 126
1780491287841 0.12495801597833633 127
1780491295183 0.12001574039459229 128
1780491302619 0.098050557076931 129
1780491307046 0.09691473841667175 130
1780491311973 0.09671976417303085 131
1780491318401 0.09011831134557724 132
1780491323570 0.08896821737289429 133
1780491328150 0.08005069196224213 134
1780491332775 0.0799151062965393 135
1780491337267 0.07955847680568695 136
1780491342556 0.07475840300321579 137
1780491347447 0.07080623507499695 138
1780491354249 0.06783408671617508 139
1780491361678 0.06779520213603973 140
1780491366325 0.06759558618068695 141
1780491371179 0.06562328338623047 142
1780491375807 0.06441492587327957 143
1780491382078 0.057301007211208344 144
1780491388461 0.05714959278702736 145
1780491393006 0.050622060894966125 146
1780491398574 0.050336286425590515 147
1780491405805 0.04996788501739502 148
1780491413293 0.04984371364116669 149
1780491420226 0.04949396848678589 150
1780491425352 0.047057680785655975 151
1780491430144 0.0452425479888916 152
1780491434917 0.04520570486783981 153
1780491440669 0.045029185712337494 154
1780491446857 0.04355988651514053 155
1780491452649 0.04355625808238983 156
1780491459435 0.03738878667354584 157
1780491466338 0.0372982993721962 158
1780491473289 0.03598649799823761 159
1780491480691 0.03459309786558151 160
1780491485710 0.034530214965343475 161
1780491492477 0.03443549573421478 162
1780491498301 0.03425835072994232 163
1780491505261 0.03420553356409073 164
1780491511750 0.029038820415735245 165
1780491516977 0.02892656996846199 166
1780491523089 0.02849220298230648 167
1780491529745 0.028202952817082405 168
1780491535377 0.02800465188920498 169
1780491540725 0.022360846400260925 170
1780491546193 0.02207791805267334 171
1780491551266 0.018489282578229904 172
1780491556548 0.015074485912919044 173
1780491561638 0.014946824871003628 174
1780491568577 0.0148408068343997 175
1780491576023 0.01453600823879242 176
1780491583485 0.01447221264243126 177
1780491589426 0.012584663927555084 178
1780491594581 0.011752291582524776 179
1780491599395 0.011341292411088943 180
1780491604022 0.010618340224027634 181
1780491609079 0.010580035857856274 182
1780491614161 0.010549038648605347 183
1780491618645 0.010082075372338295 184
1780491624365 0.00967310555279255 185
1780491630241 0.008909227326512337 186
1780491636013 0.008909225463867188 187
1780491641335 0.008639720268547535 188
1780491646710 0.008638447150588036 189
1780491653165 0.00863413605839014 190
1780491658981 0.008019779808819294 191
1780491664184 0.00800551101565361 192
1780491669719 0.006688006222248077 193
1780491675205 0.004935797303915024 194
1780491680909 0.0049292175099253654 195
1780491687301 0.004514189437031746 196
1780491693741 0.0038060355000197887 197
1780491701016 0.003751748241484165 198
1780491706909 0.0037475470453500748 199
1780491712113 0.003740705084055662 200
1780491717909 0.0037354882806539536 201
1780491722991 0.0037316111847758293 202
1780491728294 0.0031250028405338526 203
1780491734119 0.002941747196018696 204
1780491739063 0.002941075712442398 205
1780491743575 0.0029185486491769552 206
1780491748093 0.002916510682553053 207
1780491752735 0.0028806249611079693 208
1780491758966 0.0028728749603033066 209
1780491763514 0.0026992112398147583 210
1780491769286 0.0026498911902308464 211
1780491773994 0.002610179129987955 212
1780491778849 0.0016840852331370115 213
1780491783877 0.0016824823105707765 214
1780491787887 0.001677489373832941 215
1780491793783 0.0005259474273771048 216
1780491799213 0.0005241796607151628 217
1780491806937 0.00048513407818973064 218
1780491814593 0.00046944740461185575 219
1780491822004 0.0004216615343466401 220
1780491827441 0.00026437273481860757 221
1780491832737 0.00022882162011228502 222
1780491839233 0.00019356058328412473 223
1780491844984 0.00019347560009919107 224
1780491850611 0.00019245356088504195 225
1780491855675 0.00019113908638246357 226
1780491861389 0.0001603932469151914 227
1780491867653 0.00014474276395048946 228
1780491873973 5.004841659683734e-05 229
1780491880133 3.6121207813266665e-05 230
1780491885493 3.190097413607873e-05 231
1780491890950 3.0418148526223376e-05 232
1780491897087 1.9293565856060013e-05 233
1780491902245 1.8983213522005826e-05 234
1780491907530 1.8024524251814e-05 235
1780491913611 1.53098826558562e-05 236
1780491919222 1.714671782337973e-07 237
1780491924433 5.575227390863802e-08 238
1780491929491 1.0097240377149319e-08 239
1780491934431 8.325079292603732e-09 240
