1780491144344 466.43548583984375 1
1780491144718 369.4146423339844 2
1780491145086 330.8441467285156 3
1780491145442 298.46624755859375 4
1780491145804 275.3236999511719 5
1780491146195 258.20770263671875 6
1780491146595 243.28704833984375 7
1780491146936 230.9309539794922 8
1780491147314 220.121826171875 9
1780491147674 210.3567352294922 10
1780491148058 201.4665069580078 11
1780491148462 193.43157958984375 12
1780491148849 186.18606567382812 13
1780491149274 179.18629455566406 14
1780491149657 173.45901489257812 15
1780491150122 168.07366943359375 16
1780491150649 162.99453735351562 17
1780491151114 158.3341827392578 18
1780491151691 153.80897521972656 19
1780491152266 149.5333709716797 20
1780491152779 145.60751342773438 21
1780491153245 141.87904357910156 22
1780491153702 138.32240295410156 23
1780491154218 134.99520874023438 24
1780491154702 131.75526428222656 25
1780491155165 128.66220092773438 26
1780491155616 125.61046600341797 27
1780491156057 122.75057220458984 28
1780491156667 120.02926635742188 29
1780491157266 117.38567352294922 30
1780491157831 114.83873748779297 31
1780491158530 112.42317962646484 32
1780491159182 110.12724304199219 33
1780491159836 107.89704132080078 34
1780491160547 105.82637786865234 35
1780491161180 103.78446960449219 36
1780491161996 101.76802062988281 37
1780491162745 99.84901428222656 38
1780491163438 98.01127624511719 39
1780491164113 96.19357299804688 40
1780491165065 94.40921783447266 41
1780491165843 92.7035140991211 42
1780491166621 91.001708984375 43
1780491167389 89.38301086425781 44
1780491168220 87.79166412353516 45
1780491169062 86.24270629882812 46
1780491169866 84.73674774169922 47
1780491170733 83.25817108154297 48
1780491171774 81.8036117553711 49
1780491172687 80.40286254882812 50
1780491173535 79.0233383178711 51
1780491174402 77.656494140625 52
1780491175218 76.37379455566406 53
1780491176032 75.1121826171875 54
1780491176907 73.888671875 55
1780491177789 72.6894760131836 56
1780491178752 71.5010757446289 57
1780491179602 70.34159088134766 58
1780491180530 69.20518493652344 59
1780491181280 68.10069274902344 60
1780491182350 67.01838684082031 61
1780491183234 65.96114349365234 62
1780491184121 64.93599700927734 63
1780491185138 63.91749572753906 64
1780491186130 62.934513092041016 65
1780491187142 61.96174621582031 66
1780491188202 60.99959182739258 67
1780491189125 60.053462982177734 68
1780491190025 59.11231994628906 69
1780491191000 58.19361114501953 70
1780491192095 57.28797912597656 71
1780491193088 56.42116928100586 72
1780491194054 55.56209182739258 73
1780491195084 54.727684020996094 74
1780491196078 53.90079116821289 75
1780491196997 53.08963394165039 76
1780491198037 52.303531646728516 77
1780491199134 51.53241729736328 78
1780491200102 50.765625 79
1780491201301 50.01363754272461 80
1780491202716 49.270774841308594 81
1780491203865 48.53935623168945 82
1780491205062 47.8265495300293 83
1780491206050 47.12801742553711 84
1780491207149 46.43693161010742 85
1780491208279 45.7590217590332 86
1780491209396 45.08395004272461 87
1780491210535 44.43132400512695 88
1780491211716 43.781002044677734 89
1780491212974 43.14376449584961 90
1780491214104 42.51705551147461 91
1780491215130 41.90568161010742 92
1780491216246 41.297325134277344 93
1780491217388 40.697391510009766 94
1780491218577 40.10734176635742 95
1780491219768 39.52522659301758 96
1780491221071 38.95268630981445 97
1780491222519 38.38817596435547 98
1780491223789 37.83361053466797 99
1780491225106 37.28682327270508 100
1780491226401 36.749412536621094 101
1780491227596 36.21843719482422 102
1780491228859 35.69063186645508 103
1780491230079 35.16544723510742 104
1780491231414 34.65364456176758 105
1780491232892 34.15262222290039 106
1780491234182 33.65593719482422 107
1780491235329 33.16120529174805 108
1780491236606 32.67539596557617 109
1780491237817 32.19275665283203 110
1780491239119 31.716421127319336 111
1780491240465 31.25012969970703 112
1780491241963 30.79027557373047 113
1780491243349 30.331838607788086 114
1780491245644 29.878637313842773 115
1780491246921 29.429262161254883 116
1780491248225 28.985639572143555 117
1780491249579 28.548404693603516 118
1780491252055 28.119901657104492 119
1780491256002 27.692419052124023 120
1780491260170 27.27391815185547 121
1780491264527 26.85966682434082 122
1780491269194 26.449983596801758 123
1780491273566 26.047147750854492 124
1780491277894 25.64722442626953 125
1780491282540 25.254961013793945 126
1780491287838 24.86399269104004 127
1780491295179 24.47600555419922 128
1780491302616 24.096134185791016 129
1780491307035 23.72040557861328 130
1780491311970 23.348005294799805 131
1780491318398 22.976762771606445 132
1780491323567 22.61542320251465 133
1780491328139 22.255258560180664 134
1780491332772 21.898670196533203 135
1780491337264 21.546674728393555 136
1780491342552 21.196809768676758 137
1780491347444 20.85066795349121 138
1780491354246 20.507280349731445 139
1780491361675 20.169736862182617 140
1780491366322 19.833494186401367 141
1780491371176 19.49937629699707 142
1780491375804 19.16890525817871 143
1780491382075 18.841978073120117 144
1780491388458 18.517871856689453 145
1780491393003 18.196044921875 146
1780491398570 17.877086639404297 147
1780491405802 17.56110954284668 148
1780491413290 17.256101608276367 149
1780491420222 16.953481674194336 150
1780491425349 16.653942108154297 151
1780491430130 16.35657501220703 152
1780491434914 16.060924530029297 153
1780491440658 15.766084671020508 154
1780491446834 15.47777271270752 155
1780491452646 15.192545890808105 156
1780491459432 14.910917282104492 157
1780491466335 14.631742477416992 158
1780491473286 14.353520393371582 159
1780491480686 14.078237533569336 160
1780491485694 13.807211875915527 161
1780491492474 13.537776947021484 162
1780491498298 13.27031135559082 163
1780491505258 13.004202842712402 164
1780491511747 12.740254402160645 165
1780491516974 12.480449676513672 166
1780491523086 12.222563743591309 167
1780491529742 11.967904090881348 168
1780491535374 11.715852737426758 169
1780491540718 11.46562671661377 170
1780491546190 11.216480255126953 171
1780491551263 10.970890998840332 172
1780491556544 10.72853946685791 173
1780491561635 10.48741626739502 174
1780491568558 10.248590469360352 175
1780491576020 10.010998725891113 176
1780491583482 9.776691436767578 177
1780491589423 9.544880867004395 178
1780491594578 9.317643165588379 179
1780491599391 9.093780517578125 180
1780491604015 8.870427131652832 181
1780491609074 8.648637771606445 182
1780491614155 8.429373741149902 183
1780491618642 8.213520050048828 184
1780491624362 7.998755931854248 185
1780491630238 7.788884162902832 186
1780491636002 7.5801544189453125 187
1780491641332 7.374374866485596 188
1780491646707 7.170570373535156 189
1780491653162 6.968937397003174 190
1780491658966 6.770956039428711 191
1780491664180 6.5738444328308105 192
1780491669715 6.3787922859191895 193
1780491675202 6.186741352081299 194
1780491680902 5.996381759643555 195
1780491687298 5.807353496551514 196
1780491693738 5.620198726654053 197
1780491701006 5.435575008392334 198
1780491706906 5.251702785491943 199
1780491712110 5.0690155029296875 200
1780491717902 4.890782356262207 201
1780491722988 4.715812683105469 202
1780491728291 4.543031215667725 203
1780491734116 4.371459484100342 204
1780491739060 4.2032670974731445 205
1780491743571 4.0361552238464355 206
1780491748086 3.870107412338257 207
1780491752732 3.7062602043151855 208
1780491758963 3.543247699737549 209
1780491763511 3.387782573699951 210
1780491769283 3.2343392372131348 211
1780491773982 3.0825796127319336 212
1780491778838 2.9320223331451416 213
1780491783874 2.7827045917510986 214
1780491787883 2.6347150802612305 215
1780491793780 2.488924980163574 216
1780491799210 2.347003936767578 217
1780491806934 2.2061705589294434 218
1780491814590 2.0671770572662354 219
1780491821994 1.9336625337600708 220
1780491827438 1.8033547401428223 221
1780491832726 1.6741139888763428 222
1780491839230 1.5456082820892334 223
1780491844971 1.423315405845642 224
1780491850607 1.3033515214920044 225
1780491855672 1.1854627132415771 226
1780491861386 1.0732966661453247 227
1780491867650 0.9616616368293762 228
1780491873970 0.8524768948554993 229
1780491880130 0.7450845241546631 230
1780491885490 0.6421788930892944 231
1780491890947 0.5441529154777527 232
1780491897084 0.451754629611969 233
1780491902242 0.364340603351593 234
1780491907527 0.28061529994010925 235
1780491913607 0.19849273562431335 236
1780491919214 0.12354449182748795 237
1780491924430 0.05765363201498985 238
1780491929488 1.502494455962733e-06 239
1780491934428 1.504258648310497e-06 240
