1780491144345 859.214111328125 1
1780491144720 486.8306579589844 2
1780491145088 402.4064636230469 3
1780491145443 331.2781677246094 4
1780491145806 280.4041748046875 5
1780491146197 240.64234924316406 6
1780491146597 209.8832550048828 7
1780491146938 184.3580780029297 8
1780491147316 172.04612731933594 9
1780491147676 158.95758056640625 10
1780491148059 146.97032165527344 11
1780491148463 132.7352294921875 12
1780491148851 121.78895568847656 13
1780491149276 113.2645492553711 14
1780491149658 106.05131530761719 15
1780491150123 102.3611068725586 16
1780491150651 98.43512725830078 17
1780491151115 91.7982177734375 18
1780491151693 87.49372100830078 19
1780491152268 82.65215301513672 20
1780491152781 78.39906311035156 21
1780491153246 74.2504653930664 22
1780491153704 70.39102935791016 23
1780491154219 66.6366195678711 24
1780491154704 64.32742309570312 25
1780491155167 61.44240188598633 26
1780491155618 58.762088775634766 27
1780491156058 56.85478210449219 28
1780491156668 54.48208999633789 29
1780491157268 53.01128387451172 30
1780491157832 52.030094146728516 31
1780491158532 50.244171142578125 32
1780491159184 49.31296920776367 33
1780491159838 48.09992218017578 34
1780491160549 46.180580139160156 35
1780491161182 45.17918395996094 36
1780491161998 43.774234771728516 37
1780491162746 42.41373825073242 38
1780491163440 41.185760498046875 39
1780491164115 40.274662017822266 40
1780491165066 39.13710403442383 41
1780491165844 38.09284973144531 42
1780491166623 37.3758430480957 43
1780491167391 36.14030456542969 44
1780491168222 35.47178268432617 45
1780491169064 34.44227600097656 46
1780491169868 34.000152587890625 47
1780491170734 33.106101989746094 48
1780491171776 32.647254943847656 49
1780491172688 32.145103454589844 50
1780491173537 31.41973114013672 51
1780491174404 30.557903289794922 52
1780491175220 29.872121810913086 53
1780491176034 29.544538497924805 54
1780491176909 29.017486572265625 55
1780491177790 28.60312271118164 56
1780491178754 27.965682983398438 57
1780491179604 27.1975154876709 58
1780491180532 26.566225051879883 59
1780491181281 25.864011764526367 60
1780491182352 25.517274856567383 61
1780491183236 25.0030460357666 62
1780491184122 24.49300765991211 63
1780491185140 24.107141494750977 64
1780491186132 23.801342010498047 65
1780491187143 23.583316802978516 66
1780491188204 23.350875854492188 67
1780491189127 23.082317352294922 68
1780491190027 22.84642219543457 69
1780491191002 22.468652725219727 70
1780491192097 22.242958068847656 71
1780491193091 21.967561721801758 72
1780491194056 21.591428756713867 73
1780491195086 21.392414093017578 74
1780491196079 21.17966651916504 75
1780491196999 20.97831916809082 76
1780491198039 20.694725036621094 77
1780491199136 20.42626953125 78
1780491200103 20.274930953979492 79
1780491201303 20.21782875061035 80
1780491202718 20.067466735839844 81
1780491203867 19.88404655456543 82
1780491205064 19.73969268798828 83
1780491206052 19.610883712768555 84
1780491207151 19.56438446044922 85
1780491208281 19.45098114013672 86
1780491209398 19.258625030517578 87
1780491210537 19.14238166809082 88
1780491211718 18.969425201416016 89
1780491212976 18.774429321289062 90
1780491214105 18.637348175048828 91
1780491215132 18.442644119262695 92
1780491216248 18.201845169067383 93
1780491217390 18.060138702392578 94
1780491218579 17.975929260253906 95
1780491219769 17.776042938232422 96
1780491221072 17.690702438354492 97
1780491222521 17.577285766601562 98
1780491223790 17.4654541015625 99
1780491225108 17.30904769897461 100
1780491226403 17.16614532470703 101
1780491227598 17.017934799194336 102
1780491228861 16.847034454345703 103
1780491230081 16.725967407226562 104
1780491231416 16.572044372558594 105
1780491232893 16.49937629699707 106
1780491234184 16.356037139892578 107
1780491235331 16.258106231689453 108
1780491236608 16.14044761657715 109
1780491237819 16.064844131469727 110
1780491239122 15.949743270874023 111
1780491240467 15.853738784790039 112
1780491241965 15.828200340270996 113
1780491243351 15.743704795837402 114
1780491245646 15.650589942932129 115
1780491246923 15.512650489807129 116
1780491248227 15.450109481811523 117
1780491249581 15.351827621459961 118
1780491252057 15.278898239135742 119
1780491256004 15.19095516204834 120
1780491260172 15.098067283630371 121
1780491264529 15.008077621459961 122
1780491269196 14.970131874084473 123
1780491273568 14.91742992401123 124
1780491277896 14.807317733764648 125
1780491282541 14.717082977294922 126
1780491287840 14.587794303894043 127
1780491295181 14.442339897155762 128
1780491302617 14.373838424682617 129
1780491307045 14.23720645904541 130
1780491311972 14.08544635772705 131
1780491318400 13.968958854675293 132
1780491323569 13.862306594848633 133
1780491328148 13.739931106567383 134
1780491332773 13.635648727416992 135
1780491337266 13.567468643188477 136
1780491342554 13.458620071411133 137
1780491347446 13.373213768005371 138
1780491354247 13.288178443908691 139
1780491361677 13.186500549316406 140
1780491366324 13.163241386413574 141
1780491371177 13.030101776123047 142
1780491375806 12.917351722717285 143
1780491382076 12.837149620056152 144
1780491388460 12.730047225952148 145
1780491393005 12.644455909729004 146
1780491398572 12.548084259033203 147
1780491405804 12.42564868927002 148
1780491413292 12.329747200012207 149
1780491420224 12.200035095214844 150
1780491425351 12.085740089416504 151
1780491430132 12.015960693359375 152
1780491434916 11.95960521697998 153
1780491440667 11.828216552734375 154
1780491446855 11.697389602661133 155
1780491452648 11.579355239868164 156
1780491459434 11.463664054870605 157
1780491466337 11.40842056274414 158
1780491473287 11.2952880859375 159
1780491480688 11.201361656188965 160
1780491485708 11.093789100646973 161
1780491492476 11.00185489654541 162
1780491498299 10.918143272399902 163
1780491505260 10.798011779785156 164
1780491511749 10.68196964263916 165
1780491516976 10.601941108703613 166
1780491523088 10.465606689453125 167
1780491529744 10.38713264465332 168
1780491535376 10.267599105834961 169
1780491540724 10.1605806350708 170
1780491546192 10.034789085388184 171
1780491551265 9.93165397644043 172
1780491556546 9.804237365722656 173
1780491561637 9.671339988708496 174
1780491568576 9.524792671203613 175
1780491576021 9.406183242797852 176
1780491583483 9.29310417175293 177
1780491589425 9.187503814697266 178
1780491594580 9.046387672424316 179
1780491599393 8.935251235961914 180
1780491604020 8.840058326721191 181
1780491609077 8.724700927734375 182
1780491614158 8.614180564880371 183
1780491618644 8.529069900512695 184
1780491624363 8.406620979309082 185
1780491630239 8.279787063598633 186
1780491636012 8.191161155700684 187
1780491641334 8.078315734863281 188
1780491646709 7.979007244110107 189
1780491653164 7.87559175491333 190
1780491658980 7.77123498916626 191
1780491664182 7.640721797943115 192
1780491669717 7.568913459777832 193
1780491675204 7.43048620223999 194
1780491680908 7.301547050476074 195
1780491687300 7.1870269775390625 196
1780491693740 7.08939790725708 197
1780491701008 6.979108810424805 198
1780491706908 6.85892391204834 199
1780491712112 6.767375946044922 200
1780491717908 6.605954170227051 201
1780491722990 6.460389137268066 202
1780491728293 6.3007426261901855 203
1780491734118 6.139205455780029 204
1780491739061 5.980302810668945 205
1780491743573 5.884809970855713 206
1780491748092 5.7473602294921875 207
1780491752734 5.674160480499268 208
1780491758964 5.5197343826293945 209
1780491763513 5.43269157409668 210
1780491769285 5.289784908294678 211
1780491773992 5.119498252868652 212
1780491778848 5.016279697418213 213
1780491783876 4.875133037567139 214
1780491787885 4.76438570022583 215
1780491793782 4.6213531494140625 216
1780491799212 4.491425514221191 217
1780491806936 4.39293909072876 218
1780491814592 4.284482955932617 219
1780491821996 4.128963947296143 220
1780491827440 3.9602694511413574 221
1780491832736 3.821075439453125 222
1780491839232 3.6079604625701904 223
1780491844973 3.4135985374450684 224
1780491850609 3.245445489883423 225
1780491855674 3.1122443675994873 226
1780491861387 2.924537420272827 227
1780491867652 2.7485458850860596 228
1780491873972 2.546799898147583 229
1780491880132 2.385550022125244 230
1780491885492 2.083629846572876 231
1780491890949 1.93263840675354 232
1780491897086 1.707321286201477 233
1780491902243 1.5078785419464111 234
1780491907528 1.1888378858566284 235
1780491913609 1.061824083328247 236
1780491919220 0.9290107488632202 237
1780491924432 0.609809398651123 238
1780491929490 4.949959020450478e-06 239
1780491934430 4.964071194990538e-06 240
