1780491144355 95.89488983154297 1
1780491144730 57.0410041809082 2
1780491145098 50.04265213012695 3
1780491145453 48.273616790771484 4
1780491145816 45.67881774902344 5
1780491146207 38.26411819458008 6
1780491146607 35.06159210205078 7
1780491146948 32.485164642333984 8
1780491147326 30.987268447875977 9
1780491147686 30.207199096679688 10
1780491148069 28.7302303314209 11
1780491148473 27.79517936706543 12
1780491148861 24.695058822631836 13
1780491149286 24.582719802856445 14
1780491149669 23.935422897338867 15
1780491150133 23.194734573364258 16
1780491150661 22.956375122070312 17
1780491151126 21.582178115844727 18
1780491151703 21.57938003540039 19
1780491152278 20.44074058532715 20
1780491152791 19.68565559387207 21
1780491153257 19.53702163696289 22
1780491153714 18.748550415039062 23
1780491154229 18.74313735961914 24
1780491154714 18.626550674438477 25
1780491155177 17.574750900268555 26
1780491155628 17.247726440429688 27
1780491156069 16.97595977783203 28
1780491156679 16.525630950927734 29
1780491157278 16.40975570678711 30
1780491157842 16.304288864135742 31
1780491158542 16.087980270385742 32
1780491159193 15.810898780822754 33
1780491159848 15.618382453918457 34
1780491160559 15.1884126663208 35
1780491161192 15.11817455291748 36
1780491162008 15.078879356384277 37
1780491162756 14.35473346710205 38
1780491163450 14.300532341003418 39
1780491164124 14.300068855285645 40
1780491165077 14.086357116699219 41
1780491165854 13.924882888793945 42
1780491166633 13.88585090637207 43
1780491167401 13.31882095336914 44
1780491168232 13.08544921875 45
1780491169075 13.04445743560791 46
1780491169878 13.035375595092773 47
1780491170744 13.007574081420898 48
1780491171786 12.968332290649414 49
1780491172699 12.826018333435059 50
1780491173547 12.579204559326172 51
1780491174414 12.578920364379883 52
1780491175230 12.565848350524902 53
1780491176044 12.491583824157715 54
1780491176919 12.36738109588623 55
1780491177800 12.364577293395996 56
1780491178763 12.337991714477539 57
1780491179614 11.379240989685059 58
1780491180541 11.00351619720459 59
1780491181291 10.688150405883789 60
1780491182362 10.676349639892578 61
1780491183246 10.671810150146484 62
1780491184132 10.485614776611328 63
1780491185150 10.441303253173828 64
1780491186142 10.42833423614502 65
1780491187154 10.357675552368164 66
1780491188214 10.274177551269531 67
1780491189137 10.111879348754883 68
1780491190037 10.110987663269043 69
1780491191012 9.935873985290527 70
1780491192116 9.812213897705078 71
1780491193101 9.764169692993164 72
1780491194066 9.716257095336914 73
1780491195096 9.710012435913086 74
1780491196089 9.702296257019043 75
1780491197009 9.601033210754395 76
1780491198049 9.356674194335938 77
1780491199146 9.341791152954102 78
1780491200114 9.327741622924805 79
1780491201314 9.327336311340332 80
1780491202728 9.245960235595703 81
1780491203878 9.074966430664062 82
1780491205074 8.777099609375 83
1780491206064 8.752776145935059 84
1780491207161 8.724828720092773 85
1780491208291 8.724801063537598 86
1780491209408 8.650014877319336 87
1780491210547 8.647409439086914 88
1780491211728 8.643524169921875 89
1780491212986 8.583301544189453 90
1780491214115 8.418771743774414 91
1780491215142 8.412444114685059 92
1780491216259 8.407864570617676 93
1780491217400 8.334507942199707 94
1780491218590 8.334489822387695 95
1780491219780 8.276793479919434 96
1780491221083 8.259601593017578 97
1780491222531 8.253575325012207 98
1780491223801 8.164155006408691 99
1780491225118 8.162010192871094 100
1780491226413 8.160331726074219 101
1780491227608 8.151406288146973 102
1780491228871 8.116917610168457 103
1780491230091 8.085335731506348 104
1780491231426 8.054834365844727 105
1780491232906 8.051472663879395 106
1780491234194 7.980666637420654 107
1780491235341 7.9160614013671875 108
1780491236618 7.892286777496338 109
1780491237829 7.65873384475708 110
1780491239132 7.610710620880127 111
1780491240477 7.5510759353637695 112
1780491241976 7.50730037689209 113
1780491243361 7.49058723449707 114
1780491245656 7.451667785644531 115
1780491246933 7.151863098144531 116
1780491248237 7.145143985748291 117
1780491249591 7.107651710510254 118
1780491252066 7.1033172607421875 119
1780491256023 7.10231351852417 120
1780491260191 7.038740158081055 121
1780491264542 6.985741138458252 122
1780491269214 6.972114562988281 123
1780491273586 6.971174716949463 124
1780491277911 6.9262166023254395 125
1780491282566 6.8088274002075195 126
1780491287858 6.7449164390563965 127
1780491295200 6.735592365264893 128
1780491302634 6.729127407073975 129
1780491307062 6.638986110687256 130
1780491311997 6.635411739349365 131
1780491318430 6.627403736114502 132
1780491323585 6.597773551940918 133
1780491328168 6.565162658691406 134
1780491332792 6.563126087188721 135
1780491337276 6.5330915451049805 136
1780491342572 6.514151096343994 137
1780491347466 6.5055718421936035 138
1780491354256 6.487720489501953 139
1780491361691 6.429802417755127 140
1780491366348 6.429709434509277 141
1780491371193 6.401101112365723 142
1780491375815 6.3607258796691895 143
1780491382087 6.3599772453308105 144
1780491388484 6.275881767272949 145
1780491393024 6.248178482055664 146
1780491398582 6.244519233703613 147
1780491405820 6.239516258239746 148
1780491413316 6.203943252563477 149
1780491420234 6.197607517242432 150
1780491425361 6.175194263458252 151
1780491430160 6.09273624420166 152
1780491434932 6.091607570648193 153
1780491440689 6.091339588165283 154
1780491446885 6.019084930419922 155
1780491452673 5.999075889587402 156
1780491459450 5.992489337921143 157
1780491466355 5.970764636993408 158
1780491473297 5.970602035522461 159
1780491480709 5.969794273376465 160
1780491485726 5.96939754486084 161
1780491492500 5.752884387969971 162
1780491498309 5.739913463592529 163
1780491505270 5.730130195617676 164
1780491511759 5.715744495391846 165
1780491517005 5.7092413902282715 166
1780491523110 5.675118446350098 167
1780491529762 5.674907207489014 168
1780491535398 5.674601078033447 169
1780491540741 5.666486740112305 170
1780491546201 5.6005449295043945 171
1780491551293 5.600221633911133 172
1780491556561 5.578710556030273 173
1780491561653 5.567957401275635 174
1780491568586 5.548239231109619 175
1780491576031 5.540046215057373 176
1780491583492 5.383412837982178 177
1780491589436 5.3604960441589355 178
1780491594597 5.340975761413574 179
1780491599404 5.249261856079102 180
1780491604040 5.237809181213379 181
1780491609096 5.187488555908203 182
1780491614174 5.127556800842285 183
1780491618653 5.124986171722412 184
1780491624381 5.087280750274658 185
1780491630269 5.075987339019775 186
1780491636033 5.074965000152588 187
1780491641349 5.07496452331543 188
1780491646719 5.0746588706970215 189
1780491653189 5.035140514373779 190
1780491658998 5.012864112854004 191
1780491664200 4.995774269104004 192
1780491669728 4.995003700256348 193
1780491675229 4.957503795623779 194
1780491680920 4.944100856781006 195
1780491687325 4.890121936798096 196
1780491693762 4.885988712310791 197
1780491701040 4.882430076599121 198
1780491706925 4.872702598571777 199
1780491712122 4.864324569702148 200
1780491717925 4.837565898895264 201
1780491723013 4.783804893493652 202
1780491728303 4.770359516143799 203
1780491734128 4.769929885864258 204
1780491739079 4.769852161407471 205
1780491743583 4.75468635559082 206
1780491748111 4.716294288635254 207
1780491752744 4.715587615966797 208
1780491758975 4.711479663848877 209
1780491763530 4.655105113983154 210
1780491769303 4.6499810218811035 211
1780491774010 4.649087429046631 212
1780491778865 4.647224426269531 213
1780491783885 4.469515800476074 214
1780491787895 4.44468355178833 215
1780491793791 4.443514347076416 216
1780491799221 4.393527507781982 217
1780491806961 4.393385887145996 218
1780491814618 4.345805644989014 219
1780491822018 4.345755100250244 220
1780491827459 4.33978271484375 221
1780491832761 4.273869037628174 222
1780491839241 4.27385950088501 223
1780491844992 4.20629358291626 224
1780491850620 3.9906039237976074 225
1780491855684 3.9050285816192627 226
1780491861412 3.810556173324585 227
1780491867664 3.794313430786133 228
1780491873989 3.793191909790039 229
1780491880149 3.7357325553894043 230
1780491885511 3.5050761699676514 231
1780491890959 3.374990940093994 232
1780491897097 3.3487496376037598 233
1780491902262 3.338634729385376 234
1780491907550 2.8292014598846436 235
1780491913619 2.821383237838745 236
1780491919246 2.816967725753784 237
1780491924450 2.6053826808929443 238
1780491929499 0.00675617391243577 239
1780491934439 0.0067641097120940685 240
