1780491144363 5.636414527893066 1
1780491144739 5.239554405212402 2
1780491145106 4.897453308105469 3
1780491145462 4.845229625701904 4
1780491145824 4.608732223510742 5
1780491146215 4.510592460632324 6
1780491146615 4.439849853515625 7
1780491146956 4.37968635559082 8
1780491147334 4.3813605308532715 9
1780491147694 4.126161575317383 10
1780491148077 4.1012983322143555 11
1780491148481 4.021766662597656 12
1780491148869 4.014394283294678 13
1780491149296 3.977440357208252 14
1780491149677 3.9541993141174316 15
1780491150142 3.869598388671875 16
1780491150669 3.815680503845215 17
1780491151134 3.7527594566345215 18
1780491151711 3.725933074951172 19
1780491152290 3.6735239028930664 20
1780491152799 3.6463818550109863 21
1780491153265 3.6208271980285645 22
1780491153722 3.6075329780578613 23
1780491154237 3.5811767578125 24
1780491154722 3.5605225563049316 25
1780491155186 3.527958631515503 26
1780491155636 3.5196995735168457 27
1780491156077 3.4369611740112305 28
1780491156687 3.435936450958252 29
1780491157286 3.403047561645508 30
1780491157851 3.3622303009033203 31
1780491158550 3.349696159362793 32
1780491159201 3.3359436988830566 33
1780491159857 3.3207788467407227 34
1780491160567 3.2941670417785645 35
1780491161200 3.2601168155670166 36
1780491162016 3.2177071571350098 37
1780491162764 3.18666934967041 38
1780491163458 3.1947875022888184 39
1780491164133 3.1929805278778076 40
1780491165085 3.1575536727905273 41
1780491165863 3.143639087677002 42
1780491166641 3.136378288269043 43
1780491167409 3.1284890174865723 44
1780491168240 3.1005289554595947 45
1780491169083 3.0780463218688965 46
1780491169886 3.0485446453094482 47
1780491170753 3.0060877799987793 48
1780491171794 2.9958908557891846 49
1780491172707 2.978358268737793 50
1780491173555 2.9623982906341553 51
1780491174422 2.939701557159424 52
1780491175238 2.931251049041748 53
1780491176052 2.867750883102417 54
1780491176928 2.8586456775665283 55
1780491177809 2.8173208236694336 56
1780491178772 2.808185577392578 57
1780491179622 2.8043956756591797 58
1780491180550 2.783777952194214 59
1780491181300 2.770549774169922 60
1780491182370 2.7517549991607666 61
1780491183254 2.724916934967041 62
1780491184141 2.7049405574798584 63
1780491185160 2.688706398010254 64
1780491186150 2.6818315982818604 65
1780491187162 2.666348934173584 66
1780491188222 2.639035701751709 67
1780491189145 2.6278531551361084 68
1780491190045 2.5978457927703857 69
1780491191020 2.5949249267578125 70
1780491192130 2.5637335777282715 71
1780491193109 2.557314872741699 72
1780491194074 2.541192054748535 73
1780491195105 2.5116703510284424 74
1780491196097 2.4955148696899414 75
1780491197017 2.4796056747436523 76
1780491198057 2.4711318016052246 77
1780491199154 2.465207576751709 78
1780491200123 2.4413907527923584 79
1780491201322 2.424593925476074 80
1780491202736 2.412069797515869 81
1780491203886 2.395395278930664 82
1780491205083 2.392014503479004 83
1780491206072 2.3800253868103027 84
1780491207170 2.3755698204040527 85
1780491208300 2.3589234352111816 86
1780491209416 2.344823122024536 87
1780491210556 2.3338730335235596 88
1780491211736 2.331300735473633 89
1780491212994 2.3205149173736572 90
1780491214124 2.3008511066436768 91
1780491215150 2.285301685333252 92
1780491216267 2.277156352996826 93
1780491217408 2.264301300048828 94
1780491218598 2.256206512451172 95
1780491219788 2.235504627227783 96
1780491221091 2.2161002159118652 97
1780491222539 2.1891512870788574 98
1780491223809 2.1742630004882812 99
1780491225128 2.161619186401367 100
1780491226422 2.153618335723877 101
1780491227616 2.152538299560547 102
1780491228885 2.136932373046875 103
1780491230099 2.128201961517334 104
1780491231434 2.1183180809020996 105
1780491232914 2.085300922393799 106
1780491234202 2.0650758743286133 107
1780491235349 2.0617921352386475 108
1780491236626 2.049842357635498 109
1780491237837 2.0407395362854004 110
1780491239140 2.0225648880004883 111
1780491240485 1.9987001419067383 112
1780491241984 1.9900871515274048 113
1780491243369 1.9909923076629639 114
1780491245664 1.9710890054702759 115
1780491246941 1.9440195560455322 116
1780491248245 1.929719090461731 117
1780491249600 1.9195435047149658 118
1780491252074 1.9115533828735352 119
1780491256037 1.8943376541137695 120
1780491260208 1.8783760070800781 121
1780491264559 1.8690593242645264 122
1780491269228 1.8560960292816162 123
1780491273601 1.8477193117141724 124
1780491277927 1.842971920967102 125
1780491282582 1.8362550735473633 126
1780491287878 1.8176746368408203 127
1780491295221 1.8011585474014282 128
1780491302651 1.7972010374069214 129
1780491307080 1.7943291664123535 130
1780491312005 1.7781057357788086 131
1780491318469 1.7554211616516113 132
1780491323601 1.7408277988433838 133
1780491328176 1.7391040325164795 134
1780491332813 1.7301167249679565 135
1780491337290 1.718973994255066 136
1780491342588 1.6996643543243408 137
1780491347486 1.686727523803711 138
1780491354280 1.6824395656585693 139
1780491361712 1.6531356573104858 140
1780491366355 1.6295462846755981 141
1780491371206 1.6127206087112427 142
1780491375831 1.6029670238494873 143
1780491382095 1.5913786888122559 144
1780491388492 1.5702753067016602 145
1780491393041 1.552504301071167 146
1780491398606 1.5425955057144165 147
1780491405844 1.5191340446472168 148
1780491413324 1.5043747425079346 149
1780491420242 1.4922229051589966 150
1780491425369 1.4910759925842285 151
1780491430178 1.470003604888916 152
1780491434949 1.4456162452697754 153
1780491440709 1.4372069835662842 154
1780491446908 1.4184337854385376 155
1780491452684 1.399247407913208 156
1780491459468 1.3802509307861328 157
1780491466370 1.3046956062316895 158
1780491473318 1.2566092014312744 159
1780491480734 1.228739619255066 160
1780491485742 1.200758934020996 161
1780491492524 1.1778711080551147 162
1780491498332 1.1587328910827637 163
1780491505295 1.147437572479248 164
1780491511768 1.1209254264831543 165
1780491517024 1.0566083192825317 166
1780491523119 1.042120099067688 167
1780491529779 1.0326337814331055 168
1780491535412 1.0016158819198608 169
1780491540758 0.9951159954071045 170
1780491546209 0.9726083278656006 171
1780491551309 0.9243332147598267 172
1780491556574 0.9025962948799133 173
1780491561670 0.8794125318527222 174
1780491568609 0.8546525239944458 175
1780491576050 0.8395103216171265 176
1780491583520 0.8322670459747314 177
1780491589447 0.8231952786445618 178
1780491594612 0.8116781711578369 179
1780491599412 0.7538671493530273 180
1780491604054 0.7531270980834961 181
1780491609113 0.7287061810493469 182
1780491614183 0.6860964298248291 183
1780491618661 0.6563892364501953 184
1780491624389 0.645477294921875 185
1780491630292 0.6415455341339111 186
1780491636049 0.6320010423660278 187
1780491641372 0.6254188418388367 188
1780491646727 0.5846356749534607 189
1780491653196 0.5770658850669861 190
1780491659020 0.5560085773468018 191
1780491664216 0.54355788230896 192
1780491669736 0.5227100849151611 193
1780491675237 0.5134304761886597 194
1780491680933 0.4846698045730591 195
1780491687333 0.4687332212924957 196
1780491693785 0.4509718418121338 197
1780491701048 0.42654842138290405 198
1780491706945 0.40803050994873047 199
1780491712130 0.3898223042488098 200
1780491717933 0.3793177604675293 201
1780491723021 0.36685076355934143 202
1780491728311 0.3637535274028778 203
1780491734145 0.3505367040634155 204
1780491739096 0.33567067980766296 205
1780491743591 0.3217887580394745 206
1780491748122 0.30881834030151367 207
1780491752752 0.3006133437156677 208
1780491758983 0.2954987585544586 209
1780491763550 0.2844838500022888 210
1780491769328 0.26739299297332764 211
1780491774027 0.2532503008842468 212
1780491778892 0.239652618765831 213
1780491783909 0.22924603521823883 214
1780491787904 0.22258177399635315 215
1780491793799 0.21180927753448486 216
1780491799244 0.20630604028701782 217
1780491806969 0.19130206108093262 218
1780491814641 0.18074288964271545 219
1780491822040 0.1682816445827484 220
1780491827475 0.16064977645874023 221
1780491832776 0.1514325588941574 222
1780491839265 0.14306730031967163 223
1780491845009 0.13277414441108704 224
1780491850628 0.1265743374824524 225
1780491855693 0.10977955162525177 226
1780491861420 0.1020006537437439 227
1780491867672 0.09414660930633545 228
1780491874013 0.08468189090490341 229
1780491880160 0.0772174745798111 230
1780491885531 0.06688840687274933 231
1780491890968 0.05763617157936096 232
1780491897105 0.04888980835676193 233
1780491902278 0.03689483180642128 234
1780491907572 0.026193805038928986 235
1780491913628 0.016696881502866745 236
1780491919254 0.00534954434260726 237
1780491924474 0.0026708520017564297 238
1780491929515 0.0001590212486917153 239
1780491934460 0.00015878648264333606 240
