1780491144351 18.60287094116211 1
1780491144726 17.200227737426758 2
1780491145094 16.41362190246582 3
1780491145449 15.787975311279297 4
1780491145812 15.307202339172363 5
1780491146203 14.926770210266113 6
1780491146603 14.586901664733887 7
1780491146944 14.30403995513916 8
1780491147322 13.99020004272461 9
1780491147682 13.719626426696777 10
1780491148065 13.465720176696777 11
1780491148469 13.247237205505371 12
1780491148856 13.03376579284668 13
1780491149282 12.82013988494873 14
1780491149664 12.638065338134766 15
1780491150129 12.44540023803711 16
1780491150657 12.263285636901855 17
1780491151121 12.111598014831543 18
1780491151699 11.95083999633789 19
1780491152273 11.801301956176758 20
1780491152786 11.660029411315918 21
1780491153252 11.526363372802734 22
1780491153710 11.394495010375977 23
1780491154225 11.274035453796387 24
1780491154710 11.146098136901855 25
1780491155173 11.023633003234863 26
1780491155624 10.899518013000488 27
1780491156064 10.777338027954102 28
1780491156674 10.66689682006836 29
1780491157274 10.55093002319336 30
1780491157838 10.432496070861816 31
1780491158538 10.32696533203125 32
1780491159189 10.21890640258789 33
1780491159844 10.11385726928711 34
1780491160555 10.022963523864746 35
1780491161188 9.926664352416992 36
1780491162004 9.831585884094238 37
1780491162752 9.740778923034668 38
1780491163446 9.65080738067627 39
1780491164120 9.559395790100098 40
1780491165073 9.467022895812988 41
1780491165850 9.38234806060791 42
1780491166629 9.293212890625 43
1780491167397 9.214587211608887 44
1780491168228 9.132431983947754 45
1780491169071 9.052105903625488 46
1780491169874 8.96872329711914 47
1780491170740 8.891457557678223 48
1780491171782 8.809720993041992 49
1780491172694 8.731074333190918 50
1780491173543 8.654200553894043 51
1780491174410 8.579407691955566 52
1780491175226 8.508015632629395 53
1780491176040 8.43281364440918 54
1780491176915 8.36192512512207 55
1780491177796 8.29213809967041 56
1780491178759 8.225101470947266 57
1780491179609 8.159226417541504 58
1780491180537 8.093282699584961 59
1780491181287 8.031232833862305 60
1780491182358 7.965388298034668 61
1780491183242 7.901392936706543 62
1780491184128 7.83960485458374 63
1780491185146 7.775091171264648 64
1780491186138 7.711783409118652 65
1780491187149 7.6481451988220215 66
1780491188210 7.584118843078613 67
1780491189133 7.521501541137695 68
1780491190033 7.456539630889893 69
1780491191008 7.396650314331055 70
1780491192112 7.335138320922852 71
1780491193096 7.2778849601745605 72
1780491194062 7.220879077911377 73
1780491195092 7.161600589752197 74
1780491196085 7.104214668273926 75
1780491197005 7.04680061340332 76
1780491198044 6.992952346801758 77
1780491199142 6.938005447387695 78
1780491200110 6.882082939147949 79
1780491201309 6.824617385864258 80
1780491202724 6.769410133361816 81
1780491203874 6.71471643447876 82
1780491205070 6.659612655639648 83
1780491206059 6.605559825897217 84
1780491207157 6.548600673675537 85
1780491208287 6.49542760848999 86
1780491209404 6.4432373046875 87
1780491210543 6.392128944396973 88
1780491211723 6.341583251953125 89
1780491212982 6.290919780731201 90
1780491214111 6.240708827972412 91
1780491215137 6.193875789642334 92
1780491216255 6.1466522216796875 93
1780491217396 6.098084926605225 94
1780491218585 6.048420429229736 95
1780491219776 6.001241207122803 96
1780491221079 5.952741622924805 97
1780491222527 5.904289245605469 98
1780491223797 5.856761455535889 99
1780491225114 5.81178617477417 100
1780491226409 5.766273021697998 101
1780491227604 5.721292018890381 102
1780491228867 5.676397323608398 103
1780491230087 5.6298017501831055 104
1780491231422 5.585550308227539 105
1780491232901 5.539751052856445 106
1780491234190 5.495926856994629 107
1780491235337 5.450174808502197 108
1780491236614 5.406086444854736 109
1780491237825 5.3603291511535645 110
1780491239128 5.317487716674805 111
1780491240473 5.274320125579834 112
1780491241971 5.229278087615967 113
1780491243357 5.184945583343506 114
1780491245651 5.142066478729248 115
1780491246929 5.099935054779053 116
1780491248233 5.055169582366943 117
1780491249587 5.01253080368042 118
1780491252062 4.96862268447876 119
1780491256018 4.924673557281494 120
1780491260187 4.882481098175049 121
1780491264538 4.840072154998779 122
1780491269204 4.79524040222168 123
1780491273578 4.75180196762085 124
1780491277906 4.710890293121338 125
1780491282554 4.669034957885742 126
1780491287854 4.628666400909424 127
1780491295193 4.588601589202881 128
1780491302623 4.54627799987793 129
1780491307050 4.506554126739502 130
1780491311993 4.4682135581970215 131
1780491318417 4.428586959838867 132
1780491323581 4.388224124908447 133
1780491328154 4.349046230316162 134
1780491332783 4.309386253356934 135
1780491337272 4.2674665451049805 136
1780491342568 4.22833776473999 137
1780491347461 4.186962127685547 138
1780491354253 4.145613670349121 139
1780491361682 4.105917930603027 140
1780491366335 4.062873840332031 141
1780491371183 4.023698806762695 142
1780491375811 3.984391212463379 143
1780491382082 3.9435410499572754 144
1780491388466 3.9048187732696533 145
1780491393020 3.863543748855591 146
1780491398578 3.8223185539245605 147
1780491405816 3.7833175659179688 148
1780491413312 3.7450907230377197 149
1780491420230 3.707076072692871 150
1780491425357 3.6688947677612305 151
1780491430148 3.6288528442382812 152
1780491434928 3.588665246963501 153
1780491440673 3.5499703884124756 154
1780491446861 3.5134806632995605 155
1780491452653 3.4754271507263184 156
1780491459443 3.4375391006469727 157
1780491466351 3.3983688354492188 158
1780491473293 3.3600454330444336 159
1780491480705 3.321052074432373 160
1780491485714 3.283649206161499 161
1780491492496 3.24416184425354 162
1780491498305 3.2046010494232178 163
1780491505266 3.1666300296783447 164
1780491511755 3.1279282569885254 165
1780491516993 3.0876433849334717 166
1780491523094 3.0506529808044434 167
1780491529750 3.0102362632751465 168
1780491535386 2.9725987911224365 169
1780491540737 2.9324426651000977 170
1780491546197 2.8943893909454346 171
1780491551289 2.854008913040161 172
1780491556552 2.816370725631714 173
1780491561643 2.779435634613037 174
1780491568582 2.7426228523254395 175
1780491576027 2.7037720680236816 176
1780491583489 2.6646549701690674 177
1780491589431 2.6257243156433105 178
1780491594593 2.588379383087158 179
1780491599400 2.5500738620758057 180
1780491604036 2.5106475353240967 181
1780491609092 2.471771240234375 182
1780491614165 2.432663917541504 183
1780491618649 2.3906500339508057 184
1780491624369 2.352471113204956 185
1780491630257 2.3143041133880615 186
1780491636021 2.2725956439971924 187
1780491641345 2.2348580360412598 188
1780491646715 2.194207191467285 189
1780491653169 2.1552836894989014 190
1780491658985 2.1162195205688477 191
1780491664196 2.0771372318267822 192
1780491669724 2.035080671310425 193
1780491675209 1.9963834285736084 194
1780491680914 1.9564824104309082 195
1780491687306 1.914493203163147 196
1780491693758 1.8728135824203491 197
1780491701020 1.8316457271575928 198
1780491706921 1.7914502620697021 199
1780491712118 1.747398853302002 200
1780491717913 1.7113956212997437 201
1780491723001 1.6737157106399536 202
1780491728299 1.6362566947937012 203
1780491734124 1.5992146730422974 204
1780491739067 1.5607775449752808 205
1780491743579 1.5190106630325317 206
1780491748097 1.480753779411316 207
1780491752740 1.4373544454574585 208
1780491758971 1.39790678024292 209
1780491763526 1.3541927337646484 210
1780491769299 1.3170710802078247 211
1780491773998 1.279388666152954 212
1780491778861 1.2366856336593628 213
1780491783881 1.1959760189056396 214
1780491787891 1.1523081064224243 215
1780491793787 1.1108061075210571 216
1780491799217 1.0698498487472534 217
1780491806942 1.0225424766540527 218
1780491814614 0.975023090839386 219
1780491822008 0.9291912317276001 220
1780491827455 0.8866900205612183 221
1780491832749 0.842660665512085 222
1780491839237 0.8002357482910156 223
1780491844988 0.7587611675262451 224
1780491850616 0.7086049318313599 225
1780491855680 0.6569163203239441 226
1780491861408 0.6128940582275391 227
1780491867659 0.5674456357955933 228
1780491873977 0.5230045914649963 229
1780491880138 0.4700693190097809 230
1780491885506 0.4251604378223419 231
1780491890955 0.37083131074905396 232
1780491897092 0.31986746191978455 233
1780491902258 0.26594245433807373 234
1780491907546 0.22223715484142303 235
1780491913615 0.16221390664577484 236
1780491919230 0.08172272890806198 237
1780491924440 0.045230913907289505 238
1780491929495 0.0008008510922081769 239
1780491934435 0.0007991938036866486 240
