1780491144358 6.9684295654296875 1
1780491144733 6.135496139526367 2
1780491145101 5.8248796463012695 3
1780491145456 5.446605205535889 4
1780491145818 5.235595703125 5
1780491146210 5.093815326690674 6
1780491146610 4.941699028015137 7
1780491146951 4.848302364349365 8
1780491147329 4.744918346405029 9
1780491147689 4.5735602378845215 10
1780491148072 4.488980293273926 11
1780491148476 4.424048900604248 12
1780491148863 4.354457378387451 13
1780491149289 4.287392616271973 14
1780491149671 4.195923328399658 15
1780491150136 4.130067348480225 16
1780491150663 4.046328544616699 17
1780491151128 3.997758388519287 18
1780491151706 3.9448764324188232 19
1780491152284 3.8908865451812744 20
1780491152793 3.846993923187256 21
1780491153259 3.8082616329193115 22
1780491153717 3.7657358646392822 23
1780491154232 3.71766996383667 24
1780491154717 3.678480625152588 25
1780491155180 3.6413943767547607 26
1780491155631 3.598191976547241 27
1780491156071 3.5542476177215576 28
1780491156681 3.518246650695801 29
1780491157280 3.4828007221221924 30
1780491157845 3.4387848377227783 31
1780491158545 3.4098470211029053 32
1780491159196 3.37013578414917 33
1780491159851 3.337017774581909 34
1780491160562 3.309504747390747 35
1780491161195 3.282790184020996 36
1780491162011 3.250802516937256 37
1780491162759 3.2252109050750732 38
1780491163453 3.1981279850006104 39
1780491164127 3.1722123622894287 40
1780491165079 3.1432294845581055 41
1780491165857 3.1201019287109375 42
1780491166636 3.094651222229004 43
1780491167404 3.070643424987793 44
1780491168235 3.03894305229187 45
1780491169077 3.01159405708313 46
1780491169881 2.984722852706909 47
1780491170747 2.9625935554504395 48
1780491171788 2.939089298248291 49
1780491172701 2.9092047214508057 50
1780491173550 2.8872313499450684 51
1780491174417 2.8614721298217773 52
1780491175232 2.8410284519195557 53
1780491176047 2.814391613006592 54
1780491176922 2.7909536361694336 55
1780491177803 2.7684390544891357 56
1780491178766 2.7466909885406494 57
1780491179616 2.726867437362671 58
1780491180544 2.706465721130371 59
1780491181294 2.68404483795166 60
1780491182365 2.662553310394287 61
1780491183249 2.643868923187256 62
1780491184135 2.6231698989868164 63
1780491185152 2.600499391555786 64
1780491186145 2.5806095600128174 65
1780491187156 2.5548603534698486 66
1780491188216 2.5338172912597656 67
1780491189139 2.514838218688965 68
1780491190040 2.4925930500030518 69
1780491191014 2.473076343536377 70
1780491192118 2.4498610496520996 71
1780491193104 2.432182788848877 72
1780491194069 2.4129879474639893 73
1780491195099 2.393122673034668 74
1780491196092 2.376275062561035 75
1780491197012 2.3520405292510986 76
1780491198051 2.336073398590088 77
1780491199149 2.317847490310669 78
1780491200117 2.300992250442505 79
1780491201316 2.2809600830078125 80
1780491202731 2.2629811763763428 81
1780491203880 2.245607852935791 82
1780491205077 2.22873592376709 83
1780491206066 2.2119626998901367 84
1780491207164 2.1933858394622803 85
1780491208294 2.1758551597595215 86
1780491209411 2.1599619388580322 87
1780491210550 2.1447622776031494 88
1780491211730 2.1295080184936523 89
1780491212989 2.113966464996338 90
1780491214118 2.097846746444702 91
1780491215144 2.0842292308807373 92
1780491216261 2.0688865184783936 93
1780491217403 2.0528054237365723 94
1780491218592 2.037318468093872 95
1780491219783 2.0232393741607666 96
1780491221085 2.006854772567749 97
1780491222534 1.9905049800872803 98
1780491223804 1.9758813381195068 99
1780491225121 1.9627734422683716 100
1780491226416 1.9480934143066406 101
1780491227611 1.935401201248169 102
1780491228874 1.9203181266784668 103
1780491230094 1.9053748846054077 104
1780491231429 1.8912378549575806 105
1780491232909 1.87669038772583 106
1780491234197 1.8631558418273926 107
1780491235344 1.8485490083694458 108
1780491236621 1.8325737714767456 109
1780491237832 1.8183560371398926 110
1780491239135 1.8052537441253662 111
1780491240480 1.7851446866989136 112
1780491241978 1.771058440208435 113
1780491243363 1.757078766822815 114
1780491245658 1.7426114082336426 115
1780491246936 1.7284191846847534 116
1780491248240 1.7144907712936401 117
1780491249593 1.7008908987045288 118
1780491252069 1.686334252357483 119
1780491256032 1.6730929613113403 120
1780491260194 1.6587176322937012 121
1780491264553 1.6438127756118774 122
1780491269217 1.6291717290878296 123
1780491273596 1.6125750541687012 124
1780491277922 1.598839521408081 125
1780491282569 1.5853246450424194 126
1780491287860 1.5724546909332275 127
1780491295216 1.55966055393219 128
1780491302637 1.5445458889007568 129
1780491307065 1.5321859121322632 130
1780491312000 1.5190579891204834 131
1780491318433 1.50551176071167 132
1780491323596 1.4920238256454468 133
1780491328170 1.4781651496887207 134
1780491332801 1.4649937152862549 135
1780491337285 1.4505746364593506 136
1780491342575 1.4373308420181274 137
1780491347476 1.4228405952453613 138
1780491354259 1.4095879793167114 139
1780491361693 1.3968068361282349 140
1780491366350 1.3818317651748657 141
1780491371196 1.368861436843872 142
1780491375826 1.355689525604248 143
1780491382090 1.3420385122299194 144
1780491388486 1.3292807340621948 145
1780491393027 1.3140546083450317 146
1780491398601 1.3000737428665161 147
1780491405824 1.2867662906646729 148
1780491413318 1.2738715410232544 149
1780491420236 1.2612229585647583 150
1780491425364 1.2486523389816284 151
1780491430163 1.2341570854187012 152
1780491434944 1.220152497291565 153
1780491440691 1.2066110372543335 154
1780491446887 1.1946594715118408 155
1780491452679 1.1825823783874512 156
1780491459456 1.1689294576644897 157
1780491466358 1.1552164554595947 158
1780491473313 1.141457438468933 159
1780491480715 1.1276532411575317 160
1780491485729 1.115591049194336 161
1780491492502 1.1022064685821533 162
1780491498311 1.088269591331482 163
1780491505289 1.0750812292099 164
1780491511762 1.0613481998443604 165
1780491517008 1.0470715761184692 166
1780491523113 1.0351641178131104 167
1780491529773 1.0211678743362427 168
1780491535401 1.0076086521148682 169
1780491540753 0.9935508966445923 170
1780491546204 0.9805845618247986 171
1780491551304 0.9657320380210876 172
1780491556564 0.9525579810142517 173
1780491561656 0.9393619298934937 174
1780491568604 0.9272701740264893 175
1780491576033 0.9138316512107849 176
1780491583495 0.8994434475898743 177
1780491589439 0.8869828581809998 178
1780491594599 0.8746867775917053 179
1780491599407 0.8608291745185852 180
1780491604043 0.848657488822937 181
1780491609108 0.8348891139030457 182
1780491614177 0.8210744261741638 183
1780491618655 0.8061596155166626 184
1780491624384 0.7938409447669983 185
1780491630271 0.7816674709320068 186
1780491636035 0.7667855620384216 187
1780491641351 0.7521807551383972 188
1780491646722 0.7361781001091003 189
1780491653191 0.7229450345039368 190
1780491659008 0.7081212401390076 191
1780491664202 0.694384753704071 192
1780491669731 0.6789885759353638 193
1780491675232 0.6651785969734192 194
1780491680928 0.6501285433769226 195
1780491687328 0.6344043612480164 196
1780491693765 0.6189606785774231 197
1780491701042 0.6038252711296082 198
1780491706940 0.5900072455406189 199
1780491712125 0.5744203925132751 200
1780491717928 0.5633264780044556 201
1780491723016 0.5506112575531006 202
1780491728305 0.5387408137321472 203
1780491734131 0.5268022418022156 204
1780491739082 0.5140818357467651 205
1780491743586 0.4998626410961151 206
1780491748114 0.4871515929698944 207
1780491752747 0.47300103306770325 208
1780491758978 0.45997750759124756 209
1780491763541 0.4461781680583954 210
1780491769314 0.4345504343509674 211
1780491774013 0.4221624732017517 212
1780491778867 0.40461933612823486 213
1780491783904 0.3912210762500763 214
1780491787898 0.37609317898750305 215
1780491793794 0.3621526062488556 216
1780491799239 0.34879830479621887 217
1780491806964 0.3326391577720642 218
1780491814621 0.31593942642211914 219
1780491822020 0.30003732442855835 220
1780491827469 0.28557339310646057 221
1780491832771 0.27104076743125916 222
1780491839260 0.2562306225299835 223
1780491845004 0.24236755073070526 224
1780491850623 0.22521136701107025 225
1780491855687 0.20651941001415253 226
1780491861415 0.1907903403043747 227
1780491867666 0.17555387318134308 228
1780491873991 0.16016893088817596 229
1780491880152 0.14158032834529877 230
1780491885513 0.12759517133235931 231
1780491890962 0.11034843325614929 232
1780491897099 0.09362927824258804 233
1780491902265 0.07531604170799255 234
1780491907560 0.06210655719041824 235
1780491913622 0.043489113450050354 236
1780491919249 0.014891489408910275 237
1780491924453 0.007941093295812607 238
1780491929502 0.00024576709256507456 239
1780491934442 0.0002455611538607627 240
