1781456540210 226.2779998779297 1
1781456543447 209.40948486328125 2
1781456546742 200.27609252929688 3
1781456550049 182.947998046875 4
1781456553453 175.8521728515625 5
1781456556643 173.20132446289062 6
1781456559846 165.70166015625 7
1781456563093 159.83860778808594 8
1781456566538 151.2867431640625 9
1781456569946 148.2474365234375 10
1781456573490 147.66957092285156 11
1781456576590 145.0628662109375 12
1781456580110 141.76058959960938 13
1781456583873 140.4204559326172 14
1781456587192 130.5747528076172 15
1781456590406 130.29000854492188 16
1781456593234 128.79541015625 17
1781456596296 124.08429718017578 18
1781456599466 123.05001068115234 19
1781456602516 119.42146301269531 20
1781456605562 115.8162841796875 21
1781456608568 112.2157974243164 22
1781456611593 109.5048599243164 23
1781456614844 108.11518096923828 24
1781456617989 106.59196472167969 25
1781456621607 104.78836059570312 26
1781456625078 103.35549926757812 27
1781456628234 102.16688537597656 28
1781456631393 100.43121337890625 29
1781456634314 98.4910888671875 30
1781456637440 97.77130889892578 31
1781456640930 94.0814208984375 32
1781456644718 92.5673828125 33
1781456647941 91.80790710449219 34
1781456651351 91.32635498046875 35
1781456655049 89.81559753417969 36
1781456658266 88.80198669433594 37
1781456661482 87.39276123046875 38
1781456665545 86.20165252685547 39
1781456668898 85.00871276855469 40
1781456671975 82.7918701171875 41
1781456675250 81.97299194335938 42
1781456678365 80.26492309570312 43
1781456681476 79.0900650024414 44
1781456684670 78.2068862915039 45
1781456687842 77.04019165039062 46
1781456690902 75.80107116699219 47
1781456694163 74.6826400756836 48
1781456697593 73.89175415039062 49
1781456700833 72.1178970336914 50
1781456704345 70.99689483642578 51
1781456707432 70.87882995605469 52
1781456710716 69.4325942993164 53
1781456713825 68.15779113769531 54
1781456717058 66.95204162597656 55
1781456720223 66.24687194824219 56
1781456723453 65.49839782714844 57
1781456727036 65.00248718261719 58
1781456730322 63.642906188964844 59
1781456733621 62.560401916503906 60
1781456737113 62.07915496826172 61
1781456740135 61.88665008544922 62
1781456743988 61.384300231933594 63
1781456747227 60.24443817138672 64
1781456750325 59.30454635620117 65
1781456753543 58.05535125732422 66
1781456756800 56.984039306640625 67
1781456760009 55.947975158691406 68
1781456763241 55.438232421875 69
1781456766529 54.65745162963867 70
1781456769605 54.14649200439453 71
1781456772929 52.59919738769531 72
1781456776165 51.70680236816406 73
1781456779412 50.86528015136719 74
1781456782505 50.43892288208008 75
1781456785716 50.05437469482422 76
1781456788855 48.931556701660156 77
1781456792090 48.655967712402344 78
1781456795238 48.18370056152344 79
1781456798449 47.77001953125 80
1781456801669 47.19425964355469 81
1781456805077 46.42668151855469 82
1781456808471 45.81330108642578 83
1781456811942 44.90515899658203 84
1781456815276 44.31793212890625 85
1781456818389 43.51396179199219 86
1781456821641 42.924346923828125 87
1781456824873 42.16606140136719 88
1781456828325 41.75108337402344 89
1781456831625 40.54808807373047 90
1781456834865 40.23162078857422 91
1781456838506 39.36988830566406 92
1781456841960 38.37236404418945 93
1781456845145 37.5889778137207 94
1781456848382 37.460899353027344 95
1781456851813 36.28459167480469 96
1781456855057 35.953636169433594 97
1781456858375 34.87847900390625 98
1781456861550 34.753387451171875 99
1781456865093 33.45215606689453 100
1781456868457 32.38129425048828 101
1781456871574 32.19215393066406 102
1781456874949 32.0655517578125 103
1781456878218 31.39076042175293 104
1781456881572 30.41527557373047 105
1781456884781 29.935516357421875 106
1781456888472 29.527969360351562 107
1781456891674 29.184986114501953 108
1781456895653 28.555858612060547 109
1781456898954 28.22989273071289 110
1781456902198 26.887554168701172 111
1781456905337 26.537572860717773 112
1781456908690 26.116214752197266 113
1781456912426 25.80219078063965 114
1781456915865 25.702850341796875 115
1781456919074 25.415761947631836 116
1781456922273 25.053346633911133 117
1781456925526 24.00014877319336 118
1781456928769 23.683761596679688 119
1781456932002 23.094682693481445 120
1781456935233 22.32618522644043 121
1781456938398 21.483203887939453 122
1781456941554 20.07925033569336 123
1781456944845 19.54007339477539 124
1781456948061 18.988515853881836 125
1781456951237 18.43582534790039 126
1781456954406 17.549854278564453 127
1781456957593 17.04916763305664 128
1781456960765 16.730201721191406 129
1781456964013 16.275222778320312 130
1781456967317 15.663140296936035 131
1781456970544 15.307275772094727 132
1781456973861 13.668949127197266 133
1781456977062 13.563420295715332 134
1781456980313 12.36294174194336 135
1781456983601 11.783477783203125 136
1781456986830 11.612815856933594 137
1781456989985 11.279062271118164 138
1781456993234 10.843820571899414 139
1781456996479 10.530303955078125 140
1781456999701 10.200496673583984 141
1781457003073 9.300050735473633 142
1781457006249 9.181127548217773 143
1781457009591 9.014370918273926 144
1781457012914 8.48748779296875 145
1781457016362 8.46652603149414 146
1781457019489 7.698738098144531 147
1781457023113 7.465677738189697 148
1781457026405 6.412616729736328 149
1781457029837 6.339944839477539 150
1781457033281 6.26237678527832 151
1781457036641 5.409152030944824 152
1781457040362 5.154370307922363 153
1781457044112 5.005775451660156 154
1781457047641 4.555632591247559 155
1781457051060 4.1007280349731445 156
1781457054565 3.805140972137451 157
1781457057764 3.6999807357788086 158
1781457060974 3.6760873794555664 159
1781457064692 3.243624210357666 160
1781457067974 3.1610264778137207 161
1781457071194 2.755894184112549 162
1781457074453 2.543388843536377 163
1781457077754 2.2538833618164062 164
1781457080997 2.1355133056640625 165
1781457084668 2.0978875160217285 166
1781457087913 1.9737253189086914 167
1781457091057 1.8503998517990112 168
1781457094442 1.6147243976593018 169
1781457098069 1.4046884775161743 170
1781457101414 1.2747278213500977 171
1781457104900 1.2358248233795166 172
1781457108062 1.074336290359497 173
1781457111318 1.0177438259124756 174
1781457114565 0.9349819421768188 175
1781457117781 0.7777881026268005 176
1781457121301 0.685847818851471 177
1781457124962 0.6422871351242065 178
1781457128154 0.5589630603790283 179
1781457131429 0.47758424282073975 180
1781457134720 0.437171995639801 181
1781457138209 0.37363529205322266 182
1781457141553 0.33439508080482483 183
1781457144797 0.3011801242828369 184
1781457148345 0.2419361025094986 185
1781457151808 0.19627046585083008 186
1781457155481 0.16366499662399292 187
1781457158677 0.13735352456569672 188
1781457162449 0.10060986131429672 189
1781457165738 0.079854816198349 190
1781457169252 0.06571587920188904 191
1781457173122 0.050216466188430786 192
1781457176293 0.030985726043581963 193
1781457179498 0.020990869030356407 194
1781457182785 0.010336712002754211 195
1781457185998 0.003799982136115432 196
1781457189206 0.0007316921837627888 197
1781457192646 0.00025582918897271156 198
1781457196094 3.87074919672159e-07 199
1781457199230 3.803107802013983e-07 200
