1781456540216 15.0425386428833 1
1781456543453 14.47096061706543 2
1781456546749 14.151887893676758 3
1781456550056 13.525825500488281 4
1781456553460 13.260799407958984 5
1781456556649 13.160582542419434 6
1781456559854 12.872513771057129 7
1781456563101 12.642718315124512 8
1781456566545 12.29986572265625 9
1781456569953 12.175678253173828 10
1781456573497 12.151937484741211 11
1781456576596 12.044196128845215 12
1781456580117 11.906314849853516 13
1781456583880 11.8499116897583 14
1781456587197 11.426928520202637 15
1781456590413 11.414459228515625 16
1781456593241 11.348766326904297 17
1781456596303 11.139266014099121 18
1781456599473 11.092787742614746 19
1781456602523 10.928010940551758 20
1781456605569 10.761674880981445 21
1781456608575 10.59306526184082 22
1781456611600 10.464456558227539 23
1781456614850 10.397714614868164 24
1781456618002 10.324332237243652 25
1781456621612 10.236597061157227 26
1781456625085 10.166387557983398 27
1781456628241 10.107690811157227 28
1781456631400 10.02148723602295 29
1781456634321 9.924249649047852 30
1781456637445 9.88792610168457 31
1781456640937 9.699557304382324 32
1781456644725 9.621163368225098 33
1781456647949 9.581642150878906 34
1781456651358 9.5564603805542 35
1781456655056 9.477108001708984 36
1781456658273 9.423480987548828 37
1781456661489 9.348406791687012 38
1781456665552 9.284483909606934 39
1781456668905 9.220014572143555 40
1781456671982 9.099002838134766 41
1781456675257 9.05389404296875 42
1781456678371 8.959065437316895 43
1781456681483 8.893251419067383 44
1781456684677 8.843465805053711 45
1781456687849 8.77724838256836 46
1781456690909 8.706369400024414 47
1781456694169 8.641910552978516 48
1781456697600 8.596031188964844 49
1781456700840 8.492225646972656 50
1781456704352 8.425959587097168 51
1781456707439 8.418954849243164 52
1781456710722 8.332595825195312 53
1781456713832 8.255769729614258 54
1781456717064 8.182422637939453 55
1781456720228 8.139217376708984 56
1781456723459 8.093107223510742 57
1781456727042 8.062410354614258 58
1781456730328 7.9776506423950195 59
1781456733627 7.909490585327148 60
1781456737119 7.879029750823975 61
1781456740141 7.866805076599121 62
1781456743994 7.83478307723999 63
1781456747233 7.761579513549805 64
1781456750332 7.700935363769531 65
1781456753549 7.619394302368164 66
1781456756814 7.5487775802612305 67
1781456760015 7.479837417602539 68
1781456763247 7.445681571960449 69
1781456766536 7.393059730529785 70
1781456769612 7.358428955078125 71
1781456772935 7.252530097961426 72
1781456776172 7.190736770629883 73
1781456779418 7.1319899559021 74
1781456782511 7.102035999298096 75
1781456785722 7.074908256530762 76
1781456788862 6.995109558105469 77
1781456792097 6.9753828048706055 78
1781456795244 6.941447734832764 79
1781456798455 6.911580562591553 80
1781456801675 6.869808197021484 81
1781456805083 6.813712120056152 82
1781456808477 6.768544673919678 83
1781456811948 6.7011260986328125 84
1781456815282 6.657154083251953 85
1781456818396 6.596498489379883 86
1781456821649 6.551666259765625 87
1781456824879 6.493536949157715 88
1781456828331 6.461472511291504 89
1781456831631 6.367730140686035 90
1781456834871 6.342835903167725 91
1781456838512 6.274540901184082 92
1781456841966 6.194493293762207 93
1781456845151 6.1309814453125 94
1781456848388 6.120530128479004 95
1781456851819 6.023634433746338 96
1781456855063 5.996135234832764 97
1781456858383 5.905800819396973 98
1781456861571 5.895195007324219 99
1781456865099 5.783352375030518 100
1781456868463 5.690431594848633 101
1781456871580 5.673810958862305 102
1781456874954 5.66264533996582 103
1781456878224 5.602745056152344 104
1781456881578 5.515000343322754 105
1781456884787 5.471283435821533 106
1781456888478 5.433953285217285 107
1781456891680 5.4023118019104 108
1781456895659 5.343768119812012 109
1781456898959 5.313176155090332 110
1781456902204 5.185319900512695 111
1781456905343 5.151337146759033 112
1781456908695 5.110393524169922 113
1781456912432 5.079585075378418 114
1781456915871 5.069797515869141 115
1781456919080 5.041335582733154 116
1781456922279 5.005326747894287 117
1781456925532 4.898992538452148 118
1781456928775 4.86659574508667 119
1781456932008 4.805689811706543 120
1781456935240 4.725058555603027 121
1781456938404 4.6344895362854 122
1781456941560 4.480362415313721 123
1781456944852 4.4203901290893555 124
1781456948068 4.357442855834961 125
1781456951244 4.293598175048828 126
1781456954412 4.189182281494141 127
1781456957599 4.129056930541992 128
1781456960772 4.090156078338623 129
1781456964020 4.034125328063965 130
1781456967322 3.957667350769043 131
1781456970550 3.912385940551758 132
1781456973867 3.6971442699432373 133
1781456977068 3.682785749435425 134
1781456980319 3.515838146209717 135
1781456983608 3.432706594467163 136
1781456986836 3.4077470302581787 137
1781456989991 3.3584179878234863 138
1781456993240 3.2929940223693848 139
1781456996485 3.2450034618377686 140
1781456999707 3.193821668624878 141
1781457003080 3.0495707988739014 142
1781457006255 3.030036687850952 143
1781457009597 3.002383232116699 144
1781457012920 2.9133262634277344 145
1781457016368 2.9097278118133545 146
1781457019495 2.7733211517333984 147
1781457023119 2.729767322540283 148
1781457026411 2.531221866607666 149
1781457029844 2.5166144371032715 150
1781457033287 2.5010783672332764 151
1781457036647 2.3257410526275635 152
1781457040368 2.2703099250793457 153
1781457044117 2.2372398376464844 154
1781457047647 2.1343812942504883 155
1781457051065 2.0250210762023926 156
1781457054571 1.950676441192627 157
1781457057770 1.9235327243804932 158
1781457060980 1.9173095226287842 159
1781457064697 1.8008244037628174 160
1781457067980 1.777247428894043 161
1781457071200 1.6600204706192017 162
1781457074459 1.594262719154358 163
1781457077760 1.5012507438659668 164
1781457081004 1.4613313674926758 165
1781457084677 1.4483877420425415 166
1781457087920 1.404893159866333 167
1781457091063 1.360288143157959 168
1781457094448 1.270629644393921 169
1781457098075 1.1851717233657837 170
1781457101420 1.129032850265503 171
1781457104905 1.1116710901260376 172
1781457108068 1.0364124774932861 173
1781457111324 1.0088310241699219 174
1781457114571 0.9669445753097534 175
1781457117787 0.8819054365158081 176
1781457121308 0.8281382322311401 177
1781457124968 0.8014277219772339 178
1781457128160 0.7476377487182617 179
1781457131435 0.6910697221755981 180
1781457134725 0.6611886024475098 181
1781457138215 0.6112464666366577 182
1781457141559 0.5782662630081177 183
1781457144803 0.548798143863678 184
1781457148351 0.4918011724948883 185
1781457151814 0.443023681640625 186
1781457155487 0.4045383334159851 187
1781457158684 0.37061214447021484 188
1781457162455 0.3171619772911072 189
1781457165744 0.2825827896595001 190
1781457169258 0.2563510537147522 191
1781457173128 0.22406762838363647 192
1781457176299 0.17602746188640594 193
1781457179504 0.144879549741745 194
1781457182790 0.10166821628808975 195
1781457186004 0.061643291264772415 196
1781457189212 0.027049656957387924 197
1781457192666 0.015994541347026825 198
1781457196100 0.0006220999639481306 199
1781457199236 0.0006166745442897081 200
