1781456540212 17.80826759338379 1
1781456543449 16.491004943847656 2
1781456546743 15.965126991271973 3
1781456550051 15.35467529296875 4
1781456553454 14.885283470153809 5
1781456556644 14.495258331298828 6
1781456559848 14.10413932800293 7
1781456563095 13.802532196044922 8
1781456566539 13.480359077453613 9
1781456569947 13.211159706115723 10
1781456573491 12.977343559265137 11
1781456576591 12.740073204040527 12
1781456580112 12.533795356750488 13
1781456583875 12.332372665405273 14
1781456587193 12.131102561950684 15
1781456590407 11.960750579833984 16
1781456593235 11.792245864868164 17
1781456596298 11.622593879699707 18
1781456599467 11.466635704040527 19
1781456602518 11.313337326049805 20
1781456605563 11.165857315063477 21
1781456608570 11.016980171203613 22
1781456611594 10.879308700561523 23
1781456614846 10.749713897705078 24
1781456617993 10.607091903686523 25
1781456621608 10.477605819702148 26
1781456625079 10.362897872924805 27
1781456628235 10.244117736816406 28
1781456631395 10.116742134094238 29
1781456634315 9.99969482421875 30
1781456637441 9.884294509887695 31
1781456640931 9.774674415588379 32
1781456644720 9.667728424072266 33
1781456647942 9.560602188110352 34
1781456651352 9.45833969116211 35
1781456655050 9.359953880310059 36
1781456658267 9.260639190673828 37
1781456661484 9.158699035644531 38
1781456665547 9.066693305969238 39
1781456668899 8.979231834411621 40
1781456671976 8.888877868652344 41
1781456675251 8.798558235168457 42
1781456678366 8.711869239807129 43
1781456681477 8.62761116027832 44
1781456684671 8.545243263244629 45
1781456687843 8.462319374084473 46
1781456690903 8.379942893981934 47
1781456694164 8.301562309265137 48
1781456697595 8.222247123718262 49
1781456700835 8.138744354248047 50
1781456704347 8.064345359802246 51
1781456707434 7.987149715423584 52
1781456710717 7.912678241729736 53
1781456713827 7.842401504516602 54
1781456717059 7.769845008850098 55
1781456720224 7.696683406829834 56
1781456723455 7.625389575958252 57
1781456727038 7.553606033325195 58
1781456730323 7.483854293823242 59
1781456733622 7.417863368988037 60
1781456737115 7.351400375366211 61
1781456740136 7.2876691818237305 62
1781456743990 7.217832565307617 63
1781456747228 7.1513991355896 64
1781456750327 7.088101387023926 65
1781456753544 7.020831108093262 66
1781456756809 6.955190658569336 67
1781456760011 6.891283988952637 68
1781456763243 6.830814838409424 69
1781456766531 6.768200874328613 70
1781456769607 6.707118511199951 71
1781456772931 6.645796298980713 72
1781456776167 6.583853721618652 73
1781456779413 6.522138595581055 74
1781456782506 6.460592269897461 75
1781456785717 6.3994293212890625 76
1781456788857 6.341248035430908 77
1781456792092 6.285142421722412 78
1781456795239 6.227992057800293 79
1781456798451 6.168046951293945 80
1781456801670 6.111021518707275 81
1781456805079 6.057161808013916 82
1781456808472 5.998124599456787 83
1781456811943 5.942124843597412 84
1781456815278 5.884743690490723 85
1781456818391 5.831342697143555 86
1781456821643 5.774913311004639 87
1781456824874 5.719240665435791 88
1781456828326 5.664236545562744 89
1781456831627 5.611090183258057 90
1781456834867 5.554988861083984 91
1781456838507 5.501416206359863 92
1781456841961 5.4453043937683105 93
1781456845146 5.391364097595215 94
1781456848383 5.338427543640137 95
1781456851814 5.28271484375 96
1781456855058 5.228663444519043 97
1781456858376 5.178555488586426 98
1781456861551 5.126104354858398 99
1781456865095 5.073431491851807 100
1781456868458 5.022173881530762 101
1781456871575 4.970296859741211 102
1781456874950 4.915766716003418 103
1781456878219 4.8625688552856445 104
1781456881574 4.812899112701416 105
1781456884782 4.760498523712158 106
1781456888473 4.712222576141357 107
1781456891675 4.661922454833984 108
1781456895654 4.615370273590088 109
1781456898955 4.565712928771973 110
1781456902199 4.518561840057373 111
1781456905338 4.470473766326904 112
1781456908691 4.420424938201904 113
1781456912427 4.372150897979736 114
1781456915866 4.327297210693359 115
1781456919075 4.279247283935547 116
1781456922274 4.2332282066345215 117
1781456925527 4.1831583976745605 118
1781456928770 4.135490894317627 119
1781456932003 4.087663650512695 120
1781456935235 4.039439678192139 121
1781456938399 3.990527391433716 122
1781456941555 3.9414758682250977 123
1781456944847 3.8945188522338867 124
1781456948063 3.8442978858947754 125
1781456951239 3.7967019081115723 126
1781456954407 3.750190019607544 127
1781456957594 3.7079317569732666 128
1781456960767 3.6617841720581055 129
1781456964015 3.6167218685150146 130
1781456967318 3.567101240158081 131
1781456970546 3.5216095447540283 132
1781456973863 3.4732282161712646 133
1781456977063 3.4267923831939697 134
1781456980315 3.380953311920166 135
1781456983603 3.335069179534912 136
1781456986831 3.2879602909088135 137
1781456989987 3.24191951751709 138
1781456993235 3.1961426734924316 139
1781456996480 3.149831533432007 140
1781456999702 3.102475881576538 141
1781457003075 3.057718515396118 142
1781457006250 3.0143918991088867 143
1781457009592 2.9652459621429443 144
1781457012915 2.9202263355255127 145
1781457016363 2.872222900390625 146
1781457019490 2.8241071701049805 147
1781457023115 2.7789456844329834 148
1781457026406 2.734154462814331 149
1781457029839 2.6875534057617188 150
1781457033282 2.6412432193756104 151
1781457036642 2.592104196548462 152
1781457040363 2.544088363647461 153
1781457044113 2.496309757232666 154
1781457047643 2.4486570358276367 155
1781457051061 2.398498773574829 156
1781457054567 2.3487792015075684 157
1781457057765 2.303286075592041 158
1781457060975 2.2572996616363525 159
1781457064693 2.2086305618286133 160
1781457067975 2.1644372940063477 161
1781457071195 2.1109752655029297 162
1781457074454 2.0612740516662598 163
1781457077755 2.0130670070648193 164
1781457080999 1.9684373140335083 165
1781457084669 1.921846866607666 166
1781457087915 1.8704382181167603 167
1781457091058 1.8221406936645508 168
1781457094443 1.765578031539917 169
1781457098070 1.7133036851882935 170
1781457101415 1.658419132232666 171
1781457104901 1.6133111715316772 172
1781457108063 1.5571393966674805 173
1781457111320 1.5084595680236816 174
1781457114566 1.4543709754943848 175
1781457117782 1.3974248170852661 176
1781457121302 1.3476253747940063 177
1781457124963 1.2926722764968872 178
1781457128155 1.2361080646514893 179
1781457131430 1.1761740446090698 180
1781457134721 1.1237351894378662 181
1781457138210 1.0704751014709473 182
1781457141554 1.0111563205718994 183
1781457144798 0.9458799958229065 184
1781457148346 0.8842893838882446 185
1781457151809 0.8142906427383423 186
1781457155483 0.7496909499168396 187
1781457158679 0.6883307099342346 188
1781457162450 0.6286942958831787 189
1781457165739 0.567899227142334 190
1781457169254 0.5110635757446289 191
1781457173123 0.44525986909866333 192
1781457176295 0.3859243094921112 193
1781457179499 0.3200003504753113 194
1781457182786 0.2555408775806427 195
1781457185999 0.18342067301273346 196
1781457189207 0.08967115730047226 197
1781457192647 0.051504507660865784 198
1781457196095 0.0011702883057296276 199
1781457199231 0.0011660261079668999 200
