1781456540217 6.543683052062988 1
1781456543454 5.903887748718262 2
1781456546750 5.775531768798828 3
1781456550058 5.536642551422119 4
1781456553461 5.158150672912598 5
1781456556650 4.95633602142334 6
1781456559855 4.827343940734863 7
1781456563102 4.65526008605957 8
1781456566546 4.551655292510986 9
1781456569954 4.454665660858154 10
1781456573498 4.370563983917236 11
1781456576598 4.300844192504883 12
1781456580119 4.229245185852051 13
1781456583882 4.145610332489014 14
1781456587198 4.043259143829346 15
1781456590414 3.9889976978302 16
1781456593242 3.9337661266326904 17
1781456596304 3.875351667404175 18
1781456599474 3.830364942550659 19
1781456602529 3.759481430053711 20
1781456605570 3.711618423461914 21
1781456608576 3.661564350128174 22
1781456611601 3.6233129501342773 23
1781456614851 3.572511911392212 24
1781456618013 3.5325751304626465 25
1781456621614 3.4850869178771973 26
1781456625086 3.449066162109375 27
1781456628242 3.412482500076294 28
1781456631401 3.371351957321167 29
1781456634323 3.3280959129333496 30
1781456637447 3.291785955429077 31
1781456640939 3.259359836578369 32
1781456644727 3.2225232124328613 33
1781456647950 3.1811938285827637 34
1781456651359 3.145803213119507 35
1781456655057 3.115750312805176 36
1781456658274 3.0837903022766113 37
1781456661491 3.046720266342163 38
1781456665554 3.017930030822754 39
1781456668906 2.9923095703125 40
1781456671983 2.9617950916290283 41
1781456675258 2.933907985687256 42
1781456678373 2.903909206390381 43
1781456681484 2.87811279296875 44
1781456684678 2.8500313758850098 45
1781456687850 2.8238942623138428 46
1781456690910 2.798178195953369 47
1781456694170 2.775085687637329 48
1781456697601 2.7475051879882812 49
1781456700841 2.722226142883301 50
1781456704353 2.7000129222869873 51
1781456707440 2.67410945892334 52
1781456710723 2.6498029232025146 53
1781456713833 2.629589319229126 54
1781456717065 2.606038808822632 55
1781456720229 2.5826451778411865 56
1781456723461 2.5610053539276123 57
1781456727044 2.536731004714966 58
1781456730329 2.5157546997070312 59
1781456733628 2.495230197906494 60
1781456737121 2.4707448482513428 61
1781456740142 2.4515559673309326 62
1781456743996 2.4289419651031494 63
1781456747234 2.405564308166504 64
1781456750333 2.3850622177124023 65
1781456753550 2.362605333328247 66
1781456756815 2.339385747909546 67
1781456760017 2.3153188228607178 68
1781456763249 2.295532464981079 69
1781456766537 2.275927782058716 70
1781456769613 2.2557101249694824 71
1781456772937 2.238032341003418 72
1781456776173 2.2163877487182617 73
1781456779419 2.195688247680664 74
1781456782512 2.175687074661255 75
1781456785724 2.155158758163452 76
1781456788863 2.1361441612243652 77
1781456792098 2.1160728931427 78
1781456795245 2.0983777046203613 79
1781456798457 2.07924222946167 80
1781456801676 2.0609378814697266 81
1781456805085 2.0457441806793213 82
1781456808478 2.02730655670166 83
1781456811949 2.00901198387146 84
1781456815284 1.9907901287078857 85
1781456818397 1.9758278131484985 86
1781456821651 1.9586215019226074 87
1781456824880 1.9408279657363892 88
1781456828332 1.9238048791885376 89
1781456831633 1.9056353569030762 90
1781456834873 1.8861682415008545 91
1781456838513 1.8679333925247192 92
1781456841967 1.848625898361206 93
1781456845152 1.8312804698944092 94
1781456848389 1.813219428062439 95
1781456851820 1.7938313484191895 96
1781456855064 1.7743638753890991 97
1781456858384 1.7556480169296265 98
1781456861572 1.737837314605713 99
1781456865101 1.7208075523376465 100
1781456868464 1.7035653591156006 101
1781456871581 1.687063455581665 102
1781456874955 1.6681909561157227 103
1781456878225 1.6505601406097412 104
1781456881579 1.6339895725250244 105
1781456884788 1.6154162883758545 106
1781456888479 1.5991841554641724 107
1781456891681 1.5823215246200562 108
1781456895660 1.5661941766738892 109
1781456898960 1.5504493713378906 110
1781456902205 1.5349458456039429 111
1781456905344 1.5194504261016846 112
1781456908696 1.502293586730957 113
1781456912433 1.4872761964797974 114
1781456915872 1.4730172157287598 115
1781456919081 1.4569472074508667 116
1781456922280 1.4401822090148926 117
1781456925533 1.4238746166229248 118
1781456928776 1.4069708585739136 119
1781456932010 1.3914194107055664 120
1781456935241 1.3739584684371948 121
1781456938405 1.3566383123397827 122
1781456941561 1.3394460678100586 123
1781456944853 1.3236937522888184 124
1781456948069 1.306581974029541 125
1781456951245 1.2908016443252563 126
1781456954414 1.276288628578186 127
1781456957600 1.2630704641342163 128
1781456960773 1.247725009918213 129
1781456964021 1.2314890623092651 130
1781456967323 1.2130043506622314 131
1781456970552 1.1979033946990967 132
1781456973869 1.1804066896438599 133
1781456977069 1.1652148962020874 134
1781456980321 1.1512507200241089 135
1781456983609 1.1360790729522705 136
1781456986837 1.119343638420105 137
1781456989993 1.1030024290084839 138
1781456993241 1.0882142782211304 139
1781456996486 1.072736144065857 140
1781456999708 1.0565094947814941 141
1781457003081 1.0411925315856934 142
1781457006256 1.0270278453826904 143
1781457009598 1.0099278688430786 144
1781457012921 0.9941468238830566 145
1781457016369 0.9765012860298157 146
1781457019496 0.9579629302024841 147
1781457023121 0.9429273009300232 148
1781457026412 0.9264261722564697 149
1781457029845 0.9100525379180908 150
1781457033288 0.8941061496734619 151
1781457036648 0.8765312433242798 152
1781457040369 0.8604980707168579 153
1781457044118 0.8428409099578857 154
1781457047649 0.8262620568275452 155
1781457051066 0.8074384331703186 156
1781457054573 0.7901536822319031 157
1781457057771 0.7751540541648865 158
1781457060981 0.7596800327301025 159
1781457064698 0.7433886528015137 160
1781457067981 0.7287957668304443 161
1781457071201 0.7093238830566406 162
1781457074460 0.6914379596710205 163
1781457077761 0.675271213054657 164
1781457081005 0.6608306765556335 165
1781457084678 0.645671010017395 166
1781457087921 0.628410816192627 167
1781457091064 0.6127216219902039 168
1781457094449 0.5901409387588501 169
1781457098076 0.5702632665634155 170
1781457101421 0.5484877824783325 171
1781457104906 0.5337598323822021 172
1781457108069 0.513293445110321 173
1781457111326 0.4973689019680023 174
1781457114572 0.4787435829639435 175
1781457117788 0.45944541692733765 176
1781457121310 0.44225913286209106 177
1781457124969 0.42401114106178284 178
1781457128162 0.4055253267288208 179
1781457131436 0.3859703838825226 180
1781457134726 0.3689475655555725 181
1781457138216 0.35132667422294617 182
1781457141560 0.3308762311935425 183
1781457144804 0.3056032955646515 184
1781457148352 0.2852668762207031 185
1781457151815 0.2613157033920288 186
1781457155489 0.23701301217079163 187
1781457158685 0.21485565602779388 188
1781457162456 0.1942306011915207 189
1781457165745 0.1747267097234726 190
1781457169259 0.1575809270143509 191
1781457173129 0.13660410046577454 192
1781457176300 0.11368784308433533 193
1781457179505 0.09253154695034027 194
1781457182791 0.07175224274396896 195
1781457186005 0.04796294867992401 196
1781457189213 0.01566467247903347 197
1781457192667 0.00892410334199667 198
1781457196101 0.00035219741403125226 199
1781457199237 0.00035199447302147746 200
