1781456540223 0.7395256757736206 1
1781456543476 0.7699734568595886 2
1781456546758 0.7823521494865417 3
1781456550065 0.7968829274177551 4
1781456553468 0.8053662180900574 5
1781456556656 0.8125674724578857 6
1781456559862 0.822130024433136 7
1781456563109 0.8273607492446899 8
1781456566553 0.8348881006240845 9
1781456569961 0.8397886157035828 10
1781456573505 0.8431094288825989 11
1781456576605 0.8484658002853394 12
1781456580130 0.8513168096542358 13
1781456583889 0.8546287417411804 14
1781456587212 0.8585107326507568 15
1781456590421 0.8615158200263977 16
1781456593249 0.8647390007972717 17
1781456596311 0.8672367334365845 18
1781456599481 0.8700262308120728 19
1781456602535 0.872471034526825 20
1781456605577 0.8748801946640015 21
1781456608583 0.8766635060310364 22
1781456611608 0.8791555762290955 23
1781456614858 0.8807076215744019 24
1781456618019 0.8825998902320862 25
1781456621620 0.8847912549972534 26
1781456625093 0.8865548968315125 27
1781456628249 0.8883213996887207 28
1781456631408 0.8898693919181824 29
1781456634330 0.8915020823478699 30
1781456637468 0.8929935693740845 31
1781456640946 0.8947623372077942 32
1781456644734 0.8962036967277527 33
1781456647958 0.8975920081138611 34
1781456651366 0.899025559425354 35
1781456655064 0.9007683396339417 36
1781456658281 0.9023380279541016 37
1781456661498 0.9035353064537048 38
1781456665561 0.904804527759552 39
1781456668913 0.9063143730163574 40
1781456671990 0.9077192544937134 41
1781456675265 0.9088404774665833 42
1781456678379 0.9101349115371704 43
1781456681491 0.9112088084220886 44
1781456684685 0.9124231934547424 45
1781456687857 0.9136093854904175 46
1781456690917 0.9146933555603027 47
1781456694176 0.9159992933273315 48
1781456697608 0.91712486743927 49
1781456700847 0.9181606769561768 50
1781456704359 0.9193705916404724 51
1781456707446 0.9203229546546936 52
1781456710728 0.9213449358940125 53
1781456713839 0.9223946928977966 54
1781456717071 0.9234588742256165 55
1781456720235 0.9244755506515503 56
1781456723467 0.9255740642547607 57
1781456727050 0.9265899658203125 58
1781456730335 0.9275732636451721 59
1781456733634 0.9284846782684326 60
1781456737127 0.9294233918190002 61
1781456740148 0.9303367137908936 62
1781456744001 0.9311277866363525 63
1781456747242 0.9321540594100952 64
1781456750339 0.9330266714096069 65
1781456753556 0.933847963809967 66
1781456756821 0.9347414374351501 67
1781456760023 0.9355223178863525 68
1781456763255 0.9363599419593811 69
1781456766543 0.93719482421875 70
1781456769619 0.9379861950874329 71
1781456772943 0.938791811466217 72
1781456776179 0.939578652381897 73
1781456779424 0.9403645396232605 74
1781456782518 0.9411765933036804 75
1781456785730 0.9419435262680054 76
1781456788869 0.9426977634429932 77
1781456792104 0.9433408975601196 78
1781456795251 0.944093644618988 79
1781456798463 0.9449753761291504 80
1781456801682 0.9456640481948853 81
1781456805091 0.9462866187095642 82
1781456808484 0.9470300078392029 83
1781456811955 0.9477136135101318 84
1781456815290 0.9484291672706604 85
1781456818403 0.9491530060768127 86
1781456821657 0.949871838092804 87
1781456824886 0.9505406022071838 88
1781456828338 0.951184868812561 89
1781456831639 0.9518049359321594 90
1781456834879 0.9523909091949463 91
1781456838519 0.9529897570610046 92
1781456841980 0.9535972476005554 93
1781456845158 0.9542059302330017 94
1781456848395 0.9548095464706421 95
1781456851826 0.9554014801979065 96
1781456855069 0.9559858441352844 97
1781456858399 0.9566228985786438 98
1781456861579 0.9571846127510071 99
1781456865107 0.9577662944793701 100
1781456868470 0.9583092331886292 101
1781456871587 0.9588375687599182 102
1781456874961 0.9593904614448547 103
1781456878231 0.9599209427833557 104
1781456881585 0.9604885578155518 105
1781456884794 0.961047887802124 106
1781456888484 0.9616549611091614 107
1781456891687 0.9621717929840088 108
1781456895681 0.9627180695533752 109
1781456898976 0.96319580078125 110
1781456902211 0.9637142419815063 111
1781456905350 0.9642211198806763 112
1781456908702 0.964714527130127 113
1781456912440 0.965240478515625 114
1781456915878 0.9657792448997498 115
1781456919087 0.9662796854972839 116
1781456922286 0.966766893863678 117
1781456925539 0.9672954082489014 118
1781456928782 0.9678328037261963 119
1781456932016 0.9683297872543335 120
1781456935247 0.9688202142715454 121
1781456938411 0.9692597389221191 122
1781456941567 0.9697462320327759 123
1781456944859 0.9702295064926147 124
1781456948075 0.9706791043281555 125
1781456951251 0.9711230993270874 126
1781456954420 0.9715650677680969 127
1781456957606 0.9720927476882935 128
1781456960779 0.9725652933120728 129
1781456964027 0.9730303287506104 130
1781456967329 0.9734544157981873 131
1781456970558 0.9738948345184326 132
1781456973875 0.9743158221244812 133
1781456977075 0.9747848510742188 134
1781456980327 0.9752376675605774 135
1781456983615 0.9756315350532532 136
1781456986843 0.9760802984237671 137
1781456989999 0.9765104055404663 138
1781456993247 0.9769464135169983 139
1781456996492 0.9773684740066528 140
1781456999714 0.9778205752372742 141
1781457003087 0.978242814540863 142
1781457006262 0.9786862134933472 143
1781457009604 0.9790850877761841 144
1781457012927 0.9794811010360718 145
1781457016376 0.9798659682273865 146
1781457019502 0.980267345905304 147
1781457023127 0.9807257652282715 148
1781457026418 0.9810993671417236 149
1781457029851 0.981486976146698 150
1781457033294 0.9818864464759827 151
1781457036656 0.9822809100151062 152
1781457040375 0.9826429486274719 153
1781457044124 0.9830129146575928 154
1781457047655 0.9834713935852051 155
1781457051088 0.9838820099830627 156
1781457054578 0.9842291474342346 157
1781457057776 0.9846124053001404 158
1781457060987 0.9850196242332458 159
1781457064720 0.985370934009552 160
1781457067987 0.9857032299041748 161
1781457071207 0.986061692237854 162
1781457074466 0.9864245653152466 163
1781457077767 0.9867987036705017 164
1781457081011 0.9872274994850159 165
1781457084684 0.9876365661621094 166
1781457087928 0.9879571795463562 167
1781457091070 0.9883882403373718 168
1781457094455 0.9887463450431824 169
1781457098082 0.9890900254249573 170
1781457101427 0.9894436597824097 171
1781457104912 0.9897831678390503 172
1781457108075 0.9901498556137085 173
1781457111332 0.9905831813812256 174
1781457114578 0.9909486174583435 175
1781457117794 0.9913089275360107 176
1781457121316 0.9917507767677307 177
1781457124975 0.992079496383667 178
1781457128168 0.9924627542495728 179
1781457131442 0.9928128719329834 180
1781457134748 0.9932153820991516 181
1781457138222 0.9935122728347778 182
1781457141566 0.993832528591156 183
1781457144810 0.9941818118095398 184
1781457148358 0.9945788383483887 185
1781457151821 0.9949371218681335 186
1781457155495 0.99530428647995 187
1781457158691 0.9957380890846252 188
1781457162462 0.9961368441581726 189
1781457165751 0.996608555316925 190
1781457169265 0.9970634579658508 191
1781457173135 0.9975787401199341 192
1781457176306 0.9977807402610779 193
1781457179511 0.998384952545166 194
1781457182797 0.998867392539978 195
1781457186011 0.9993290901184082 196
1781457189219 0.9997526407241821 197
1781457192673 0.9998313784599304 198
1781457196107 1.0 199
1781457199243 1.0 200
