1781456540228 0.7602318525314331 1
1781456543480 0.7862856388092041 2
1781456546763 0.7954148650169373 3
1781456550070 0.8103510737419128 4
1781456553474 0.8211243152618408 5
1781456556661 0.8313390016555786 6
1781456559868 0.8378031849861145 7
1781456563115 0.8392950296401978 8
1781456566559 0.8466757535934448 9
1781456569967 0.8515174388885498 10
1781456573511 0.8539798259735107 11
1781456576610 0.8577562570571899 12
1781456580135 0.8588852286338806 13
1781456583894 0.8626001477241516 14
1781456587217 0.8672103881835938 15
1781456590427 0.8721626400947571 16
1781456593255 0.8734506964683533 17
1781456596316 0.8757821321487427 18
1781456599487 0.8779994249343872 19
1781456602539 0.880077064037323 20
1781456605583 0.8824549913406372 21
1781456608588 0.8838862180709839 22
1781456611614 0.8857606649398804 23
1781456614863 0.8880832195281982 24
1781456618023 0.8891163468360901 25
1781456621625 0.8936001658439636 26
1781456625099 0.8947713375091553 27
1781456628255 0.8975474238395691 28
1781456631414 0.8981530070304871 29
1781456634335 0.8993730545043945 30
1781456637473 0.9000048637390137 31
1781456640952 0.9007679224014282 32
1781456644739 0.9023493528366089 33
1781456647963 0.9036586880683899 34
1781456651372 0.9056428670883179 35
1781456655070 0.9080471396446228 36
1781456658287 0.9086071252822876 37
1781456661503 0.9123268127441406 38
1781456665581 0.9132405519485474 39
1781456668919 0.913863480091095 40
1781456671996 0.9151523113250732 41
1781456675271 0.9158015847206116 42
1781456678385 0.9162786602973938 43
1781456681497 0.9164026975631714 44
1781456684691 0.9187464714050293 45
1781456687863 0.9197508096694946 46
1781456690923 0.9201340675354004 47
1781456694181 0.9217545986175537 48
1781456697614 0.9233126044273376 49
1781456700852 0.924200177192688 50
1781456704364 0.9245118498802185 51
1781456707451 0.9248204231262207 52
1781456710733 0.9254939556121826 53
1781456713845 0.9260090589523315 54
1781456717076 0.9265909194946289 55
1781456720248 0.9275786876678467 56
1781456723472 0.9283947944641113 57
1781456727066 0.9308592081069946 58
1781456730340 0.9320935010910034 59
1781456733639 0.9329195022583008 60
1781456737132 0.9334530830383301 61
1781456740153 0.9344973564147949 62
1781456744006 0.9353048801422119 63
1781456747246 0.9360473155975342 64
1781456750344 0.9374277591705322 65
1781456753561 0.9378331303596497 66
1781456756826 0.9382207989692688 67
1781456760027 0.9399584531784058 68
1781456763259 0.9406261444091797 69
1781456766548 0.9410401582717896 70
1781456769624 0.9428021907806396 71
1781456772948 0.9436901807785034 72
1781456776184 0.9443583488464355 73
1781456779429 0.944704532623291 74
1781456782523 0.9456527233123779 75
1781456785735 0.9467757940292358 76
1781456788874 0.9479280710220337 77
1781456792109 0.9487411379814148 78
1781456795256 0.9492052793502808 79
1781456798468 0.949915885925293 80
1781456801688 0.9502145051956177 81
1781456805095 0.9519903659820557 82
1781456808489 0.9521286487579346 83
1781456811960 0.9527236223220825 84
1781456815294 0.9530841112136841 85
1781456818408 0.9541800618171692 86
1781456821662 0.9554893970489502 87
1781456824891 0.9561951160430908 88
1781456828343 0.9569652676582336 89
1781456831644 0.9576752781867981 90
1781456834884 0.9584846496582031 91
1781456838524 0.9597029685974121 92
1781456841985 0.9602717161178589 93
1781456845163 0.9611207246780396 94
1781456848400 0.9612910747528076 95
1781456851831 0.961651086807251 96
1781456855074 0.9622438549995422 97
1781456858407 0.9630126953125 98
1781456861583 0.963166356086731 99
1781456865112 0.9641687870025635 100
1781456868475 0.9657982587814331 101
1781456871591 0.966016411781311 102
1781456874965 0.9666262865066528 103
1781456878236 0.9672156572341919 104
1781456881589 0.967998743057251 105
1781456884799 0.9688653945922852 106
1781456888489 0.9703134298324585 107
1781456891692 0.9704471826553345 108
1781456895686 0.9706860184669495 109
1781456898997 0.9711583852767944 110
1781456902216 0.9717649221420288 111
1781456905355 0.9734033942222595 112
1781456908707 0.9747990369796753 113
1781456912445 0.974837064743042 114
1781456915883 0.9751697778701782 115
1781456919092 0.9754770994186401 116
1781456922291 0.9756227731704712 117
1781456925544 0.9771095514297485 118
1781456928787 0.9772528409957886 119
1781456932020 0.9780195355415344 120
1781456935252 0.9793445467948914 121
1781456938416 0.9801480770111084 122
1781456941572 0.9805928468704224 123
1781456944864 0.98091721534729 124
1781456948080 0.981035590171814 125
1781456951256 0.9818528294563293 126
1781456954424 0.9819639325141907 127
1781456957611 0.9822061061859131 128
1781456960784 0.9822893142700195 129
1781456964032 0.9831070899963379 130
1781456967333 0.9836015701293945 131
1781456970563 0.9850223064422607 132
1781456973879 0.9852015972137451 133
1781456977079 0.985821008682251 134
1781456980331 0.9860321283340454 135
1781456983620 0.986870527267456 136
1781456986848 0.9873571991920471 137
1781456990003 0.9881407022476196 138
1781456993252 0.9887007474899292 139
1781456996496 0.9887900352478027 140
1781456999719 0.9889472126960754 141
1781457003091 0.9889794588088989 142
1781457006267 0.9892656803131104 143
1781457009608 0.9900444746017456 144
1781457012932 0.9904502630233765 145
1781457016381 0.9907695055007935 146
1781457019507 0.9914942979812622 147
1781457023131 0.9917900562286377 148
1781457026423 0.9920426607131958 149
1781457029855 0.9923352003097534 150
1781457033298 0.9927483797073364 151
1781457036661 0.9931870698928833 152
1781457040380 0.9932687878608704 153
1781457044144 0.9937255382537842 154
1781457047659 0.9939171075820923 155
1781457051106 0.9947262406349182 156
1781457054583 0.9953121542930603 157
1781457057781 0.9956971406936646 158
1781457060991 0.9958281517028809 159
1781457064724 0.996077299118042 160
1781457067992 0.9966306686401367 161
1781457071212 0.997079610824585 162
1781457074471 0.997189998626709 163
1781457077772 0.9972681403160095 164
1781457081015 0.9974020719528198 165
1781457084688 0.9976522326469421 166
1781457087933 0.9978488683700562 167
1781457091075 0.9979126453399658 168
1781457094460 0.9984472990036011 169
1781457098087 0.998559832572937 170
1781457101431 0.9987238645553589 171
1781457104916 0.9987894892692566 172
1781457108080 0.998972475528717 173
1781457111337 0.9990129470825195 174
1781457114583 0.9991255402565002 175
1781457117799 0.9991898536682129 176
1781457121321 0.9992804527282715 177
1781457124980 0.999367356300354 178
1781457128172 0.9994690418243408 179
1781457131447 0.9995058178901672 180
1781457134752 0.9995465278625488 181
1781457138227 0.9996129274368286 182
1781457141571 0.9996622800827026 183
1781457144816 0.999687910079956 184
1781457148363 0.9997297525405884 185
1781457151825 0.9998025894165039 186
1781457155499 0.9998233914375305 187
1781457158696 0.9998689889907837 188
1781457162467 0.9998862743377686 189
1781457165756 0.9999113082885742 190
1781457169270 0.9999356269836426 191
1781457173140 0.9999535083770752 192
1781457176311 0.9999668002128601 193
1781457179516 0.9999779462814331 194
1781457182801 0.9999904632568359 195
1781457186016 0.9999960660934448 196
1781457189224 0.9999992251396179 197
1781457192693 0.9999997615814209 198
1781457196112 1.0 199
1781457199248 1.0 200
