1781456540225 0.36632025241851807 1
1781456543478 0.4813677668571472 2
1781456546760 0.48265570402145386 3
1781456550067 0.5399258136749268 4
1781456553471 0.5414844751358032 5
1781456556659 0.5414850115776062 6
1781456559865 0.5796132683753967 7
1781456563112 0.5944331288337708 8
1781456566556 0.6059598922729492 9
1781456569964 0.6059927940368652 10
1781456573508 0.6104373931884766 11
1781456576608 0.6147060394287109 12
1781456580133 0.6156931519508362 13
1781456583891 0.6160850524902344 14
1781456587214 0.6373743414878845 15
1781456590424 0.6562060117721558 16
1781456593252 0.6562067866325378 17
1781456596313 0.6717471480369568 18
1781456599484 0.6840896606445312 19
1781456602537 0.6892696619033813 20
1781456605580 0.6924239993095398 21
1781456608585 0.6926587820053101 22
1781456611611 0.6964297294616699 23
1781456614860 0.6999189853668213 24
1781456618021 0.7006952166557312 25
1781456621622 0.7012572288513184 26
1781456625096 0.7024837732315063 27
1781456628252 0.7060141563415527 28
1781456631411 0.7062072157859802 29
1781456634332 0.7069134712219238 30
1781456637470 0.7077757120132446 31
1781456640949 0.7078048586845398 32
1781456644736 0.7099971771240234 33
1781456647960 0.7105854749679565 34
1781456651369 0.7110381126403809 35
1781456655067 0.7151274681091309 36
1781456658284 0.7153592109680176 37
1781456661500 0.718460202217102 38
1781456665564 0.7191409468650818 39
1781456668916 0.719143271446228 40
1781456671993 0.7191454172134399 41
1781456675268 0.7250139117240906 42
1781456678382 0.7250149250030518 43
1781456681494 0.7273635864257812 44
1781456684688 0.7332268357276917 45
1781456687860 0.7332468032836914 46
1781456690920 0.7335809469223022 47
1781456694178 0.736312985420227 48
1781456697611 0.736847460269928 49
1781456700849 0.7376201748847961 50
1781456704361 0.7398818731307983 51
1781456707448 0.7432078123092651 52
1781456710731 0.7438927888870239 53
1781456713842 0.7493410110473633 54
1781456717074 0.751140296459198 55
1781456720246 0.7518731355667114 56
1781456723470 0.7525163292884827 57
1781456727052 0.7528413534164429 58
1781456730337 0.7528748512268066 59
1781456733637 0.7531285285949707 60
1781456737129 0.7531522512435913 61
1781456740151 0.7531808614730835 62
1781456744003 0.7544286251068115 63
1781456747244 0.7600924968719482 64
1781456750341 0.7603815793991089 65
1781456753559 0.7605870366096497 66
1781456756823 0.7607971429824829 67
1781456760025 0.7609791159629822 68
1781456763257 0.7614881992340088 69
1781456766545 0.7637246251106262 70
1781456769622 0.7672178745269775 71
1781456772945 0.767225444316864 72
1781456776182 0.7677474021911621 73
1781456779427 0.7724879384040833 74
1781456782521 0.7724919319152832 75
1781456785732 0.7740010023117065 76
1781456788871 0.776061475276947 77
1781456792106 0.776061475276947 78
1781456795254 0.778961181640625 79
1781456798465 0.7791358232498169 80
1781456801685 0.7803272008895874 81
1781456805093 0.7809809446334839 82
1781456808486 0.7839614152908325 83
1781456811958 0.7842164039611816 84
1781456815292 0.7874876260757446 85
1781456818405 0.7892626523971558 86
1781456821659 0.7909997701644897 87
1781456824889 0.7916597127914429 88
1781456828341 0.797184944152832 89
1781456831642 0.7985460758209229 90
1781456834881 0.7985591292381287 91
1781456838522 0.7991485595703125 92
1781456841983 0.7991986274719238 93
1781456845161 0.8001445531845093 94
1781456848397 0.8004788160324097 95
1781456851828 0.8004835844039917 96
1781456855072 0.8022171854972839 97
1781456858402 0.8028542995452881 98
1781456861581 0.8029924035072327 99
1781456865110 0.8045796751976013 100
1781456868472 0.8047716617584229 101
1781456871589 0.8058943152427673 102
1781456874963 0.8075709342956543 103
1781456878233 0.8081516623497009 104
1781456881587 0.8082216382026672 105
1781456884797 0.8083662986755371 106
1781456888486 0.808976411819458 107
1781456891690 0.8090863227844238 108
1781456895683 0.8090944290161133 109
1781456898994 0.8098379373550415 110
1781456902213 0.8099130392074585 111
1781456905353 0.8100953102111816 112
1781456908704 0.8100969195365906 113
1781456912442 0.8104645609855652 114
1781456915880 0.811306357383728 115
1781456919090 0.8118882179260254 116
1781456922289 0.8127134442329407 117
1781456925541 0.8129737973213196 118
1781456928785 0.8138531446456909 119
1781456932018 0.8176265954971313 120
1781456935249 0.817837655544281 121
1781456938413 0.8179593682289124 122
1781456941570 0.8181588649749756 123
1781456944861 0.8187406063079834 124
1781456948077 0.8188484907150269 125
1781456951254 0.8189447522163391 126
1781456954422 0.8190312385559082 127
1781456957609 0.8190529346466064 128
1781456960782 0.8196353912353516 129
1781456964029 0.8211959004402161 130
1781456967331 0.8212433457374573 131
1781456970560 0.8216702342033386 132
1781456973877 0.8216702938079834 133
1781456977077 0.8217685222625732 134
1781456980329 0.8265770077705383 135
1781456983617 0.8275630474090576 136
1781456986845 0.8318092226982117 137
1781456990001 0.8325720429420471 138
1781456993249 0.8342354893684387 139
1781456996494 0.8375325798988342 140
1781456999716 0.838897705078125 141
1781457003089 0.8391755223274231 142
1781457006264 0.8396296501159668 143
1781457009606 0.8396411538124084 144
1781457012929 0.8408006429672241 145
1781457016378 0.8426318168640137 146
1781457019504 0.8439376950263977 147
1781457023129 0.844930112361908 148
1781457026420 0.844979465007782 149
1781457029853 0.8452766537666321 150
1781457033296 0.8457986116409302 151
1781457036659 0.845818281173706 152
1781457040377 0.8477728962898254 153
1781457044142 0.8480502367019653 154
1781457047657 0.8500412106513977 155
1781457051090 0.8516424298286438 156
1781457054581 0.8516881465911865 157
1781457057778 0.8521322011947632 158
1781457060989 0.8521478772163391 159
1781457064722 0.8526586890220642 160
1781457067989 0.8527278304100037 161
1781457071209 0.8533766865730286 162
1781457074469 0.8539708256721497 163
1781457077769 0.8556680679321289 164
1781457081013 0.8556890487670898 165
1781457084686 0.8584616184234619 166
1781457087930 0.8588361740112305 167
1781457091072 0.8625565767288208 168
1781457094457 0.8628102540969849 169
1781457098084 0.862821102142334 170
1781457101429 0.8643154501914978 171
1781457104914 0.8643209934234619 172
1781457108078 0.8644372820854187 173
1781457111335 0.8644944429397583 174
1781457114580 0.8655253648757935 175
1781457117797 0.8665782809257507 176
1781457121318 0.876820981502533 177
1781457124978 0.8775647282600403 178
1781457128170 0.8776456117630005 179
1781457131445 0.8778469562530518 180
1781457134750 0.8779581189155579 181
1781457138224 0.8784090280532837 182
1781457141569 0.8811076879501343 183
1781457144813 0.8825883269309998 184
1781457148360 0.8867741227149963 185
1781457151823 0.8869439959526062 186
1781457155497 0.8870059847831726 187
1781457158694 0.8874469995498657 188
1781457162465 0.8910326957702637 189
1781457165753 0.8923266530036926 190
1781457169267 0.8996432423591614 191
1781457173137 0.8997392058372498 192
1781457176309 0.9000220894813538 193
1781457179513 0.9273104071617126 194
1781457182799 0.947765052318573 195
1781457186013 0.9655196666717529 196
1781457189221 0.9828460216522217 197
1781457192676 0.9831487536430359 198
1781457196110 0.9999999403953552 199
1781457199245 0.9999999403953552 200
