1781456540207 569.6142578125 1
1781456543444 353.549560546875 2
1781456546737 301.55828857421875 3
1781456550045 269.7142028808594 4
1781456553448 215.17132568359375 5
1781456556638 185.4298858642578 6
1781456559842 166.411865234375 7
1781456563089 146.20675659179688 8
1781456566533 136.7440185546875 9
1781456569941 126.8499526977539 10
1781456573485 109.12326049804688 11
1781456576585 104.10174560546875 12
1781456580105 96.62213134765625 13
1781456583869 92.59956359863281 14
1781456587188 88.86570739746094 15
1781456590401 80.47364044189453 16
1781456593229 75.22181701660156 17
1781456596293 70.98234558105469 18
1781456599461 67.19600677490234 19
1781456602512 63.66957473754883 20
1781456605557 60.31749725341797 21
1781456608564 57.39159393310547 22
1781456611589 55.176143646240234 23
1781456614841 51.9728889465332 24
1781456617985 51.128929138183594 25
1781456621604 49.16694259643555 26
1781456625073 45.69696807861328 27
1781456628229 43.33245849609375 28
1781456631389 42.39543914794922 29
1781456634309 40.875789642333984 30
1781456637436 39.597415924072266 31
1781456640925 38.414676666259766 32
1781456644713 37.33978271484375 33
1781456647937 36.341827392578125 34
1781456651346 34.95384216308594 35
1781456655045 33.97768020629883 36
1781456658261 33.1102180480957 37
1781456661477 32.820411682128906 38
1781456665541 31.82421112060547 39
1781456668893 30.644094467163086 40
1781456671969 30.172130584716797 41
1781456675245 29.69131088256836 42
1781456678361 29.174100875854492 43
1781456681461 28.55863380432129 44
1781456684665 27.918962478637695 45
1781456687837 27.239133834838867 46
1781456690897 26.74681854248047 47
1781456694157 26.080785751342773 48
1781456697590 25.65668487548828 49
1781456700829 25.428464889526367 50
1781456704341 24.843994140625 51
1781456707429 24.472728729248047 52
1781456710713 23.952329635620117 53
1781456713821 23.35950469970703 54
1781456717053 23.089534759521484 55
1781456720216 22.754074096679688 56
1781456723449 22.43130111694336 57
1781456727028 22.14192771911621 58
1781456730318 21.800939559936523 59
1781456733617 21.450843811035156 60
1781456737109 21.125141143798828 61
1781456740131 20.709579467773438 62
1781456743985 20.62647819519043 63
1781456747223 20.358964920043945 64
1781456750321 20.081985473632812 65
1781456753539 20.027341842651367 66
1781456756797 19.882049560546875 67
1781456760005 19.82291030883789 68
1781456763237 19.54720687866211 69
1781456766523 19.44799041748047 70
1781456769601 19.26766586303711 71
1781456772925 19.104034423828125 72
1781456776161 18.966970443725586 73
1781456779409 18.793420791625977 74
1781456782501 18.722013473510742 75
1781456785713 18.541126251220703 76
1781456788851 18.40451431274414 77
1781456792086 18.223371505737305 78
1781456795234 18.024614334106445 79
1781456798445 17.998863220214844 80
1781456801665 17.88198471069336 81
1781456805073 17.637548446655273 82
1781456808466 17.58361053466797 83
1781456811937 17.458255767822266 84
1781456815273 17.369136810302734 85
1781456818385 17.16542625427246 86
1781456821637 17.0257511138916 87
1781456824869 16.939931869506836 88
1781456828321 16.817981719970703 89
1781456831621 16.699321746826172 90
1781456834861 16.61587142944336 91
1781456838502 16.496294021606445 92
1781456841956 16.437427520751953 93
1781456845141 16.33091926574707 94
1781456848378 16.224809646606445 95
1781456851809 16.15890884399414 96
1781456855053 16.10935401916504 97
1781456858367 15.942248344421387 98
1781456861545 15.88822078704834 99
1781456865089 15.82105827331543 100
1781456868453 15.688573837280273 101
1781456871570 15.623673439025879 102
1781456874945 15.642824172973633 103
1781456878213 15.550870895385742 104
1781456881569 15.394172668457031 105
1781456884777 15.288475036621094 106
1781456888469 15.168355941772461 107
1781456891669 15.063830375671387 108
1781456895637 14.931745529174805 109
1781456898950 14.855603218078613 110
1781456902194 14.712160110473633 111
1781456905333 14.5802001953125 112
1781456908685 14.477843284606934 113
1781456912422 14.343152046203613 114
1781456915861 14.15389633178711 115
1781456919070 14.010916709899902 116
1781456922269 13.872679710388184 117
1781456925522 13.786759376525879 118
1781456928765 13.646540641784668 119
1781456931998 13.514190673828125 120
1781456935229 13.390230178833008 121
1781456938394 13.297085762023926 122
1781456941550 13.16528606414795 123
1781456944841 13.035293579101562 124
1781456948057 12.960742950439453 125
1781456951233 12.86309814453125 126
1781456954402 12.720661163330078 127
1781456957589 12.52906608581543 128
1781456960761 12.369102478027344 129
1781456964009 12.198653221130371 130
1781456967313 12.109601974487305 131
1781456970541 11.963723182678223 132
1781456973857 11.879422187805176 133
1781456977058 11.741840362548828 134
1781456980309 11.619379997253418 135
1781456983597 11.50227165222168 136
1781456986826 11.345904350280762 137
1781456989981 11.206766128540039 138
1781456993230 11.040409088134766 139
1781456996476 10.903523445129395 140
1781456999697 10.764277458190918 141
1781457003069 10.610272407531738 142
1781457006245 10.394394874572754 143
1781457009587 10.321162223815918 144
1781457012910 10.193819046020508 145
1781457016358 10.07619857788086 146
1781457019485 9.959086418151855 147
1781457023109 9.769247055053711 148
1781457026401 9.627262115478516 149
1781457029833 9.4649076461792 150
1781457033277 9.333101272583008 151
1781457036637 9.235373497009277 152
1781457040358 9.064437866210938 153
1781457044108 8.933253288269043 154
1781457047638 8.784225463867188 155
1781457051056 8.667411804199219 156
1781457054561 8.555596351623535 157
1781457057761 8.390507698059082 158
1781457060970 8.230135917663574 159
1781457064688 8.087531089782715 160
1781457067970 7.926004409790039 161
1781457071190 7.834794998168945 162
1781457074450 7.69975471496582 163
1781457077750 7.563269138336182 164
1781457080994 7.353997707366943 165
1781457084664 7.174374103546143 166
1781457087909 7.068093776702881 167
1781457091053 6.889257907867432 168
1781457094438 6.793637275695801 169
1781457098065 6.665995121002197 170
1781457101410 6.5195488929748535 171
1781457104896 6.319857597351074 172
1781457108058 6.140152454376221 173
1781457111314 5.966455459594727 174
1781457114561 5.818281173706055 175
1781457117777 5.715709209442139 176
1781457121297 5.496453285217285 177
1781457124958 5.354922771453857 178
1781457128150 5.217525959014893 179
1781457131425 5.106454372406006 180
1781457134716 4.90192174911499 181
1781457138205 4.705508232116699 182
1781457141549 4.564742088317871 183
1781457144793 4.435320854187012 184
1781457148341 4.2561516761779785 185
1781457151804 4.1482062339782715 186
1781457155478 3.9619076251983643 187
1781457158674 3.64351487159729 188
1781457162445 3.4109017848968506 189
1781457165734 3.207111120223999 190
1781457169249 2.854116439819336 191
1781457173118 2.588043212890625 192
1781457176290 2.2916500568389893 193
1781457179494 1.9682345390319824 194
1781457182781 1.5661213397979736 195
1781457185994 1.2496960163116455 196
1781457189202 1.036020040512085 197
1781457192642 0.6748235821723938 198
1781457196090 8.126080501824617e-06 199
1781457199225 8.160557626979426e-06 200
