1781456540218 3.840858221054077 1
1781456543455 2.7782840728759766 2
1781456546751 2.5182225704193115 3
1781456550059 2.416377067565918 4
1781456553463 2.06693959236145 5
1781456556651 1.87978196144104 6
1781456559856 1.8320167064666748 7
1781456563103 1.6316202878952026 8
1781456566547 1.587231159210205 9
1781456569955 1.5169893503189087 10
1781456573500 1.3785114288330078 11
1781456576599 1.3473421335220337 12
1781456580120 1.2693431377410889 13
1781456583883 1.2332836389541626 14
1781456587199 1.1902815103530884 15
1781456590416 1.1541403532028198 16
1781456593244 1.1190422773361206 17
1781456596305 1.0651928186416626 18
1781456599476 1.0302999019622803 19
1781456602531 0.9811106324195862 20
1781456605572 0.9511270523071289 21
1781456608578 0.9315386414527893 22
1781456611603 0.9050450921058655 23
1781456614852 0.8728033900260925 24
1781456618014 0.8717724084854126 25
1781456621615 0.8608993291854858 26
1781456625087 0.824857771396637 27
1781456628244 0.8031519055366516 28
1781456631403 0.7993519306182861 29
1781456634324 0.7864497303962708 30
1781456637448 0.7721428871154785 31
1781456640940 0.7614133358001709 32
1781456644728 0.7489615678787231 33
1781456647952 0.742067277431488 34
1781456651361 0.7293853163719177 35
1781456655059 0.721150279045105 36
1781456658276 0.7109871506690979 37
1781456661492 0.7120085954666138 38
1781456665555 0.6978336572647095 39
1781456668908 0.6876108050346375 40
1781456671985 0.6825568675994873 41
1781456675260 0.6821762919425964 42
1781456678374 0.6779009103775024 43
1781456681486 0.6696221232414246 44
1781456684680 0.6601942777633667 45
1781456687852 0.6590129137039185 46
1781456690912 0.6559128165245056 47
1781456694171 0.6506168246269226 48
1781456697603 0.6485195159912109 49
1781456700842 0.6502406001091003 50
1781456704354 0.6447536945343018 51
1781456707441 0.6430020928382874 52
1781456710724 0.6391928791999817 53
1781456713834 0.6311482787132263 54
1781456717066 0.6311511397361755 55
1781456720231 0.6306421756744385 56
1781456723462 0.6295000910758972 57
1781456727045 0.6288803815841675 58
1781456730330 0.6270464658737183 59
1781456733630 0.6220817565917969 60
1781456737122 0.61832594871521 61
1781456740143 0.6140551567077637 62
1781456743997 0.6160097122192383 63
1781456747236 0.6156774163246155 64
1781456750334 0.6115026473999023 65
1781456753552 0.6125776171684265 66
1781456756816 0.6131198406219482 67
1781456760018 0.6100425124168396 68
1781456763250 0.6064537763595581 69
1781456766538 0.6069397330284119 70
1781456769615 0.6052871942520142 71
1781456772938 0.6054293513298035 72
1781456776174 0.6056884527206421 73
1781456779420 0.6055478453636169 74
1781456782514 0.6064584255218506 75
1781456785725 0.6075206995010376 76
1781456788864 0.607301652431488 77
1781456792099 0.6027542948722839 78
1781456795246 0.6030145883560181 79
1781456798458 0.6064302325248718 80
1781456801678 0.6070929169654846 81
1781456805086 0.6042464375495911 82
1781456808479 0.6078851222991943 83
1781456811951 0.6060273051261902 84
1781456815285 0.6068863868713379 85
1781456818398 0.6050813794136047 86
1781456821652 0.6061431765556335 87
1781456824882 0.6068679690361023 88
1781456828333 0.6076090335845947 89
1781456831634 0.6048666834831238 90
1781456834874 0.6062840223312378 91
1781456838514 0.6058467626571655 92
1781456841968 0.6079472899436951 93
1781456845153 0.6089606881141663 94
1781456848390 0.6097464561462402 95
1781456851821 0.6122680306434631 96
1781456855065 0.6131150126457214 97
1781456858395 0.6114343404769897 98
1781456861574 0.61181640625 99
1781456865102 0.6118186712265015 100
1781456868465 0.6107771992683411 101
1781456871582 0.6109395027160645 102
1781456874956 0.6147055625915527 103
1781456878226 0.6171619296073914 104
1781456881580 0.6173243522644043 105
1781456884789 0.618644654750824 106
1781456888480 0.6164107918739319 107
1781456891682 0.6161677241325378 108
1781456895661 0.6144464015960693 109
1781456898972 0.6149618029594421 110
1781456902206 0.6130934357643127 111
1781456905345 0.6114122271537781 112
1781456908697 0.6117897033691406 113
1781456912434 0.6108015179634094 114
1781456915873 0.607277512550354 115
1781456919082 0.6070965528488159 116
1781456922282 0.6035157442092896 117
1781456925534 0.6050689220428467 118
1781456928778 0.6037175059318542 119
1781456932011 0.6027616262435913 120
1781456935242 0.6015636920928955 121
1781456938406 0.600600004196167 122
1781456941562 0.599271297454834 123
1781456944854 0.5982720851898193 124
1781456948070 0.5989111661911011 125
1781456951246 0.5979248881340027 126
1781456954415 0.5970171093940735 127
1781456957601 0.5930666327476501 128
1781456960774 0.5910736918449402 129
1781456964022 0.5880443453788757 130
1781456967324 0.5882461071014404 131
1781456970553 0.5853758454322815 132
1781456973870 0.584092378616333 133
1781456977070 0.5825924277305603 134
1781456980322 0.5814579725265503 135
1781456983610 0.5787133574485779 136
1781456986838 0.5762590169906616 137
1781456989994 0.5732446312904358 138
1781456993242 0.571456789970398 139
1781456996487 0.5689477920532227 140
1781456999709 0.5669992566108704 141
1781457003082 0.5629692077636719 142
1781457006257 0.5588282942771912 143
1781457009599 0.5572202205657959 144
1781457012922 0.5528613328933716 145
1781457016371 0.5507476329803467 146
1781457019497 0.5470412969589233 147
1781457023122 0.5430875420570374 148
1781457026413 0.5370677709579468 149
1781457029846 0.5333000421524048 150
1781457033289 0.5289344787597656 151
1781457036650 0.5255001187324524 152
1781457040370 0.5231798887252808 153
1781457044119 0.5196070075035095 154
1781457047650 0.5161904692649841 155
1781457051067 0.5133470296859741 156
1781457054574 0.5097371935844421 157
1781457057772 0.5047512054443359 158
1781457060982 0.4996817708015442 159
1781457064699 0.4954037070274353 160
1781457067982 0.48833730816841125 161
1781457071202 0.4851936101913452 162
1781457074462 0.4817103445529938 163
1781457077762 0.4770379662513733 164
1781457081006 0.47104597091674805 165
1781457084679 0.4648219645023346 166
1781457087922 0.460517019033432 167
1781457091065 0.45500048995018005 168
1781457094450 0.45047348737716675 169
1781457098077 0.4433690905570984 170
1781457101422 0.4379462003707886 171
1781457104908 0.42949220538139343 172
1781457108070 0.4238894283771515 173
1781457111327 0.4162830710411072 174
1781457114573 0.4095724821090698 175
1781457117790 0.40304139256477356 176
1781457121311 0.3930630087852478 177
1781457124970 0.38598304986953735 178
1781457128163 0.37775707244873047 179
1781457131438 0.37106233835220337 180
1781457134727 0.36093413829803467 181
1781457138217 0.35080045461654663 182
1781457141562 0.3398972749710083 183
1781457144806 0.3281373381614685 184
1781457148353 0.31716880202293396 185
1781457151816 0.306209921836853 186
1781457155490 0.2917245626449585 187
1781457158686 0.2767409384250641 188
1781457162458 0.26078635454177856 189
1781457165746 0.24509860575199127 190
1781457169260 0.2297687828540802 191
1781457173130 0.2120520919561386 192
1781457176302 0.18763059377670288 193
1781457179506 0.1662474274635315 194
1781457182792 0.1387595385313034 195
1781457186006 0.10820794105529785 196
1781457189214 0.06292792409658432 197
1781457192668 0.04453681781888008 198
1781457196102 0.00037114342558197677 199
1781457199238 0.00037129793781787157 200
