1781456540213 9.093419075012207 1
1781456543450 7.241580009460449 2
1781456546744 6.621898651123047 3
1781456550052 6.18339204788208 4
1781456553456 5.4933180809021 5
1781456556645 5.060878276824951 6
1781456559849 4.780922889709473 7
1781456563096 4.4427170753479 8
1781456566540 4.256644248962402 9
1781456569948 4.029674053192139 10
1781456573493 3.695275068283081 11
1781456576592 3.593811511993408 12
1781456580113 3.4140920639038086 13
1781456583876 3.3322901725769043 14
1781456587194 3.2558646202087402 15
1781456590408 3.085513114929199 16
1781456593236 2.9572176933288574 17
1781456596299 2.8531289100646973 18
1781456599468 2.75229549407959 19
1781456602519 2.6493916511535645 20
1781456605565 2.568256378173828 21
1781456608571 2.4962027072906494 22
1781456611595 2.4312596321105957 23
1781456614847 2.348757743835449 24
1781456617994 2.351065158843994 25
1781456621609 2.3083438873291016 26
1781456625080 2.213224411010742 27
1781456628237 2.1438591480255127 28
1781456631396 2.1460344791412354 29
1781456634317 2.1165449619293213 30
1781456637442 2.0922837257385254 31
1781456640933 2.0669615268707275 32
1781456644721 2.045631170272827 33
1781456647943 2.0362932682037354 34
1781456651354 2.013831615447998 35
1781456655052 1.987266182899475 36
1781456658269 1.9654120206832886 37
1781456661485 1.9798011779785156 38
1781456665548 1.950492024421692 39
1781456668901 1.9157042503356934 40
1781456671978 1.9114044904708862 41
1781456675253 1.9176504611968994 42
1781456678368 1.9108738899230957 43
1781456681478 1.8968755006790161 44
1781456684673 1.880311131477356 45
1781456687845 1.8759536743164062 46
1781456690905 1.8701783418655396 47
1781456694165 1.8524940013885498 48
1781456697596 1.8492543697357178 49
1781456700836 1.8625046014785767 50
1781456704348 1.8487151861190796 51
1781456707435 1.8477240800857544 52
1781456710718 1.840945839881897 53
1781456713828 1.8190782070159912 54
1781456717060 1.8175957202911377 55
1781456720225 1.819774866104126 56
1781456723456 1.8173105716705322 57
1781456727039 1.8205441236495972 58
1781456730324 1.8186771869659424 59
1781456733624 1.8085137605667114 60
1781456737116 1.8013148307800293 61
1781456740137 1.7879384756088257 62
1781456743991 1.7989528179168701 63
1781456747230 1.7993900775909424 64
1781456750328 1.790702223777771 65
1781456753546 1.79929780960083 66
1781456756810 1.805087924003601 67
1781456760012 1.8093434572219849 68
1781456763244 1.8042054176330566 69
1781456766532 1.8080693483352661 70
1781456769608 1.806359887123108 71
1781456772932 1.806845784187317 72
1781456776168 1.8110297918319702 73
1781456779415 1.8140652179718018 74
1781456782508 1.8202543258666992 75
1781456785719 1.824508786201477 76
1781456788858 1.827100396156311 77
1781456792093 1.8238322734832764 78
1781456795240 1.824968934059143 79
1781456798452 1.835884928703308 80
1781456801671 1.8399169445037842 81
1781456805080 1.8325155973434448 82
1781456808473 1.8415087461471558 83
1781456811944 1.8409417867660522 84
1781456815279 1.8449804782867432 85
1781456818392 1.8382676839828491 86
1781456821644 1.8408743143081665 87
1781456824876 1.8428093194961548 88
1781456828327 1.844681978225708 89
1781456831628 1.841908574104309 90
1781456834868 1.8473273515701294 91
1781456838508 1.8469444513320923 92
1781456841962 1.8543167114257812 93
1781456845147 1.8573739528656006 94
1781456848384 1.8592184782028198 95
1781456851815 1.8681999444961548 96
1781456855059 1.8721905946731567 97
1781456858377 1.8677383661270142 98
1781456861552 1.8692553043365479 99
1781456865096 1.8718934059143066 100
1781456868459 1.8699084520339966 101
1781456871576 1.8727502822875977 102
1781456874951 1.8829588890075684 103
1781456878220 1.8890382051467896 104
1781456881575 1.886508584022522 105
1781456884783 1.891312837600708 106
1781456888475 1.8869571685791016 107
1781456891676 1.8878964185714722 108
1781456895655 1.8816815614700317 109
1781456898956 1.8822768926620483 110
1781456902200 1.8764410018920898 111
1781456905339 1.8723015785217285 112
1781456908692 1.8733341693878174 113
1781456912428 1.8691151142120361 114
1781456915867 1.858512282371521 115
1781456919076 1.856104850769043 116
1781456922276 1.8488913774490356 117
1781456925528 1.8507423400878906 118
1781456928772 1.8471015691757202 119
1781456932005 1.8432263135910034 120
1781456935236 1.8402599096298218 121
1781456938400 1.8382235765457153 122
1781456941556 1.835949420928955 123
1781456944848 1.8321983814239502 124
1781456948064 1.8343300819396973 125
1781456951240 1.8309553861618042 126
1781456954408 1.8254554271697998 127
1781456957595 1.8120274543762207 128
1781456960768 1.8058587312698364 129
1781456964016 1.796849250793457 130
1781456967319 1.7970515489578247 131
1781456970547 1.7887318134307861 132
1781456973864 1.7857099771499634 133
1781456977064 1.7793666124343872 134
1781456980316 1.772596001625061 135
1781456983604 1.7650039196014404 136
1781456986832 1.758711576461792 137
1781456989988 1.7508586645126343 138
1781456993236 1.7423204183578491 139
1781456996481 1.733886957168579 140
1781456999703 1.7276984453201294 141
1781457003076 1.716614842414856 142
1781457006251 1.702622890472412 143
1781457009593 1.697772741317749 144
1781457012916 1.6865789890289307 145
1781457016365 1.6795384883880615 146
1781457019491 1.6723700761795044 147
1781457023116 1.660003900527954 148
1781457026407 1.6462773084640503 149
1781457029840 1.6353081464767456 150
1781457033283 1.623221755027771 151
1781457036643 1.6156655550003052 152
1781457040364 1.6065915822982788 153
1781457044114 1.5967624187469482 154
1781457047644 1.5858654975891113 155
1781457051062 1.5781491994857788 156
1781457054568 1.5690861940383911 157
1781457057767 1.5534106492996216 158
1781457060976 1.5381585359573364 159
1781457064694 1.5260618925094604 160
1781457067976 1.5067847967147827 161
1781457071196 1.5005249977111816 162
1781457074456 1.488250970840454 163
1781457077756 1.4737621545791626 164
1781457081000 1.4537172317504883 165
1781457084670 1.4349472522735596 166
1781457087916 1.4218350648880005 167
1781457091059 1.4036370515823364 168
1781457094444 1.3941348791122437 169
1781457098071 1.3785144090652466 170
1781457101416 1.3651124238967896 171
1781457104902 1.3387131690979004 172
1781457108064 1.32412588596344 173
1781457111321 1.3001916408538818 174
1781457114567 1.2817682027816772 175
1781457117784 1.2641681432724 176
1781457121304 1.2376620769500732 177
1781457124964 1.2160203456878662 178
1781457128157 1.193292498588562 179
1781457131432 1.1729011535644531 180
1781457134722 1.1422408819198608 181
1781457138211 1.1103237867355347 182
1781457141556 1.0813429355621338 183
1781457144800 1.0557050704956055 184
1781457148347 1.0245788097381592 185
1781457151810 0.9961638450622559 186
1781457155484 0.9603182673454285 187
1781457158680 0.9208772778511047 188
1781457162452 0.8787529468536377 189
1781457165740 0.8331639170646667 190
1781457169255 0.7815910577774048 191
1781457173124 0.7309544086456299 192
1781457176296 0.6728896498680115 193
1781457179500 0.6135181188583374 194
1781457182787 0.5411865711212158 195
1781457186000 0.46743661165237427 196
1781457189208 0.3766985237598419 197
1781457192649 0.2598097622394562 198
1781457196096 0.0013126411940902472 199
1781457199232 0.0013180585810914636 200
