1781456540215 65.19819641113281 1
1781456543452 47.227027893066406 2
1781456546747 44.54391860961914 3
1781456550055 43.617881774902344 4
1781456553459 36.79552459716797 5
1781456556648 33.919342041015625 6
1781456559852 32.95301818847656 7
1781456563099 30.069509506225586 8
1781456566543 30.067628860473633 9
1781456569951 29.836315155029297 10
1781456573495 24.637731552124023 11
1781456576595 24.25150489807129 12
1781456580116 23.780221939086914 13
1781456583879 23.770483016967773 14
1781456587196 23.171424865722656 15
1781456590411 20.515233993530273 16
1781456593239 19.796436309814453 17
1781456596302 19.23805809020996 18
1781456599471 19.175426483154297 19
1781456602522 19.04656219482422 20
1781456605567 17.920452117919922 21
1781456608574 17.5513973236084 22
1781456611598 17.529090881347656 23
1781456614849 17.479522705078125 24
1781456618001 17.393285751342773 25
1781456621611 17.380571365356445 26
1781456625083 15.250927925109863 27
1781456628239 15.246966361999512 28
1781456631399 15.11695671081543 29
1781456634319 14.698726654052734 30
1781456637444 13.962525367736816 31
1781456640936 13.897866249084473 32
1781456644724 13.783862113952637 33
1781456647947 13.492135047912598 34
1781456651356 13.069089889526367 35
1781456655055 13.065034866333008 36
1781456658272 12.869400024414062 37
1781456661488 12.866048812866211 38
1781456665551 12.801469802856445 39
1781456668903 12.091581344604492 40
1781456671980 12.091296195983887 41
1781456675255 12.052530288696289 42
1781456678370 11.980841636657715 43
1781456681481 11.899348258972168 44
1781456684676 11.838138580322266 45
1781456687848 11.423277854919434 46
1781456690908 11.33245849609375 47
1781456694168 11.016331672668457 48
1781456697599 10.96795654296875 49
1781456700838 10.88644027709961 50
1781456704350 10.882818222045898 51
1781456707437 10.882729530334473 52
1781456710721 10.462738990783691 53
1781456713831 10.318941116333008 54
1781456717063 10.307820320129395 55
1781456720227 9.985432624816895 56
1781456723458 9.931672096252441 57
1781456727041 9.857011795043945 58
1781456730327 9.648088455200195 59
1781456733626 9.538603782653809 60
1781456737118 9.53431510925293 61
1781456740140 9.505715370178223 62
1781456743993 9.453843116760254 63
1781456747232 9.452489852905273 64
1781456750330 9.199933052062988 65
1781456753548 9.199082374572754 66
1781456756812 9.119269371032715 67
1781456760014 9.111637115478516 68
1781456763246 9.090967178344727 69
1781456766534 8.974536895751953 70
1781456769611 8.948760986328125 71
1781456772934 8.767370223999023 72
1781456776171 8.751784324645996 73
1781456779417 8.660744667053223 74
1781456782510 8.548233985900879 75
1781456785721 8.50763988494873 76
1781456788860 8.366785049438477 77
1781456792095 8.3614501953125 78
1781456795243 8.282073974609375 79
1781456798454 8.266417503356934 80
1781456801674 8.073732376098633 81
1781456805082 8.070547103881836 82
1781456808475 8.070199966430664 83
1781456811947 8.06999397277832 84
1781456815281 7.928231716156006 85
1781456818394 7.9107279777526855 86
1781456821648 7.808281421661377 87
1781456824878 7.728451251983643 88
1781456828330 7.723596096038818 89
1781456831630 7.705127239227295 90
1781456834870 7.700637340545654 91
1781456838511 7.670804977416992 92
1781456841964 7.669307708740234 93
1781456845150 7.4665446281433105 94
1781456848387 7.391002655029297 95
1781456851817 7.308229446411133 96
1781456855061 7.301640510559082 97
1781456858380 7.293099403381348 98
1781456861570 7.276453495025635 99
1781456865098 7.272143363952637 100
1781456868462 7.250481605529785 101
1781456871578 7.190578460693359 102
1781456874953 7.170856952667236 103
1781456878222 7.164434909820557 104
1781456881577 7.11414909362793 105
1781456884786 6.918268203735352 106
1781456888477 6.851536750793457 107
1781456891679 6.818030834197998 108
1781456895658 6.799243927001953 109
1781456898958 6.770786285400391 110
1781456902203 6.765862941741943 111
1781456905342 6.753666400909424 112
1781456908694 6.734862804412842 113
1781456912431 6.706366539001465 114
1781456915869 6.70635986328125 115
1781456919078 6.675749778747559 116
1781456922278 6.662017345428467 117
1781456925531 6.661588668823242 118
1781456928774 6.626903533935547 119
1781456932007 6.625214099884033 120
1781456935238 6.576235294342041 121
1781456938403 6.542795181274414 122
1781456941559 6.541164875030518 123
1781456944851 6.518691539764404 124
1781456948066 6.49048376083374 125
1781456951243 6.428071975708008 126
1781456954411 6.416406631469727 127
1781456957598 6.355374813079834 128
1781456960771 6.348815441131592 129
1781456964018 6.314859867095947 130
1781456967321 6.290947914123535 131
1781456970549 6.262530326843262 132
1781456973866 6.259093284606934 133
1781456977066 6.247088432312012 134
1781456980318 6.179178714752197 135
1781456983606 5.9815754890441895 136
1781456986835 5.981476306915283 137
1781456989990 5.976029396057129 138
1781456993239 5.873532295227051 139
1781456996484 5.8494553565979 140
1781456999706 5.789103984832764 141
1781457003078 5.783050537109375 142
1781457006254 5.740723609924316 143
1781457009595 5.736025333404541 144
1781457012919 5.726567268371582 145
1781457016367 5.725614070892334 146
1781457019494 5.698400974273682 147
1781457023118 5.697750568389893 148
1781457026409 5.655795574188232 149
1781457029842 5.612777233123779 150
1781457033285 5.562864303588867 151
1781457036646 5.548454284667969 152
1781457040367 5.546838283538818 153
1781457044116 5.517338752746582 154
1781457047646 5.397141933441162 155
1781457051064 5.372311115264893 156
1781457054570 5.351980209350586 157
1781457057769 5.305624485015869 158
1781457060978 5.290401935577393 159
1781457064696 5.263318061828613 160
1781457067979 5.232625961303711 161
1781457071199 5.230564117431641 162
1781457074458 5.193124771118164 163
1781457077759 5.189538955688477 164
1781457081002 5.189516067504883 165
1781457084672 5.177284240722656 166
1781457087918 5.131989002227783 167
1781457091062 5.11570930480957 168
1781457094447 5.113822937011719 169
1781457098074 5.113510608673096 170
1781457101418 5.056407928466797 171
1781457104904 5.02435302734375 172
1781457108067 5.009346008300781 173
1781457111323 4.966483116149902 174
1781457114570 4.944578170776367 175
1781457117786 4.943077087402344 176
1781457121307 4.9408674240112305 177
1781457124967 4.940349578857422 178
1781457128159 4.939848899841309 179
1781457131434 4.908627033233643 180
1781457134724 4.829440116882324 181
1781457138214 4.792128562927246 182
1781457141558 4.748790740966797 183
1781457144802 4.720360279083252 184
1781457148350 4.720054626464844 185
1781457151812 4.7195844650268555 186
1781457155486 4.643447399139404 187
1781457158682 4.384854793548584 188
1781457162454 4.371919631958008 189
1781457165743 4.339456081390381 190
1781457169257 4.0317816734313965 191
1781457173127 4.0255913734436035 192
1781457176298 3.8588826656341553 193
1781457179502 3.8586668968200684 194
1781457182789 3.28761625289917 195
1781457186003 2.849696636199951 196
1781457189211 2.848932981491089 197
1781457192665 2.637894630432129 198
1781457196099 0.008710374124348164 199
1781457199235 0.008719920180737972 200
