1781456540209 4250.80517578125 1
1781456543446 2230.39208984375 2
1781456546740 1984.16064453125 3
1781456550048 1902.51953125 4
1781456553451 1353.91064453125 5
1781456556642 1150.5218505859375 6
1781456559845 1085.9013671875 7
1781456563092 904.1754150390625 8
1781456566536 904.062255859375 9
1781456569944 890.2056884765625 10
1781456573488 607.017822265625 11
1781456576588 588.135498046875 12
1781456580108 565.4989624023438 13
1781456583872 565.035888671875 14
1781456587190 536.9149169921875 15
1781456590404 420.87481689453125 16
1781456593232 391.8988952636719 17
1781456596295 370.10284423828125 18
1781456599464 367.69696044921875 19
1781456602515 362.7715148925781 20
1781456605560 321.1426086425781 21
1781456608567 308.05157470703125 22
1781456611591 307.26904296875 23
1781456614843 305.5337219238281 24
1781456617988 302.5263671875 25
1781456621606 302.084228515625 26
1781456625076 232.59078979492188 27
1781456628232 232.46998596191406 28
1781456631391 228.5223846435547 29
1781456634312 216.0525665283203 30
1781456637439 194.95211791992188 31
1781456640928 193.15069580078125 32
1781456644716 189.99484252929688 33
1781456647939 182.0377197265625 34
1781456651349 170.80111694335938 35
1781456655048 170.69512939453125 36
1781456658264 165.6214599609375 37
1781456661481 165.53521728515625 38
1781456665544 163.87762451171875 39
1781456668896 146.20632934570312 40
1781456671973 146.19943237304688 41
1781456675248 145.26348876953125 42
1781456678364 143.54055786132812 43
1781456681464 141.59449768066406 44
1781456684668 140.1415252685547 45
1781456687840 130.49127197265625 46
1781456690900 128.42462158203125 47
1781456694160 121.35957336425781 48
1781456697592 120.29606628417969 49
1781456700832 118.51457977294922 50
1781456704344 118.43572998046875 51
1781456707431 118.43380737304688 52
1781456710715 109.46891021728516 53
1781456713824 106.48055267333984 54
1781456717056 106.25115966796875 55
1781456720222 99.7088623046875 56
1781456723452 98.63810729980469 57
1781456727032 97.16067504882812 58
1781456730321 93.08560180664062 59
1781456733620 90.98495483398438 60
1781456737112 90.90316772460938 61
1781456740134 90.3586196899414 62
1781456743987 89.3751449584961 63
1781456747226 89.34957122802734 64
1781456750324 84.63876342773438 65
1781456753542 84.62310791015625 66
1781456756799 83.16107177734375 67
1781456760008 83.02192687988281 68
1781456763240 82.64569091796875 69
1781456766528 80.54231262207031 70
1781456769604 80.080322265625 71
1781456772928 76.86677551269531 72
1781456776164 76.59373474121094 73
1781456779411 75.00849914550781 74
1781456782504 73.07230377197266 75
1781456785715 72.37994384765625 76
1781456788854 70.00309753417969 77
1781456792089 69.91384887695312 78
1781456795236 68.59274291992188 79
1781456798448 68.33366394042969 80
1781456801668 65.18515014648438 81
1781456805076 65.13372802734375 82
1781456808469 65.12812805175781 83
1781456811940 65.12480926513672 84
1781456815275 62.85685729980469 85
1781456818388 62.579620361328125 86
1781456821640 60.969261169433594 87
1781456824872 59.72896194458008 88
1781456828324 59.653934478759766 89
1781456831624 59.368988037109375 90
1781456834864 59.29981231689453 91
1781456838504 58.84124755859375 92
1781456841959 58.81828308105469 93
1781456845144 55.749290466308594 94
1781456848380 54.626922607421875 95
1781456851812 53.41021728515625 96
1781456855056 53.31395721435547 97
1781456858374 53.18929672241211 98
1781456861548 52.94677734375 99
1781456865092 52.884071350097656 100
1781456868456 52.569480895996094 101
1781456871572 51.70442199707031 102
1781456874947 51.42118835449219 103
1781456878216 51.329124450683594 104
1781456881571 50.611114501953125 105
1781456884780 47.86243438720703 106
1781456888471 46.94355773925781 107
1781456891672 46.48554229736328 108
1781456895639 46.22972106933594 109
1781456898952 45.84354782104492 110
1781456902196 45.77690124511719 111
1781456905336 45.61201095581055 112
1781456908688 45.35837936401367 113
1781456912424 44.97534942626953 114
1781456915864 44.97526550292969 115
1781456919072 44.565635681152344 116
1781456922272 44.382476806640625 117
1781456925524 44.37676239013672 118
1781456928768 43.91584777832031 119
1781456932000 43.893463134765625 120
1781456935232 43.24686813354492 121
1781456938396 42.80816650390625 122
1781456941553 42.78683853149414 123
1781456944844 42.49333953857422 124
1781456948060 42.126380920410156 125
1781456951236 41.32011032104492 126
1781456954405 41.17027282714844 127
1781456957592 40.39078903198242 128
1781456960764 40.307456970214844 129
1781456964012 39.8774528503418 130
1781456967315 39.576026916503906 131
1781456970543 39.21928405761719 132
1781456973860 39.17625045776367 133
1781456977060 39.02611541748047 134
1781456980312 38.1822509765625 135
1781456983600 35.77924728393555 136
1781456986828 35.77806091308594 137
1781456989984 35.712928771972656 138
1781456993232 34.498382568359375 139
1781456996478 34.216129302978516 140
1781456999700 33.51372528076172 141
1781457003072 33.44367218017578 142
1781457006248 32.955909729003906 143
1781457009590 32.9019889831543 144
1781457012912 32.79357147216797 145
1781457016361 32.78265380859375 146
1781457019488 32.471771240234375 147
1781457023112 32.46436309814453 148
1781457026404 31.988021850585938 149
1781457029836 31.50326919555664 150
1781457033279 30.945457458496094 151
1781457036640 30.785343170166016 152
1781457040360 30.767414093017578 153
1781457044111 30.441024780273438 154
1781457047640 29.12914276123047 155
1781457051058 28.86172866821289 156
1781457054564 28.643692016601562 157
1781457057763 28.1496524810791 158
1781457060972 27.988353729248047 159
1781457064691 27.7025146484375 160
1781457067972 27.380374908447266 161
1781457071192 27.358802795410156 162
1781457074452 26.968544006347656 163
1781457077752 26.931316375732422 164
1781457080996 26.93107795715332 165
1781457084667 26.804271697998047 166
1781457087912 26.337308883666992 167
1781457091056 26.170482635498047 168
1781457094440 26.15118408203125 169
1781457098068 26.147991180419922 170
1781457101412 25.567262649536133 171
1781457104899 25.244121551513672 172
1781457108060 25.093547821044922 173
1781457111316 24.665956497192383 174
1781457114564 24.4488525390625 175
1781457117780 24.43401336669922 176
1781457121300 24.41217041015625 177
1781457124960 24.407054901123047 178
1781457128153 24.40210723876953 179
1781457131428 24.094619750976562 180
1781457134719 23.32349395751953 181
1781457138208 22.964496612548828 182
1781457141552 22.55101203918457 183
1781457144796 22.281801223754883 184
1781457148344 22.278915405273438 185
1781457151807 22.274477005004883 186
1781457155480 21.561603546142578 187
1781457158676 19.226951599121094 188
1781457162448 19.11368179321289 189
1781457165736 18.83087921142578 190
1781457169251 16.25526237487793 191
1781457173120 16.205387115478516 192
1781457176292 14.890975952148438 193
1781457179496 14.889310836791992 194
1781457182784 10.80842113494873 195
1781457185996 8.120770454406738 196
1781457189204 8.116419792175293 197
1781457192644 6.958487510681152 198
1781457196092 7.58706228225492e-05 199
1781457199228 7.603700214531273e-05 200
