1781456540224 0.09891709685325623 1
1781456543477 0.08540701866149902 2
1781456546759 0.07970612496137619 3
1781456550066 0.07473692297935486 4
1781456553470 0.07440709322690964 5
1781456556657 0.07516472041606903 6
1781456559863 0.07053276151418686 7
1781456563110 0.07044928520917892 8
1781456566554 0.06677164882421494 9
1781456569962 0.06596879661083221 10
1781456573507 0.0656573474407196 11
1781456576606 0.06303205341100693 12
1781456580131 0.0627225711941719 13
1781456583890 0.062285296618938446 14
1781456587213 0.060510192066431046 15
1781456590422 0.05949155613780022 16
1781456593251 0.0581691674888134 17
1781456596312 0.057545680552721024 18
1781456599483 0.05687472224235535 19
1781456602536 0.05654635652899742 20
1781456605578 0.05592867359519005 21
1781456608584 0.056169040501117706 22
1781456611610 0.05533203110098839 23
1781456614859 0.05542852729558945 24
1781456618020 0.05526385456323624 25
1781456621621 0.054898880422115326 26
1781456625094 0.054597411304712296 27
1781456628251 0.05440591275691986 28
1781456631410 0.05461068078875542 29
1781456634331 0.05448643118143082 30
1781456637469 0.05455897003412247 31
1781456640947 0.05418325215578079 32
1781456644735 0.0540548674762249 33
1781456647959 0.05420387536287308 34
1781456651368 0.054100118577480316 35
1781456655066 0.053498584777116776 36
1781456658283 0.05314145237207413 37
1781456661499 0.05293295159935951 38
1781456665562 0.052811477333307266 39
1781456668915 0.05223166197538376 40
1781456671992 0.05168278142809868 41
1781456675267 0.051366232335567474 42
1781456678381 0.05099098011851311 43
1781456681493 0.050898849964141846 44
1781456684687 0.05050482973456383 45
1781456687859 0.050153233110904694 46
1781456690919 0.05001026391983032 47
1781456694177 0.04945770651102066 48
1781456697610 0.0492798313498497 49
1781456700848 0.04910809174180031 50
1781456704360 0.0485335998237133 51
1781456707447 0.04839535802602768 52
1781456710729 0.048171840608119965 53
1781456713840 0.04777079448103905 54
1781456717072 0.0474112443625927 55
1781456720236 0.04707282409071922 56
1781456723468 0.046628013253211975 57
1781456727051 0.04627175256609917 58
1781456730336 0.04587741941213608 59
1781456733636 0.045753948390483856 60
1781456737128 0.04552338644862175 61
1781456740149 0.04531904682517052 62
1781456744002 0.04526161029934883 63
1781456747243 0.044654492288827896 64
1781456750340 0.044504035264253616 65
1781456753558 0.04430215805768967 66
1781456756822 0.044040534645318985 67
1781456760024 0.04394720494747162 68
1781456763256 0.043732888996601105 69
1781456766544 0.04355815798044205 70
1781456769621 0.04344265162944794 71
1781456772944 0.04327871650457382 72
1781456776180 0.04309126362204552 73
1781456779426 0.04274589940905571 74
1781456782520 0.04255468770861626 75
1781456785731 0.04238440841436386 76
1781456788870 0.04222763329744339 77
1781456792105 0.042248696088790894 78
1781456795252 0.04197102412581444 79
1781456798464 0.04153549298644066 80
1781456801684 0.041382379829883575 81
1781456805092 0.041272785514593124 82
1781456808485 0.04093737527728081 83
1781456811957 0.040858931839466095 84
1781456815291 0.04059619829058647 85
1781456818404 0.0403168760240078 86
1781456821658 0.040115758776664734 87
1781456824888 0.0400216318666935 88
1781456828339 0.03977728635072708 89
1781456831640 0.039597366005182266 90
1781456834880 0.03955453634262085 91
1781456838520 0.03952568769454956 92
1781456841981 0.03946581482887268 93
1781456845159 0.03932074457406998 94
1781456848396 0.039121441543102264 95
1781456851827 0.03892872855067253 96
1781456855071 0.038804952055215836 97
1781456858401 0.03847827762365341 98
1781456861580 0.03838909789919853 99
1781456865108 0.038250524550676346 100
1781456868471 0.038114797323942184 101
1781456871588 0.037951450794935226 102
1781456874962 0.03767010197043419 103
1781456878232 0.037478797137737274 104
1781456881586 0.03724948316812515 105
1781456884795 0.036944326013326645 106
1781456888485 0.036721859127283096 107
1781456891688 0.036529023200273514 108
1781456895682 0.036360885947942734 109
1781456898993 0.036286793649196625 110
1781456902212 0.03612665832042694 111
1781456905351 0.03593817353248596 112
1781456908703 0.03581879660487175 113
1781456912441 0.03557700663805008 114
1781456915879 0.0352763868868351 115
1781456919088 0.035130977630615234 116
1781456922288 0.03495735302567482 117
1781456925540 0.034797217696905136 118
1781456928784 0.03452108055353165 119
1781456932017 0.034253716468811035 120
1781456935248 0.03405959531664848 121
1781456938412 0.03396192193031311 122
1781456941568 0.033785633742809296 123
1781456944860 0.033569227904081345 124
1781456948076 0.03346686437726021 125
1781456951252 0.03336409851908684 126
1781456954421 0.03323179483413696 127
1781456957607 0.03285043314099312 128
1781456960780 0.032554492354393005 129
1781456964028 0.03230283781886101 130
1781456967330 0.0322636216878891 131
1781456970559 0.03208230435848236 132
1781456973876 0.03197411820292473 133
1781456977076 0.03168077394366264 134
1781456980328 0.03142768517136574 135
1781456983616 0.03133310377597809 136
1781456986844 0.03105785883963108 137
1781456990000 0.030878275632858276 138
1781456993248 0.03065291792154312 139
1781456996493 0.03033292479813099 140
1781456999715 0.030072547495365143 141
1781457003088 0.02984040603041649 142
1781457006263 0.029530538246035576 143
1781457009605 0.029439356178045273 144
1781457012928 0.029278406873345375 145
1781457016377 0.02910863608121872 146
1781457019503 0.028900843113660812 147
1781457023128 0.02845846116542816 148
1781457026419 0.02834678255021572 149
1781457029852 0.028151439502835274 150
1781457033295 0.027963533997535706 151
1781457036657 0.027814792469143867 152
1781457040376 0.02762214094400406 153
1781457044141 0.027382852509617805 154
1781457047656 0.02684885635972023 155
1781457051089 0.026529626920819283 156
1781457054580 0.026464518159627914 157
1781457057777 0.026194952428340912 158
1781457060988 0.025885915383696556 159
1781457064721 0.025681080296635628 160
1781457067988 0.0255508404225111 161
1781457071208 0.025291088968515396 162
1781457074467 0.025012554600834846 163
1781457077768 0.024684036150574684 164
1781457081012 0.024241942912340164 165
1781457084685 0.0238126702606678 166
1781457087929 0.023690739646553993 167
1781457091071 0.02310819737613201 168
1781457094456 0.02286243438720703 169
1781457098083 0.022653790190815926 170
1781457101428 0.022367561236023903 171
1781457104913 0.02212231419980526 172
1781457108076 0.021802855655550957 173
1781457111334 0.02132677100598812 174
1781457114579 0.021024437621235847 175
1781457117796 0.020758075639605522 176
1781457121317 0.01998414658010006 177
1781457124977 0.019773967564105988 178
1781457128169 0.01942167989909649 179
1781457131444 0.01922839693725109 180
1781457134749 0.018809134140610695 181
1781457138223 0.01852286048233509 182
1781457141568 0.018275951966643333 183
1781457144812 0.017928017303347588 184
1781457148359 0.017350109294056892 185
1781457151822 0.01708565279841423 186
1781457155496 0.016530433669686317 187
1781457158692 0.015566620975732803 188
1781457162463 0.014879515394568443 189
1781457165752 0.013901221565902233 190
1781457169266 0.012488298118114471 191
1781457173136 0.011120090261101723 192
1781457176308 0.01088300347328186 193
1781457179512 0.00809129886329174 194
1781457182798 0.005741905886679888 195
1781457186012 0.003744329558685422 196
1781457189220 0.0018138143932446837 197
1781457192674 0.001633411506190896 198
1781457196108 7.300048121550162e-09 199
1781457199244 7.300048121550162e-09 200
