1781456540208 62.009483337402344 1
1781456543445 54.13237762451172 2
1781456546738 54.11831283569336 3
1781456550046 53.567970275878906 4
1781456553450 53.21055603027344 5
1781456556640 51.756591796875 6
1781456559843 45.97240447998047 7
1781456563090 45.79743194580078 8
1781456566534 45.73097229003906 9
1781456569942 45.19131851196289 10
1781456573487 45.12793731689453 11
1781456576586 44.88599395751953 12
1781456580106 44.70946502685547 13
1781456583870 39.76567077636719 14
1781456587189 38.78361892700195 15
1781456590402 37.5821647644043 16
1781456593230 36.03818130493164 17
1781456596294 33.529693603515625 18
1781456599462 32.91558837890625 19
1781456602513 31.52566909790039 20
1781456605558 27.655519485473633 21
1781456608566 23.508676528930664 22
1781456611590 21.367097854614258 23
1781456614842 19.278440475463867 24
1781456617986 18.395503997802734 25
1781456621605 15.818136215209961 26
1781456625074 13.341323852539062 27
1781456628230 12.482462882995605 28
1781456631390 12.110576629638672 29
1781456634310 12.10962200164795 30
1781456637437 8.991948127746582 31
1781456640927 8.348679542541504 32
1781456644715 8.321261405944824 33
1781456647938 5.069012641906738 34
1781456651348 3.4030914306640625 35
1781456655046 3.2963409423828125 36
1781456658263 2.862651824951172 37
1781456661479 2.6852760314941406 38
1781456665542 2.4081220626831055 39
1781456668895 2.325777530670166 40
1781456671971 1.7952336072921753 41
1781456675247 1.773324728012085 42
1781456678362 1.7632036209106445 43
1781456681463 1.687125563621521 44
1781456684667 1.2112224102020264 45
1781456687839 0.9416078329086304 46
1781456690899 0.8733812570571899 47
1781456694158 0.8733810782432556 48
1781456697591 0.8530791401863098 49
1781456700831 0.7004971504211426 50
1781456704343 0.6797728538513184 51
1781456707430 0.6380316615104675 52
1781456710714 0.6073843836784363 53
1781456713823 0.6069265007972717 54
1781456717055 0.6065526008605957 55
1781456720218 0.5647861361503601 56
1781456723450 0.557301938533783 57
1781456727030 0.5570624470710754 58
1781456730320 0.5561943650245667 59
1781456733618 0.5557026863098145 60
1781456737110 0.5553324222564697 61
1781456740132 0.5514907240867615 62
1781456743986 0.5321376919746399 63
1781456747225 0.49632757902145386 64
1781456750323 0.48179590702056885 65
1781456753541 0.47846662998199463 66
1781456756798 0.4759098291397095 67
1781456760006 0.47584041953086853 68
1781456763239 0.3939599394798279 69
1781456766524 0.38723787665367126 70
1781456769602 0.3851251006126404 71
1781456772927 0.3848971128463745 72
1781456776163 0.3766978681087494 73
1781456779410 0.3649129271507263 74
1781456782502 0.3620311915874481 75
1781456785714 0.3619006276130676 76
1781456788852 0.3576602041721344 77
1781456792087 0.3550809621810913 78
1781456795235 0.35447508096694946 79
1781456798447 0.3216117024421692 80
1781456801666 0.3107096552848816 81
1781456805075 0.28776389360427856 82
1781456808468 0.2782062292098999 83
1781456811939 0.26495057344436646 84
1781456815274 0.26262593269348145 85
1781456818387 0.24507060647010803 86
1781456821639 0.2431524693965912 87
1781456824870 0.24283485114574432 88
1781456828322 0.23574167490005493 89
1781456831623 0.23482246696949005 90
1781456834863 0.2263130247592926 91
1781456838503 0.20892760157585144 92
1781456841958 0.20468689501285553 93
1781456845142 0.1977967619895935 94
1781456848379 0.1937563270330429 95
1781456851810 0.1760469377040863 96
1781456855054 0.1747729778289795 97
1781456858370 0.15391570329666138 98
1781456861547 0.15388038754463196 99
1781456865091 0.13620783388614655 100
1781456868454 0.1361388862133026 101
1781456871571 0.13560104370117188 102
1781456874946 0.13350026309490204 103
1781456878215 0.1324101686477661 104
1781456881570 0.13192622363567352 105
1781456884779 0.128255233168602 106
1781456888470 0.1199348121881485 107
1781456891671 0.11501902341842651 108
1781456895638 0.11500250548124313 109
1781456898951 0.11423470824956894 110
1781456902195 0.11247216910123825 111
1781456905334 0.11242939531803131 112
1781456908686 0.11194480955600739 113
1781456912423 0.10322190821170807 114
1781456915862 0.10240799188613892 115
1781456919071 0.10125312954187393 116
1781456922270 0.10111546516418457 117
1781456925523 0.10001526027917862 118
1781456928767 0.09602505713701248 119
1781456931999 0.08662490546703339 120
1781456935231 0.0861603319644928 121
1781456938395 0.0848839282989502 122
1781456941551 0.0833343118429184 123
1781456944843 0.08167475461959839 124
1781456948059 0.07925914973020554 125
1781456951235 0.07754603028297424 126
1781456954404 0.07401394844055176 127
1781456957591 0.07364939153194427 128
1781456960763 0.07112708687782288 129
1781456964011 0.07073548436164856 130
1781456967314 0.05507441610097885 131
1781456970542 0.052376821637153625 132
1781456973859 0.05214691534638405 133
1781456977059 0.04559721052646637 134
1781456980311 0.044459424912929535 135
1781456983599 0.04414154589176178 136
1781456986827 0.04409724473953247 137
1781456989983 0.042304642498493195 138
1781456993231 0.04195687919855118 139
1781456996477 0.038245804607868195 140
1781456999698 0.03526608645915985 141
1781457003071 0.03029310144484043 142
1781457006247 0.02994581311941147 143
1781457009588 0.02985776774585247 144
1781457012911 0.02972618117928505 145
1781457016359 0.028939126059412956 146
1781457019487 0.028456462547183037 147
1781457023111 0.028432369232177734 148
1781457026402 0.027163613587617874 149
1781457029835 0.026948317885398865 150
1781457033278 0.026851173490285873 151
1781457036639 0.026196599006652832 152
1781457040359 0.025463931262493134 153
1781457044110 0.02516189217567444 154
1781457047639 0.025133637711405754 155
1781457051057 0.021595600992441177 156
1781457054563 0.020219439640641212 157
1781457057762 0.01907329261302948 158
1781457060971 0.01805022731423378 159
1781457064690 0.01666443794965744 160
1781457067971 0.015171583741903305 161
1781457071191 0.013041682541370392 162
1781457074451 0.01268269494175911 163
1781457077751 0.012599252164363861 164
1781457080995 0.012501593679189682 165
1781457084665 0.011956553906202316 166
1781457087911 0.009766055271029472 167
1781457091055 0.009728936478495598 168
1781457094439 0.00886895228177309 169
1781457098067 0.007203912828117609 170
1781457101411 0.00374543946236372 171
1781457104897 0.003412604797631502 172
1781457108059 0.0031533436849713326 173
1781457111315 0.0030421880073845387 174
1781457114563 0.003011600812897086 175
1781457117779 0.002937683369964361 176
1781457121299 0.002931273076683283 177
1781457124959 0.002249638084322214 178
1781457128151 0.0021703564561903477 179
1781457131427 0.0020348464604467154 180
1781457134717 0.0015009234193712473 181
1781457138207 0.00138274731580168 182
1781457141551 0.001379017485305667 183
1781457144795 0.0013773874379694462 184
1781457148343 0.0013561048544943333 185
1781457151805 0.0011391029693186283 186
1781457155479 0.000887157628312707 187
1781457158675 0.0008060469408519566 188
1781457162447 0.0008059928077273071 189
1781457165735 0.0006305644637905061 190
1781457169250 0.0006291164318099618 191
1781457173119 0.0006138421013019979 192
1781457176291 0.0001600072137080133 193
1781457179495 9.712710016174242e-05 194
1781457182783 8.488938328810036e-05 195
1781457185995 3.301751348772086e-05 196
1781457189203 2.611262516438728e-06 197
1781457192643 8.3377088344605e-08 198
1781457196091 6.527352436336287e-09 199
1781457199227 2.242683372344345e-09 200
