1781456540226 0.9034132957458496 1
1781456543479 0.9035700559616089 2
1781456546762 0.927308976650238 3
1781456550069 0.9279394149780273 4
1781456553473 0.9453050494194031 5
1781456556660 0.9521355032920837 6
1781456559866 0.9537224173545837 7
1781456563113 0.9577301740646362 8
1781456566557 0.9595587849617004 9
1781456569965 0.9641668796539307 10
1781456573509 0.975999116897583 11
1781456576609 0.9803256392478943 12
1781456580134 0.9912084341049194 13
1781456583893 0.9964656829833984 14
1781456587216 0.9965530037879944 15
1781456590425 0.9966597557067871 16
1781456593253 0.9967969655990601 17
1781456596315 0.9970199465751648 18
1781456599485 0.997074544429779 19
1781456602538 0.9971980452537537 20
1781456605581 0.9975420236587524 21
1781456608587 0.9979106187820435 22
1781456611613 0.9981009364128113 23
1781456614862 0.9982865452766418 24
1781456618022 0.998365044593811 25
1781456621624 0.9985941052436829 26
1781456625097 0.9988142251968384 27
1781456628253 0.9988905787467957 28
1781456631412 0.998923659324646 29
1781456634334 0.9989237189292908 30
1781456637471 0.9992008209228516 31
1781456640950 0.9992579817771912 32
1781456644738 0.999260425567627 33
1781456647962 0.9995494484901428 34
1781456651370 0.9996975660324097 35
1781456655069 0.999707043170929 36
1781456658286 0.9997455477714539 37
1781456661502 0.9997613430023193 38
1781456665565 0.9997859597206116 39
1781456668917 0.999793291091919 40
1781456671995 0.9998404383659363 41
1781456675270 0.9998424053192139 42
1781456678383 0.9998432993888855 43
1781456681495 0.9998500347137451 44
1781456684690 0.9998923540115356 45
1781456687862 0.9999163150787354 46
1781456690922 0.9999223947525024 47
1781456694180 0.9999223947525024 48
1781456697613 0.9999241828918457 49
1781456700850 0.9999377131462097 50
1781456704363 0.9999395608901978 51
1781456707450 0.9999433159828186 52
1781456710732 0.9999459981918335 53
1781456713843 0.9999460577964783 54
1781456717075 0.999946117401123 55
1781456720247 0.9999498128890991 56
1781456723471 0.9999504685401917 57
1781456727065 0.9999504685401917 58
1781456730339 0.9999505877494812 59
1781456733638 0.9999505877494812 60
1781456737130 0.999950647354126 61
1781456740152 0.9999510049819946 62
1781456744004 0.9999527335166931 63
1781456747245 0.9999558925628662 64
1781456750342 0.9999572038650513 65
1781456753560 0.9999575018882751 66
1781456756824 0.9999576807022095 67
1781456760026 0.9999576807022095 68
1781456763258 0.9999650120735168 69
1781456766547 0.9999656081199646 70
1781456769623 0.9999657869338989 71
1781456772947 0.9999657869338989 72
1781456776183 0.9999665021896362 73
1781456779428 0.9999675750732422 74
1781456782522 0.9999678134918213 75
1781456785734 0.9999678134918213 76
1781456788872 0.9999682307243347 77
1781456792107 0.9999684691429138 78
1781456795255 0.9999684691429138 79
1781456798466 0.9999713897705078 80
1781456801686 0.999972403049469 81
1781456805094 0.9999744296073914 82
1781456808488 0.9999752640724182 83
1781456811959 0.9999764561653137 84
1781456815293 0.999976634979248 85
1781456818407 0.999978244304657 86
1781456821661 0.9999783635139465 87
1781456824890 0.9999784231185913 88
1781456828342 0.9999790191650391 89
1781456831643 0.9999791383743286 90
1781456834882 0.9999799132347107 91
1781456838523 0.9999814033508301 92
1781456841984 0.9999818205833435 93
1781456845162 0.9999824166297913 94
1781456848399 0.9999827742576599 95
1781456851830 0.9999843239784241 96
1781456855073 0.9999844431877136 97
1781456858406 0.9999862909317017 98
1781456861582 0.9999863505363464 99
1781456865111 0.9999879002571106 100
1781456868474 0.9999879002571106 101
1781456871590 0.9999879598617554 102
1781456874964 0.9999881386756897 103
1781456878234 0.9999882578849792 104
1781456881588 0.9999882578849792 105
1781456884798 0.9999886155128479 106
1781456888487 0.9999893307685852 107
1781456891691 0.9999897480010986 108
1781456895684 0.9999898076057434 109
1781456898996 0.9999898672103882 110
1781456902214 0.9999899864196777 111
1781456905354 0.9999899864196777 112
1781456908706 0.9999900460243225 113
1781456912443 0.9999908208847046 114
1781456915881 0.9999908804893494 115
1781456919091 0.9999909996986389 116
1781456922290 0.9999909996986389 117
1781456925543 0.9999911189079285 118
1781456928786 0.9999914765357971 119
1781456932019 0.999992311000824 120
1781456935250 0.9999923706054688 121
1781456938415 0.9999924302101135 122
1781456941571 0.9999926090240479 123
1781456944862 0.9999927282333374 124
1781456948078 0.9999929666519165 125
1781456951255 0.999993085861206 126
1781456954423 0.9999934434890747 127
1781456957610 0.9999934434890747 128
1781456960783 0.9999936819076538 129
1781456964030 0.9999937415122986 130
1781456967332 0.9999951124191284 131
1781456970561 0.9999953508377075 132
1781456973878 0.9999953508377075 133
1781456977078 0.9999959468841553 134
1781456980330 0.9999960660934448 135
1781456983619 0.9999960660934448 136
1781456986846 0.9999960660934448 137
1781456990002 0.9999962449073792 138
1781456993250 0.9999962449073792 139
1781456996495 0.9999966025352478 140
1781456999717 0.9999968409538269 141
1781457003090 0.9999973177909851 142
1781457006266 0.9999973177909851 143
1781457009607 0.9999973177909851 144
1781457012930 0.9999973773956299 145
1781457016380 0.9999974370002747 146
1781457019505 0.9999974966049194 147
1781457023130 0.9999974966049194 148
1781457026421 0.9999975562095642 149
1781457029854 0.999997615814209 150
1781457033297 0.999997615814209 151
1781457036660 0.9999976754188538 152
1781457040378 0.9999977350234985 153
1781457044143 0.9999977350234985 154
1781457047658 0.9999977946281433 155
1781457051105 0.9999980926513672 156
1781457054582 0.9999982118606567 157
1781457057779 0.9999983310699463 158
1781457060990 0.9999983906745911 159
1781457064723 0.9999985098838806 160
1781457067991 0.9999986290931702 161
1781457071211 0.9999988675117493 162
1781457074470 0.9999988675117493 163
1781457077771 0.9999988675117493 164
1781457081014 0.9999988675117493 165
1781457084687 0.999998927116394 166
1781457087931 0.9999991059303284 167
1781457091074 0.9999991059303284 168
1781457094458 0.9999992251396179 169
1781457098086 0.9999993443489075 170
1781457101430 0.9999996423721313 171
1781457104915 0.9999997019767761 172
1781457108079 0.9999997019767761 173
1781457111336 0.9999997019767761 174
1781457114582 0.9999997615814209 175
1781457117798 0.9999997615814209 176
1781457121319 0.9999997615814209 177
1781457124979 0.9999998211860657 178
1781457128171 0.9999998211860657 179
1781457131446 0.9999998211860657 180
1781457134751 0.9999998807907104 181
1781457138226 0.9999998807907104 182
1781457141570 0.9999998807907104 183
1781457144815 0.9999998807907104 184
1781457148362 0.9999998807907104 185
1781457151824 0.9999998807907104 186
1781457155498 0.9999999403953552 187
1781457158695 0.9999999403953552 188
1781457162466 0.9999999403953552 189
1781457165755 0.9999999403953552 190
1781457169268 0.9999999403953552 191
1781457173139 0.9999999403953552 192
1781457176310 1.0 193
1781457179514 1.0 194
1781457182800 1.0 195
1781457186015 1.0 196
1781457189222 1.0 197
1781457192677 1.0 198
1781457196111 1.0 199
1781457199247 1.0 200
