1781456540205 399.82464599609375 1
1781456543443 324.3937072753906 2
1781456546735 298.7348327636719 3
1781456550043 274.0003967285156 4
1781456553447 251.74819946289062 5
1781456556635 235.72503662109375 6
1781456559839 221.7839813232422 7
1781456563087 210.2476348876953 8
1781456566531 199.83914184570312 9
1781456569939 190.77301025390625 10
1781456573483 182.0665283203125 11
1781456576583 175.22496032714844 12
1781456580103 168.7520294189453 13
1781456583867 163.19158935546875 14
1781456587187 157.76431274414062 15
1781456590399 152.57992553710938 16
1781456593227 147.8022003173828 17
1781456596291 143.22503662109375 18
1781456599459 139.058837890625 19
1781456602510 135.01087951660156 20
1781456605555 131.27230834960938 21
1781456608563 127.60485076904297 22
1781456611587 124.27039337158203 23
1781456614839 121.07300567626953 24
1781456617983 118.03791046142578 25
1781456621602 115.10867309570312 26
1781456625071 112.28802490234375 27
1781456628227 109.53805541992188 28
1781456631387 106.95394897460938 29
1781456634307 104.4736557006836 30
1781456637435 102.07693481445312 31
1781456640923 99.81660461425781 32
1781456644712 97.64958953857422 33
1781456647935 95.55162048339844 34
1781456651344 93.51571655273438 35
1781456655043 91.55796813964844 36
1781456658259 89.62228393554688 37
1781456661475 87.80138397216797 38
1781456665539 86.00935363769531 39
1781456668891 84.2965316772461 40
1781456671968 82.6656265258789 41
1781456675243 81.09200286865234 42
1781456678359 79.548095703125 43
1781456681459 78.0338134765625 44
1781456684663 76.55675506591797 45
1781456687835 75.13005065917969 46
1781456690895 73.72100830078125 47
1781456694155 72.34767150878906 48
1781456697588 71.02508544921875 49
1781456700828 69.70808410644531 50
1781456704340 68.45143127441406 51
1781456707427 67.2086410522461 52
1781456710711 65.99955749511719 53
1781456713820 64.81230163574219 54
1781456717052 63.67414093017578 55
1781456720214 62.55051803588867 56
1781456723448 61.449188232421875 57
1781456727012 60.371337890625 58
1781456730317 59.3156623840332 59
1781456733615 58.29541015625 60
1781456737108 57.28782272338867 61
1781456740127 56.306846618652344 62
1781456743983 55.33333969116211 63
1781456747221 54.380313873291016 64
1781456750320 53.447792053222656 65
1781456753538 52.5295524597168 66
1781456756795 51.63301086425781 67
1781456760004 50.76351547241211 68
1781456763236 49.91519546508789 69
1781456766522 49.07765197753906 70
1781456769600 48.24837875366211 71
1781456772924 47.431304931640625 72
1781456776160 46.6269645690918 73
1781456779407 45.82912063598633 74
1781456782500 45.052574157714844 75
1781456785711 44.281524658203125 76
1781456788850 43.54972839355469 77
1781456792084 42.829376220703125 78
1781456795232 42.1183967590332 79
1781456798444 41.415283203125 80
1781456801664 40.72987747192383 81
1781456805072 40.047325134277344 82
1781456808465 39.36865234375 83
1781456811936 38.69792175292969 84
1781456815271 38.034156799316406 85
1781456818384 37.38378143310547 86
1781456821636 36.738441467285156 87
1781456824868 36.105655670166016 88
1781456828320 35.48642349243164 89
1781456831620 34.8769645690918 90
1781456834860 34.27052307128906 91
1781456838500 33.67677688598633 92
1781456841955 33.0898323059082 93
1781456845140 32.51665115356445 94
1781456848376 31.95549774169922 95
1781456851808 31.397249221801758 96
1781456855052 30.844013214111328 97
1781456858365 30.305883407592773 98
1781456861544 29.771059036254883 99
1781456865088 29.243696212768555 100
1781456868452 28.718786239624023 101
1781456871568 28.211044311523438 102
1781456874944 27.710294723510742 103
1781456878212 27.213041305541992 104
1781456881568 26.722909927368164 105
1781456884776 26.239408493041992 106
1781456888468 25.76565170288086 107
1781456891668 25.29767608642578 108
1781456895631 24.842369079589844 109
1781456898949 24.388704299926758 110
1781456902192 23.938434600830078 111
1781456905332 23.490646362304688 112
1781456908684 23.049537658691406 113
1781456912420 22.609294891357422 114
1781456915860 22.1795711517334 115
1781456919068 21.757081985473633 116
1781456922267 21.3386173248291 117
1781456925520 20.924060821533203 118
1781456928764 20.514070510864258 119
1781456931996 20.106473922729492 120
1781456935228 19.703628540039062 121
1781456938392 19.303377151489258 122
1781456941549 18.905942916870117 123
1781456944840 18.52422523498535 124
1781456948056 18.143394470214844 125
1781456951232 17.76734161376953 126
1781456954401 17.39621353149414 127
1781456957588 17.032201766967773 128
1781456960760 16.669790267944336 129
1781456964008 16.309345245361328 130
1781456967312 15.953603744506836 131
1781456970540 15.601293563842773 132
1781456973856 15.252074241638184 133
1781456977056 14.909052848815918 134
1781456980308 14.572942733764648 135
1781456983596 14.237926483154297 136
1781456986824 13.90374755859375 137
1781456989980 13.57554817199707 138
1781456993228 13.251008033752441 139
1781456996474 12.927803039550781 140
1781456999696 12.610299110412598 141
1781457003068 12.296411514282227 142
1781457006244 11.985482215881348 143
1781457009586 11.675115585327148 144
1781457012908 11.372270584106445 145
1781457016356 11.070514678955078 146
1781457019484 10.7724027633667 147
1781457023108 10.47815227508545 148
1781457026400 10.18582820892334 149
1781457029832 9.897174835205078 150
1781457033275 9.611016273498535 151
1781457036636 9.329379081726074 152
1781457040356 9.053522109985352 153
1781457044104 8.781211853027344 154
1781457047636 8.510890007019043 155
1781457051055 8.243350982666016 156
1781457054560 7.978794097900391 157
1781457057760 7.718211650848389 158
1781457060968 7.461333751678467 159
1781457064687 7.206915378570557 160
1781457067968 6.955188751220703 161
1781457071188 6.707790374755859 162
1781457074448 6.463741302490234 163
1781457077748 6.2244133949279785 164
1781457080992 5.988039493560791 165
1781457084663 5.752569198608398 166
1781457087908 5.5201544761657715 167
1781457091052 5.290393829345703 168
1781457094436 5.060877799987793 169
1781457098064 4.8357110023498535 170
1781457101408 4.613885879516602 171
1781457104892 4.394925594329834 172
1781457108056 4.177992343902588 173
1781457111312 3.9659488201141357 174
1781457114560 3.758125066757202 175
1781457117776 3.550917387008667 176
1781457121296 3.3479013442993164 177
1781457124956 3.149707078933716 178
1781457128148 2.9519097805023193 179
1781457131424 2.759082555770874 180
1781457134715 2.5674948692321777 181
1781457138204 2.3787355422973633 182
1781457141548 2.191739797592163 183
1781457144792 2.009202003479004 184
1781457148340 1.831729531288147 185
1781457151803 1.655411720275879 186
1781457155476 1.4842476844787598 187
1781457158672 1.3218142986297607 188
1781457162444 1.1674631834030151 189
1781457165732 1.0166717767715454 190
1781457169248 0.8720705509185791 191
1781457173116 0.7325507402420044 192
1781457176288 0.6017180681228638 193
1781457179492 0.47880470752716064 194
1781457182780 0.3581840395927429 195
1781457185992 0.252140074968338 196
1781457189200 0.14994269609451294 197
1781457192640 0.07015382498502731 198
1781457196088 3.092600991294603e-06 199
1781457199224 3.0968951705290237e-06 200
