1781456540221 30.409446716308594 1
1781456543473 20.51806640625 2
1781456546755 19.799392700195312 3
1781456550062 19.24726104736328 4
1781456553466 15.722620010375977 5
1781456556654 14.764177322387695 6
1781456559859 14.850836753845215 7
1781456563106 11.131805419921875 8
1781456566550 11.131035804748535 9
1781456569958 11.148754119873047 10
1781456573502 8.640962600708008 11
1781456576602 8.523022651672363 12
1781456580123 8.436412811279297 13
1781456583886 7.930581092834473 14
1781456587210 7.8089094161987305 15
1781456590418 7.803500175476074 16
1781456593246 7.2324981689453125 17
1781456596308 6.629892826080322 18
1781456599478 6.631468772888184 19
1781456602533 6.630182266235352 20
1781456605574 6.536075115203857 21
1781456608580 6.329890251159668 22
1781456611606 6.300819396972656 23
1781456614855 6.242591857910156 24
1781456618016 6.215043067932129 25
1781456621617 6.214053153991699 26
1781456625090 5.355138778686523 27
1781456628246 5.252329349517822 28
1781456631405 5.253124713897705 29
1781456634327 5.154480934143066 30
1781456637466 5.150750160217285 31
1781456640943 4.975849151611328 32
1781456644731 4.976829528808594 33
1781456647954 4.719803810119629 34
1781456651363 4.518121242523193 35
1781456655062 4.5163044929504395 36
1781456658279 4.515041351318359 37
1781456661495 4.524954319000244 38
1781456665558 4.382925510406494 39
1781456668910 4.364561557769775 40
1781456671988 4.356411933898926 41
1781456675262 4.33805513381958 42
1781456678377 4.338957786560059 43
1781456681488 4.328338623046875 44
1781456684683 3.9300997257232666 45
1781456687855 3.930983066558838 46
1781456690915 3.9208719730377197 47
1781456694174 3.902499198913574 48
1781456697606 3.864286184310913 49
1781456700844 3.8620269298553467 50
1781456704357 3.8502197265625 51
1781456707443 3.8487493991851807 52
1781456710726 3.8131048679351807 53
1781456713837 3.7597880363464355 54
1781456717069 3.757658004760742 55
1781456720233 3.7519636154174805 56
1781456723465 3.687398910522461 57
1781456727047 3.5926084518432617 58
1781456730333 3.5835483074188232 59
1781456733632 3.579207420349121 60
1781456737124 3.5818047523498535 61
1781456740146 3.5745320320129395 62
1781456743999 3.519387722015381 63
1781456747238 3.506507396697998 64
1781456750336 3.5131993293762207 65
1781456753554 3.5133228302001953 66
1781456756818 3.4247281551361084 67
1781456760020 3.3671650886535645 68
1781456763252 3.367142677307129 69
1781456766540 3.3295340538024902 70
1781456769617 3.271113634109497 71
1781456772940 3.270993947982788 72
1781456776177 3.270984172821045 73
1781456779422 3.1715850830078125 74
1781456782516 3.0792505741119385 75
1781456785727 3.000232696533203 76
1781456788866 2.987677812576294 77
1781456792101 2.955423355102539 78
1781456795249 2.95174503326416 79
1781456798460 2.9438772201538086 80
1781456801680 2.9179177284240723 81
1781456805088 2.864910840988159 82
1781456808482 2.859924793243408 83
1781456811953 2.824099540710449 84
1781456815287 2.8227734565734863 85
1781456818400 2.819230556488037 86
1781456821654 2.8110427856445312 87
1781456824884 2.805262327194214 88
1781456828336 2.8036460876464844 89
1781456831637 2.8088607788085938 90
1781456834876 2.7452592849731445 91
1781456838517 2.7426342964172363 92
1781456841978 2.73417329788208 93
1781456845156 2.732139825820923 94
1781456848393 2.695430278778076 95
1781456851824 2.6639328002929688 96
1781456855067 2.6560921669006348 97
1781456858397 2.650172233581543 98
1781456861576 2.648353099822998 99
1781456865105 2.6427478790283203 100
1781456868468 2.6406702995300293 101
1781456871584 2.6369969844818115 102
1781456874958 2.6291282176971436 103
1781456878228 2.6313281059265137 104
1781456881583 2.6086602210998535 105
1781456884792 2.4245338439941406 106
1781456888482 2.422982692718506 107
1781456891685 2.409799098968506 108
1781456895664 2.4100069999694824 109
1781456898974 2.3991708755493164 110
1781456902208 2.400754690170288 111
1781456905348 2.4052791595458984 112
1781456908700 2.3955209255218506 113
1781456912437 2.390629291534424 114
1781456915875 2.3905892372131348 115
1781456919085 2.358503818511963 116
1781456922284 2.350212812423706 117
1781456925537 2.335787296295166 118
1781456928780 2.3222062587738037 119
1781456932013 2.311333179473877 120
1781456935244 2.2739336490631104 121
1781456938409 2.273620128631592 122
1781456941565 2.2488667964935303 123
1781456944857 2.243102550506592 124
1781456948072 2.2375125885009766 125
1781456951249 2.234219551086426 126
1781456954417 2.2205848693847656 127
1781456957604 2.201209545135498 128
1781456960777 2.1781628131866455 129
1781456964024 2.162611484527588 130
1781456967326 2.1434216499328613 131
1781456970555 2.142697334289551 132
1781456973872 2.1426100730895996 133
1781456977072 2.1409707069396973 134
1781456980324 2.1138148307800293 135
1781456983612 2.1141815185546875 136
1781456986841 2.1126086711883545 137
1781456989996 2.1095213890075684 138
1781456993244 2.0356264114379883 139
1781456996489 2.0208215713500977 140
1781456999711 2.0213756561279297 141
1781457003084 2.014096260070801 142
1781457006260 1.9476673603057861 143
1781457009601 1.941786766052246 144
1781457012924 1.936553955078125 145
1781457016373 1.9118543863296509 146
1781457019499 1.8897085189819336 147
1781457023124 1.8904976844787598 148
1781457026415 1.8641409873962402 149
1781457029848 1.8464577198028564 150
1781457033291 1.842703938484192 151
1781457036654 1.8371219635009766 152
1781457040372 1.827223300933838 153
1781457044122 1.8106539249420166 154
1781457047652 1.8068761825561523 155
1781457051085 1.8059461116790771 156
1781457054576 1.7951382398605347 157
1781457057774 1.7537413835525513 158
1781457060984 1.749426245689392 159
1781457064717 1.7365853786468506 160
1781457067985 1.7339112758636475 161
1781457071205 1.728224515914917 162
1781457074464 1.745088815689087 163
1781457077765 1.7278838157653809 164
1781457081008 1.7264807224273682 165
1781457084681 1.7232563495635986 166
1781457087924 1.7145628929138184 167
1781457091068 1.7039194107055664 168
1781457094452 1.7059818506240845 169
1781457098080 1.706301212310791 170
1781457101424 1.6779534816741943 171
1781457104910 1.669158935546875 172
1781457108073 1.6677329540252686 173
1781457111329 1.6626803874969482 174
1781457114576 1.6510045528411865 175
1781457117792 1.6505646705627441 176
1781457121313 1.6502408981323242 177
1781457124973 1.6505963802337646 178
1781457128165 1.6502461433410645 179
1781457131440 1.6403520107269287 180
1781457134745 1.6131112575531006 181
1781457138220 1.6036710739135742 182
1781457141564 1.5950216054916382 183
1781457144808 1.5813405513763428 184
1781457148356 1.5810445547103882 185
1781457151818 1.5814940929412842 186
1781457155492 1.5704569816589355 187
1781457158688 1.3324060440063477 188
1781457162460 1.3329474925994873 189
1781457165749 1.3350253105163574 190
1781457169262 1.3265868425369263 191
1781457173133 1.3268029689788818 192
1781457176304 1.2118730545043945 193
1781457179508 1.1973092555999756 194
1781457182794 1.0467506647109985 195
1781457186008 0.8253872394561768 196
1781457189216 0.48417365550994873 197
1781457192671 0.4523317515850067 198
1781457196105 0.002411303576081991 199
1781457199241 0.0024102437309920788 200
