1781456540214 7.87460994720459 1
1781456543451 7.357470989227295 2
1781456546746 7.356514930725098 3
1781456550054 7.319014072418213 4
1781456553457 7.294556617736816 5
1781456556647 7.194205284118652 6
1781456559851 6.780295372009277 7
1781456563098 6.7673797607421875 8
1781456566542 6.762467861175537 9
1781456569950 6.722448825836182 10
1781456573494 6.717732906341553 11
1781456576594 6.699700832366943 12
1781456580114 6.686513900756836 13
1781456583877 6.306002616882324 14
1781456587195 6.227649688720703 15
1781456590410 6.130429267883301 16
1781456593238 6.003180980682373 17
1781456596300 5.790482997894287 18
1781456599470 5.737210750579834 19
1781456602521 5.614772319793701 20
1781456605566 5.258851528167725 21
1781456608572 4.848574638366699 22
1781456611597 4.622455596923828 23
1781456614848 4.390722274780273 24
1781456617997 4.288998126983643 25
1781456621610 3.9772021770477295 26
1781456625082 3.6525776386260986 27
1781456628238 3.533052921295166 28
1781456631397 3.480025291442871 29
1781456634318 3.4798882007598877 30
1781456637443 2.998657703399658 31
1781456640935 2.8894081115722656 32
1781456644722 2.884659767150879 33
1781456647945 2.2514467239379883 34
1781456651355 1.8447469472885132 35
1781456655053 1.8155827522277832 36
1781456658270 1.6919373273849487 37
1781456661486 1.638681173324585 38
1781456665550 1.5518125295639038 39
1781456668902 1.5250500440597534 40
1781456671979 1.3398633003234863 41
1781456675254 1.3316624164581299 42
1781456678369 1.3278567790985107 43
1781456681480 1.298893928527832 44
1781456684674 1.1005555391311646 45
1781456687846 0.9703648090362549 46
1781456690906 0.9345486760139465 47
1781456694166 0.9345486164093018 48
1781456697597 0.9236228466033936 49
1781456700837 0.8369570970535278 50
1781456704349 0.8244833946228027 51
1781456707436 0.7987688183784485 52
1781456710720 0.7793486714363098 53
1781456713829 0.7790548801422119 54
1781456717062 0.7788148522377014 55
1781456720226 0.7515225410461426 56
1781456723457 0.7465265989303589 57
1781456727040 0.7463661432266235 58
1781456730325 0.7457844018936157 59
1781456733625 0.7454546689987183 60
1781456737117 0.7452062964439392 61
1781456740138 0.7426242232322693 62
1781456743992 0.7294777035713196 63
1781456747231 0.704505205154419 64
1781456750329 0.6941152215003967 65
1781456753547 0.6917127966880798 66
1781456756811 0.6898621916770935 67
1781456760013 0.6898118853569031 68
1781456763245 0.6276623010635376 69
1781456766533 0.6222844123840332 70
1781456769609 0.6205844879150391 71
1781456772933 0.6204007863998413 72
1781456776170 0.6137571930885315 73
1781456779416 0.6040802597999573 74
1781456782509 0.6016902923583984 75
1781456785720 0.6015817523002625 76
1781456788859 0.5980470180511475 77
1781456792094 0.5958867073059082 78
1781456795241 0.5953781008720398 79
1781456798453 0.5671082139015198 80
1781456801673 0.5574133396148682 81
1781456805081 0.5364363193511963 82
1781456808474 0.5274525880813599 83
1781456811946 0.5147334933280945 84
1781456815280 0.5124704241752625 85
1781456818393 0.49504607915878296 86
1781456821645 0.4931049346923828 87
1781456824877 0.4927827715873718 88
1781456828329 0.48553237318992615 89
1781456831629 0.48458483815193176 90
1781456834869 0.4757236838340759 91
1781456838509 0.4570859968662262 92
1781456841963 0.4524233639240265 93
1781456845149 0.44474348425865173 94
1781456848385 0.4401776194572449 95
1781456851816 0.41957947611808777 96
1781456855060 0.4180585741996765 97
1781456858379 0.3923209309577942 98
1781456861569 0.3922758996486664 99
1781456865097 0.36906346678733826 100
1781456868460 0.36897003650665283 101
1781456871577 0.36824047565460205 102
1781456874952 0.36537688970565796 103
1781456878221 0.3638820946216583 104
1781456881576 0.36321648955345154 105
1781456884785 0.3581273853778839 106
1781456888476 0.34631606936454773 107
1781456891678 0.3391445577144623 108
1781456895656 0.33912017941474915 109
1781456898957 0.3379862606525421 110
1781456902201 0.33536869287490845 111
1781456905341 0.3353049159049988 112
1781456908693 0.33458155393600464 113
1781456912430 0.32128167152404785 114
1781456915868 0.32001248002052307 115
1781456919077 0.3182029724121094 116
1781456922277 0.3179865777492523 117
1781456925529 0.3162519037723541 118
1781456928773 0.3098790943622589 119
1781456932006 0.29432108998298645 120
1781456935237 0.29353079199790955 121
1781456938401 0.2913484573364258 122
1781456941558 0.28867682814598083 123
1781456944849 0.2857879400253296 124
1781456948065 0.2815300226211548 125
1781456951241 0.27847087383270264 126
1781456954410 0.272055059671402 127
1781456957597 0.27138420939445496 128
1781456960769 0.26669663190841675 129
1781456964017 0.2659614384174347 130
1781456967320 0.23467938601970673 131
1781456970548 0.2288598269224167 132
1781456973865 0.2283569872379303 133
1781456977065 0.21353504061698914 134
1781456980317 0.21085403859615326 135
1781456983605 0.21009889245033264 136
1781456986833 0.20999343693256378 137
1781456989989 0.20568092167377472 138
1781456993237 0.20483379065990448 139
1781456996482 0.1955653429031372 140
1781456999704 0.18779267370700836 141
1781457003077 0.17404913902282715 142
1781457006253 0.17304858565330505 143
1781457009594 0.17279399931430817 144
1781457012917 0.17241282761096954 145
1781457016366 0.17011503875255585 146
1781457019492 0.16869042813777924 147
1781457023117 0.16861900687217712 148
1781457026408 0.16481387615203857 149
1781457029841 0.16415943205356598 150
1781457033284 0.16386327147483826 151
1781457036645 0.1618536412715912 152
1781457040365 0.1595742255449295 153
1781457044115 0.15862500667572021 154
1781457047645 0.1585359126329422 155
1781457051063 0.14695441722869873 156
1781457054569 0.14219507575035095 157
1781457057768 0.1381060928106308 158
1781457060977 0.13435113430023193 159
1781457064695 0.129090815782547 160
1781457067977 0.12317298352718353 161
1781457071198 0.11420018970966339 162
1781457074457 0.11261747032403946 163
1781457077758 0.11224638670682907 164
1781457081001 0.11181052774190903 165
1781457084671 0.10934602469205856 166
1781457087917 0.09882335364818573 167
1781457091060 0.09863536804914474 168
1781457094445 0.09417511522769928 169
1781457098073 0.08487586677074432 170
1781457101417 0.06119999662041664 171
1781457104903 0.05841750279068947 172
1781457108066 0.05615464225411415 173
1781457111322 0.05515603348612785 174
1781457114569 0.054878052324056625 175
1781457117785 0.05420039966702461 176
1781457121306 0.05414123088121414 177
1781457124966 0.04743035137653351 178
1781457128158 0.046587083488702774 179
1781457131433 0.04510927200317383 180
1781457134723 0.03874175250530243 181
1781457138213 0.03718531131744385 182
1781457141557 0.03713512420654297 183
1781457144801 0.03711317107081413 184
1781457148349 0.036825329065322876 185
1781457151811 0.03375060111284256 186
1781457155485 0.029785191640257835 187
1781457158681 0.02839096635580063 188
1781457162453 0.028390012681484222 189
1781457165741 0.025111041963100433 190
1781457169256 0.025082193315029144 191
1781457173125 0.024775836616754532 192
1781457176297 0.012649395503103733 193
1781457179501 0.009855308569967747 194
1781457182788 0.009213543497025967 195
1781457186001 0.005746086593717337 196
1781457189209 0.0016159401275217533 197
1781457192652 0.0002887509181164205 198
1781457196098 8.079202962107956e-05 199
1781457199234 4.735697802971117e-05 200
