1781456540220 2.780587673187256 1
1781456543456 2.3662023544311523 2
1781456546753 2.3666114807128906 3
1781456550060 2.3342530727386475 4
1781456553464 2.3586130142211914 5
1781456556652 2.355347156524658 6
1781456559858 2.1300439834594727 7
1781456563105 2.1831822395324707 8
1781456566549 2.1760714054107666 9
1781456569957 2.1373538970947266 10
1781456573501 2.1358463764190674 11
1781456576601 2.1108217239379883 12
1781456580121 2.1025390625 13
1781456583884 2.0970571041107178 14
1781456587200 2.025268077850342 15
1781456590417 1.9548685550689697 16
1781456593245 1.969679832458496 17
1781456596307 1.8788080215454102 18
1781456599477 1.867262601852417 19
1781456602532 1.8022160530090332 20
1781456605573 1.8104326725006104 21
1781456608579 1.8086694478988647 22
1781456611604 1.8101255893707275 23
1781456614854 1.816943883895874 24
1781456618015 1.8170299530029297 25
1781456621616 1.6689860820770264 26
1781456625089 1.5178947448730469 27
1781456628245 1.4632971286773682 28
1781456631404 1.431278944015503 29
1781456634325 1.4319701194763184 30
1781456637465 1.2521717548370361 31
1781456640942 1.2119966745376587 32
1781456644729 1.2090814113616943 33
1781456647953 0.8972314596176147 34
1781456651362 0.7169359922409058 35
1781456655060 0.7033032178878784 36
1781456658277 0.6648841500282288 37
1781456661493 0.6537888050079346 38
1781456665557 0.6172870397567749 39
1781456668909 0.6051721572875977 40
1781456671986 0.5284668207168579 41
1781456675261 0.5267524719238281 42
1781456678375 0.5243031978607178 43
1781456681487 0.5145012140274048 44
1781456684681 0.43154311180114746 45
1781456687853 0.37960052490234375 46
1781456690913 0.3658420145511627 47
1781456694172 0.3658407926559448 48
1781456697604 0.35936811566352844 49
1781456700843 0.3256256878376007 50
1781456704355 0.32050850987434387 51
1781456707442 0.310932993888855 52
1781456710725 0.3042021095752716 53
1781456713836 0.304010272026062 54
1781456717068 0.303882360458374 55
1781456720232 0.2928183078765869 56
1781456723463 0.2909323573112488 57
1781456727046 0.2908332943916321 58
1781456730331 0.29039859771728516 59
1781456733631 0.290345162153244 60
1781456737123 0.28977829217910767 61
1781456740145 0.288263738155365 62
1781456743998 0.2823883295059204 63
1781456747237 0.27201056480407715 64
1781456750335 0.2670976519584656 65
1781456753553 0.2656249403953552 66
1781456756817 0.2643188536167145 67
1781456760019 0.2644435465335846 68
1781456763251 0.24110153317451477 69
1781456766539 0.23850801587104797 70
1781456769616 0.23761264979839325 71
1781456772939 0.23745036125183105 72
1781456776176 0.2361488938331604 73
1781456779421 0.23189173638820648 74
1781456782515 0.23105959594249725 75
1781456785726 0.23093712329864502 76
1781456788865 0.22943328320980072 77
1781456792100 0.22922921180725098 78
1781456795247 0.2291194498538971 79
1781456798459 0.2188945710659027 80
1781456801679 0.21518409252166748 81
1781456805087 0.20748883485794067 82
1781456808480 0.2039983719587326 83
1781456811952 0.19858786463737488 84
1781456815286 0.19755874574184418 85
1781456818399 0.18902166187763214 86
1781456821653 0.18816542625427246 87
1781456824883 0.1882980465888977 88
1781456828335 0.18555757403373718 89
1781456831636 0.18586859107017517 90
1781456834875 0.18257835507392883 91
1781456838516 0.17495274543762207 92
1781456841977 0.1731666624546051 93
1781456845155 0.17082065343856812 94
1781456848391 0.17028912901878357 95
1781456851822 0.16074976325035095 96
1781456855066 0.160623699426651 97
1781456858396 0.15041667222976685 98
1781456861575 0.15034833550453186 99
1781456865104 0.1413855254650116 100
1781456868466 0.1413613259792328 101
1781456871583 0.14113262295722961 102
1781456874957 0.14015915989875793 103
1781456878227 0.14008989930152893 104
1781456881582 0.1398005336523056 105
1781456884791 0.13812357187271118 106
1781456888481 0.13341718912124634 107
1781456891684 0.13077718019485474 108
1781456895662 0.130733460187912 109
1781456898973 0.13036443293094635 110
1781456902207 0.1294068545103073 111
1781456905347 0.12945345044136047 112
1781456908698 0.12903806567192078 113
1781456912436 0.12434037029743195 114
1781456915874 0.12422877550125122 115
1781456919084 0.12388915568590164 116
1781456922283 0.12373480200767517 117
1781456925535 0.12282241880893707 118
1781456928779 0.12019214779138565 119
1781456932012 0.11335952579975128 120
1781456935243 0.1131833866238594 121
1781456938407 0.11267343163490295 122
1781456941564 0.11156870424747467 123
1781456944855 0.11031915247440338 124
1781456948071 0.10851185023784637 125
1781456951247 0.10728730261325836 126
1781456954416 0.10465659201145172 127
1781456957603 0.10431483387947083 128
1781456960775 0.1026604026556015 129
1781456964023 0.10233457386493683 130
1781456967325 0.09114483743906021 131
1781456970554 0.08874104917049408 132
1781456973871 0.08861896395683289 133
1781456977071 0.08243856579065323 134
1781456980323 0.08118022978305817 135
1781456983611 0.08085019886493683 136
1781456986839 0.08088301122188568 137
1781456989995 0.07944312691688538 138
1781456993243 0.07917986810207367 139
1781456996488 0.07593920826911926 140
1781456999710 0.07289741188287735 141
1781457003083 0.06752900779247284 142
1781457006258 0.06715761125087738 143
1781457009600 0.0670802891254425 144
1781457012923 0.0669068843126297 145
1781457016372 0.06614728271961212 146
1781457019498 0.0657048374414444 147
1781457023123 0.06569596379995346 148
1781457026414 0.06391638517379761 149
1781457029847 0.06348659098148346 150
1781457033290 0.0634254664182663 151
1781457036652 0.06253695487976074 152
1781457040371 0.06162557750940323 153
1781457044121 0.0611656978726387 154
1781457047651 0.0611308254301548 155
1781457051068 0.05599728226661682 156
1781457054575 0.05400790274143219 157
1781457057773 0.05273696780204773 158
1781457060983 0.051351286470890045 159
1781457064700 0.049359697848558426 160
1781457067983 0.046940699219703674 161
1781457071203 0.043296653777360916 162
1781457074463 0.04254728928208351 163
1781457077764 0.0424257256090641 164
1781457081007 0.042255036532878876 165
1781457084680 0.04129904881119728 166
1781457087923 0.0372140035033226 167
1781457091066 0.03715814650058746 168
1781457094451 0.03518495708703995 169
1781457098078 0.03149420768022537 170
1781457101423 0.022061873227357864 171
1781457104909 0.020890384912490845 172
1781457108072 0.020105445757508278 173
1781457111328 0.019684871658682823 174
1781457114575 0.019591515883803368 175
1781457117791 0.019341807812452316 176
1781457121312 0.019326308742165565 177
1781457124972 0.016938354820013046 178
1781457128164 0.01670503243803978 179
1781457131439 0.01610308699309826 180
1781457134728 0.01395486295223236 181
1781457138219 0.01325204037129879 182
1781457141563 0.013267215341329575 183
1781457144807 0.013252710923552513 184
1781457148355 0.013145248405635357 185
1781457151817 0.012017352506518364 186
1781457155491 0.010565963573753834 187
1781457158687 0.010032480582594872 188
1781457162459 0.010031338781118393 189
1781457165747 0.00886568520218134 190
1781457169261 0.008839949034154415 191
1781457173131 0.00872042030096054 192
1781457176303 0.004265385679900646 193
1781457179507 0.003233400173485279 194
1781457182793 0.002980937249958515 195
1781457186007 0.001427896204404533 196
1781457189215 0.0004699859709944576 197
1781457192670 0.00012118107406422496 198
1781457196104 2.4603528800071217e-05 199
1781457199239 2.4166392904589884e-05 200
