1782219950655 0.0 1
1782219950657 0.0 2
1782219950658 0.0 3
1782219950659 0.0 4
1782219950660 0.0 5
1782219950662 0.0 6
1782219950663 0.0 7
1782219950664 0.0 8
1782219950665 0.0 9
1782219950667 0.0 10
1782219950668 0.0 11
1782219950669 0.0 12
1782219950670 0.0 13
1782219950671 0.0 14
1782219950673 0.0 15
1782219950674 0.0 16
1782219950675 0.0 17
1782219950676 0.0 18
1782219950678 0.0 19
1782219950679 0.0 20
1782219950680 0.0 21
1782219950681 0.0 22
1782219950683 0.0 23
1782219950684 0.0 24
1782219950685 0.0 25
1782219950686 0.0 26
1782219950688 0.0 27
1782219950689 0.0 28
1782219950690 0.0 29
1782219950691 0.0 30
1782219950692 0.0 31
1782219950694 0.0 32
1782219950695 0.0 33
1782219950696 0.0 34
1782219950697 0.0 35
1782219950699 0.0 36
1782219950700 0.0 37
1782219950701 0.0 38
1782219950702 0.0 39
1782219950704 0.0 40
1782219950705 0.0 41
1782219950706 0.0 42
1782219950707 0.0 43
1782219950708 0.0 44
1782219950710 0.0 45
1782219950711 0.0 46
1782219950712 0.0 47
1782219950713 0.0 48
1782219950715 0.0 49
1782219950716 0.0 50
1782219950717 0.0 51
1782219950718 0.0 52
1782219950719 0.0 53
1782219950721 0.0 54
1782219950722 0.0 55
1782219950723 0.0 56
1782219950724 0.0 57
1782219950726 0.0 58
1782219950727 0.0 59
1782219950728 0.0 60
1782219950729 0.0 61
1782219950731 0.0 62
1782219950732 0.0 63
1782219950733 0.0 64
1782219950734 0.0 65
1782219950735 0.0 66
1782219950737 0.0 67
1782219950738 0.0 68
1782219950739 0.0 69
1782219950740 0.0 70
1782219950742 0.0 71
