1782219950568 0.0 1
1782219950570 0.0 2
1782219950571 0.0 3
1782219950572 0.0 4
1782219950573 0.0 5
1782219950575 0.0 6
1782219950576 0.0 7
1782219950577 0.0 8
1782219950578 0.0 9
1782219950580 0.0 10
1782219950581 0.0 11
1782219950582 0.0 12
1782219950583 0.0 13
1782219950585 0.0 14
1782219950586 0.0 15
1782219950587 0.0 16
1782219950588 0.0 17
1782219950590 0.0 18
1782219950591 0.0 19
1782219950592 0.0 20
1782219950593 0.0 21
1782219950595 0.0 22
1782219950596 0.0 23
1782219950597 0.0 24
1782219950598 0.0 25
1782219950600 0.0 26
1782219950601 0.0 27
1782219950602 0.0 28
1782219950603 0.0 29
1782219950604 0.0 30
1782219950605 0.0 31
1782219950607 0.0 32
1782219950608 0.0 33
1782219950609 0.0 34
1782219950610 0.0 35
1782219950612 0.0 36
1782219950613 0.0 37
1782219950614 0.0 38
1782219950615 0.0 39
1782219950616 0.0 40
1782219950618 0.0 41
1782219950619 0.0 42
1782219950620 0.0 43
1782219950621 0.0 44
1782219950622 0.0 45
1782219950624 0.0 46
1782219950625 0.0 47
1782219950626 0.0 48
1782219950627 0.0 49
1782219950629 0.0 50
1782219950630 0.0 51
1782219950631 0.0 52
1782219950632 0.0 53
1782219950634 0.0 54
1782219950635 0.0 55
1782219950636 0.0 56
1782219950637 0.0 57
1782219950639 0.0 58
1782219950640 0.0 59
1782219950641 0.0 60
1782219950642 0.0 61
1782219950643 0.0 62
1782219950644 0.0 63
1782219950646 0.0 64
1782219950647 0.0 65
1782219950648 0.0 66
1782219950649 0.0 67
1782219950650 0.0 68
1782219950652 0.0 69
1782219950653 0.0 70
1782219950654 0.0 71
