1782219950392 0.08784505106508732 1
1782219950393 0.03133997890166938 2
1782219950394 0.015867860913276674 3
1782219950396 0.010107996801380068 4
1782219950397 0.007054393657017499 5
1782219950398 0.005365914632566273 6
1782219950399 0.00459678184823133 7
1782219950401 0.003724260978633538 8
1782219950402 0.003187651843763888 9
1782219950403 0.0028509281569859012 10
1782219950404 0.0026088268391322345 11
1782219950406 0.002390666514984332 12
1782219950407 0.0022182065981905907 13
1782219950408 0.002119001595128793 14
1782219950410 0.001973504517227411 15
1782219950411 0.0019490451650926843 16
1782219950412 0.0018875086607295088 17
1782219950413 0.0016954534861724825 18
1782219950415 0.001649702109862119 19
1782219950416 0.0015633664667257109 20
1782219950417 0.0015321987753850407 21
1782219950418 0.0015594635187881067 22
1782219950420 0.0014760540609131568 23
1782219950421 0.0016175207869673614 24
1782219950422 0.001494803933892399 25
1782219950423 0.001404141604580218 26
1782219950424 0.0012992388810380362 27
1782219950426 0.0012697996172937565 28
1782219950427 0.0012538790653343313 29
1782219950428 0.0012539055559318514 30
1782219950429 0.0012284058223303873 31
1782219950431 0.0012396451157110277 32
1782219950432 0.0012479070251720258 33
1782219950433 0.0012299493602768053 34
1782219950434 0.001217270076740533 35
1782219950436 0.0011560787186317611 36
1782219950437 0.0011488857278163778 37
1782219950438 0.0011313664296176286 38
1782219950439 0.0011571918125264347 39
1782219950441 0.001148046091911965 40
1782219950442 0.0011408001287054504 41
1782219950443 0.001124277718263329 42
1782219950444 0.0011182337866921443 43
1782219950446 0.0011184172071807552 44
1782219950447 0.001059407099019154 45
1782219950448 0.0010475731349288253 46
1782219950449 0.0010373048443580047 47
1782219950451 0.0010231478385685478 48
1782219950452 0.0009705176616262178 49
1782219950453 0.0009110757460439344 50
1782219950454 0.0008933003386846394 51
1782219950456 0.0008805685241532046 52
1782219950457 0.0008710173509462038 53
1782219950458 0.0008631836283166194 54
1782219950459 0.0008591357127443189 55
1782219950461 0.0008501906388482894 56
1782219950462 0.0008367880139121553 57
1782219950463 0.000831332080924767 58
1782219950464 0.0008262472865681048 59
1782219950466 0.0008211804078382556 60
1782219950467 0.0008171474129630951 61
1782219950468 0.0008136240110979998 62
1782219950469 0.0008089300504434504 63
1782219950470 0.0008034604847853189 64
1782219950472 0.0007993684899702203 65
1782219950473 0.000796267753430584 66
1782219950474 0.0007935453241225332 67
1782219950475 0.0007906586175522534 68
1782219950477 0.0007881198474206031 69
1782219950478 0.0007842938595058513 70
1782219950479 0.0007817153545329347 71
