1783897311467 0.0 1
1783897311469 0.0 2
1783897311470 0.0 3
1783897311471 0.0 4
1783897311472 0.0 5
1783897311473 0.0 6
1783897311475 0.0 7
1783897311476 0.0 8
1783897311477 0.0 9
1783897311478 0.0 10
1783897311479 0.0 11
1783897311480 0.0 12
1783897311482 0.0 13
1783897311483 0.0 14
1783897311484 0.0 15
1783897311485 0.0 16
1783897311486 0.0 17
1783897311488 0.0 18
1783897311489 0.0 19
1783897311490 0.0 20
1783897311491 0.0 21
1783897311492 0.0 22
1783897311493 0.0 23
1783897311495 0.0 24
1783897311496 0.0 25
1783897311497 0.0 26
1783897311498 0.0 27
1783897311499 0.0 28
1783897311501 0.0 29
1783897311502 0.0 30
1783897311503 0.0 31
1783897311504 0.0 32
1783897311505 0.0 33
1783897311506 0.0 34
1783897311508 0.0 35
1783897311509 0.0 36
1783897311510 0.0 37
1783897311511 0.0 38
1783897311512 0.0 39
1783897311513 0.0 40
1783897311515 0.0 41
1783897311516 0.0 42
1783897311517 0.0 43
1783897311518 0.0 44
1783897311519 0.0 45
1783897311521 0.0 46
1783897311522 0.0 47
1783897311523 0.0 48
1783897311524 0.0 49
1783897311525 0.0 50
1783897311526 0.0 51
1783897311528 0.0 52
1783897311529 0.0 53
1783897311530 0.0 54
1783897311531 0.0 55
1783897311532 0.0 56
1783897311534 0.0 57
1783897311535 0.0 58
1783897311536 0.0 59
1783897311537 0.0 60
1783897311538 0.0 61
1783897311539 0.0 62
1783897311541 0.0 63
1783897311542 0.0 64
1783897311543 0.0 65
1783897311544 0.0 66
1783897311545 0.0 67
1783897311547 0.0 68
1783897311548 0.0 69
1783897311549 0.0 70
1783897311550 0.0 71
1783897311551 0.0 72
1783897311552 0.0 73
1783897311554 0.0 74
1783897311555 0.0 75
1783897311556 0.0 76
1783897311557 0.0 77
1783897311558 0.0 78
1783897311559 0.0 79
1783897311561 0.0 80
1783897311562 0.0 81
1783897311563 0.0 82
1783897311564 0.0 83
1783897311565 0.0 84
1783897311566 0.0 85
1783897311568 0.0 86
1783897311569 0.0 87
1783897311570 0.0 88
1783897311571 0.0 89
1783897311572 0.0 90
1783897311574 0.0 91
1783897311575 0.0 92
1783897311576 0.0 93
1783897311577 0.0 94
1783897311578 0.0 95
1783897311579 0.0 96
1783897311581 0.0 97
1783897311582 0.0 98
1783897311583 0.0 99
1783897311584 0.0 100
1783897311585 0.0 101
1783897311586 0.0 102
1783897311588 0.0 103
1783897311589 0.0 104
1783897311590 0.0 105
1783897311591 0.0 106
1783897311592 0.0 107
1783897311594 0.0 108
1783897311595 0.0 109
1783897311596 0.0 110
1783897311597 0.0 111
1783897311599 0.0 112
1783897311600 0.0 113
1783897311601 0.0 114
1783897311602 0.0 115
1783897311603 0.0 116
1783897311605 0.0 117
1783897311606 0.0 118
1783897311607 0.0 119
1783897311608 0.0 120
1783897311609 0.0 121
1783897311610 0.0 122
1783897311612 0.0 123
1783897311613 0.0 124
1783897311614 0.0 125
1783897311615 0.0 126
1783897311616 0.0 127
1783897311618 0.0 128
1783897311619 0.0 129
1783897311620 0.0 130
1783897311621 0.0 131
1783897311622 0.0 132
1783897311623 0.0 133
1783897311625 0.0 134
1783897311626 0.0 135
1783897311627 0.0 136
1783897311628 0.0 137
1783897311629 0.0 138
1783897311630 0.0 139
1783897311632 0.0 140
1783897311633 0.0 141
1783897311634 0.0 142
1783897311635 0.0 143
1783897311636 0.0 144
1783897311638 0.0 145
1783897311639 0.0 146
1783897311640 0.0 147
1783897311641 0.0 148
1783897311642 0.0 149
1783897311643 0.0 150
1783897311645 0.0 151
1783897311646 0.0 152
