1783897310926 0.025593045922287273 1
1783897310928 0.0038638025207910686 2
1783897310929 0.003699071134615224 3
1783897310930 0.003225576244003605 4
1783897310931 0.003029479706892744 5
1783897310933 0.0028346802285523155 6
1783897310934 0.002641620780341327 7
1783897310935 0.0026610414391325323 8
1783897310936 0.002420100144809112 9
1783897310937 0.0023863297965726815 10
1783897310938 0.002072205292643048 11
1783897310940 0.001991142935876269 12
1783897310941 0.0020297594150179067 13
1783897310942 0.002051129035971826 14
1783897310943 0.0017793266926310026 15
1783897310944 0.0018485345429508015 16
1783897310946 0.0020480589066573882 17
1783897310947 0.0017948021876509302 18
1783897310948 0.0017252992297289893 19
1783897310949 0.0015914313605753705 20
1783897310950 0.0016633642418310045 21
1783897310952 0.0016241655914927833 22
1783897310953 0.0016209518675168511 23
1783897310954 0.001569890190367005 24
1783897310955 0.0017637485578597988 25
1783897310956 0.0016860191273735837 26
1783897310958 0.001545021009806078 27
1783897310959 0.0014936811276857042 28
1783897310960 0.0017292835984699195 29
1783897310961 0.0015939491193421417 30
1783897310962 0.001525249480837374 31
1783897310964 0.0014344068986974889 32
1783897310965 0.001325068194855703 33
1783897310966 0.0013638928897853474 34
1783897310967 0.0014085985179553972 35
1783897310968 0.001391517106021638 36
1783897310970 0.0014263158445828594 37
1783897310971 0.001322627105837455 38
1783897310972 0.0013620497011288535 39
1783897310973 0.001381087203408242 40
1783897310974 0.0012776676949579268 41
1783897310975 0.0011986464892834192 42
1783897310977 0.0011965569933090592 43
1783897310978 0.00119300141785061 44
1783897310979 0.0014094081601069774 45
1783897310980 0.0014830475326016313 46
1783897310981 0.0013990913121233461 47
1783897310983 0.001197015336874756 48
1783897310984 0.0010990107851830543 49
1783897310985 0.0010792328122624895 50
1783897310986 0.0010783610421640332 51
1783897310987 0.0011048135211603948 52
1783897310989 0.0012979860280029243 53
1783897310990 0.0011632051353080897 54
1783897310991 0.0011121125629142625 55
1783897310992 0.0010966269415075658 56
1783897310993 0.0011158033461833839 57
1783897310994 0.0011323837186500896 58
1783897310996 0.0011053774072206579 59
1783897310997 0.001018452576608979 60
1783897310998 0.0011775348241644678 61
1783897310999 0.0010604739212431013 62
1783897311000 0.0009635152599366848 63
1783897311002 0.0009340131827775622 64
1783897311003 0.0009307230488775531 65
1783897311004 0.0010792332844721385 66
1783897311005 0.0009909417555172696 67
1783897311006 0.0009052512000926071 68
1783897311008 0.0010095193934830603 69
1783897311009 0.000922914897892042 70
1783897311010 0.0010972616262733936 71
1783897311011 0.0010879981157631846 72
1783897311012 0.00096816328157729 73
1783897311013 0.000878134866579785 74
1783897311015 0.0008041784438682953 75
1783897311016 0.0007911220395180863 76
1783897311017 0.0007608016760786995 77
1783897311018 0.0008755188695795369 78
1783897311019 0.0011076018918538466 79
1783897311021 0.000987199796945788 80
1783897311022 0.0009096734923514305 81
1783897311023 0.0008172727392957313 82
1783897311024 0.0007802983099099947 83
1783897311025 0.0007685750294331228 84
1783897311027 0.0007348701756563969 85
1783897311028 0.0008363638608716429 86
1783897311029 0.000786797383116209 87
1783897311030 0.0007851822770317085 88
1783897311031 0.0008114196825772524 89
1783897311032 0.0006965249083441449 90
1783897311034 0.0006232982449000702 91
1783897311035 0.0005919249536964344 92
1783897311036 0.0005768326320685446 93
1783897311037 0.0005628557486488716 94
1783897311038 0.0005535162545129424 95
1783897311039 0.0005492322857026011 96
1783897311041 0.0005542590839468176 97
1783897311042 0.000559597093379125 98
1783897311043 0.0005955975047254469 99
1783897311044 0.0006035228070686571 100
1783897311045 0.0006149790884956019 101
1783897311047 0.0005599470088782255 102
1783897311048 0.0005256275691499468 103
1783897311049 0.0005124508305016206 104
1783897311050 0.0005051289495168021 105
1783897311051 0.0004887318702822086 106
1783897311053 0.0004689693646650994 107
1783897311054 0.0004583782519330271 108
1783897311055 0.00045238767124828884 109
1783897311056 0.00044822052939707646 110
1783897311057 0.00044477189188910413 111
1783897311058 0.00044189720909344033 112
1783897311060 0.0004405926037725294 113
1783897311061 0.00044145402243884747 114
1783897311062 0.0004480735740435193 115
1783897311063 0.0004502695741393836 116
1783897311064 0.0004453832350554876 117
1783897311066 0.00044050169264664874 118
1783897311067 0.00042138863111176763 119
1783897311068 0.000408284299846855 120
1783897311069 0.0004043213074328378 121
1783897311070 0.0004016666148163495 122
1783897311071 0.00039953330877324334 123
1783897311073 0.0003975045204060734 124
1783897311074 0.0003956723264491302 125
1783897311075 0.00039461617638153257 126
1783897311076 0.0003937024595143157 127
1783897311077 0.0003924465796080767 128
1783897311079 0.0003913932238720008 129
1783897311080 0.00038930367056309477 130
1783897311081 0.00038801923292339777 131
1783897311082 0.00038106533240352293 132
1783897311083 0.0003773580583219882 133
1783897311085 0.0003758300616391352 134
1783897311086 0.0003747138821927365 135
1783897311087 0.0003736297540308442 136
1783897311088 0.0003725456307438435 137
1783897311089 0.0003714461324852891 138
1783897311090 0.0003706604251419776 139
1783897311092 0.0003696571188265807 140
1783897311093 0.00036880834832118123 141
1783897311094 0.00036762234012712727 142
1783897311095 0.00036678802945971255 143
1783897311097 0.00036558190877258314 144
1783897311098 0.0003627066131593892 145
1783897311099 0.0003615741308385623 146
1783897311100 0.0003609948952725972 147
1783897311101 0.00036041930376086385 148
1783897311103 0.0003598417503235396 149
1783897311104 0.00035936733558628476 150
1783897311105 0.0003587661242636386 151
1783897311106 0.0003582286477831076 152
