1783897311287 0.0 1
1783897311288 0.0 2
1783897311290 0.0 3
1783897311291 0.0 4
1783897311292 0.0 5
1783897311293 0.0 6
1783897311294 0.0 7
1783897311296 0.0 8
1783897311297 0.0 9
1783897311298 0.0 10
1783897311299 0.0 11
1783897311300 0.0 12
1783897311302 0.0 13
1783897311303 0.0 14
1783897311304 0.0 15
1783897311305 0.0 16
1783897311306 0.0 17
1783897311308 0.0 18
1783897311309 0.0 19
1783897311310 0.0 20
1783897311311 0.0 21
1783897311312 0.0 22
1783897311313 0.0 23
1783897311315 0.0 24
1783897311316 0.0 25
1783897311317 0.0 26
1783897311318 0.0 27
1783897311319 0.0 28
1783897311321 0.0 29
1783897311322 0.0 30
1783897311323 0.0 31
1783897311324 0.0 32
1783897311325 0.0 33
1783897311326 0.0 34
1783897311328 0.0 35
1783897311329 0.0 36
1783897311330 0.0 37
1783897311331 0.0 38
1783897311332 0.0 39
1783897311334 0.0 40
1783897311335 0.0 41
1783897311336 0.0 42
1783897311337 0.0 43
1783897311338 0.0 44
1783897311339 0.0 45
1783897311341 0.0 46
1783897311342 0.0 47
1783897311343 0.0 48
1783897311344 0.0 49
1783897311345 0.0 50
1783897311347 0.0 51
1783897311348 0.0 52
1783897311349 0.0 53
1783897311350 0.0 54
1783897311351 0.0 55
1783897311353 0.0 56
1783897311354 0.0 57
1783897311355 0.0 58
1783897311356 0.0 59
1783897311357 0.0 60
1783897311358 0.0 61
1783897311360 0.0 62
1783897311361 0.0 63
1783897311362 0.0 64
1783897311363 0.0 65
1783897311365 0.0 66
1783897311366 0.0 67
1783897311367 0.0 68
1783897311368 0.0 69
1783897311369 0.0 70
1783897311370 0.0 71
1783897311372 0.0 72
1783897311373 0.0 73
1783897311374 0.0 74
1783897311375 0.0 75
1783897311376 0.0 76
1783897311377 0.0 77
1783897311379 0.0 78
1783897311380 0.0 79
1783897311381 0.0 80
1783897311382 0.0 81
1783897311383 0.0 82
1783897311385 0.0 83
1783897311386 0.0 84
1783897311387 0.0 85
1783897311388 0.0 86
1783897311389 0.0 87
1783897311390 0.0 88
1783897311392 0.0 89
1783897311393 0.0 90
1783897311394 0.0 91
1783897311395 0.0 92
1783897311396 0.0 93
1783897311398 0.0 94
1783897311399 0.0 95
1783897311400 0.0 96
1783897311401 0.0 97
1783897311402 0.0 98
1783897311403 0.0 99
1783897311405 0.0 100
1783897311406 0.0 101
1783897311407 0.0 102
1783897311408 0.0 103
1783897311409 0.0 104
1783897311411 0.0 105
1783897311412 0.0 106
1783897311413 0.0 107
1783897311414 0.0 108
1783897311415 0.0 109
1783897311417 0.0 110
1783897311418 0.0 111
1783897311419 0.0 112
1783897311420 0.0 113
1783897311421 0.0 114
1783897311423 0.0 115
1783897311424 0.0 116
1783897311425 0.0 117
1783897311426 0.0 118
1783897311427 0.0 119
1783897311428 0.0 120
1783897311430 0.0 121
1783897311431 0.0 122
1783897311432 0.0 123
1783897311433 0.0 124
1783897311434 0.0 125
1783897311435 0.0 126
1783897311437 0.0 127
1783897311438 0.0 128
1783897311439 0.0 129
1783897311440 0.0 130
1783897311441 0.0 131
1783897311442 0.0 132
1783897311444 0.0 133
1783897311445 0.0 134
1783897311446 0.0 135
1783897311447 0.0 136
1783897311448 0.0 137
1783897311450 0.0 138
1783897311451 0.0 139
1783897311452 0.0 140
1783897311453 0.0 141
1783897311454 0.0 142
1783897311455 0.0 143
1783897311457 0.0 144
1783897311458 0.0 145
1783897311459 0.0 146
1783897311460 0.0 147
1783897311461 0.0 148
1783897311463 0.0 149
1783897311464 0.0 150
1783897311465 0.0 151
1783897311466 0.0 152
