1783880462709 0.2618331437557936 1
1783880462711 0.2309576151520014 2
1783880462712 0.1902239414304495 3
1783880462713 0.14634701058268548 4
1783880462714 0.11017517436295748 5
1783880462715 0.08046323530375958 6
1783880462717 0.054073406886309384 7
1783880462718 0.03423884152434766 8
1783880462719 0.023508222857490182 9
1783880462720 0.017555512045510112 10
1783880462721 0.013847297057509422 11
1783880462722 0.011311648683622479 12
1783880462724 0.00947714609792456 13
1783880462725 0.00807363327825442 14
1783880462726 0.006971068128477782 15
1783880462727 0.006058779561426491 16
1783880462728 0.005323466354748234 17
1783880462730 0.004700152832083404 18
1783880462731 0.004187127902405337 19
1783880462732 0.003760487742256373 20
1783880462733 0.0034267227741656826 21
1783880462734 0.003147041613701731 22
1783880462735 0.002892382111749612 23
1783880462737 0.0026770709169795736 24
1783880462738 0.002499647347140126 25
1783880462739 0.002340673542348668 26
1783880462740 0.002215005013567861 27
1783880462741 0.002103430507122539 28
1783880462742 0.0019946979140513577 29
1783880462744 0.0019065513819805347 30
1783880462745 0.0018328424080391414 31
1783880462746 0.0017745244660181925 32
1783880462747 0.0017074434660025873 33
1783880462748 0.0016458700885414147 34
1783880462749 0.0015911421907367186 35
1783880462751 0.0015419120687874966 36
1783880462752 0.001514410944946576 37
1783880462753 0.001483810535282828 38
1783880462754 0.0014439915663388091 39
1783880462755 0.0014117089648789261 40
1783880462756 0.0013850180256122257 41
1783880462758 0.0013625046546803788 42
1783880462759 0.001331422383809695 43
1783880462760 0.0013066352909663693 44
1783880462761 0.001282005308457883 45
1783880462762 0.0012638332461938262 46
1783880462763 0.0012461637069645804 47
1783880462765 0.0012278505566791864 48
1783880462766 0.0012368342187983217 49
1783880462767 0.001234788576111896 50
1783880462768 0.0012041703002614668 51
1783880462769 0.0011842744442401455 52
1783880462770 0.0011671261188166682 53
1783880462772 0.0011586659772729036 54
1783880462773 0.0011459079189080513 55
1783880462774 0.0011333891454705736 56
1783880462775 0.0011178702208417236 57
1783880462776 0.0011141009649873013 58
1783880462777 0.0011118524327321212 59
1783880462779 0.0010991514168563299 60
1783880462780 0.0010745940823835554 61
1783880462781 0.0010659510157711338 62
1783880462782 0.001058793299671379 63
1783880462783 0.0010526855018542847 64
1783880462785 0.0010478730094473576 65
1783880462786 0.0010427903690288075 66
1783880462787 0.001035809894965496 67
1783880462788 0.001032620053520077 68
1783880462789 0.001029655725651537 69
1783880462790 0.0010270581162330928 70
1783880462791 0.001024196712387493 71
1783880462793 0.0010214356402866542 72
1783880462794 0.0010187867936474503 73
1783880462795 0.0010146584879112198 74
1783880462796 0.0010130642871081362 75
1783880462797 0.0010115021021920257 76
1783880462798 0.0010100162459275453 77
1783880462800 0.001008423266466707 78
1783880462801 0.0010068324560415932 79
1783880462802 0.001005168676347239 80
1783880462803 0.0010028560415958055 81
1783880462804 0.0010019518533954397 82
