1783880463005 0.0 1
1783880463006 0.0 2
1783880463008 0.0 3
1783880463009 0.0 4
1783880463010 0.0 5
1783880463011 0.0 6
1783880463012 0.0 7
1783880463014 0.0 8
1783880463015 0.0 9
1783880463016 0.0 10
1783880463017 0.0 11
1783880463018 0.0 12
1783880463019 0.0 13
1783880463021 0.0 14
1783880463022 0.0 15
1783880463023 0.0 16
1783880463024 0.0 17
1783880463025 0.0 18
1783880463026 0.0 19
1783880463028 0.0 20
1783880463029 0.0 21
1783880463030 0.0 22
1783880463031 0.0 23
1783880463032 0.0 24
1783880463033 0.0 25
1783880463035 0.0 26
1783880463036 0.0 27
1783880463037 0.0 28
1783880463038 0.0 29
1783880463039 0.0 30
1783880463041 0.0 31
1783880463042 0.0 32
1783880463043 0.0 33
1783880463044 0.0 34
1783880463045 0.0 35
1783880463046 0.0 36
1783880463048 0.0 37
1783880463049 0.0 38
1783880463050 0.0 39
1783880463051 0.0 40
1783880463052 0.0 41
1783880463054 0.0 42
1783880463055 0.0 43
1783880463056 0.0 44
1783880463057 0.0 45
1783880463058 0.0 46
1783880463059 0.0 47
1783880463061 0.0 48
1783880463062 0.0 49
1783880463063 0.0 50
1783880463064 0.0 51
1783880463065 0.0 52
1783880463066 0.0 53
1783880463068 0.0 54
1783880463069 0.0 55
1783880463070 0.0 56
1783880463071 0.0 57
1783880463072 0.0 58
1783880463073 0.0 59
1783880463075 0.0 60
1783880463076 0.0 61
1783880463077 0.0 62
1783880463078 0.0 63
1783880463079 0.0 64
1783880463081 0.0 65
1783880463082 0.0 66
1783880463083 0.0 67
1783880463084 0.0 68
1783880463085 0.0 69
1783880463086 0.0 70
1783880463088 0.0 71
1783880463089 0.0 72
1783880463090 0.0 73
1783880463091 0.0 74
1783880463092 0.0 75
1783880463093 0.0 76
1783880463095 0.0 77
1783880463096 0.0 78
1783880463097 0.0 79
1783880463098 0.0 80
1783880463099 0.0 81
1783880463100 0.0 82
