1782690657135 0.0 1
1782690657136 0.0 2
1782690657137 0.0 3
1782690657138 0.0 4
1782690657139 0.0 5
1782690657140 0.0 6
1782690657141 0.0 7
1782690657142 0.0 8
1782690657143 0.0 9
1782690657144 0.0 10
1782690657145 0.0 11
1782690657147 0.0 12
1782690657148 0.0 13
1782690657149 0.0 14
1782690657150 0.0 15
1782690657151 0.0 16
1782690657152 0.0 17
1782690657153 0.0 18
1782690657154 0.0 19
1782690657155 0.0 20
1782690657156 0.0 21
1782690657157 0.0 22
1782690657158 0.0 23
1782690657159 0.0 24
1782690657161 0.0 25
1782690657162 0.0 26
1782690657163 0.0 27
1782690657164 0.0 28
1782690657165 0.0 29
1782690657166 0.0 30
1782690657167 0.0 31
1782690657168 0.0 32
1782690657169 0.0 33
1782690657170 0.0 34
1782690657171 0.0 35
1782690657172 0.0 36
1782690657173 0.0 37
1782690657175 0.0 38
1782690657176 0.0 39
1782690657177 0.0 40
1782690657178 0.0 41
1782690657179 0.0 42
1782690657180 0.0 43
1782690657181 0.0 44
1782690657182 0.0 45
1782690657183 0.0 46
1782690657184 0.0 47
1782690657185 0.0 48
1782690657186 0.0 49
1782690657187 0.0 50
1782690657188 0.0 51
1782690657189 0.0 52
1782690657190 0.0 53
1782690657191 0.0 54
1782690657192 0.0 55
