1782690657075 0.0 1
1782690657076 0.0 2
1782690657077 0.0 3
1782690657078 0.0 4
1782690657079 0.0 5
1782690657081 0.0 6
1782690657082 0.0 7
1782690657083 0.0 8
1782690657084 0.0 9
1782690657085 0.0 10
1782690657086 0.0 11
1782690657087 0.0 12
1782690657088 0.0 13
1782690657089 0.0 14
1782690657090 0.0 15
1782690657091 0.0 16
1782690657092 0.0 17
1782690657094 0.0 18
1782690657095 0.0 19
1782690657096 0.0 20
1782690657097 0.0 21
1782690657098 0.0 22
1782690657099 0.0 23
1782690657100 0.0 24
1782690657101 0.0 25
1782690657102 0.0 26
1782690657103 0.0 27
1782690657104 0.0 28
1782690657105 0.0 29
1782690657106 0.0 30
1782690657108 0.0 31
1782690657109 0.0 32
1782690657110 0.0 33
1782690657111 0.0 34
1782690657112 0.0 35
1782690657113 0.0 36
1782690657114 0.0 37
1782690657115 0.0 38
1782690657116 0.0 39
1782690657117 0.0 40
1782690657118 0.0 41
1782690657119 0.0 42
1782690657121 0.0 43
1782690657122 0.0 44
1782690657123 0.0 45
1782690657124 0.0 46
1782690657125 0.0 47
1782690657126 0.0 48
1782690657127 0.0 49
1782690657128 0.0 50
1782690657129 0.0 51
1782690657130 0.0 52
1782690657131 0.0 53
1782690657132 0.0 54
1782690657133 0.0 55
