1782690656955 0.07811474719084799 1
1782690656956 0.01653313130605966 2
1782690656957 0.008093892955221236 3
1782690656959 0.005358907345216721 4
1782690656960 0.0041263466095551845 5
1782690656961 0.0035025448107626287 6
1782690656962 0.002671305791591294 7
1782690656963 0.0022227464473689906 8
1782690656964 0.0021399824085528963 9
1782690656965 0.0019018585636513307 10
1782690656966 0.001900113170268014 11
1782690656967 0.0017967045115074142 12
1782690656968 0.0016873231396311893 13
1782690656970 0.0016307613442768344 14
1782690656971 0.0014987903641304002 15
1782690656972 0.0014399266024702228 16
1782690656973 0.001382760542910546 17
1782690656974 0.0014000906754517927 18
1782690656975 0.0013512805673235562 19
1782690656976 0.0013489667527028359 20
1782690656977 0.0013743698653706814 21
1782690656978 0.0013050915718486066 22
1782690656979 0.0012294454689254053 23
1782690656980 0.0012368921836605296 24
1782690656982 0.0012384476570150582 25
1782690656983 0.0011992479867330985 26
1782690656984 0.001240974238826311 27
1782690656985 0.0012985872455465142 28
1782690656986 0.0011799124283425045 29
1782690656987 0.0011704361972078915 30
1782690656988 0.0011193150327017064 31
1782690656989 0.0010734092733764556 32
1782690656990 0.0010279939238535007 33
1782690656991 0.0009718425665778341 34
1782690656992 0.0009464741875854088 35
1782690656993 0.0009330519489594736 36
1782690656995 0.0009155265537265223 37
1782690656996 0.0009061198512063128 38
1782690656997 0.0009033456647011917 39
1782690656998 0.0008929574565263465 40
1782690656999 0.0008771972738031763 41
1782690657000 0.0008639322785893455 42
1782690657001 0.0008543878206546652 43
1782690657002 0.0008474124316126109 44
1782690657003 0.0008406936156097799 45
1782690657004 0.0008343622350730584 46
1782690657005 0.0008243101191328606 47
1782690657007 0.0008181671015699976 48
1782690657008 0.0008138186420183046 49
1782690657009 0.0008097413093855721 50
1782690657010 0.0008056633618616616 51
1782690657011 0.0008019940166559536 52
1782690657012 0.0007978916907450184 53
1782690657013 0.0007924239108251641 54
1782690657014 0.0007895678275599494 55
