1780314182111 0.10242194509133697 1
1780314182113 0.03876912579871714 2
1780314182115 0.020577332526445388 3
1780314182118 0.01320622069761157 4
1780314182120 0.009363006188068538 5
1780314182122 0.007245930091012269 6
1780314182125 0.00571987678296864 7
1780314182127 0.004781015446642414 8
1780314182129 0.004115188909927383 9
1780314182131 0.0036839445470832287 10
1780314182134 0.0032437222567386925 11
1780314182136 0.0029927408118965103 12
1780314182138 0.002801675403607078 13
1780314182141 0.0025503798824502155 14
1780314182143 0.0024073911586310714 15
1780314182145 0.0022848133876686915 16
1780314182148 0.0022183229061192833 17
1780314182150 0.0021217083104420453 18
1780314182153 0.0020925467132474297 19
1780314182155 0.001996626722975634 20
1780314182158 0.0019415534532163292 21
1780314182161 0.001888479306071531 22
1780314182163 0.0018994200351880864 23
1780314182166 0.0018733788910321892 24
1780314182168 0.001715750094735995 25
1780314182171 0.0017511931534681935 26
1780314182173 0.0017076601693406701 27
1780314182176 0.001640459881600691 28
1780314182178 0.001621655852359254 29
1780314182181 0.0015975144976982847 30
1780314182183 0.0015380985099181998 31
1780314182185 0.0014875338603451383 32
1780314182188 0.0014756530910381117 33
1780314182190 0.0014847951674892101 34
1780314182192 0.0015593817214539741 35
1780314182194 0.0015685196388221811 36
1780314182197 0.001504046239424497 37
1780314182199 0.0014194361302361357 38
1780314182201 0.0013847337057814003 39
1780314182204 0.0013801608164794744 40
1780314182206 0.0013575546308857156 41
1780314182208 0.0014007883879821748 42
1780314182211 0.001417121611739276 43
1780314182213 0.001443126447702525 44
1780314182215 0.001366146800428396 45
1780314182218 0.00136710206643329 46
1780314182220 0.0013506589194730622 47
1780314182223 0.0013798515146481805 48
1780314182225 0.0013175236307142767 49
1780314182227 0.0012901732143654953 50
1780314182229 0.0012873547927301843 51
1780314182232 0.00127842929061444 52
1780314182234 0.0012545629205123988 53
1780314182236 0.0012547381957119796 54
1780314182239 0.0012604607958928682 55
1780314182241 0.001254804570271517 56
1780314182243 0.00124334346561227 57
1780314182246 0.0013559609802905471 58
1780314182248 0.0013181272095971507 59
1780314182250 0.0012510544228280197 60
1780314182253 0.001234251115092775 61
1780314182255 0.0012005877166666324 62
1780314182257 0.0011639226409170078 63
1780314182260 0.0011481600917613833 64
1780314182262 0.0011366621827619383 65
1780314182264 0.001191758008862962 66
1780314182267 0.001177009218663443 67
1780314182269 0.0012136350434593624 68
1780314182271 0.0011720147574669681 69
1780314182274 0.001179408354946645 70
1780314182276 0.0011136149652884342 71
1780314182278 0.0010519074045441813 72
1780314182281 0.0010286130994791164 73
1780314182283 0.001017741887626471 74
1780314182285 0.001016224259365117 75
1780314182301 0.0010090305639459984 76
1780314182304 0.0010092813030496473 77
1780314182306 0.0010096269646601285 78
1780314182309 0.001018222180646262 79
1780314182311 0.00101164461375447 80
1780314182313 0.0009938016982778209 81
1780314182316 0.0009698169035254978 82
1780314182318 0.0009656309166166466 83
1780314182320 0.0009635634552250849 84
1780314182323 0.0009547551157447743 85
1780314182325 0.0009534617603640072 86
1780314182327 0.0009554805846710224 87
1780314182330 0.000956051935281721 88
1780314182332 0.0009542560000409139 89
1780314182334 0.0009471283508173656 90
1780314182337 0.0009387853629596065 91
1780314182339 0.0009299054741859436 92
1780314182341 0.0009313160437886836 93
1780314182344 0.0009275035443715751 94
1780314182346 0.0009243337649968452 95
1780314182348 0.0009257255549164256 96
1780314182351 0.0009254494067135966 97
1780314182353 0.0009212848709285027 98
1780314182355 0.0009208512524492107 99
1780314182358 0.0009224280331545742 100
1780314182360 0.0009141026289580623 101
1780314182363 0.0009110611961659742 102
1780314182365 0.0009119343349448172 103
1780314182367 0.0009114707706612535 104
1780314182370 0.0009092092248465633 105
