1780314148489 0.1906805381178856 1
1780314148492 0.169069245159626 2
1780314148494 0.14940431624650954 3
1780314148496 0.13109180822968483 4
1780314148498 0.11445337682962417 5
1780314148500 0.1004082514345646 6
1780314148503 0.0884899377822876 7
1780314148505 0.07828533358871936 8
1780314148507 0.0695685814321041 9
1780314148509 0.0620218238607049 10
1780314148511 0.055468360483646395 11
1780314148513 0.04978577792644501 12
1780314148516 0.04485692802816629 13
1780314148518 0.04056630712002516 14
1780314148520 0.03681889735162258 15
1780314148523 0.033513136245310306 16
1780314148525 0.03061212571337819 17
1780314148528 0.028059879746288062 18
1780314148530 0.025778161901980637 19
1780314148532 0.023733944203704595 20
1780314148535 0.021897274367511273 21
1780314148545 0.020241487603634596 22
1780314148547 0.01876044714823365 23
1780314148550 0.017427981188520788 24
1780314148552 0.016224959567189216 25
1780314148555 0.015155503880232573 26
1780314148557 0.014174475623294712 27
1780314148559 0.013265950279310346 28
1780314148561 0.012469932930544018 29
1780314148563 0.011723559135571122 30
1780314148566 0.010999641083180904 31
1780314148568 0.010364215355366468 32
1780314148570 0.00977424010168761 33
1780314148572 0.009232445945963263 34
1780314148574 0.008743578400462866 35
1780314148577 0.008288063500076532 36
1780314148579 0.007872056006453932 37
1780314148581 0.007513327999040484 38
1780314148583 0.007151380577124655 39
1780314148585 0.006808489104732871 40
1780314148587 0.006492585791274905 41
1780314148590 0.006188612445257604 42
1780314148592 0.005901137883774936 43
1780314148594 0.005641054511070252 44
1780314148596 0.005407810206525028 45
1780314148599 0.005195058460813016 46
1780314148601 0.004989713872782886 47
1780314148603 0.004791485671885312 48
1780314148605 0.0046072245575487615 49
1780314148607 0.0044408668600954115 50
1780314148610 0.004280257388018072 51
1780314148612 0.004132753256708383 52
1780314148614 0.00400499148061499 53
1780314148616 0.003865884258411825 54
1780314148618 0.003727182203438133 55
1780314148621 0.00360788915771991 56
1780314148623 0.0034916773228906095 57
1780314148625 0.003392548244446516 58
1780314148627 0.0032982237730175257 59
1780314148629 0.003207779214717448 60
1780314148631 0.0031167397636454553 61
1780314148634 0.0030187538801692425 62
1780314148636 0.002935279618250206 63
1780314148638 0.002864616703009233 64
1780314148640 0.002786845323862508 65
1780314148642 0.0027198751806281505 66
1780314148645 0.0026600123569369316 67
1780314148647 0.0026063946960493923 68
1780314148649 0.0025521170650608838 69
1780314148651 0.0025068544410169124 70
1780314148653 0.002468810874270275 71
1780314148656 0.002407146692276001 72
1780314148658 0.0023450868332292886 73
1780314148660 0.002298244492849335 74
1780314148662 0.002252968187676743 75
1780314148664 0.0022157965402584525 76
1780314148667 0.002179201345425099 77
1780314148669 0.0021401156386127696 78
1780314148671 0.0021117095882073043 79
1780314148673 0.0020876814017537983 80
1780314148675 0.0020526730379788207 81
1780314148678 0.0020279270666651427 82
1780314148680 0.001990824785316363 83
1780314148682 0.0019601691083516925 84
1780314148684 0.0019473291421309115 85
1780314148686 0.0019336794409900904 86
1780314148689 0.0018989428476197646 87
1780314148691 0.0018559521849965677 88
1780314148693 0.0018239300412824378 89
1780314148695 0.001801296958583407 90
1780314148697 0.0017800375231308862 91
1780314148699 0.0017627639294369147 92
1780314148702 0.0017460920964367688 93
1780314148704 0.0017319715092889965 94
1780314148706 0.001719861167948693 95
1780314148708 0.001717866316321306 96
1780314148710 0.0017063221102580428 97
1780314148713 0.00169471075583715 98
1780314148715 0.0016824332438409328 99
1780314148717 0.0016658689963514916 100
1780314148719 0.0016443436619010753 101
1780314148721 0.0016262177142198197 102
1780314148724 0.0016085388415376656 103
1780314148726 0.001585849258408416 104
1780314148728 0.0015708931017434224 105
1780314148731 0.0015625350549817085 106
1780314148733 0.0015561900383909233 107
1780314148735 0.0015456591662950814 108
1780314148737 0.001537358265486546 109
1780314148740 0.0015264088517869822 110
1780314148742 0.0015165383898420258 111
1780314148744 0.001518150321498979 112
1780314148746 0.001515860435902141 113
1780314148748 0.0015189201827161014 114
1780314148751 0.0015077775661484338 115
1780314148753 0.001476735618780367 116
1780314148755 0.001456706805038266 117
1780314148757 0.0014485774442437105 118
1780314148759 0.0014429992163786664 119
1780314148762 0.0014383199252188206 120
1780314148764 0.0014339887714595533 121
1780314148766 0.0014299627015134319 122
1780314148768 0.001425781960133463 123
1780314148770 0.0014213964017108082 124
1780314148772 0.0014165258238790558 125
1780314148775 0.0014139967752271332 126
