1785263568162 0.0 1
1785263568164 0.0 2
1785263568165 0.0 3
1785263568166 0.0 4
1785263568167 0.0 5
1785263568169 0.0 6
1785263568170 0.0 7
1785263568171 0.0 8
1785263568172 0.0 9
1785263568174 0.0 10
1785263568175 0.0 11
1785263568176 0.0 12
1785263568177 0.0 13
1785263568179 0.0 14
1785263568180 0.0 15
1785263568181 0.0 16
1785263568182 0.0 17
1785263568184 0.0 18
1785263568185 0.0 19
1785263568186 0.0 20
1785263568188 0.0 21
1785263568189 0.0 22
1785263568190 0.0 23
1785263568191 0.0 24
1785263568193 0.0 25
1785263568194 0.0 26
1785263568195 0.0 27
1785263568196 0.0 28
1785263568198 0.0 29
1785263568199 0.0 30
1785263568200 0.0 31
1785263568201 0.0 32
1785263568203 0.0 33
1785263568204 0.0 34
1785263568205 0.0 35
1785263568206 0.0 36
1785263568208 0.0 37
1785263568209 0.0 38
1785263568210 0.0 39
1785263568211 0.0 40
1785263568213 0.0 41
1785263568214 0.0 42
1785263568215 0.0 43
1785263568216 0.0 44
1785263568218 0.0 45
1785263568219 0.0 46
1785263568220 0.0 47
