1785263568043 0.09520888739731163 1
1785263568045 0.008639083441812545 2
1785263568046 0.004860945391701534 3
1785263568047 0.004009662229800597 4
1785263568049 0.003451089457375929 5
1785263568050 0.0030432875140104444 6
1785263568051 0.0028644886711845174 7
1785263568052 0.002526829220878426 8
1785263568054 0.002411390935012605 9
1785263568055 0.0022216562525136396 10
1785263568056 0.0021544780749536583 11
1785263568057 0.002038753265806008 12
1785263568059 0.001951357743528206 13
1785263568060 0.0019268002033641096 14
1785263568061 0.0018880061293020845 15
1785263568063 0.001886193111567991 16
1785263568064 0.001905169789242791 17
1785263568065 0.0018196595140034333 18
1785263568066 0.0018181430619733873 19
1785263568068 0.0017183646994817536 20
1785263568069 0.0016255669386009686 21
1785263568070 0.0015517104585887865 22
1785263568071 0.0015145223883155268 23
1785263568073 0.0014855103161244187 24
1785263568074 0.0014707935825572348 25
1785263568075 0.0014510482423065697 26
1785263568076 0.0014287827607768122 27
1785263568078 0.0014187961276911664 28
1785263568079 0.001436909155891044 29
1785263568080 0.0014856027263158466 30
1785263568081 0.0014297948547755369 31
1785263568083 0.001438830555707682 32
1785263568084 0.001368149339905358 33
1785263568085 0.0013161759859212907 34
1785263568087 0.0012967031754669734 35
1785263568088 0.001283872980711749 36
1785263568089 0.0012737565904535587 37
1785263568090 0.0012569137383252383 38
1785263568092 0.001250514829007443 39
1785263568093 0.0012453635010751896 40
1785263568094 0.001239526080826181 41
1785263568095 0.0012344938762544188 42
1785263568097 0.0012257979076093762 43
1785263568098 0.0012224066108319676 44
1785263568099 0.0012197673731861869 45
1785263568100 0.0012164807159570047 46
1785263568102 0.0012136121498770081 47
