1785263568221 0.0 1
1785263568223 0.0 2
1785263568224 0.0 3
1785263568225 0.0 4
1785263568227 0.0 5
1785263568228 0.0 6
1785263568229 0.0 7
1785263568230 0.0 8
1785263568232 0.0 9
1785263568233 0.0 10
1785263568234 0.0 11
1785263568235 0.0 12
1785263568237 0.0 13
1785263568238 0.0 14
1785263568239 0.0 15
1785263568240 0.0 16
1785263568242 0.0 17
1785263568243 0.0 18
1785263568244 0.0 19
1785263568245 0.0 20
1785263568247 0.0 21
1785263568248 0.0 22
1785263568249 0.0 23
1785263568251 0.0 24
1785263568252 0.0 25
1785263568253 0.0 26
1785263568254 0.0 27
1785263568256 0.0 28
1785263568257 0.0 29
1785263568258 0.0 30
1785263568259 0.0 31
1785263568261 0.0 32
1785263568262 0.0 33
1785263568263 0.0 34
1785263568264 0.0 35
1785263568266 0.0 36
1785263568267 0.0 37
1785263568268 0.0 38
1785263568269 0.0 39
1785263568271 0.0 40
1785263568272 0.0 41
1785263568273 0.0 42
1785263568275 0.0 43
1785263568276 0.0 44
1785263568277 0.0 45
1785263568278 0.0 46
1785263568280 0.0 47
