1785264904105 0.0 1
1785264904106 0.0 2
1785264904108 0.0 3
1785264904109 0.0 4
1785264904110 0.0 5
1785264904111 0.0 6
1785264904113 0.0 7
1785264904114 0.0 8
1785264904115 0.0 9
1785264904116 0.0 10
1785264904118 0.0 11
1785264904119 0.0 12
1785264904120 0.0 13
1785264904121 0.0 14
1785264904123 0.0 15
1785264904124 0.0 16
1785264904125 0.0 17
1785264904126 0.0 18
1785264904128 0.0 19
1785264904129 0.0 20
1785264904130 0.0 21
1785264904131 0.0 22
1785264904133 0.0 23
1785264904134 0.0 24
1785264904135 0.0 25
1785264904136 0.0 26
1785264904138 0.0 27
1785264904139 0.0 28
1785264904140 0.0 29
1785264904141 0.0 30
1785264904143 0.0 31
1785264904144 0.0 32
1785264904145 0.0 33
1785264904146 0.0 34
1785264904148 0.0 35
1785264904149 0.0 36
1785264904150 0.0 37
1785264904151 0.0 38
1785264904153 0.0 39
1785264904154 0.0 40
1785264904155 0.0 41
1785264904156 0.0 42
1785264904158 0.0 43
1785264904159 0.0 44
1785264904160 0.0 45
1785264904161 0.0 46
1785264904163 0.0 47
1785264904164 0.0 48
1785264904165 0.0 49
1785264904166 0.0 50
1785264904168 0.0 51
1785264904169 0.0 52
1785264904170 0.0 53
1785264904171 0.0 54
1785264904173 0.0 55
1785264904174 0.0 56
1785264904175 0.0 57
1785264904176 0.0 58
1785264904178 0.0 59
1785264904179 0.0 60
1785264904180 0.0 61
1785264904181 0.0 62
1785264904183 0.0 63
1785264904184 0.0 64
1785264904185 0.0 65
1785264904186 0.0 66
1785264904188 0.0 67
1785264904189 0.0 68
1785264904190 0.0 69
1785264904191 0.0 70
1785264904193 0.0 71
1785264904194 0.0 72
1785264904195 0.0 73
1785264904196 0.0 74
1785264904198 0.0 75
1785264904199 0.0 76
1785264904200 0.0 77
1785264904201 0.0 78
1785264904203 0.0 79
