1785264903805 0.16151541108265519 1
1785264903806 0.01617915489943698 2
1785264903808 0.006404138263314962 3
1785264903809 0.004790904098190368 4
1785264903810 0.0038898362213512882 5
1785264903812 0.003316643973812461 6
1785264903813 0.0030003799352562054 7
1785264903814 0.0028522734247962943 8
1785264903815 0.0025773731397930534 9
1785264903817 0.0024155261061969214 10
1785264903818 0.002303119954885915 11
1785264903819 0.0022733366453030614 12
1785264903820 0.002104148024955066 13
1785264903822 0.0020736900315387174 14
1785264903823 0.002074664449028205 15
1785264903824 0.0020004717698611785 16
1785264903825 0.0019764421564468647 17
1785264903827 0.001930273138859775 18
1785264903828 0.0019105186031083577 19
1785264903829 0.0018699548627773765 20
1785264903831 0.0017905138911737594 21
1785264903832 0.0017722373198193963 22
1785264903833 0.0016645772132324055 23
1785264903835 0.001606291132629849 24
1785264903836 0.001582941459491849 25
1785264903837 0.0015558743072324433 26
1785264903838 0.0015371293701173271 27
1785264903840 0.001560245637956541 28
1785264903841 0.0015212302334111883 29
1785264903842 0.0015027229709085076 30
1785264903843 0.0014869173885381315 31
1785264903845 0.00145891792672046 32
1785264903846 0.0014499730684474344 33
1785264903847 0.0014450935798959107 34
1785264903848 0.0014386174562969244 35
1785264903850 0.0014371545574977064 36
1785264903851 0.001411762045827345 37
1785264903852 0.001381874019280076 38
1785264903854 0.0013721178167907056 39
1785264903855 0.0014060255562799284 40
1785264903856 0.0013905900174722775 41
1785264903857 0.0013508073004049948 42
1785264903859 0.0013232612877618522 43
1785264903860 0.0013119892639224418 44
1785264903861 0.001275673463169369 45
1785264903863 0.0012353216082556173 46
1785264903864 0.0012219532732706284 47
1785264903865 0.0012117109138489468 48
1785264903866 0.001204668431164464 49
1785264903868 0.0011901655559631763 50
1785264903869 0.0011836142399261006 51
1785264903870 0.001179356064822059 52
1785264903871 0.001175093624769943 53
1785264903873 0.0011706675572349923 54
1785264903874 0.0011664017294970108 55
1785264903875 0.001162104782924871 56
1785264903876 0.0011580142547609285 57
1785264903878 0.001153738653738401 58
1785264903879 0.001150071030278923 59
1785264903880 0.0011460666534549092 60
1785264903881 0.001144087060165475 61
1785264903883 0.0011417733284179122 62
1785264903884 0.001142059303674614 63
1785264903885 0.0011386861961364047 64
1785264903887 0.0011243100893625524 65
1785264903888 0.0011172708465892356 66
1785264903889 0.0011140104608057299 67
1785264903890 0.0011116725851024966 68
1785264903892 0.0011092132751946337 69
1785264903893 0.0011052360769099323 70
1785264903894 0.0011037870988366194 71
1785264903895 0.001102579790458549 72
1785264903897 0.0011013678412564332 73
1785264903898 0.0011002677865326405 74
1785264903899 0.0010980850450141588 75
1785264903901 0.001097404801257653 76
1785264903902 0.001096820114617003 77
1785264903903 0.0010961875766224694 78
1785264903904 0.0010956044710474088 79
