1780314167188 0.2889324554055929 1
1780314167191 0.24017767503857612 2
1780314167193 0.22159330375492572 3
1780314167196 0.21002590648829936 4
1780314167198 0.1986527845263481 5
1780314167200 0.16968001946806907 6
1780314167202 0.12403933484107256 7
1780314167205 0.09005320761352778 8
1780314167207 0.06753121539950371 9
1780314167209 0.05224202523007989 10
1780314167211 0.04174158081412315 11
1780314167214 0.03414498095400632 12
1780314167216 0.028434059135615825 13
1780314167218 0.02407254763878882 14
1780314167220 0.020545119335874915 15
1780314167223 0.01775242351926863 16
1780314167225 0.015426639025099576 17
1780314167227 0.01352076033130288 18
1780314167229 0.011906663780100643 19
1780314167232 0.010556075973436236 20
1780314167234 0.009435376077890396 21
1780314167236 0.008470203983597458 22
1780314167238 0.007610751201864332 23
1780314167241 0.006870774398557842 24
1780314167243 0.006271895419340581 25
1780314167245 0.005705828128848225 26
1780314167247 0.005206542420201004 27
1780314167250 0.004762935008620843 28
1780314167252 0.004373607482993975 29
1780314167254 0.004041439701104536 30
1780314167257 0.0037509740854147823 31
1780314167259 0.0035079806204885242 32
1780314167261 0.003302133143879473 33
1780314167264 0.003115650921827182 34
1780314167266 0.0029169656021986157 35
1780314167268 0.002723791314056143 36
1780314167271 0.002563694849377498 37
1780314167273 0.0024425241292919966 38
1780314167275 0.0023256153916008772 39
1780314167277 0.0022233189520193264 40
1780314167280 0.0021117177268024532 41
1780314167282 0.002022419342538342 42
1780314167284 0.0019653665029909463 43
1780314167286 0.0019249523498001508 44
1780314167289 0.0018267422341159544 45
1780314167291 0.0017495386587688699 46
1780314167293 0.0016918731029727497 47
1780314167295 0.0016434424693579786 48
1780314167298 0.0016101250480278395 49
1780314167300 0.0015757573893642985 50
1780314167302 0.001510168289532885 51
1780314167304 0.001479366475250572 52
1780314167307 0.0014466079050907865 53
1780314167309 0.0014311087543319445 54
1780314167311 0.0013987613770586904 55
1780314167314 0.0013847016598447226 56
1780314167316 0.001382100887130946 57
1780314167318 0.0013319016325112898 58
1780314167320 0.001295604097249452 59
1780314167322 0.0012787481831037439 60
1780314167325 0.001264029242156539 61
1780314167327 0.0012459556554676966 62
1780314167329 0.0012403349886881188 63
1780314167332 0.0012308190627663862 64
1780314167334 0.0012168112190556713 65
1780314167336 0.001197206638607895 66
1780314167338 0.001173489803186385 67
1780314167341 0.0011620127997593955 68
1780314167343 0.001155911580644897 69
1780314167345 0.0011706160826724953 70
1780314167348 0.0011674339164164849 71
1780314167350 0.001144587619783124 72
1780314167352 0.001137009226658847 73
1780314167354 0.0011306488741684006 74
1780314167357 0.001110181978510809 75
1780314167359 0.0010939157120446908 76
1780314167361 0.0010777433574548922 77
1780314167363 0.0010690269688348054 78
1780314167366 0.0010675289705977776 79
1780314167376 0.0010787972584512318 80
1780314167379 0.001085239725653082 81
1780314167381 0.0010869664756319253 82
1780314167383 0.001058637647656724 83
1780314167385 0.0010343796999950428 84
1780314167388 0.0010239559425826883 85
1780314167390 0.001017933846960659 86
1780314167392 0.0010136106365825981 87
1780314167394 0.0010095884014299373 88
1780314167397 0.0010060536761011462 89
1780314167399 0.0010028122658695792 90
1780314167401 0.0010000934013078221 91
1780314167404 0.00099622937872482 92
1780314167406 0.0009936850186932134 93
