1785331278270 0.12710185016815861 1
1785331278272 0.06029247290765246 2
1785331278274 0.0350432176142931 3
1785331278275 0.0229651687744384 4
1785331278277 0.016118452569935472 5
1785331278279 0.012082503250955294 6
1785331278280 0.009305133870414768 7
1785331278282 0.007566369829388956 8
1785331278284 0.006182571781876808 9
1785331278286 0.005306580310571007 10
1785331278287 0.0046316682438676555 11
1785331278289 0.004138245096934649 12
1785331278290 0.0036231737079409263 13
1785331278292 0.0032941086474844875 14
1785331278294 0.003026602759200614 15
1785331278295 0.0028299545510283982 16
1785331278297 0.0026551509261480534 17
1785331278299 0.0024761628500224713 18
1785331278300 0.0023828661273000763 19
1785331278302 0.0022500027601684756 20
1785331278304 0.0021392720443448826 21
1785331278305 0.002102715276851086 22
1785331278307 0.0020057251820010907 23
1785331278308 0.0019784514751033083 24
1785331278310 0.0018697543418966234 25
1785331278312 0.0018200187412730883 26
1785331278313 0.001794701269682264 27
1785331278315 0.0017747767588540833 28
1785331278317 0.0017185309839987894 29
1785331278318 0.0016806528606442346 30
1785331278320 0.0016625092205989251 31
1785331278322 0.0016350884941251328 32
1785331278323 0.0015752395143257066 33
1785331278325 0.0015309809329968024 34
1785331278327 0.0015409844495782939 35
1785331278328 0.0015456126183077382 36
1785331278330 0.0014949345648346934 37
1785331278331 0.0014922577657368189 38
1785331278333 0.001492108203334889 39
1785331278335 0.0014954277752015817 40
1785331278336 0.001458842371115073 41
1785331278338 0.0014301462739240377 42
1785331278340 0.0014285732163746919 43
1785331278341 0.0013900197632513785 44
1785331278343 0.0013912831269408342 45
1785331278345 0.001397454032424624 46
1785331278346 0.001378540489046524 47
1785331278348 0.0013728153112121315 48
1785331278350 0.0013552067290220292 49
1785331278351 0.001364568060428913 50
1785331278353 0.0013007420984043469 51
1785331278354 0.001335212301152448 52
1785331278356 0.001380647076985042 53
1785331278358 0.001319612610192659 54
1785331278359 0.0013064235505832282 55
1785331278361 0.0012808947895488624 56
1785331278363 0.0012729581697082418 57
1785331278364 0.001269728935888755 58
1785331278366 0.0012430787794073695 59
1785331278368 0.0012525077666699265 60
1785331278369 0.0012548311922728316 61
1785331278371 0.0012605286610778421 62
1785331278372 0.0012455894914334446 63
1785331278374 0.00124219197932689 64
1785331278376 0.0012326558863909062 65
1785331278377 0.001236625784743713 66
1785331278379 0.001240439335924748 67
1785331278381 0.0012433633221614097 68
1785331278382 0.0012107795970223378 69
1785331278384 0.001200568041713268 70
1785331278386 0.0012203666662874942 71
1785331278387 0.0012154198970165454 72
1785331278389 0.0011932971678713026 73
1785331278390 0.0011758464887558753 74
1785331278392 0.0011606481901859902 75
1785331278394 0.0011854100458246345 76
1785331278395 0.0011969193000065084 77
1785331278397 0.0012254804005351616 78
1785331278399 0.0011801011166729344 79
1785331278400 0.0012011597806728485 80
1785331278402 0.0011845790869604875 81
1785331278404 0.001149389986009434 82
1785331278405 0.0011346958945675093 83
1785331278407 0.0011193324249688884 84
1785331278408 0.001154704969424832 85
1785331278410 0.0011203001628625013 86
1785331278412 0.0011076844896403296 87
1785331278413 0.0011349514841640484 88
1785331278415 0.0011229602527237149 89
1785331278417 0.0011251221393952923 90
1785331278418 0.0011643335382056344 91
1785331278420 0.0011274342013469626 92
1785331278422 0.0011180160957640812 93
1785331278423 0.0011079455872580488 94
1785331278425 0.0010904541175477788 95
1785331278427 0.0010887611749543188 96
1785331278428 0.0010856040752817838 97
1785331278430 0.001108594687563406 98
1785331278431 0.0010759240449867017 99
1785331278433 0.0010862404549091783 100
