1782199588202 0.0 1
1782199588204 0.0 2
1782199588205 0.0 3
1782199588206 0.0 4
1782199588207 0.0 5
1782199588208 0.0 6
1782199588209 0.0 7
1782199588210 0.0 8
1782199588211 0.0 9
1782199588212 0.0 10
1782199588213 0.0 11
1782199588214 0.0 12
1782199588216 0.0 13
1782199588217 0.0 14
1782199588218 0.0 15
1782199588219 0.0 16
1782199588220 0.0 17
1782199588222 0.0 18
1782199588223 0.0 19
1782199588224 0.0 20
1782199588225 0.0 21
1782199588226 0.0 22
1782199588228 0.0 23
1782199588229 0.0 24
1782199588230 0.0 25
1782199588231 0.0 26
1782199588232 0.0 27
1782199588233 0.0 28
1782199588234 0.0 29
1782199588235 0.0 30
1782199588236 0.0 31
1782199588238 0.0 32
1782199588239 0.0 33
1782199588240 0.0 34
1782199588241 0.0 35
1782199588242 0.0 36
1782199588243 0.0 37
1782199588244 0.0 38
1782199588245 0.0 39
1782199588246 0.0 40
1782199588247 0.0 41
1782199588248 0.0 42
1782199588249 0.0 43
1782199588250 0.0 44
1782199588251 0.0 45
1782199588252 0.0 46
1782199588253 0.0 47
1782199588254 0.0 48
1782199588255 0.0 49
1782199588256 0.0 50
1782199588257 0.0 51
1782199588258 0.0 52
1782199588259 0.0 53
1782199588261 0.0 54
1782199588262 0.0 55
1782199588263 0.0 56
1782199588264 0.0 57
1782199588266 0.0 58
1782199588267 0.0 59
1782199588268 0.0 60
1782199588269 0.0 61
1782199588270 0.0 62
1782199588271 0.0 63
1782199588272 0.0 64
1782199588273 0.0 65
