1782199588126 0.0 1
1782199588127 0.0 2
1782199588128 0.0 3
1782199588130 0.0 4
1782199588131 0.0 5
1782199588132 0.0 6
1782199588133 0.0 7
1782199588135 0.0 8
1782199588136 0.0 9
1782199588137 0.0 10
1782199588138 0.0 11
1782199588139 0.0 12
1782199588140 0.0 13
1782199588142 0.0 14
1782199588143 0.0 15
1782199588144 0.0 16
1782199588145 0.0 17
1782199588146 0.0 18
1782199588148 0.0 19
1782199588149 0.0 20
1782199588150 0.0 21
1782199588151 0.0 22
1782199588152 0.0 23
1782199588154 0.0 24
1782199588155 0.0 25
1782199588156 0.0 26
1782199588157 0.0 27
1782199588158 0.0 28
1782199588160 0.0 29
1782199588161 0.0 30
1782199588162 0.0 31
1782199588163 0.0 32
1782199588164 0.0 33
1782199588165 0.0 34
1782199588167 0.0 35
1782199588168 0.0 36
1782199588169 0.0 37
1782199588170 0.0 38
1782199588171 0.0 39
1782199588173 0.0 40
1782199588174 0.0 41
1782199588175 0.0 42
1782199588176 0.0 43
1782199588177 0.0 44
1782199588178 0.0 45
1782199588180 0.0 46
1782199588181 0.0 47
1782199588182 0.0 48
1782199588183 0.0 49
1782199588184 0.0 50
1782199588186 0.0 51
1782199588187 0.0 52
1782199588188 0.0 53
1782199588189 0.0 54
1782199588190 0.0 55
1782199588191 0.0 56
1782199588193 0.0 57
1782199588194 0.0 58
1782199588195 0.0 59
1782199588196 0.0 60
1782199588197 0.0 61
1782199588198 0.0 62
1782199588199 0.0 63
1782199588200 0.0 64
1782199588201 0.0 65
