1782199587971 0.23464045546948908 1
1782199587973 0.11178943306207657 2
1782199587974 0.03462440092116594 3
1782199587975 0.018145572948269545 4
1782199587976 0.011692726972978563 5
1782199587978 0.00820476112421602 6
1782199587979 0.0064881709543988106 7
1782199587980 0.00531174834817648 8
1782199587981 0.004398165397578851 9
1782199587982 0.003810219847364351 10
1782199587984 0.0033397832536138593 11
1782199587985 0.0030906543182209136 12
1782199587986 0.0029440155567135662 13
1782199587987 0.0027689713810104878 14
1782199587988 0.002537353717489168 15
1782199587990 0.002337752671446651 16
1782199587991 0.0021948493065428922 17
1782199587992 0.002068657836643979 18
1782199587993 0.002007429027289618 19
1782199587994 0.0018958890033536591 20
1782199587996 0.0018592455485486425 21
1782199587997 0.001777177115145605 22
1782199587998 0.0016779804119141772 23
1782199587999 0.0016448033883352765 24
1782199588000 0.001599654917808948 25
1782199588001 0.0016011857110424898 26
1782199588003 0.001617337229399709 27
1782199588004 0.0015883616321661976 28
1782199588005 0.0015058581931225489 29
1782199588006 0.0014355764785432257 30
1782199588007 0.0014617104209901299 31
1782199588009 0.0014372732701303903 32
1782199588010 0.0014601466574822553 33
1782199588011 0.0014415597374318168 34
1782199588012 0.0014102118047594559 35
1782199588013 0.001351315566134872 36
1782199588015 0.001317868524492951 37
1782199588016 0.0013060959045833442 38
1782199588017 0.0012930726298509398 39
1782199588018 0.0013022137191001093 40
1782199588019 0.0012826609195326455 41
1782199588021 0.0012418699835689039 42
1782199588022 0.0011743850441416725 43
1782199588023 0.0011101670828793432 44
1782199588024 0.0010862014844315127 45
1782199588025 0.0010705795541434782 46
1782199588027 0.0010586877357854974 47
1782199588028 0.001049972559849266 48
1782199588029 0.0010452513434574939 49
1782199588030 0.0010260480535362148 50
1782199588031 0.0010096432102000108 51
1782199588033 0.0010007861386839068 52
1782199588034 0.0009943137488153298 53
1782199588035 0.0009883940077997978 54
1782199588036 0.0009833889885339886 55
1782199588037 0.0009795446072530466 56
1782199588039 0.0009686671910458244 57
1782199588040 0.000959825544123305 58
1782199588041 0.0009554604154254775 59
1782199588042 0.0009518252019188367 60
1782199588043 0.0009482319625385571 61
1782199588044 0.0009452886513463454 62
1782199588046 0.0009415431136585539 63
1782199588047 0.0009350457709660986 64
1782199588048 0.0009315906935808016 65
