1782235857106 0.0 1
1782235857107 0.0 2
1782235857108 0.0 3
1782235857109 0.0 4
1782235857110 0.0 5
1782235857112 0.0 6
1782235857113 0.0 7
1782235857114 0.0 8
1782235857115 0.0 9
1782235857117 0.0 10
1782235857118 0.0 11
1782235857119 0.0 12
1782235857120 0.0 13
1782235857121 0.0 14
1782235857122 0.0 15
1782235857124 0.0 16
1782235857125 0.0 17
1782235857126 0.0 18
1782235857127 0.0 19
1782235857128 0.0 20
1782235857129 0.0 21
1782235857131 0.0 22
1782235857132 0.0 23
1782235857133 0.0 24
1782235857134 0.0 25
1782235857135 0.0 26
1782235857137 0.0 27
1782235857138 0.0 28
1782235857139 0.0 29
1782235857140 0.0 30
1782235857141 0.0 31
1782235857143 0.0 32
1782235857144 0.0 33
1782235857145 0.0 34
1782235857146 0.0 35
1782235857147 0.0 36
1782235857148 0.0 37
1782235857150 0.0 38
1782235857151 0.0 39
1782235857152 0.0 40
1782235857153 0.0 41
1782235857154 0.0 42
1782235857156 0.0 43
1782235857157 0.0 44
1782235857158 0.0 45
1782235857159 0.0 46
1782235857160 0.0 47
1782235857161 0.0 48
1782235857162 0.0 49
1782235857163 0.0 50
1782235857164 0.0 51
1782235857165 0.0 52
1782235857167 0.0 53
1782235857168 0.0 54
1782235857169 0.0 55
1782235857170 0.0 56
1782235857171 0.0 57
1782235857172 0.0 58
1782235857173 0.0 59
1782235857174 0.0 60
1782235857176 0.0 61
1782235857177 0.0 62
1782235857178 0.0 63
1782235857179 0.0 64
1782235857180 0.0 65
1782235857181 0.0 66
1782235857183 0.0 67
1782235857184 0.0 68
1782235857185 0.0 69
1782235857186 0.0 70
1782235857187 0.0 71
1782235857188 0.0 72
