1782235857015 0.0 1
1782235857016 0.0 2
1782235857017 0.0 3
1782235857019 0.0 4
1782235857021 0.0 5
1782235857023 0.0 6
1782235857024 0.0 7
1782235857025 0.0 8
1782235857026 0.0 9
1782235857028 0.0 10
1782235857029 0.0 11
1782235857030 0.0 12
1782235857031 0.0 13
1782235857033 0.0 14
1782235857034 0.0 15
1782235857035 0.0 16
1782235857036 0.0 17
1782235857038 0.0 18
1782235857039 0.0 19
1782235857040 0.0 20
1782235857041 0.0 21
1782235857043 0.0 22
1782235857044 0.0 23
1782235857045 0.0 24
1782235857046 0.0 25
1782235857047 0.0 26
1782235857049 0.0 27
1782235857050 0.0 28
1782235857051 0.0 29
1782235857052 0.0 30
1782235857054 0.0 31
1782235857055 0.0 32
1782235857056 0.0 33
1782235857057 0.0 34
1782235857059 0.0 35
1782235857060 0.0 36
1782235857061 0.0 37
1782235857062 0.0 38
1782235857064 0.0 39
1782235857065 0.0 40
1782235857066 0.0 41
1782235857067 0.0 42
1782235857068 0.0 43
1782235857070 0.0 44
1782235857071 0.0 45
1782235857072 0.0 46
1782235857073 0.0 47
1782235857075 0.0 48
1782235857076 0.0 49
1782235857077 0.0 50
1782235857078 0.0 51
1782235857080 0.0 52
1782235857081 0.0 53
1782235857082 0.0 54
1782235857083 0.0 55
1782235857085 0.0 56
1782235857086 0.0 57
1782235857087 0.0 58
1782235857088 0.0 59
1782235857090 0.0 60
1782235857091 0.0 61
1782235857092 0.0 62
1782235857093 0.0 63
1782235857094 0.0 64
1782235857096 0.0 65
1782235857097 0.0 66
1782235857098 0.0 67
1782235857099 0.0 68
1782235857101 0.0 69
1782235857102 0.0 70
1782235857103 0.0 71
1782235857104 0.0 72
