1782245366314 0.12308613646775485 1
1782245366315 0.043111041989177465 2
1782245366316 0.02045581420417875 3
1782245366318 0.01202750395052135 4
1782245366319 0.008180981874465943 5
1782245366320 0.006074644778855145 6
1782245366321 0.00479643268394284 7
1782245366323 0.00398205753415823 8
1782245366324 0.003401063651544973 9
1782245366325 0.002978338513057679 10
1782245366326 0.0026906044490169734 11
1782245366328 0.002404047988820821 12
1782245366329 0.0021903911052504554 13
1782245366330 0.0020824245782569053 14
1782245366332 0.0019338518130825834 15
1782245366333 0.0018205114945885725 16
1782245366334 0.0017369039545883425 17
1782245366335 0.0016245904826791956 18
1782245366337 0.0015788400193559938 19
1782245366338 0.0015365750569617375 20
1782245366339 0.0014657645064289682 21
1782245366340 0.0013901072266162373 22
1782245366342 0.0013426461740164086 23
1782245366343 0.0013425827611354179 24
1782245366344 0.0012868298495595809 25
1782245366345 0.0012759522542182822 26
1782245366347 0.001247968749667052 27
1782245366348 0.001203699548932491 28
1782245366349 0.001167314711929066 29
1782245366350 0.001143183715030318 30
1782245366352 0.0011589615572302136 31
1782245366353 0.0011471237809746527 32
1782245366354 0.001109180862258654 33
1782245366356 0.0010937991062382935 34
1782245366357 0.0010769630189315649 35
1782245366358 0.0010336802427627844 36
1782245366359 0.0010121435220207787 37
1782245366361 0.001011185098614078 38
1782245366362 0.0010064009740017353 39
1782245366363 0.0010134585834748577 40
1782245366364 0.0009758215798501623 41
1782245366366 0.0009677640086010797 42
1782245366367 0.0009684924869361566 43
1782245366368 0.000989981576349237 44
1782245366369 0.0009950738091720269 45
1782245366371 0.0009006787042744691 46
1782245366372 0.0008467708725220291 47
1782245366373 0.0008269036178535316 48
1782245366374 0.0008137812365021091 49
1782245366376 0.0008034143603799748 50
1782245366377 0.0007956824997017975 51
1782245366378 0.0007883432544258539 52
1782245366379 0.0007783000561539666 53
1782245366381 0.0007726922813890269 54
1782245366382 0.00076846330317494 55
1782245366383 0.0007641331432387232 56
1782245366384 0.0007601148739195196 57
1782245366386 0.0007559470334672369 58
1782245366387 0.0007519500328999129 59
1782245366388 0.0007460007654663059 60
1782245366389 0.0007428724491182947 61
1782245366391 0.0007403565113418153 62
1782245366392 0.0007378847710060654 63
1782245366393 0.0007353698807855835 64
1782245366394 0.0007326444250793429 65
1782245366396 0.000730123106695828 66
1782245366397 0.0007265874682707363 67
1782245366398 0.0007248964398968383 68
