1782245366485 0.0 1
1782245366486 0.0 2
1782245366487 0.0 3
1782245366488 0.0 4
1782245366490 0.0 5
1782245366491 0.0 6
1782245366492 0.0 7
1782245366493 0.0 8
1782245366494 0.0 9
1782245366496 0.0 10
1782245366497 0.0 11
1782245366498 0.0 12
1782245366500 0.0 13
1782245366501 0.0 14
1782245366502 0.0 15
1782245366503 0.0 16
1782245366505 0.0 17
1782245366506 0.0 18
1782245366507 0.0 19
1782245366508 0.0 20
1782245366510 0.0 21
1782245366511 0.0 22
1782245366512 0.0 23
1782245366513 0.0 24
1782245366515 0.0 25
1782245366516 0.0 26
1782245366517 0.0 27
1782245366518 0.0 28
1782245366520 0.0 29
1782245366521 0.0 30
1782245366522 0.0 31
1782245366523 0.0 32
1782245366525 0.0 33
1782245366526 0.0 34
1782245366527 0.0 35
1782245366528 0.0 36
1782245366529 0.0 37
1782245366531 0.0 38
1782245366532 0.0 39
1782245366533 0.0 40
1782245366534 0.0 41
1782245366536 0.0 42
1782245366537 0.0 43
1782245366538 0.0 44
1782245366539 0.0 45
1782245366541 0.0 46
1782245366542 0.0 47
1782245366543 0.0 48
1782245366544 0.0 49
1782245366546 0.0 50
1782245366547 0.0 51
1782245366548 0.0 52
1782245366550 0.0 53
1782245366551 0.0 54
1782245366552 0.0 55
1782245366553 0.0 56
1782245366554 0.0 57
1782245366556 0.0 58
1782245366557 0.0 59
1782245366558 0.0 60
1782245366559 0.0 61
1782245366560 0.0 62
1782245366561 0.0 63
1782245366563 0.0 64
1782245366564 0.0 65
1782245366565 0.0 66
1782245366567 0.0 67
1782245366568 0.0 68
