1780318598218 0.21337848253548145 1
1780318598221 0.09586297621950507 2
1780318598223 0.04574087134562433 3
1780318598225 0.027089339653030037 4
1780318598228 0.018421158217824994 5
1780318598230 0.013604729073122143 6
1780318598233 0.010882206044625491 7
1780318598235 0.008999180409591644 8
1780318598238 0.007903722047340125 9
1780318598240 0.006754258368164301 10
1780318598242 0.006057857066625729 11
1780318598244 0.005642009559087455 12
1780318598246 0.00518502525286749 13
1780318598248 0.00504360013641417 14
1780318598251 0.004501345654716715 15
1780318598253 0.004309381428174675 16
1780318598255 0.004151360379182734 17
1780318598257 0.0039925045537529515 18
1780318598259 0.0038853777293115853 19
1780318598261 0.003739404843072407 20
1780318598263 0.0036552926187869163 21
1780318598265 0.0035549781494773926 22
1780318598268 0.003521729030762799 23
1780318598270 0.003354393362533301 24
1780318598272 0.0034212466434109957 25
1780318598275 0.0033360728982370345 26
1780318598277 0.003310335066053085 27
1780318598279 0.003268168863141909 28
1780318598281 0.00321711060940288 29
1780318598283 0.0031512350303819405 30
1780318598286 0.003106653552968055 31
1780318598288 0.00310429798963014 32
1780318598290 0.003100346185383387 33
1780318598292 0.0030845221868366934 34
1780318598295 0.0030273152654990555 35
1780318598297 0.0029652527495636605 36
1780318598299 0.0029193501378176733 37
1780318598301 0.0031126141647109763 38
1780318598303 0.0030267093534348533 39
1780318598305 0.0029237198361079207 40
1780318598308 0.0029159412515582517 41
1780318598310 0.0029424355234368704 42
1780318598312 0.0028626703462214208 43
1780318598314 0.0028668439030298033 44
1780318598317 0.0027980364486575125 45
1780318598319 0.0028143784261192195 46
1780318598321 0.0027624037547502667 47
1780318598323 0.002856867625378072 48
1780318598325 0.0028356797198648563 49
1780318598327 0.002701634138356894 50
1780318598329 0.0027194097614847124 51
1780318598331 0.0027433210803428664 52
1780318598333 0.0027788147525279784 53
1780318598335 0.002863852859009057 54
1780318598337 0.0027363574731862172 55
1780318598339 0.002739078609738499 56
1780318598341 0.00270718781510368 57
1780318598343 0.0026957292965380476 58
1780318598345 0.002621155131200794 59
1780318598348 0.0026876029215054586 60
1780318598350 0.0026018221970298327 61
1780318598352 0.0026099785006954337 62
1780318598355 0.002595086704241112 63
1780318598357 0.002600146537879482 64
1780318598359 0.002648872446734458 65
1780318598361 0.0025424699051654898 66
1780318598364 0.0025650946158566512 67
1780318598366 0.002658008071302902 68
1780318598368 0.002586610791622661 69
1780318598371 0.0025845809109159745 70
1780318598373 0.0025721127656288447 71
1780318598375 0.0025665003317408264 72
1780318598378 0.002514479957462754 73
1780318598380 0.0025361528876237573 74
1780318598382 0.0025084751381655225 75
1780318598384 0.0024642015688004903 76
1780318598387 0.0025297503024921753 77
1780318598389 0.002436733625945635 78
1780318598391 0.002480233596288599 79
1780318598393 0.002593613895587623 80
1780318598395 0.002549731988401618 81
1780318598398 0.0024161822875612415 82
1780318598400 0.0024209923241869545 83
1780318598402 0.002436802330776118 84
1780318598405 0.0023646656176424586 85
1780318598407 0.0023408192174974828 86
1780318598409 0.0024077029988984577 87
1780318598411 0.0023726173251634466 88
1780318598414 0.002286606764246244 89
1780318598416 0.0023512856996967457 90
1780318598419 0.002317258570692502 91
1780318598421 0.00227131521794945 92
1780318598423 0.002278220209409483 93
1780318598426 0.002288259104825556 94
1780318598428 0.0022445857943966985 95
1780318598431 0.0022956320439698175 96
1780318598433 0.0022222295062965716 97
1780318598435 0.00224080773681635 98
1780318598438 0.002262365694914479 99
1780318598440 0.00228667830946506 100
1780318598443 0.002260599926521536 101
1780318598445 0.002261265976121649 102
1780318598448 0.0022520131201599724 103
1780318598450 0.002308185796136968 104
1780318598453 0.002291103694296908 105
1780318598455 0.0022477029016590676 106
1780318598457 0.0022622682235669345 107
1780318598460 0.0021911393501795827 108
1780318598462 0.002232274793786928 109
1780318598464 0.002197329615300987 110
1780318598467 0.00220390374714043 111
1780318598469 0.0022129975401912814 112
1780318598471 0.0022160387790063395 113
1780318598474 0.002193477930850349 114
1780318598476 0.0022114581504138185 115
1780318598479 0.0022067965747555717 116
1780318598481 0.002254212293191813 117
1780318598484 0.0021935032651526853 118
1780318598486 0.0021995091426651927 119
1780318598489 0.0022022565177758223 120
1780318598491 0.002142584621324204 121
1780318598493 0.002175478641875088 122
1780318598496 0.0022276146909280215 123
1780318598499 0.0022497471643146126 124
1780318598501 0.0022048558824462818 125
1780318598503 0.002197820571018383 126
1780318598506 0.0022003220026090274 127
1780318598508 0.002235967674350832 128
1780318598511 0.0022061597934225573 129
1780318598513 0.0022175293756299653 130
1780318598516 0.0021843155784881676 131
1780318598518 0.002159653724520467 132
1780318598520 0.0022052380265085957 133
1780318598523 0.0021715324983233586 134
1780318598525 0.0021687816506891977 135
1780318598528 0.0022083553427364676 136
1780318598530 0.0021654109857627193 137
1780318598532 0.0022272533347131684 138
1780318598535 0.0021886661025928332 139
1780318598537 0.00218224971278687 140
