1785296234072 0.0 1
1785296234074 0.0 2
1785296234075 0.0 3
1785296234076 0.0 4
1785296234077 0.0 5
1785296234079 0.0 6
1785296234080 0.0 7
1785296234081 0.0 8
1785296234082 0.0 9
1785296234084 0.0 10
1785296234085 0.0 11
1785296234086 0.0 12
1785296234087 0.0 13
1785296234089 0.0 14
1785296234090 0.0 15
1785296234091 0.0 16
1785296234092 0.0 17
1785296234094 0.0 18
1785296234095 0.0 19
1785296234096 0.0 20
1785296234097 0.0 21
1785296234099 0.0 22
1785296234100 0.0 23
1785296234101 0.0 24
1785296234103 0.0 25
1785296234104 0.0 26
1785296234105 0.0 27
1785296234106 0.0 28
1785296234108 0.0 29
1785296234109 0.0 30
1785296234110 0.0 31
1785296234111 0.0 32
1785296234112 0.0 33
1785296234113 0.0 34
1785296234115 0.0 35
1785296234116 0.0 36
1785296234117 0.0 37
1785296234118 0.0 38
1785296234119 0.0 39
1785296234121 0.0 40
1785296234122 0.0 41
1785296234123 0.0 42
1785296234124 0.0 43
1785296234125 0.0 44
1785296234126 0.0 45
1785296234127 0.0 46
1785296234128 0.0 47
1785296234129 0.0 48
1785296234130 0.0 49
1785296234132 0.0 50
1785296234133 0.0 51
1785296234134 0.0 52
1785296234135 0.0 53
1785296234136 0.0 54
1785296234137 0.0 55
1785296234139 0.0 56
1785296234140 0.0 57
1785296234141 0.0 58
