1785296233997 0.0 1
1785296233999 0.0 2
1785296234000 0.0 3
1785296234001 0.0 4
1785296234002 0.0 5
1785296234004 0.0 6
1785296234005 0.0 7
1785296234006 0.0 8
1785296234007 0.0 9
1785296234009 0.0 10
1785296234010 0.0 11
1785296234011 0.0 12
1785296234013 0.0 13
1785296234014 0.0 14
1785296234015 0.0 15
1785296234016 0.0 16
1785296234018 0.0 17
1785296234019 0.0 18
1785296234020 0.0 19
1785296234021 0.0 20
1785296234023 0.0 21
1785296234024 0.0 22
1785296234025 0.0 23
1785296234026 0.0 24
1785296234028 0.0 25
1785296234029 0.0 26
1785296234030 0.0 27
1785296234031 0.0 28
1785296234033 0.0 29
1785296234034 0.0 30
1785296234035 0.0 31
1785296234037 0.0 32
1785296234038 0.0 33
1785296234039 0.0 34
1785296234040 0.0 35
1785296234042 0.0 36
1785296234043 0.0 37
1785296234045 0.0 38
1785296234046 0.0 39
1785296234047 0.0 40
1785296234049 0.0 41
1785296234050 0.0 42
1785296234052 0.0 43
1785296234053 0.0 44
1785296234055 0.0 45
1785296234056 0.0 46
1785296234057 0.0 47
1785296234058 0.0 48
1785296234060 0.0 49
1785296234061 0.0 50
1785296234062 0.0 51
1785296234063 0.0 52
1785296234065 0.0 53
1785296234066 0.0 54
1785296234067 0.0 55
1785296234068 0.0 56
1785296234070 0.0 57
1785296234071 0.0 58
