1785296233850 0.12110587557777762 1
1785296233851 0.010095294972416013 2
1785296233852 0.00518795182229951 3
1785296233854 0.003972438346245326 4
1785296233855 0.0033217921416508036 5
1785296233856 0.002865414568805136 6
1785296233858 0.0025555810978403317 7
1785296233859 0.0024655269176582805 8
1785296233860 0.0023319150050519965 9
1785296233861 0.0021340415652957743 10
1785296233863 0.002066882817161968 11
1785296233864 0.002035857243463397 12
1785296233865 0.002035296042158734 13
1785296233867 0.0019122501999663654 14
1785296233868 0.0018598995606589597 15
1785296233869 0.0018577114846266341 16
1785296233870 0.0018367094207496848 17
1785296233872 0.0018584437045501545 18
1785296233873 0.0017648121909587644 19
1785296233874 0.0016986783922766336 20
1785296233875 0.0016711543484416325 21
1785296233877 0.0017067117101396433 22
1785296233878 0.0018099487660219894 23
1785296233879 0.0016431213081523311 24
1785296233881 0.0016174130330909974 25
1785296233882 0.0016031059861415997 26
1785296233883 0.0016299904226616492 27
1785296233884 0.001592092437640531 28
1785296233886 0.0015081167842436116 29
1785296233887 0.001469333354034461 30
1785296233888 0.001392092991663958 31
1785296233889 0.0013501776984048775 32
1785296233891 0.0013267125960555858 33
1785296233892 0.0013139574728847946 34
1785296233893 0.0012996303658292163 35
1785296233895 0.0012917422213649843 36
1785296233896 0.0012690689078590368 37
1785296233897 0.0012507134675252018 38
1785296233898 0.0012408210169814993 39
1785296233900 0.0012323823553015245 40
1785296233901 0.0012249800449353643 41
1785296233902 0.0012174600257276326 42
1785296233903 0.0012116015217179664 43
1785296233905 0.0011974998135701753 44
1785296233906 0.0011906869478843873 45
1785296233907 0.0011857872142718407 46
1785296233909 0.0011812532915064366 47
1785296233910 0.0011770633148262277 48
1785296233911 0.0011693550855125068 49
1785296233912 0.0011664707083400571 50
1785296233914 0.0011639150875271298 51
1785296233915 0.0011613491054595214 52
1785296233916 0.0011590269793668995 53
1785296233917 0.0011546452523180052 54
1785296233919 0.0011532703646662413 55
1785296233920 0.0011518343589705183 56
1785296233921 0.0011505049524566857 57
1785296233922 0.0011490537429926916 58
