1780314133697 0.21371622547507285 1
1780314133699 0.1883884520828724 2
1780314133701 0.1703788784146309 3
1780314133703 0.1543804593384266 4
1780314133705 0.13999709635972976 5
1780314133707 0.12703335762023926 6
1780314133709 0.11532740518450738 7
1780314133711 0.10488141395151615 8
1780314133713 0.0954186411201954 9
1780314133716 0.0869519167393446 10
1780314133718 0.07929141186177731 11
1780314133720 0.07249758802354336 12
1780314133722 0.0664435338973999 13
1780314133724 0.06099475506693125 14
1780314133726 0.05602714035660029 15
1780314133728 0.05145460311323404 16
1780314133730 0.047266555316746235 17
1780314133732 0.043135034553706646 18
1780314133734 0.0392747151106596 19
1780314133736 0.035821051336824894 20
1780314133738 0.032706076856702564 21
1780314133740 0.02997132059186697 22
1780314133742 0.02752983720973134 23
1780314133744 0.025388316735625267 24
1780314133746 0.02339059440419078 25
1780314133749 0.02158252747729421 26
1780314133751 0.0200599405169487 27
1780314133753 0.0184827789478004 28
1780314133755 0.017121292306110262 29
1780314133757 0.015892872465774418 30
1780314133759 0.01480294907465577 31
1780314133761 0.013803639011457562 32
1780314133763 0.01293759910389781 33
1780314133765 0.012104693315923214 34
1780314133767 0.011327926730737091 35
1780314133769 0.01060134319588542 36
1780314133771 0.009972121589817107 37
1780314133773 0.009400587286800146 38
1780314133775 0.008907672478817403 39
1780314133777 0.008440901767462492 40
1780314133780 0.007974859243258834 41
1780314133782 0.007600377220660448 42
1780314133784 0.007214380227960646 43
1780314133786 0.006848858240991831 44
1780314133788 0.006522794300690293 45
1780314133790 0.006221500830724836 46
1780314133792 0.005953428689390421 47
1780314133794 0.00570842971559614 48
1780314133796 0.005455954095814377 49
1780314133798 0.005235082337167114 50
1780314133800 0.005024189460091293 51
1780314133802 0.004887594454921782 52
1780314133804 0.00473737210733816 53
1780314133807 0.004525827127508819 54
1780314133810 0.004357734704390168 55
1780314133812 0.004236588682979345 56
1780314133814 0.004087835638783872 57
1780314133816 0.0039151026098988954 58
1780314133818 0.003776154255028814 59
1780314133820 0.0036444712500087917 60
1780314133823 0.0035307097574695944 61
1780314133825 0.0034215419529937206 62
1780314133827 0.0033266003686003385 63
1780314133829 0.0032392606465145943 64
1780314133831 0.0031897309131454677 65
1780314133833 0.003124103939626366 66
1780314133835 0.0030283389380201696 67
1780314133837 0.002960986339021474 68
1780314133839 0.0028801734512671827 69
1780314133841 0.0028182231797836722 70
1780314133843 0.0027591719094198198 71
1780314133845 0.002689573980169371 72
1780314133847 0.0026311326981522144 73
1780314133849 0.002578711464302614 74
1780314133852 0.0025177304376848043 75
1780314133854 0.002466332622570917 76
1780314133856 0.0024190488911699504 77
1780314133858 0.0023751370795071125 78
1780314133860 0.0023226887977216394 79
1780314133862 0.002296509363222867 80
1780314133864 0.0022605209448374806 81
1780314133866 0.002222216381924227 82
1780314133868 0.002209852746454999 83
1780314133870 0.0021906957251485435 84
1780314133873 0.0021677630976773797 85
1780314133875 0.002125373803428374 86
1780314133877 0.0020842706452822313 87
1780314133879 0.0020500701473793017 88
1780314133881 0.0020116861833957955 89
1780314133883 0.0019785963254980742 90
1780314133885 0.0019561145931947977 91
1780314133887 0.0019298176176380365 92
1780314133889 0.001897579716751352 93
1780314133891 0.0018695504451170563 94
1780314133893 0.0018497197219403461 95
1780314133895 0.0018296263070078566 96
1780314133897 0.0018154186272295193 97
1780314133899 0.0018023961375001818 98
1780314133901 0.001788791068829596 99
1780314133903 0.0017769578041043133 100
1780314133906 0.0017829600110417232 101
1780314133908 0.001754087693989277 102
1780314133910 0.0017371836936217733 103
1780314133912 0.00171999265847262 104
1780314133914 0.0017134997114771977 105
1780314133916 0.0017026803648332134 106
1780314133918 0.0016741197922965512 107
1780314133920 0.0016730884392745793 108
1780314133923 0.00164887687045848 109
1780314133925 0.0016170292242895811 110
1780314133927 0.001603064228547737 111
1780314133930 0.0015894888038747012 112
1780314133932 0.0015851107050548307 113
1780314133934 0.001579420857015066 114
1780314133937 0.001578485976497177 115
1780314133939 0.0015809354156954213 116
1780314133941 0.0015431987631018274 117
1780314133944 0.001508845689240843 118
1780314133946 0.0014981075708055869 119
1780314133948 0.0014888631750363856 120
1780314133950 0.0014834287876146846 121
1780314133952 0.0014777539009810424 122
1780314133954 0.0014710168048623017 123
1780314133956 0.0014660635689506306 124
1780314133958 0.0014595728262793272 125
1780314133960 0.0014510411641094833 126
1780314133962 0.001447155233763624 127
