1780314198588 0.21776446536183358 1
1780314198590 0.08685763638466597 2
1780314198593 0.03484243326820433 3
1780314198595 0.019344157064333557 4
1780314198598 0.012897502440027893 5
1780314198600 0.009627101656515152 6
1780314198602 0.007404108629561961 7
1780314198605 0.006124802245758474 8
1780314198607 0.005193221166264266 9
1780314198610 0.004694144211243838 10
1780314198612 0.004053434850648046 11
1780314198614 0.0036846565757878125 12
1780314198617 0.0033969342760974543 13
1780314198619 0.003153669241000898 14
1780314198622 0.0029267025378067048 15
1780314198624 0.0027337207668460903 16
1780314198627 0.0026335050218040125 17
1780314198629 0.0025108278656261972 18
1780314198631 0.00253503451065626 19
1780314198634 0.0023996536599588583 20
1780314198636 0.002380026905448176 21
1780314198639 0.002216384077910334 22
1780314198641 0.0021278444904601203 23
1780314198643 0.0020409701770404353 24
1780314198646 0.001969442856207024 25
1780314198659 0.001997289158171043 26
1780314198662 0.0019606025604298337 27
1780314198664 0.0019182540746987798 28
1780314198667 0.0020089753781212492 29
1780314198669 0.001898426673724316 30
1780314198671 0.0018037780873419252 31
1780314198674 0.0017902819409209769 32
1780314198676 0.001749823309655767 33
1780314198679 0.0017144829304015729 34
1780314198681 0.001687489671894582 35
1780314198683 0.0016540918684040662 36
1780314198686 0.0017120926838833839 37
1780314198688 0.0016896976304997225 38
1780314198691 0.001676788787881378 39
1780314198693 0.0016269064685911871 40
1780314198696 0.0016178790845151525 41
1780314198698 0.0017051202642323915 42
1780314198701 0.0016462592825700994 43
1780314198703 0.0015536840407003184 44
1780314198705 0.0015178662184916903 45
1780314198708 0.0015453536993300077 46
1780314198711 0.0015421391774725634 47
1780314198713 0.0016703398661775282 48
1780314198716 0.0015600420501141344 49
1780314198719 0.0015017413969326298 50
1780314198721 0.001480033517582342 51
1780314198724 0.0014627343106258196 52
1780314198726 0.0014363105391385035 53
1780314198728 0.0014330690622591645 54
1780314198731 0.0014602320858102757 55
1780314198733 0.0014539619860443054 56
1780314198736 0.001513731699087657 57
1780314198738 0.0015056887528771767 58
1780314198741 0.0014334264016360977 59
1780314198743 0.0014073149183241186 60
1780314198745 0.0013904263660515425 61
1780314198748 0.001398067742557032 62
1780314198750 0.0013640555700840196 63
1780314198753 0.001367570045113098 64
1780314198755 0.0013525593390659196 65
1780314198757 0.0013053505815332756 66
1780314198760 0.001262167416352895 67
1780314198762 0.0012566856302146335 68
1780314198765 0.0012548619559674989 69
1780314198767 0.0012327594338421477 70
1780314198770 0.001239363011191017 71
1780314198772 0.001234992779645836 72
1780314198774 0.0012258824869786622 73
1780314198777 0.001222371784315328 74
1780314198779 0.0012206762888672528 75
1780314198782 0.0012049278878839686 76
1780314198784 0.0011789793016941984 77
1780314198787 0.0011778477035841205 78
1780314198789 0.0011724923050496728 79
1780314198792 0.0011679537004965824 80
1780314198794 0.0011599863306764747 81
1780314198797 0.00115602020501683 82
1780314198799 0.0011542335257399828 83
1780314198802 0.0011542915726749925 84
1780314198804 0.001150422812133911 85
1780314198806 0.0011422032198606757 86
1780314198809 0.001137950242627994 87
1780314198811 0.0011387296188331674 88
1780314198814 0.001134666999860201 89
1780314198816 0.0011311591105913977 90
1780314198818 0.0011273413147137035 91
1780314198821 0.0011205138132208959 92
1780314198823 0.001124593417989672 93
1780314198826 0.0011291619323310442 94
1780314198828 0.0011205213540961267 95
1780314198831 0.0011194913301005728 96
1780314198833 0.0011104613239876927 97
1780314198835 0.0011100009468646022 98
1780314198838 0.0011085534427547827 99
1780314198840 0.001109120366963907 100
