1782238226707 0.0 1
1782238226709 0.0 2
1782238226710 0.0 3
1782238226711 0.0 4
1782238226712 0.0 5
1782238226713 0.0 6
1782238226714 0.0 7
1782238226715 0.0 8
1782238226716 0.0 9
1782238226717 0.0 10
1782238226718 0.0 11
1782238226719 0.0 12
1782238226720 0.0 13
1782238226722 0.0 14
1782238226723 0.0 15
1782238226724 0.0 16
1782238226725 0.0 17
1782238226726 0.0 18
1782238226727 0.0 19
1782238226728 0.0 20
1782238226729 0.0 21
1782238226730 0.0 22
1782238226731 0.0 23
1782238226732 0.0 24
1782238226733 0.0 25
1782238226734 0.0 26
1782238226735 0.0 27
1782238226737 0.0 28
1782238226738 0.0 29
1782238226739 0.0 30
1782238226740 0.0 31
1782238226741 0.0 32
1782238226742 0.0 33
1782238226743 0.0 34
1782238226744 0.0 35
1782238226745 0.0 36
1782238226746 0.0 37
1782238226747 0.0 38
1782238226748 0.0 39
1782238226749 0.0 40
1782238226750 0.0 41
1782238226751 0.0 42
1782238226753 0.0 43
1782238226754 0.0 44
1782238226755 0.0 45
1782238226756 0.0 46
1782238226757 0.0 47
1782238226758 0.0 48
1782238226759 0.0 49
1782238226760 0.0 50
1782238226761 0.0 51
1782238226762 0.0 52
1782238226763 0.0 53
1782238226764 0.0 54
1782238226765 0.0 55
1782238226767 0.0 56
1782238226768 0.0 57
1782238226769 0.0 58
1782238226770 0.0 59
1782238226772 0.0 60
1782238226773 0.0 61
1782238226774 0.0 62
1782238226775 0.0 63
1782238226776 0.0 64
1782238226777 0.0 65
1782238226778 0.0 66
1782238226779 0.0 67
1782238226780 0.0 68
1782238226782 0.0 69
1782238226783 0.0 70
1782238226784 0.0 71
1782238226785 0.0 72
1782238226786 0.0 73
1782238226787 0.0 74
1782238226788 0.0 75
1782238226790 0.0 76
1782238226791 0.0 77
1782238226792 0.0 78
1782238226793 0.0 79
1782238226794 0.0 80
1782238226795 0.0 81
