1782238226616 0.0 1
1782238226617 0.0 2
1782238226618 0.0 3
1782238226619 0.0 4
1782238226620 0.0 5
1782238226621 0.0 6
1782238226622 0.0 7
1782238226624 0.0 8
1782238226625 0.0 9
1782238226626 0.0 10
1782238226627 0.0 11
1782238226628 0.0 12
1782238226629 0.0 13
1782238226631 0.0 14
1782238226632 0.0 15
1782238226633 0.0 16
1782238226634 0.0 17
1782238226635 0.0 18
1782238226636 0.0 19
1782238226637 0.0 20
1782238226638 0.0 21
1782238226639 0.0 22
1782238226640 0.0 23
1782238226641 0.0 24
1782238226643 0.0 25
1782238226644 0.0 26
1782238226645 0.0 27
1782238226646 0.0 28
1782238226647 0.0 29
1782238226648 0.0 30
1782238226649 0.0 31
1782238226650 0.0 32
1782238226651 0.0 33
1782238226653 0.0 34
1782238226654 0.0 35
1782238226655 0.0 36
1782238226656 0.0 37
1782238226657 0.0 38
1782238226658 0.0 39
1782238226659 0.0 40
1782238226660 0.0 41
1782238226662 0.0 42
1782238226663 0.0 43
1782238226664 0.0 44
1782238226665 0.0 45
1782238226666 0.0 46
1782238226667 0.0 47
1782238226668 0.0 48
1782238226669 0.0 49
1782238226670 0.0 50
1782238226671 0.0 51
1782238226673 0.0 52
1782238226674 0.0 53
1782238226675 0.0 54
1782238226676 0.0 55
1782238226678 0.0 56
1782238226679 0.0 57
1782238226680 0.0 58
1782238226681 0.0 59
1782238226682 0.0 60
1782238226683 0.0 61
1782238226684 0.0 62
1782238226686 0.0 63
1782238226687 0.0 64
1782238226688 0.0 65
1782238226689 0.0 66
1782238226690 0.0 67
1782238226691 0.0 68
1782238226693 0.0 69
1782238226694 0.0 70
1782238226695 0.0 71
1782238226696 0.0 72
1782238226697 0.0 73
1782238226699 0.0 74
1782238226700 0.0 75
1782238226701 0.0 76
1782238226702 0.0 77
1782238226703 0.0 78
1782238226704 0.0 79
1782238226705 0.0 80
1782238226706 0.0 81
