1785092574027 0.014206255615572445 1
1785092574029 0.004578344450856094 2
1785092574030 0.003965414672566112 3
1785092574031 0.0036542211222695188 4
1785092574032 0.0035383387765614317 5
1785092574034 0.0032555274933110923 6
1785092574035 0.003377008806564845 7
1785092574036 0.0030694890188169665 8
1785092574037 0.0031128893495770173 9
1785092574039 0.003379408035543747 10
1785092574040 0.0030170538162929005 11
1785092574041 0.0031303402164485307 12
1785092574042 0.002817265904741362 13
1785092574043 0.0031059644342167304 14
1785092574045 0.002912742139887996 15
1785092574046 0.002733722525590565 16
1785092574047 0.0024976259318646044 17
1785092574048 0.002467280989512801 18
1785092574050 0.0023658021827577614 19
1785092574051 0.0024539028891013004 20
1785092574052 0.0023506391778937543 21
1785092574053 0.002294693719886709 22
1785092574055 0.002304761384439189 23
1785092574056 0.002248429889732506 24
1785092574057 0.0022791363154829013 25
1785092574058 0.0022894529090262948 26
1785092574060 0.002256886540562846 27
1785092574061 0.0021367024243227205 28
1785092574062 0.0020600993435073178 29
1785092574063 0.0020879799395333975 30
1785092574065 0.0021817201760131865 31
1785092574066 0.0021513444057200105 32
1785092574067 0.0021266519100754523 33
1785092574068 0.002062851960945409 34
1785092574070 0.0018897761525295208 35
1785092574071 0.0018558950201258994 36
1785092574072 0.001822512974467827 37
1785092574073 0.0018498383395490236 38
1785092574074 0.0018338685856724624 39
1785092574076 0.0018844490428455173 40
1785092574077 0.001789760077081155 41
1785092574078 0.001788478751841467 42
1785092574079 0.001833053518203087 43
1785092574081 0.001746560002939077 44
1785092574082 0.001762040919129504 45
1785092574083 0.0017237207855214365 46
1785092574084 0.0016796050190168899 47
1785092574086 0.0016272911318810656 48
1785092574087 0.0016324430293752812 49
1785092574088 0.0016114999883575364 50
1785092574089 0.0016267465920827818 51
1785092574091 0.001584525213111192 52
1785092574092 0.001559758456714917 53
1785092574093 0.001561013363098027 54
1785092574094 0.001554245209263172 55
1785092574095 0.001547735955537064 56
1785092574097 0.0015335815996513702 57
1785092574098 0.001520048844831763 58
1785092574099 0.0015155061330005993 59
1785092574100 0.0015098228330316487 60
1785092574102 0.0015057385950058232 61
