1785092574178 0.0 1
1785092574179 0.0 2
1785092574181 0.0 3
1785092574182 0.0 4
1785092574183 0.0 5
1785092574184 0.0 6
1785092574186 0.0 7
1785092574187 0.0 8
1785092574188 0.0 9
1785092574189 0.0 10
1785092574191 0.0 11
1785092574192 0.0 12
1785092574193 0.0 13
1785092574194 0.0 14
1785092574195 0.0 15
1785092574197 0.0 16
1785092574198 0.0 17
1785092574199 0.0 18
1785092574200 0.0 19
1785092574202 0.0 20
1785092574203 0.0 21
1785092574204 0.0 22
1785092574205 0.0 23
1785092574207 0.0 24
1785092574208 0.0 25
1785092574209 0.0 26
1785092574210 0.0 27
1785092574211 0.0 28
1785092574213 0.0 29
1785092574214 0.0 30
1785092574215 0.0 31
1785092574216 0.0 32
1785092574218 0.0 33
1785092574219 0.0 34
1785092574220 0.0 35
1785092574221 0.0 36
1785092574223 0.0 37
1785092574224 0.0 38
1785092574225 0.0 39
1785092574226 0.0 40
1785092574227 0.0 41
1785092574229 0.0 42
1785092574230 0.0 43
1785092574231 0.0 44
1785092574232 0.0 45
1785092574233 0.0 46
1785092574235 0.0 47
1785092574236 0.0 48
1785092574237 0.0 49
1785092574238 0.0 50
1785092574239 0.0 51
1785092574240 0.0 52
1785092574242 0.0 53
1785092574243 0.0 54
1785092574244 0.0 55
1785092574245 0.0 56
1785092574246 0.0 57
1785092574248 0.0 58
1785092574249 0.0 59
1785092574250 0.0 60
1785092574251 0.0 61
