1785092574253 0.0 1
1785092574254 0.0 2
1785092574255 0.0 3
1785092574256 0.0 4
1785092574258 0.0 5
1785092574259 0.0 6
1785092574260 0.0 7
1785092574261 0.0 8
1785092574263 0.0 9
1785092574264 0.0 10
1785092574265 0.0 11
1785092574266 0.0 12
1785092574268 0.0 13
1785092574269 0.0 14
1785092574270 0.0 15
1785092574271 0.0 16
1785092574273 0.0 17
1785092574274 0.0 18
1785092574275 0.0 19
1785092574276 0.0 20
1785092574277 0.0 21
1785092574279 0.0 22
1785092574280 0.0 23
1785092574281 0.0 24
1785092574282 0.0 25
1785092574284 0.0 26
1785092574285 0.0 27
1785092574286 0.0 28
1785092574287 0.0 29
1785092574289 0.0 30
1785092574290 0.0 31
1785092574291 0.0 32
1785092574292 0.0 33
1785092574294 0.0 34
1785092574295 0.0 35
1785092574296 0.0 36
1785092574297 0.0 37
1785092574299 0.0 38
1785092574300 0.0 39
1785092574301 0.0 40
1785092574302 0.0 41
1785092574303 0.0 42
1785092574304 0.0 43
1785092574306 0.0 44
1785092574307 0.0 45
1785092574308 0.0 46
1785092574310 0.0 47
1785092574311 0.0 48
1785092574312 0.0 49
1785092574313 0.0 50
1785092574315 0.0 51
1785092574316 0.0 52
1785092574317 0.0 53
1785092574318 0.0 54
1785092574319 0.0 55
1785092574321 0.0 56
1785092574322 0.0 57
1785092574323 0.0 58
1785092574324 0.0 59
1785092574326 0.0 60
1785092574327 0.0 61
