1785247285954 0.16331426851451397 1
1785247285956 0.016940279789268972 2
1785247285957 0.006450775082921609 3
1785247285958 0.004595405587460846 4
1785247285960 0.003714309800998308 5
1785247285961 0.0032235099317040293 6
1785247285962 0.0029220135157811454 7
1785247285963 0.0026373108822735957 8
1785247285965 0.0025139709768700414 9
1785247285966 0.0023620653449324893 10
1785247285967 0.0023023239942267537 11
1785247285968 0.002313640578649938 12
1785247285970 0.0021304914256324993 13
1785247285971 0.0020817580985021777 14
1785247285972 0.0020159622546634635 15
1785247285973 0.0019224760062934365 16
1785247285975 0.0019205952728225384 17
1785247285976 0.001912568975094473 18
1785247285977 0.0019246667088009418 19
1785247285979 0.001866156052419683 20
1785247285980 0.0018114790855906903 21
1785247285981 0.0017272155785758513 22
1785247285982 0.0016812054683396126 23
1785247285984 0.0017120475783303846 24
1785247285985 0.001913699917786289 25
1785247285986 0.0017083985851786565 26
1785247285987 0.0016791370391729288 27
1785247285989 0.001662340233597206 28
1785247285990 0.0016466962185222656 29
1785247285991 0.001520357627305202 30
1785247285992 0.001455564049683744 31
1785247285994 0.0014274765515438048 32
1785247285995 0.0014045331344823353 33
1785247285996 0.0013893223599006888 34
1785247285997 0.0013755052536725998 35
1785247285999 0.0013736907176644308 36
1785247286000 0.0013955551233084406 37
1785247286001 0.00139279924085713 38
1785247286003 0.0013889854855369777 39
1785247286004 0.0013609873651876114 40
1785247286005 0.001324058383179363 41
1785247286006 0.0013112252637074561 42
1785247286008 0.0012925629963865504 43
1785247286009 0.0012594937342510094 44
1785247286010 0.0012376610211504158 45
1785247286011 0.0012274191678443458 46
1785247286013 0.0012188054233411095 47
1785247286014 0.0012119009761227062 48
1785247286015 0.0011975850478484062 49
1785247286016 0.0011913931596791371 50
1785247286018 0.001187287999637192 51
1785247286019 0.0011832110521936556 52
1785247286020 0.0011792471179796849 53
1785247286021 0.0011717469237191836 54
1785247286023 0.0011690059664397267 55
1785247286024 0.0011665968027955386 56
1785247286025 0.001164381112466799 57
1785247286026 0.0011621551182179246 58
