1785247286173 0.0 1
1785247286175 0.0 2
1785247286176 0.0 3
1785247286177 0.0 4
1785247286178 0.0 5
1785247286180 0.0 6
1785247286181 0.0 7
1785247286182 0.0 8
1785247286183 0.0 9
1785247286185 0.0 10
1785247286186 0.0 11
1785247286187 0.0 12
1785247286188 0.0 13
1785247286190 0.0 14
1785247286191 0.0 15
1785247286192 0.0 16
1785247286193 0.0 17
1785247286195 0.0 18
1785247286196 0.0 19
1785247286197 0.0 20
1785247286198 0.0 21
1785247286200 0.0 22
1785247286201 0.0 23
1785247286202 0.0 24
1785247286203 0.0 25
1785247286205 0.0 26
1785247286206 0.0 27
1785247286207 0.0 28
1785247286209 0.0 29
1785247286210 0.0 30
1785247286211 0.0 31
1785247286212 0.0 32
1785247286214 0.0 33
1785247286215 0.0 34
1785247286216 0.0 35
1785247286217 0.0 36
1785247286219 0.0 37
1785247286220 0.0 38
1785247286221 0.0 39
1785247286222 0.0 40
1785247286224 0.0 41
1785247286225 0.0 42
1785247286226 0.0 43
1785247286227 0.0 44
1785247286229 0.0 45
1785247286230 0.0 46
1785247286231 0.0 47
1785247286232 0.0 48
1785247286234 0.0 49
1785247286235 0.0 50
1785247286236 0.0 51
1785247286237 0.0 52
1785247286239 0.0 53
1785247286240 0.0 54
1785247286241 0.0 55
1785247286242 0.0 56
1785247286244 0.0 57
1785247286245 0.0 58
