1785247286101 0.0 1
1785247286102 0.0 2
1785247286104 0.0 3
1785247286105 0.0 4
1785247286106 0.0 5
1785247286107 0.0 6
1785247286108 0.0 7
1785247286110 0.0 8
1785247286111 0.0 9
1785247286112 0.0 10
1785247286113 0.0 11
1785247286115 0.0 12
1785247286116 0.0 13
1785247286117 0.0 14
1785247286119 0.0 15
1785247286120 0.0 16
1785247286121 0.0 17
1785247286122 0.0 18
1785247286123 0.0 19
1785247286125 0.0 20
1785247286126 0.0 21
1785247286127 0.0 22
1785247286128 0.0 23
1785247286130 0.0 24
1785247286131 0.0 25
1785247286132 0.0 26
1785247286133 0.0 27
1785247286135 0.0 28
1785247286136 0.0 29
1785247286137 0.0 30
1785247286138 0.0 31
1785247286140 0.0 32
1785247286141 0.0 33
1785247286142 0.0 34
1785247286143 0.0 35
1785247286145 0.0 36
1785247286146 0.0 37
1785247286147 0.0 38
1785247286148 0.0 39
1785247286150 0.0 40
1785247286151 0.0 41
1785247286152 0.0 42
1785247286153 0.0 43
1785247286155 0.0 44
1785247286156 0.0 45
1785247286157 0.0 46
1785247286158 0.0 47
1785247286160 0.0 48
1785247286161 0.0 49
1785247286162 0.0 50
1785247286163 0.0 51
1785247286165 0.0 52
1785247286166 0.0 53
1785247286167 0.0 54
1785247286168 0.0 55
1785247286170 0.0 56
1785247286171 0.0 57
1785247286172 0.0 58
