1783930843555 0.0 1
1783930843556 0.0 2
1783930843558 0.0 3
1783930843559 0.0 4
1783930843561 0.0 5
1783930843562 0.0 6
1783930843564 0.0 7
1783930843565 0.0 8
1783930843567 0.0 9
1783930843568 0.0 10
1783930843570 0.0 11
1783930843571 0.0 12
1783930843573 0.0 13
1783930843574 0.0 14
1783930843576 0.0 15
1783930843577 0.0 16
1783930843579 0.0 17
1783930843580 0.0 18
1783930843582 0.0 19
1783930843583 0.0 20
1783930843585 0.0 21
1783930843586 0.0 22
1783930843587 0.0 23
1783930843589 0.0 24
1783930843590 0.0 25
1783930843592 0.0 26
1783930843593 0.0 27
1783930843595 0.0 28
1783930843596 0.0 29
1783930843598 0.0 30
1783930843599 0.0 31
1783930843601 0.0 32
1783930843602 0.0 33
1783930843604 0.0 34
1783930843605 0.0 35
1783930843607 0.0 36
1783930843608 0.0 37
1783930843610 0.0 38
1783930843611 0.0 39
1783930843613 0.0 40
1783930843614 0.0 41
1783930843616 0.0 42
1783930843617 0.0 43
1783930843619 0.0 44
1783930843620 0.0 45
1783930843622 0.0 46
1783930843623 0.0 47
1783930843625 0.0 48
1783930843626 0.0 49
1783930843628 0.0 50
1783930843629 0.0 51
1783930843631 0.0 52
1783930843632 0.0 53
1783930843634 0.0 54
1783930843635 0.0 55
1783930843637 0.0 56
1783930843638 0.0 57
1783930843640 0.0 58
1783930843641 0.0 59
1783930843642 0.0 60
1783930843644 0.0 61
1783930843645 0.0 62
1783930843647 0.0 63
1783930843648 0.0 64
1783930843650 0.0 65
1783930843652 0.0 66
1783930843653 0.0 67
1783930843655 0.0 68
1783930843656 0.0 69
1783930843658 0.0 70
1783930843659 0.0 71
1783930843661 0.0 72
1783930843662 0.0 73
1783930843663 0.0 74
1783930843665 0.0 75
1783930843666 0.0 76
1783930843668 0.0 77
1783930843669 0.0 78
1783930843671 0.0 79
1783930843672 0.0 80
1783930843674 0.0 81
1783930843675 0.0 82
1783930843677 0.0 83
1783930843678 0.0 84
