1783930843177 0.12794335152953862 1
1783930843178 0.043534877337515356 2
1783930843180 0.019053487991914152 3
1783930843181 0.01130336195928976 4
1783930843183 0.0077723054285161195 5
1783930843184 0.005895556348841638 6
1783930843186 0.004694254882633686 7
1783930843187 0.0039015525474678727 8
1783930843189 0.003344170335913077 9
1783930843190 0.0029427386005409064 10
1783930843192 0.0026238354237284513 11
1783930843193 0.0024031237268354743 12
1783930843195 0.002246220145316329 13
1783930843196 0.002062666372221429 14
1783930843198 0.0019844652042957022 15
1783930843199 0.0018308053689543157 16
1783930843201 0.0017493115822435356 17
1783930843202 0.0016982357058441266 18
1783930843204 0.0016270867905404884 19
1783930843206 0.0015944871483952738 20
1783930843207 0.0015369623783044518 21
1783930843209 0.0014707075318438 22
1783930843210 0.001443179880589014 23
1783930843212 0.0014119505540293176 24
1783930843214 0.001484624576260103 25
1783930843215 0.0014349321193003561 26
1783930843217 0.0013781147667032202 27
1783930843218 0.0013562305337109137 28
1783930843220 0.0013134210546559188 29
1783930843222 0.0012882961423019879 30
1783930843223 0.0012782714075001422 31
1783930843225 0.001252374952964601 32
1783930843226 0.001261647431529127 33
1783930843228 0.0012223262591578533 34
1783930843230 0.0011767598353617358 35
1783930843231 0.0011606116315670079 36
1783930843233 0.0011504234941821778 37
1783930843234 0.0011423365797963924 38
1783930843236 0.0011361552430753364 39
1783930843237 0.0011309996056661476 40
1783930843239 0.001123215394327417 41
1783930843240 0.001113261501159286 42
1783930843242 0.001111846919884556 43
1783930843243 0.0011070552053570283 44
1783930843245 0.001103848631537403 45
1783930843246 0.0010961245184444124 46
1783930843248 0.0010971348019666038 47
1783930843249 0.001102579264625092 48
1783930843251 0.0010923529425781453 49
1783930843252 0.0010773317871644395 50
1783930843254 0.0010654181808786233 51
1783930843255 0.0010696921706403373 52
1783930843257 0.0010466958463803166 53
1783930843258 0.0010369375506707002 54
1783930843260 0.0010303215259045827 55
1783930843261 0.0010200108607386937 56
1783930843262 0.0010159540463064332 57
1783930843264 0.00101544136821758 58
1783930843265 0.0010179621610586765 59
1783930843267 0.0010127002312947297 60
1783930843268 0.0010045255100703798 61
1783930843270 0.0009985237596265505 62
1783930843272 0.0009965600761643145 63
1783930843273 0.0009950844092236366 64
1783930843274 0.000992532673117239 65
1783930843276 0.000989211183914449 66
1783930843277 0.0009897733322577552 67
1783930843279 0.000987230783503037 68
1783930843280 0.00098482006615086 69
1783930843282 0.0009842131874756887 70
1783930843283 0.000981955358001869 71
1783930843285 0.0009819096833962248 72
1783930843286 0.000980248785854201 73
1783930843288 0.0009801363842416322 74
1783930843289 0.0009767848125920864 75
1783930843291 0.0009745258306065808 76
1783930843292 0.0009770487566856901 77
1783930843294 0.0009766785336978502 78
1783930843295 0.0009725718023400986 79
1783930843297 0.0009714498280663974 80
1783930843298 0.0009712553339340957 81
1783930843300 0.000973391852749046 82
1783930843301 0.0009721899507712805 83
1783930843303 0.0009721202488435666 84
