1783930843430 0.0 1
1783930843431 0.0 2
1783930843433 0.0 3
1783930843434 0.0 4
1783930843436 0.0 5
1783930843437 0.0 6
1783930843439 0.0 7
1783930843440 0.0 8
1783930843442 0.0 9
1783930843443 0.0 10
1783930843445 0.0 11
1783930843446 0.0 12
1783930843448 0.0 13
1783930843449 0.0 14
1783930843451 0.0 15
1783930843452 0.0 16
1783930843454 0.0 17
1783930843455 0.0 18
1783930843457 0.0 19
1783930843458 0.0 20
1783930843460 0.0 21
1783930843461 0.0 22
1783930843463 0.0 23
1783930843464 0.0 24
1783930843466 0.0 25
1783930843467 0.0 26
1783930843469 0.0 27
1783930843470 0.0 28
1783930843472 0.0 29
1783930843473 0.0 30
1783930843475 0.0 31
1783930843476 0.0 32
1783930843478 0.0 33
1783930843479 0.0 34
1783930843481 0.0 35
1783930843482 0.0 36
1783930843484 0.0 37
1783930843485 0.0 38
1783930843487 0.0 39
1783930843488 0.0 40
1783930843490 0.0 41
1783930843491 0.0 42
1783930843493 0.0 43
1783930843494 0.0 44
1783930843496 0.0 45
1783930843497 0.0 46
1783930843499 0.0 47
1783930843500 0.0 48
1783930843502 0.0 49
1783930843503 0.0 50
1783930843505 0.0 51
1783930843506 0.0 52
1783930843507 0.0 53
1783930843509 0.0 54
1783930843510 0.0 55
1783930843512 0.0 56
1783930843513 0.0 57
1783930843515 0.0 58
1783930843516 0.0 59
1783930843518 0.0 60
1783930843519 0.0 61
1783930843521 0.0 62
1783930843522 0.0 63
1783930843524 0.0 64
1783930843525 0.0 65
1783930843527 0.0 66
1783930843528 0.0 67
1783930843530 0.0 68
1783930843531 0.0 69
1783930843533 0.0 70
1783930843534 0.0 71
1783930843536 0.0 72
1783930843537 0.0 73
1783930843539 0.0 74
1783930843540 0.0 75
1783930843542 0.0 76
1783930843543 0.0 77
1783930843545 0.0 78
1783930843546 0.0 79
1783930843548 0.0 80
1783930843549 0.0 81
1783930843550 0.0 82
1783930843552 0.0 83
1783930843553 0.0 84
