1782649517168 0.0 1
1782649517170 0.0 2
1782649517171 0.0 3
1782649517172 0.0 4
1782649517173 0.0 5
1782649517174 0.0 6
1782649517175 0.0 7
1782649517176 0.0 8
1782649517177 0.0 9
1782649517178 0.0 10
1782649517179 0.0 11
1782649517180 0.0 12
1782649517181 0.0 13
1782649517182 0.0 14
1782649517184 0.0 15
1782649517185 0.0 16
1782649517186 0.0 17
1782649517187 0.0 18
1782649517188 0.0 19
1782649517189 0.0 20
1782649517190 0.0 21
1782649517191 0.0 22
1782649517192 0.0 23
1782649517193 0.0 24
1782649517194 0.0 25
1782649517195 0.0 26
1782649517196 0.0 27
1782649517197 0.0 28
1782649517199 0.0 29
1782649517200 0.0 30
1782649517201 0.0 31
1782649517202 0.0 32
1782649517203 0.0 33
1782649517204 0.0 34
1782649517205 0.0 35
1782649517206 0.0 36
1782649517207 0.0 37
1782649517208 0.0 38
1782649517209 0.0 39
1782649517210 0.0 40
1782649517211 0.0 41
1782649517213 0.0 42
1782649517214 0.0 43
1782649517216 0.0 44
1782649517218 0.0 45
1782649517219 0.0 46
1782649517220 0.0 47
1782649517221 0.0 48
1782649517222 0.0 49
1782649517223 0.0 50
1782649517224 0.0 51
1782649517225 0.0 52
1782649517226 0.0 53
1782649517227 0.0 54
1782649517228 0.0 55
1782649517230 0.0 56
1782649517231 0.0 57
1782649517232 0.0 58
1782649517233 0.0 59
1782649517234 0.0 60
1782649517235 0.0 61
1782649517236 0.0 62
1782649517237 0.0 63
1782649517238 0.0 64
1782649517239 0.0 65
1782649517240 0.0 66
1782649517242 0.0 67
1782649517243 0.0 68
1782649517244 0.0 69
1782649517245 0.0 70
