1782649517246 0.0 1
1782649517247 0.0 2
1782649517248 0.0 3
1782649517249 0.0 4
1782649517250 0.0 5
1782649517251 0.0 6
1782649517252 0.0 7
1782649517253 0.0 8
1782649517255 0.0 9
1782649517256 0.0 10
1782649517257 0.0 11
1782649517258 0.0 12
1782649517259 0.0 13
1782649517260 0.0 14
1782649517261 0.0 15
1782649517262 0.0 16
1782649517263 0.0 17
1782649517264 0.0 18
1782649517265 0.0 19
1782649517266 0.0 20
1782649517267 0.0 21
1782649517269 0.0 22
1782649517270 0.0 23
1782649517271 0.0 24
1782649517272 0.0 25
1782649517273 0.0 26
1782649517274 0.0 27
1782649517275 0.0 28
1782649517276 0.0 29
1782649517277 0.0 30
1782649517278 0.0 31
1782649517279 0.0 32
1782649517280 0.0 33
1782649517282 0.0 34
1782649517283 0.0 35
1782649517284 0.0 36
1782649517285 0.0 37
1782649517286 0.0 38
1782649517287 0.0 39
1782649517288 0.0 40
1782649517289 0.0 41
1782649517290 0.0 42
1782649517291 0.0 43
1782649517293 0.0 44
1782649517294 0.0 45
1782649517295 0.0 46
1782649517296 0.0 47
1782649517297 0.0 48
1782649517299 0.0 49
1782649517300 0.0 50
1782649517301 0.0 51
1782649517302 0.0 52
1782649517303 0.0 53
1782649517304 0.0 54
1782649517305 0.0 55
1782649517306 0.0 56
1782649517307 0.0 57
1782649517308 0.0 58
1782649517309 0.0 59
1782649517310 0.0 60
1782649517312 0.0 61
1782649517313 0.0 62
1782649517314 0.0 63
1782649517315 0.0 64
1782649517316 0.0 65
1782649517317 0.0 66
1782649517318 0.0 67
1782649517319 0.0 68
1782649517320 0.0 69
1782649517321 0.0 70
