1782649517017 0.12342384004965425 1
1782649517018 0.04433045740239322 2
1782649517019 0.02153005062136799 3
1782649517020 0.013255558419041335 4
1782649517021 0.009197238129563629 5
1782649517022 0.006950681307353079 6
1782649517023 0.00540800720686093 7
1782649517024 0.004502853387966752 8
1782649517026 0.0037210769578814506 9
1782649517027 0.0032246180734364317 10
1782649517028 0.0029151585331419483 11
1782649517029 0.0026106413261732086 12
1782649517030 0.0024196119321277364 13
1782649517031 0.0022377098904689773 14
1782649517032 0.0021066647744737567 15
1782649517033 0.001962560729007237 16
1782649517034 0.0018633971494273283 17
1782649517035 0.001812209760537371 18
1782649517036 0.001711032586172223 19
1782649517038 0.0016816165632917545 20
1782649517039 0.0015917248619371095 21
1782649517040 0.0014970062868087553 22
1782649517041 0.0014541257683595176 23
1782649517042 0.0014081357758550439 24
1782649517043 0.0014767669455613942 25
1782649517044 0.0014460277708712966 26
1782649517045 0.0013555631635244936 27
1782649517046 0.0012874883755284827 28
1782649517047 0.0012433283936115914 29
1782649517048 0.0013048206834355368 30
1782649517050 0.0012369354334077797 31
1782649517051 0.0011845336588157806 32
1782649517052 0.001177843922341708 33
1782649517053 0.0012031334311177488 34
1782649517054 0.001152079138555564 35
1782649517055 0.0011497783722006715 36
1782649517056 0.001149380093193031 37
1782649517057 0.0011202472787408624 38
1782649517058 0.0010532953798247035 39
1782649517059 0.0010490964450582396 40
1782649517060 0.0010526082187425345 41
1782649517061 0.0010714183869276895 42
1782649517063 0.0011010311343852663 43
1782649517064 0.0010609436889353675 44
1782649517065 0.001041058437913307 45
1782649517066 0.0009723650122759864 46
1782649517067 0.000977294638141757 47
1782649517068 0.0009061922132241307 48
1782649517069 0.0008554773054493125 49
1782649517070 0.0008358365647291066 50
1782649517071 0.0008221902588411467 51
1782649517072 0.0008104349378845654 52
1782649517073 0.0008011080522555857 53
1782649517075 0.0007956659384217346 54
1782649517076 0.0007856953736336437 55
1782649517077 0.0007748450780491111 56
1782649517078 0.0007679607164027402 57
1782649517079 0.0007626175200130092 58
1782649517080 0.000758111133472994 59
1782649517081 0.0007539204600470839 60
1782649517082 0.0007504755070840474 61
1782649517083 0.0007444794995171833 62
1782649517084 0.0007384827791611315 63
1782649517085 0.0007350642728852109 64
1782649517086 0.0007321589767525439 65
1782649517087 0.0007292866089483141 66
1782649517089 0.000726582257047994 67
1782649517090 0.0007239798902810435 68
1782649517091 0.0007197647279463126 69
1782649517092 0.0007177620759830461 70
