1782247934011 0.0 1
1782247934012 0.0 2
1782247934013 0.0 3
1782247934014 0.0 4
1782247934015 0.0 5
1782247934016 0.0 6
1782247934018 0.0 7
1782247934019 0.0 8
1782247934020 0.0 9
1782247934021 0.0 10
1782247934022 0.0 11
1782247934023 0.0 12
1782247934025 0.0 13
1782247934026 0.0 14
1782247934027 0.0 15
1782247934028 0.0 16
1782247934029 0.0 17
1782247934030 0.0 18
1782247934031 0.0 19
1782247934032 0.0 20
1782247934034 0.0 21
1782247934035 0.0 22
1782247934036 0.0 23
1782247934037 0.0 24
1782247934039 0.0 25
1782247934040 0.0 26
1782247934041 0.0 27
1782247934042 0.0 28
1782247934043 0.0 29
1782247934045 0.0 30
1782247934046 0.0 31
1782247934047 0.0 32
1782247934048 0.0 33
1782247934049 0.0 34
1782247934051 0.0 35
1782247934052 0.0 36
1782247934053 0.0 37
1782247934054 0.0 38
1782247934056 0.0 39
1782247934057 0.0 40
1782247934058 0.0 41
1782247934059 0.0 42
1782247934060 0.0 43
1782247934061 0.0 44
1782247934062 0.0 45
1782247934063 0.0 46
1782247934064 0.0 47
1782247934066 0.0 48
1782247934067 0.0 49
1782247934068 0.0 50
1782247934069 0.0 51
1782247934070 0.0 52
1782247934071 0.0 53
1782247934072 0.0 54
1782247934073 0.0 55
1782247934074 0.0 56
1782247934075 0.0 57
1782247934077 0.0 58
1782247934078 0.0 59
1782247934079 0.0 60
1782247934080 0.0 61
1782247934081 0.0 62
1782247934082 0.0 63
1782247934083 0.0 64
1782247934084 0.0 65
1782247934085 0.0 66
1782247934086 0.0 67
1782247934088 0.0 68
1782247934089 0.0 69
1782247934090 0.0 70
1782247934091 0.0 71
1782247934092 0.0 72
1782247934093 0.0 73
1782247934094 0.0 74
1782247934095 0.0 75
