1782247933923 0.0 1
1782247933924 0.0 2
1782247933925 0.0 3
1782247933926 0.0 4
1782247933927 0.0 5
1782247933929 0.0 6
1782247933930 0.0 7
1782247933931 0.0 8
1782247933932 0.0 9
1782247933933 0.0 10
1782247933934 0.0 11
1782247933936 0.0 12
1782247933937 0.0 13
1782247933938 0.0 14
1782247933939 0.0 15
1782247933941 0.0 16
1782247933942 0.0 17
1782247933943 0.0 18
1782247933944 0.0 19
1782247933946 0.0 20
1782247933947 0.0 21
1782247933948 0.0 22
1782247933949 0.0 23
1782247933951 0.0 24
1782247933952 0.0 25
1782247933953 0.0 26
1782247933954 0.0 27
1782247933956 0.0 28
1782247933957 0.0 29
1782247933958 0.0 30
1782247933959 0.0 31
1782247933961 0.0 32
1782247933962 0.0 33
1782247933963 0.0 34
1782247933965 0.0 35
1782247933966 0.0 36
1782247933967 0.0 37
1782247933968 0.0 38
1782247933969 0.0 39
1782247933970 0.0 40
1782247933972 0.0 41
1782247933973 0.0 42
1782247933974 0.0 43
1782247933975 0.0 44
1782247933977 0.0 45
1782247933978 0.0 46
1782247933979 0.0 47
1782247933980 0.0 48
1782247933981 0.0 49
1782247933982 0.0 50
1782247933983 0.0 51
1782247933984 0.0 52
1782247933986 0.0 53
1782247933987 0.0 54
1782247933988 0.0 55
1782247933989 0.0 56
1782247933990 0.0 57
1782247933992 0.0 58
1782247933993 0.0 59
1782247933994 0.0 60
1782247933995 0.0 61
1782247933996 0.0 62
1782247933997 0.0 63
1782247933998 0.0 64
1782247933999 0.0 65
1782247934000 0.0 66
1782247934001 0.0 67
1782247934002 0.0 68
1782247934003 0.0 69
1782247934005 0.0 70
1782247934006 0.0 71
1782247934007 0.0 72
1782247934008 0.0 73
1782247934009 0.0 74
1782247934010 0.0 75
