1782247933732 0.12803572464734317 1
1782247933733 0.04385387245565653 2
1782247933735 0.02083332838024944 3
1782247933736 0.012266950672492385 4
1782247933737 0.008336368245072662 5
1782247933739 0.006175857034977525 6
1782247933740 0.004877954758703709 7
1782247933741 0.003964039700804278 8
1782247933742 0.003429287497419864 9
1782247933744 0.002966280392720364 10
1782247933745 0.002649651724495925 11
1782247933746 0.0023750876355916263 12
1782247933748 0.002189601291902363 13
1782247933749 0.0020365141390357167 14
1782247933750 0.0019228312381892466 15
1782247933751 0.0018439197618863546 16
1782247933753 0.001732309735089075 17
1782247933754 0.001634359955205582 18
1782247933755 0.0015239929608651436 19
1782247933756 0.0014723470772150904 20
1782247933758 0.0014053323387634008 21
1782247933759 0.001351662184606539 22
1782247933760 0.001310324422083795 23
1782247933762 0.0012886853521922603 24
1782247933763 0.0012987329666793812 25
1782247933764 0.0013040431308036205 26
1782247933765 0.0012370146754255983 27
1782247933767 0.0011712197509768886 28
1782247933768 0.0011124758099322208 29
1782247933769 0.0010812143203656887 30
1782247933771 0.0010474323631206061 31
1782247933772 0.0010396068822592496 32
1782247933773 0.0010599964045104571 33
1782247933774 0.0010806914712156869 34
1782247933776 0.0010532294887525494 35
1782247933777 0.0010240950820298168 36
1782247933778 0.001002655938063981 37
1782247933779 0.0009808639233961003 38
1782247933781 0.0009772161977889481 39
1782247933782 0.0009835145129909505 40
1782247933783 0.000970758004768868 41
1782247933784 0.0009211348100507166 42
1782247933786 0.0008951508103928063 43
1782247933787 0.0009164749211777234 44
1782247933788 0.0009845346955262358 45
1782247933790 0.0009420708449033554 46
1782247933791 0.0009208003087405814 47
1782247933792 0.0008689039794262498 48
1782247933793 0.0008445116404254805 49
1782247933795 0.0008246076006616931 50
1782247933796 0.0008252177821850637 51
1782247933797 0.0008431177345482866 52
1782247933798 0.0008115342831661109 53
1782247933800 0.0007606718807437573 54
1782247933801 0.0007433056148511241 55
1782247933802 0.0007328540407615946 56
1782247933803 0.0007255478282240801 57
1782247933805 0.000719099298112269 58
1782247933806 0.0007143450028524967 59
1782247933807 0.000707834861932497 60
1782247933808 0.0007021525032541831 61
1782247933810 0.000698157047991117 62
1782247933811 0.000694718854065286 63
1782247933812 0.0006913742066171836 64
1782247933814 0.0006880650791936205 65
1782247933815 0.0006850145503267413 66
1782247933816 0.0006808064280630787 67
1782247933817 0.0006777570639314945 68
1782247933819 0.0006756312405195785 69
1782247933820 0.0006735199646573164 70
1782247933821 0.0006714042595558567 71
1782247933822 0.0006692753961033305 72
1782247933824 0.0006671670472860569 73
1782247933825 0.0006642819023545599 74
1782247933826 0.000662886027021159 75
