1782576573500 0.232733805924654 1
1782576573501 0.10093614609912038 2
1782576573502 0.03390877032652497 3
1782576573503 0.017672247304581105 4
1782576573504 0.011533371414989233 5
1782576573505 0.00860754759516567 6
1782576573506 0.0066426728991791605 7
1782576573507 0.005275832118932158 8
1782576573509 0.004432325325906277 9
1782576573510 0.003922448102384806 10
1782576573511 0.003584464627201669 11
1782576573512 0.0031678005191497507 12
1782576573513 0.0029203031212091447 13
1782576573514 0.002629317762912251 14
1782576573515 0.0024450136779341847 15
1782576573516 0.002358935907832347 16
1782576573517 0.0022285367411677727 17
1782576573518 0.0021443084874772467 18
1782576573519 0.002013053697301075 19
1782576573520 0.001966408573789522 20
1782576573521 0.001926668671076186 21
1782576573522 0.0018697028068709188 22
1782576573523 0.0018580069209565408 23
1782576573524 0.0017995069999597036 24
1782576573526 0.001737559625180438 25
1782576573527 0.00163630163151538 26
1782576573528 0.0015929393809346948 27
1782576573529 0.0015347824865602887 28
1782576573530 0.001499439503531903 29
1782576573531 0.0014764874367392622 30
1782576573532 0.0015269857834209687 31
1782576573533 0.001574423391284654 32
1782576573534 0.0014655887776461895 33
1782576573535 0.0014841579901985825 34
1782576573536 0.0014372411505610217 35
1782576573537 0.001388545269583119 36
1782576573538 0.0013490046880906448 37
1782576573539 0.0013210800524393563 38
1782576573540 0.001331289925292367 39
1782576573541 0.001386113989574369 40
1782576573542 0.0013600652559398441 41
1782576573543 0.001291219842605642 42
1782576573545 0.0012709924117370974 43
1782576573546 0.0012677290418650956 44
1782576573547 0.001287892116451985 45
1782576573548 0.0012919534507818754 46
1782576573549 0.0012724855287524406 47
1782576573550 0.0012445864387700567 48
1782576573551 0.0012025423811428482 49
1782576573552 0.0012062668419093826 50
1782576573553 0.0011764567154023099 51
1782576573554 0.0011433998668508138 52
1782576573555 0.00111912443950132 53
1782576573556 0.0011623474262887612 54
1782576573557 0.001170895204268163 55
1782576573558 0.0011177347291231854 56
1782576573559 0.0010719053400680423 57
1782576573560 0.0010080627089337213 58
1782576573561 0.0009865740818349878 59
1782576573562 0.000973087779202615 60
1782576573563 0.0009636730143392924 61
1782576573565 0.0009594664293399546 62
1782576573566 0.0009533661636669422 63
1782576573567 0.0009343349332630169 64
1782576573568 0.0009216054916760186 65
1782576573569 0.0009155629036831669 66
1782576573570 0.0009101710006507347 67
1782576573571 0.0009056505587795983 68
1782576573572 0.0009022170177922817 69
1782576573573 0.000897334226538078 70
1782576573574 0.0008871572319912957 71
1782576573575 0.0008815418375888839 72
1782576573576 0.0008782007286208682 73
1782576573577 0.0008751151569595095 74
1782576573578 0.0008726332301012007 75
1782576573579 0.000869684031495126 76
1782576573580 0.000867443522438407 77
1782576573581 0.0008615531650139019 78
1782576573583 0.0008592594073343207 79
