1782576573667 0.0 1
1782576573668 0.0 2
1782576573669 0.0 3
1782576573670 0.0 4
1782576573671 0.0 5
1782576573672 0.0 6
1782576573673 0.0 7
1782576573674 0.0 8
1782576573675 0.0 9
1782576573677 0.0 10
1782576573678 0.0 11
1782576573679 0.0 12
1782576573680 0.0 13
1782576573681 0.0 14
1782576573682 0.0 15
1782576573683 0.0 16
1782576573684 0.0 17
1782576573685 0.0 18
1782576573686 0.0 19
1782576573687 0.0 20
1782576573688 0.0 21
1782576573689 0.0 22
1782576573690 0.0 23
1782576573691 0.0 24
1782576573692 0.0 25
1782576573693 0.0 26
1782576573694 0.0 27
1782576573695 0.0 28
1782576573696 0.0 29
1782576573697 0.0 30
1782576573698 0.0 31
1782576573700 0.0 32
1782576573701 0.0 33
1782576573702 0.0 34
1782576573703 0.0 35
1782576573704 0.0 36
1782576573705 0.0 37
1782576573706 0.0 38
1782576573707 0.0 39
1782576573708 0.0 40
1782576573709 0.0 41
1782576573710 0.0 42
1782576573711 0.0 43
1782576573712 0.0 44
1782576573713 0.0 45
1782576573714 0.0 46
1782576573715 0.0 47
1782576573716 0.0 48
1782576573718 0.0 49
1782576573719 0.0 50
1782576573720 0.0 51
1782576573721 0.0 52
1782576573722 0.0 53
1782576573723 0.0 54
1782576573724 0.0 55
1782576573725 0.0 56
1782576573726 0.0 57
1782576573727 0.0 58
1782576573728 0.0 59
1782576573729 0.0 60
1782576573730 0.0 61
1782576573731 0.0 62
1782576573732 0.0 63
1782576573733 0.0 64
1782576573734 0.0 65
1782576573735 0.0 66
1782576573736 0.0 67
1782576573737 0.0 68
1782576573738 0.0 69
1782576573739 0.0 70
1782576573740 0.0 71
1782576573741 0.0 72
1782576573742 0.0 73
1782576573743 0.0 74
1782576573744 0.0 75
1782576573745 0.0 76
1782576573746 0.0 77
1782576573747 0.0 78
1782576573748 0.0 79
