1782576573749 0.0 1
1782576573750 0.0 2
1782576573751 0.0 3
1782576573752 0.0 4
1782576573753 0.0 5
1782576573754 0.0 6
1782576573755 0.0 7
1782576573756 0.0 8
1782576573757 0.0 9
1782576573758 0.0 10
1782576573759 0.0 11
1782576573760 0.0 12
1782576573761 0.0 13
1782576573762 0.0 14
1782576573763 0.0 15
1782576573764 0.0 16
1782576573765 0.0 17
1782576573766 0.0 18
1782576573767 0.0 19
1782576573769 0.0 20
1782576573770 0.0 21
1782576573771 0.0 22
1782576573771 0.0 23
1782576573772 0.0 24
1782576573773 0.0 25
1782576573774 0.0 26
1782576573775 0.0 27
1782576573776 0.0 28
1782576573777 0.0 29
1782576573778 0.0 30
1782576573779 0.0 31
1782576573780 0.0 32
1782576573781 0.0 33
1782576573782 0.0 34
1782576573783 0.0 35
1782576573784 0.0 36
1782576573785 0.0 37
1782576573786 0.0 38
1782576573787 0.0 39
1782576573788 0.0 40
1782576573789 0.0 41
1782576573790 0.0 42
1782576573791 0.0 43
1782576573792 0.0 44
1782576573793 0.0 45
1782576573794 0.0 46
1782576573795 0.0 47
1782576573796 0.0 48
1782576573797 0.0 49
1782576573798 0.0 50
1782576573799 0.0 51
1782576573800 0.0 52
1782576573800 0.0 53
1782576573802 0.0 54
1782576573803 0.0 55
1782576573803 0.0 56
1782576573804 0.0 57
1782576573805 0.0 58
1782576573806 0.0 59
1782576573807 0.0 60
1782576573808 0.0 61
1782576573809 0.0 62
1782576573810 0.0 63
1782576573811 0.0 64
1782576573812 0.0 65
1782576573813 0.0 66
1782576573814 0.0 67
1782576573815 0.0 68
1782576573816 0.0 69
1782576573817 0.0 70
1782576573818 0.0 71
1782576573819 0.0 72
1782576573820 0.0 73
1782576573821 0.0 74
1782576573822 0.0 75
1782576573823 0.0 76
1782576573824 0.0 77
1782576573825 0.0 78
1782576573826 0.0 79
