1781253082051 1.0 200
1781253082081 1.0 153
1781253082109 1.0 126
1781253082136 0.9951219512195122 98
1781253082163 0.9951219512195122 79
1781253082190 0.9706097560975611 53
1781253082216 0.9342150485173741 42
1781253082243 0.8878272357811999 30
1781253082270 0.866089845826688 25
1781253082296 0.8339201182982781 18
1781253082323 0.7990786240786241 13
1781253082350 0.7560127171706119 9
1781253082376 0.6981762156762157 7
1781253082402 0.6881405495202974 6
1781253082427 0.6872077313253784 5
1781253082452 0.4021870286576169 2
1781253082478 0.2694689673622258 1
