1781253082053 1.0 200
1781253082082 1.0 153
1781253082110 1.0 126
1781253082138 0.9949999999999999 98
1781253082165 0.9949999999999999 79
1781253082191 0.97 53
1781253082218 0.9299999999999999 42
1781253082244 0.8800000000000001 30
1781253082271 0.86 25
1781253082297 0.825 18
1781253082325 0.7949999999999999 13
1781253082351 0.7550000000000001 9
1781253082377 0.6950000000000001 7
1781253082403 0.6900000000000001 6
1781253082429 0.6849999999999999 5
1781253082454 0.42000000000000004 2
1781253082479 0.31 1
