1782641099780 0.0 1
1782641099781 0.0 2
1782641099782 0.0 3
1782641099783 0.0 4
1782641099784 0.0 5
1782641099785 0.0 6
1782641099786 0.0 7
1782641099787 0.0 8
1782641099789 0.0 9
1782641099790 0.0 10
1782641099791 0.0 11
1782641099792 0.0 12
1782641099793 0.0 13
1782641099794 0.0 14
1782641099795 0.0 15
1782641099796 0.0 16
1782641099797 0.0 17
1782641099798 0.0 18
1782641099799 0.0 19
1782641099800 0.0 20
1782641099802 0.0 21
1782641099803 0.0 22
1782641099804 0.0 23
1782641099805 0.0 24
1782641099806 0.0 25
1782641099807 0.0 26
1782641099808 0.0 27
1782641099809 0.0 28
1782641099810 0.0 29
1782641099811 0.0 30
1782641099812 0.0 31
1782641099813 0.0 32
1782641099815 0.0 33
1782641099816 0.0 34
1782641099817 0.0 35
1782641099818 0.0 36
1782641099819 0.0 37
1782641099820 0.0 38
1782641099821 0.0 39
1782641099822 0.0 40
1782641099823 0.0 41
1782641099825 0.0 42
1782641099826 0.0 43
1782641099827 0.0 44
1782641099828 0.0 45
1782641099829 0.0 46
1782641099830 0.0 47
1782641099831 0.0 48
1782641099832 0.0 49
1782641099833 0.0 50
1782641099834 0.0 51
1782641099835 0.0 52
1782641099837 0.0 53
1782641099838 0.0 54
1782641099839 0.0 55
1782641099840 0.0 56
1782641099841 0.0 57
1782641099842 0.0 58
1782641099843 0.0 59
1782641099844 0.0 60
1782641099845 0.0 61
1782641099846 0.0 62
1782641099847 0.0 63
1782641099849 0.0 64
1782641099850 0.0 65
1782641099851 0.0 66
