1782641099564 0.14858971141278743 1
1782641099565 0.055751934573054315 2
1782641099566 0.026002031853422522 3
1782641099568 0.015432591321878136 4
1782641099569 0.01082321731839329 5
1782641099570 0.008134048653300852 6
1782641099571 0.006425302394200116 7
1782641099572 0.00512299606227316 8
1782641099573 0.004215447786264121 9
1782641099574 0.003558432508725673 10
1782641099575 0.003158208863460459 11
1782641099576 0.002830606450443156 12
1782641099577 0.0025810718385037034 13
1782641099578 0.0023987979331286623 14
1782641099580 0.0022274025619844905 15
1782641099581 0.0019653614502749407 16
1782641099582 0.0018420485331444069 17
1782641099583 0.0017546422520535998 18
1782641099584 0.0017297384311677887 19
1782641099585 0.0016209733128198422 20
1782641099586 0.001558892260072753 21
1782641099587 0.0015015689574647696 22
1782641099588 0.0014356789128214587 23
1782641099589 0.0014009453638573178 24
1782641099590 0.0013579514082812238 25
1782641099591 0.0014097403423511423 26
1782641099593 0.0013496940197364894 27
1782641099594 0.0014684554320410826 28
1782641099595 0.001271805662108818 29
1782641099596 0.0011576364524080419 30
1782641099597 0.0011446038767462597 31
1782641099598 0.0011183891163091175 32
1782641099599 0.0011308563711645548 33
1782641099600 0.0011101496558694635 34
1782641099601 0.00118885982374195 35
1782641099602 0.0011148628633236512 36
1782641099603 0.001034248764408403 37
1782641099604 0.0010101414435484913 38
1782641099606 0.0010352209048869554 39
1782641099607 0.0010559481996460817 40
1782641099608 0.0010147554529248736 41
1782641099609 0.0010205760590179126 42
1782641099610 0.0009503070731443586 43
1782641099611 0.0008994205656927079 44
1782641099612 0.0008434999860764947 45
1782641099613 0.0008230840047326638 46
1782641099614 0.0008079886870109476 47
1782641099615 0.0007952841656515375 48
1782641099616 0.0007858525485789869 49
1782641099618 0.0007785497908480466 50
1782641099619 0.0007686397357610985 51
1782641099620 0.000755988915261696 52
1782641099621 0.0007492195441955119 53
1782641099622 0.000743871515369392 54
1782641099623 0.00073923648611526 55
1782641099624 0.0007344927488156827 56
1782641099625 0.000730983415596711 57
1782641099626 0.0007244991290644976 58
1782641099627 0.0007189849635324208 59
1782641099628 0.0007159005370704108 60
1782641099629 0.0007126765784050803 61
1782641099631 0.0007099030140670947 62
1782641099632 0.0007070723174547311 63
1782641099633 0.0007043847392196767 64
1782641099634 0.0007000284516107059 65
1782641099635 0.0006980879345792345 66
