1782641099707 0.0 1
1782641099709 0.0 2
1782641099710 0.0 3
1782641099711 0.0 4
1782641099712 0.0 5
1782641099713 0.0 6
1782641099714 0.0 7
1782641099715 0.0 8
1782641099716 0.0 9
1782641099717 0.0 10
1782641099718 0.0 11
1782641099719 0.0 12
1782641099720 0.0 13
1782641099721 0.0 14
1782641099723 0.0 15
1782641099724 0.0 16
1782641099725 0.0 17
1782641099726 0.0 18
1782641099727 0.0 19
1782641099728 0.0 20
1782641099729 0.0 21
1782641099730 0.0 22
1782641099731 0.0 23
1782641099732 0.0 24
1782641099733 0.0 25
1782641099734 0.0 26
1782641099735 0.0 27
1782641099737 0.0 28
1782641099738 0.0 29
1782641099739 0.0 30
1782641099740 0.0 31
1782641099741 0.0 32
1782641099742 0.0 33
1782641099743 0.0 34
1782641099744 0.0 35
1782641099745 0.0 36
1782641099746 0.0 37
1782641099747 0.0 38
1782641099748 0.0 39
1782641099749 0.0 40
1782641099751 0.0 41
1782641099752 0.0 42
1782641099753 0.0 43
1782641099754 0.0 44
1782641099755 0.0 45
1782641099756 0.0 46
1782641099757 0.0 47
1782641099758 0.0 48
1782641099759 0.0 49
1782641099760 0.0 50
1782641099762 0.0 51
1782641099763 0.0 52
1782641099765 0.0 53
1782641099766 0.0 54
1782641099767 0.0 55
1782641099768 0.0 56
1782641099769 0.0 57
1782641099770 0.0 58
1782641099771 0.0 59
1782641099772 0.0 60
1782641099773 0.0 61
1782641099774 0.0 62
1782641099775 0.0 63
1782641099776 0.0 64
1782641099777 0.0 65
1782641099779 0.0 66
