1780314196672 0.18114409402012824 1
1780314196675 0.0754733507335186 2
1780314196677 0.03807979709468782 3
1780314196680 0.022917720284312965 4
1780314196682 0.015257932827807963 5
1780314196684 0.010651409421116113 6
1780314196687 0.008010221675504 7
1780314196689 0.00645874799694866 8
1780314196691 0.0055393620417453346 9
1780314196694 0.004762698118574917 10
1780314196696 0.004206877766409889 11
1780314196699 0.0038143471226794647 12
1780314196701 0.00346349595754873 13
1780314196703 0.003253609951352701 14
1780314196706 0.0030238510598428548 15
1780314196708 0.002839784624520689 16
1780314196711 0.0026589761587092653 17
1780314196713 0.0025681649736361578 18
1780314196715 0.002572595935780555 19
1780314196718 0.002379318215535022 20
1780314196720 0.0023023425246356055 21
1780314196723 0.0021943720962735824 22
1780314196725 0.0021675382112152876 23
1780314196728 0.0020464690920198336 24
1780314196730 0.0019568694912595673 25
1780314196732 0.0019663431483786555 26
1780314196735 0.0020645690665696747 27
1780314196737 0.00189947835955536 28
1780314196740 0.0018390512283076531 29
1780314196742 0.0017817349164397456 30
1780314196744 0.0017288294523314107 31
1780314196747 0.0016969027953746263 32
1780314196749 0.0017020119172229896 33
1780314196751 0.0016923637645959388 34
1780314196754 0.0016559385209984612 35
1780314196756 0.0015847735814168119 36
1780314196759 0.0016090640769107268 37
1780314196761 0.0015880511254363228 38
1780314196763 0.0015825010994740295 39
1780314196766 0.0015556803715298883 40
1780314196768 0.001563043490750715 41
1780314196771 0.0015208295895718037 42
1780314196773 0.001489366501045879 43
1780314196775 0.0014831903729646 44
1780314196778 0.0014467979347682557 45
1780314196780 0.0014762686648464296 46
1780314196783 0.0014492243439599406 47
1780314196785 0.0013941769182565622 48
1780314196787 0.0013957007581484504 49
1780314196790 0.001380052383101429 50
1780314196792 0.00139298679161584 51
1780314196795 0.0014196545127924765 52
1780314196797 0.0013323904022399802 53
1780314196800 0.0012675222613324876 54
1780314196802 0.00124752894800622 55
1780314196804 0.0012346546595654218 56
1780314196807 0.0012241710010857786 57
1780314196809 0.0012141729435825254 58
1780314196812 0.001219135635328712 59
1780314196814 0.0012171464067796478 60
1780314196816 0.001201751158805564 61
1780314196819 0.0011977555436169496 62
1780314196821 0.0011771081197366584 63
1780314196823 0.0011540065879671602 64
1780314196826 0.00114220835865126 65
1780314196828 0.0011499233749054838 66
1780314196831 0.001138390770429396 67
1780314196833 0.0011404027767275692 68
1780314196835 0.0011314336323266616 69
1780314196838 0.0011277971579693258 70
1780314196840 0.0011255660594906658 71
1780314196843 0.0011180887965747388 72
1780314196845 0.0011219045081816148 73
1780314196847 0.0011237284720846219 74
1780314196850 0.0011048970314732286 75
1780314196852 0.0010971554555726471 76
1780314196854 0.0010907076347211843 77
1780314196857 0.001092231630173046 78
1780314196860 0.0010865026753162964 79
1780314196862 0.0010884759910550202 80
1780314196864 0.00108117486575793 81
1780314196867 0.0010803338015102782 82
1780314196869 0.0010782449004909723 83
1780314196872 0.0010797993942833273 84
1780314196874 0.0010745664914429654 85
1780314196876 0.0010733947750850349 86
1780314196879 0.00107023071112053 87
1780314196881 0.001072656079995795 88
1780314196883 0.0010640822906134418 89
1780314196886 0.00106944320112234 90
1780314196888 0.0010616883683542255 91
1780314196891 0.0010637918148859171 92
1780314196893 0.0010621034398354823 93
1780314196895 0.0010571451910072938 94
1780314196898 0.001059635350247845 95
1780314196900 0.0010513763334893155 96
1780314196903 0.0010449336761666928 97
1780314196905 0.0010466350588103524 98
1780314196907 0.0010437446873402224 99
1780314196910 0.0010412489996815565 100
1780314196912 0.0010461953541380353 101
1780314196915 0.001041576292118407 102
1780314196917 0.0010414231043978362 103
1780314196919 0.001043691383310943 104
1780314196922 0.001037159923071158 105
1780314196924 0.0010383176776667825 106
1780314196927 0.0010390906587417702 107
1780314196929 0.0010371471921826014 108
1780314196932 0.0010349433687952114 109
1780314196934 0.0010333774281025398 110
1780314196936 0.0010322513827850344 111
1780314196939 0.0010297222195367794 112
1780314196941 0.0010310220344399567 113
1780314196944 0.0010283501246885862 114
1780314196946 0.001026121378527023 115
1780314196948 0.0010265777650784002 116
1780314196951 0.0010247633291146484 117
1780314196953 0.0010286990512395277 118
1780314196956 0.0010283677851839457 119
1780314196958 0.0010271579089021544 120
1780314196960 0.001024214083518018 121
1780314196963 0.0010196770094626118 122
1780314196965 0.001023047868584399 123
1780314196968 0.0010209755097457674 124
1780314196970 0.0010212727898033336 125
1780314196972 0.0010221121469658101 126
1780314196975 0.0010233153115405003 127
1780314196977 0.001022946682787733 128
1780314196980 0.0010213115867372835 129
1780314196982 0.0010243880304915366 130
1780314196984 0.0010176623811275932 131
1780314196987 0.0010220905962341931 132
1780314196989 0.0010175822705787141 133
1780314196992 0.00102023129882582 134
1780314196994 0.001019891615724191 135
1780314196996 0.0010187607445550383 136
1780314196999 0.001021429261963931 137
1780314197001 0.0010197396673174808 138
1780314197004 0.0010183352424792246 139
1780314197006 0.0010165602849883726 140
1780314197009 0.0010187842152663508 141
1780314197011 0.0010244654124835506 142
1780314197013 0.001018562202953035 143
1780314197016 0.001019448244915111 144
1780314197018 0.0010168583404447417 145
