1782734833064 0.0 1
1782734833065 0.0 2
1782734833066 0.0 3
1782734833067 0.0 4
1782734833069 0.0 5
1782734833070 0.0 6
1782734833071 0.0 7
1782734833072 0.0 8
1782734833073 0.0 9
1782734833074 0.0 10
1782734833075 0.0 11
1782734833076 0.0 12
1782734833077 0.0 13
1782734833078 0.0 14
1782734833080 0.0 15
1782734833081 0.0 16
1782734833082 0.0 17
1782734833083 0.0 18
1782734833084 0.0 19
1782734833085 0.0 20
1782734833086 0.0 21
1782734833087 0.0 22
1782734833088 0.0 23
1782734833089 0.0 24
1782734833090 0.0 25
1782734833092 0.0 26
1782734833093 0.0 27
1782734833094 0.0 28
1782734833095 0.0 29
1782734833096 0.0 30
1782734833097 0.0 31
1782734833098 0.0 32
1782734833099 0.0 33
1782734833100 0.0 34
1782734833101 0.0 35
1782734833102 0.0 36
1782734833102 0.0 37
1782734833103 0.0 38
1782734833104 0.0 39
1782734833105 0.0 40
1782734833106 0.0 41
1782734833107 0.0 42
1782734833108 0.0 43
1782734833109 0.0 44
1782734833110 0.0 45
1782734833111 0.0 46
1782734833112 0.0 47
1782734833113 0.0 48
1782734833115 0.0 49
1782734833116 0.0 50
1782734833117 0.0 51
1782734833118 0.0 52
