1782734833007 0.0 1
1782734833009 0.0 2
1782734833010 0.0 3
1782734833011 0.0 4
1782734833012 0.0 5
1782734833013 0.0 6
1782734833014 0.0 7
1782734833015 0.0 8
1782734833016 0.0 9
1782734833017 0.0 10
1782734833018 0.0 11
1782734833019 0.0 12
1782734833021 0.0 13
1782734833022 0.0 14
1782734833023 0.0 15
1782734833024 0.0 16
1782734833025 0.0 17
1782734833026 0.0 18
1782734833027 0.0 19
1782734833028 0.0 20
1782734833029 0.0 21
1782734833030 0.0 22
1782734833031 0.0 23
1782734833033 0.0 24
1782734833034 0.0 25
1782734833035 0.0 26
1782734833036 0.0 27
1782734833037 0.0 28
1782734833038 0.0 29
1782734833039 0.0 30
1782734833040 0.0 31
1782734833041 0.0 32
1782734833042 0.0 33
1782734833043 0.0 34
1782734833045 0.0 35
1782734833046 0.0 36
1782734833047 0.0 37
1782734833048 0.0 38
1782734833049 0.0 39
1782734833050 0.0 40
1782734833051 0.0 41
1782734833052 0.0 42
1782734833053 0.0 43
1782734833054 0.0 44
1782734833055 0.0 45
1782734833057 0.0 46
1782734833058 0.0 47
1782734833059 0.0 48
1782734833060 0.0 49
1782734833061 0.0 50
1782734833062 0.0 51
1782734833063 0.0 52
