1782734832893 0.08238052716478705 1
1782734832894 0.015598414014093578 2
1782734832895 0.007344600562937557 3
1782734832897 0.0048441071331035345 4
1782734832898 0.003603311132756062 5
1782734832899 0.003016713088727556 6
1782734832900 0.002389434115902986 7
1782734832901 0.002096094803127926 8
1782734832902 0.0018529328363365493 9
1782734832903 0.0018089477656758391 10
1782734832904 0.0017388973137713037 11
1782734832905 0.001796390705567319 12
1782734832906 0.001630995498271659 13
1782734832908 0.0014749512639536987 14
1782734832909 0.001451224728807574 15
1782734832910 0.0013803679024567827 16
1782734832911 0.0013475123324315063 17
1782734832912 0.0013143230723653687 18
1782734832913 0.0012491207836137618 19
1782734832914 0.0012264173372386721 20
1782734832915 0.001225886360698496 21
1782734832916 0.0012486972506303574 22
1782734832917 0.0012777932117023739 23
1782734832919 0.0013279461151978467 24
1782734832920 0.0012137157870893134 25
1782734832921 0.0012807753556262468 26
1782734832922 0.0011385547681129538 27
1782734832923 0.001068984623925644 28
1782734832924 0.0011287767835165142 29
1782734832925 0.0009920736917410978 30
1782734832926 0.0008353873268788448 31
1782734832927 0.0007692559220595285 32
1782734832928 0.0007216916910692817 33
1782734832929 0.0006905419044778683 34
1782734832931 0.0006719843188329833 35
1782734832932 0.0006848478906613309 36
1782734832933 0.0006646244006697088 37
1782734832934 0.000627948385590571 38
1782734832935 0.0006045031841495074 39
1782734832936 0.0005915171175729483 40
1782734832937 0.0005790536780841648 41
1782734832938 0.0005701652233256027 42
1782734832939 0.0005616134684896678 43
1782734832941 0.0005504522752016783 44
1782734832942 0.000540056664358417 45
1782734832943 0.0005345966826280346 46
1782734832944 0.0005288567519528442 47
1782734832945 0.0005237792342813919 48
1782734832946 0.0005182862554647727 49
1782734832947 0.0005136943202160183 50
1782734832948 0.0005067562736803666 51
1782734832949 0.0005025731060231919 52
