1784029682493 0.0 1
1784029682494 0.0 2
1784029682496 0.0 3
1784029682497 0.0 4
1784029682498 0.0 5
1784029682500 0.0 6
1784029682501 0.0 7
1784029682503 0.0 8
1784029682504 0.0 9
1784029682506 0.0 10
1784029682507 0.0 11
1784029682508 0.0 12
1784029682509 0.0 13
1784029682511 0.0 14
1784029682512 0.0 15
1784029682513 0.0 16
1784029682515 0.0 17
1784029682516 0.0 18
1784029682517 0.0 19
1784029682519 0.0 20
1784029682520 0.0 21
1784029682521 0.0 22
1784029682523 0.0 23
1784029682524 0.0 24
1784029682525 0.0 25
1784029682527 0.0 26
1784029682528 0.0 27
1784029682529 0.0 28
1784029682530 0.0 29
1784029682532 0.0 30
1784029682533 0.0 31
1784029682535 0.0 32
1784029682536 0.0 33
1784029682537 0.0 34
1784029682538 0.0 35
1784029682540 0.0 36
1784029682541 0.0 37
1784029682543 0.0 38
1784029682544 0.0 39
1784029682545 0.0 40
1784029682547 0.0 41
1784029682548 0.0 42
1784029682550 0.0 43
1784029682551 0.0 44
1784029682552 0.0 45
1784029682554 0.0 46
1784029682555 0.0 47
1784029682556 0.0 48
1784029682558 0.0 49
1784029682559 0.0 50
1784029682560 0.0 51
1784029682562 0.0 52
1784029682563 0.0 53
1784029682564 0.0 54
1784029682566 0.0 55
1784029682567 0.0 56
1784029682568 0.0 57
1784029682570 0.0 58
1784029682571 0.0 59
1784029682572 0.0 60
1784029682574 0.0 61
1784029682575 0.0 62
1784029682577 0.0 63
1784029682578 0.0 64
1784029682580 0.0 65
1784029682581 0.0 66
1784029682583 0.0 67
1784029682584 0.0 68
1784029682586 0.0 69
1784029682587 0.0 70
1784029682589 0.0 71
1784029682590 0.0 72
1784029682591 0.0 73
1784029682593 0.0 74
1784029682594 0.0 75
1784029682596 0.0 76
1784029682597 0.0 77
1784029682599 0.0 78
1784029682600 0.0 79
1784029682602 0.0 80
1784029682603 0.0 81
1784029682605 0.0 82
1784029682606 0.0 83
1784029682608 0.0 84
1784029682609 0.0 85
1784029682610 0.0 86
1784029682612 0.0 87
1784029682613 0.0 88
1784029682615 0.0 89
1784029682616 0.0 90
1784029682617 0.0 91
1784029682618 0.0 92
1784029682620 0.0 93
1784029682621 0.0 94
1784029682622 0.0 95
1784029682624 0.0 96
1784029682625 0.0 97
1784029682626 0.0 98
1784029682628 0.0 99
1784029682629 0.0 100
1784029682630 0.0 101
1784029682632 0.0 102
1784029682633 0.0 103
1784029682634 0.0 104
1784029682636 0.0 105
1784029682637 0.0 106
1784029682639 0.0 107
1784029682640 0.0 108
1784029682642 0.0 109
1784029682643 0.0 110
1784029682645 0.0 111
1784029682646 0.0 112
1784029682647 0.0 113
1784029682648 0.0 114
1784029682650 0.0 115
1784029682651 0.0 116
1784029682652 0.0 117
1784029682654 0.0 118
1784029682655 0.0 119
1784029682656 0.0 120
