1784029681980 0.014491208717226983 1
1784029681982 0.003844783930107951 2
1784029681983 0.00363277135475073 3
1784029681985 0.003413454080291558 4
1784029681986 0.0031918324250727894 5
1784029681988 0.0029114104063773993 6
1784029681990 0.002806783393461956 7
1784029681991 0.0023816349731350783 8
1784029681993 0.0021974271097860766 9
1784029681994 0.0021842053011641837 10
1784029681996 0.002147119641158497 11
1784029681997 0.002142489436955657 12
1784029681999 0.0023879633151227607 13
1784029682000 0.001977430303959409 14
1784029682002 0.0019601979840081184 15
1784029682003 0.001879554218176054 16
1784029682005 0.0018269589402189013 17
1784029682006 0.001819774947653059 18
1784029682008 0.001962752475810703 19
1784029682010 0.0018517647715634666 20
1784029682011 0.001778407171514118 21
1784029682013 0.0017899290658533573 22
1784029682014 0.001763781069748802 23
1784029682016 0.0019600168472970834 24
1784029682017 0.0017883935646386816 25
1784029682019 0.0017703941591025796 26
1784029682020 0.0017144975397968664 27
1784029682022 0.0016987200842413586 28
1784029682023 0.001627614135359181 29
1784029682025 0.0018709857536305208 30
1784029682026 0.001932992009242298 31
1784029682028 0.001636733355553588 32
1784029682029 0.0015268167461181292 33
1784029682031 0.0015391974009980912 34
1784029682033 0.001529771833520499 35
1784029682034 0.001506396475015208 36
1784029682036 0.0016127913907257607 37
1784029682037 0.0018989255170163233 38
1784029682039 0.001448089052864816 39
1784029682040 0.0015135371433279944 40
1784029682042 0.0018936644098721445 41
1784029682043 0.0016744320446741767 42
1784029682045 0.0014986288554791826 43
1784029682046 0.0014857079841021914 44
1784029682048 0.001339787048054859 45
1784029682049 0.0012730256334907608 46
1784029682051 0.0012626311837084358 47
1784029682052 0.0012459174005198291 48
1784029682054 0.0012236199923063395 49
1784029682056 0.001236608053877717 50
1784029682057 0.0012203008357755606 51
1784029682059 0.0011912375996325864 52
1784029682060 0.0011931389375968138 53
1784029682062 0.0011999388318508864 54
1784029682063 0.0011808192247553962 55
1784029682065 0.001150558550361893 56
1784029682066 0.00115866422180261 57
1784029682068 0.0011801972479588585 58
1784029682069 0.0011245044114184565 59
1784029682071 0.0011141710491210687 60
1784029682072 0.0012000541661109309 61
1784029682074 0.001186702892955509 62
1784029682075 0.0011254140449455008 63
1784029682077 0.001030367909334018 64
1784029682078 0.0009946902097726707 65
1784029682080 0.000978914425795665 66
1784029682082 0.000972241444978863 67
1784029682083 0.0009651008631044533 68
1784029682085 0.0009620463840838056 69
1784029682086 0.0009537363946583355 70
1784029682088 0.0009506770077859983 71
1784029682089 0.00095929138136853 72
1784029682091 0.0009583310998277739 73
1784029682092 0.0009521477473026607 74
1784029682094 0.0009528852970834123 75
1784029682095 0.0009259683956042863 76
1784029682097 0.0009195931493741227 77
1784029682098 0.000926622215192765 78
1784029682100 0.000912195832861471 79
1784029682101 0.0009012684186018305 80
1784029682103 0.0008957162409205921 81
1784029682104 0.0008648703807557467 82
1784029682106 0.0008480901935399743 83
1784029682107 0.0008439437641209225 84
1784029682109 0.0008391826740262331 85
1784029682111 0.0008373785224830499 86
1784029682112 0.0008316162344999611 87
1784029682114 0.0008289651507220697 88
1784029682115 0.000825815934149432 89
1784029682117 0.0008220144896768034 90
1784029682118 0.0008226171187561704 91
1784029682120 0.0008174014844553313 92
1784029682121 0.0008029813177563483 93
1784029682123 0.0007981779238616582 94
1784029682124 0.0007952497490623501 95
1784029682126 0.0007918120135582285 96
1784029682127 0.0007900615651305998 97
1784029682129 0.000790548765580752 98
1784029682130 0.0007870287266996456 99
1784029682132 0.0007830547819321509 100
1784029682133 0.0007814529280585703 101
1784029682135 0.0007804814555856864 102
1784029682137 0.0007793194749683608 103
1784029682138 0.0007710020912782056 104
1784029682140 0.0007678977330942871 105
1784029682141 0.0007671179781027603 106
1784029682143 0.0007657503138034372 107
1784029682144 0.0007649464617861668 108
1784029682146 0.0007635626188130118 109
1784029682147 0.0007627529762248742 110
1784029682149 0.0007615470726159402 111
1784029682150 0.00076079917147581 112
1784029682152 0.0007593723743775627 113
1784029682153 0.0007586665655253455 114
1784029682155 0.0007543814566452056 115
1784029682156 0.0007536783273826586 116
1784029682158 0.0007531148553243838 117
1784029682159 0.0007523199002753244 118
1784029682160 0.000752005099930102 119
1784029682161 0.0007516046842647484 120
