1782738965347 0.0 1
1782738965348 0.0 2
1782738965349 0.0 3
1782738965351 0.0 4
1782738965352 0.0 5
1782738965353 0.0 6
1782738965354 0.0 7
1782738965355 0.0 8
1782738965356 0.0 9
1782738965357 0.0 10
1782738965358 0.0 11
1782738965359 0.0 12
1782738965360 0.0 13
1782738965361 0.0 14
1782738965362 0.0 15
1782738965364 0.0 16
1782738965365 0.0 17
1782738965366 0.0 18
1782738965367 0.0 19
1782738965368 0.0 20
1782738965369 0.0 21
1782738965370 0.0 22
1782738965371 0.0 23
1782738965372 0.0 24
1782738965373 0.0 25
1782738965375 0.0 26
1782738965376 0.0 27
1782738965377 0.0 28
1782738965378 0.0 29
1782738965379 0.0 30
1782738965380 0.0 31
1782738965381 0.0 32
1782738965382 0.0 33
1782738965383 0.0 34
1782738965384 0.0 35
1782738965385 0.0 36
1782738965387 0.0 37
1782738965388 0.0 38
1782738965389 0.0 39
1782738965390 0.0 40
1782738965391 0.0 41
1782738965392 0.0 42
1782738965393 0.0 43
1782738965394 0.0 44
1782738965395 0.0 45
1782738965396 0.0 46
1782738965398 0.0 47
1782738965399 0.0 48
1782738965400 0.0 49
1782738965401 0.0 50
1782738965402 0.0 51
1782738965403 0.0 52
1782738965404 0.0 53
1782738965405 0.0 54
