1782738965229 0.08220946112647652 1
1782738965230 0.014499126689042897 2
1782738965232 0.0070516896923072635 3
1782738965233 0.004868522551842034 4
1782738965234 0.003902492434717715 5
1782738965235 0.0030332821531919765 6
1782738965236 0.002641681022942066 7
1782738965237 0.0024603096884675325 8
1782738965238 0.002251469090115279 9
1782738965239 0.0020572003265260717 10
1782738965240 0.001903896793082822 11
1782738965242 0.0017637441761326044 12
1782738965243 0.0017337163361662534 13
1782738965244 0.0017332952286233194 14
1782738965245 0.0016947184459422714 15
1782738965246 0.0015596936298243236 16
1782738965247 0.0015891735345940105 17
1782738965248 0.0016246198573207948 18
1782738965249 0.0014929718997154851 19
1782738965250 0.0014851082999666686 20
1782738965251 0.0014419361705949995 21
1782738965253 0.0014782767530414275 22
1782738965254 0.0014897041239601094 23
1782738965255 0.0013524743867310463 24
1782738965256 0.0013340564504323992 25
1782738965257 0.001303557028004434 26
1782738965258 0.0013860197711619549 27
1782738965259 0.0012411991546105129 28
1782738965260 0.0011681446224247338 29
1782738965261 0.0011785050507751294 30
1782738965262 0.0011469308239611565 31
1782738965263 0.00107084579023649 32
1782738965265 0.0009926546532369684 33
1782738965266 0.000956230836090981 34
1782738965267 0.0009365950719075045 35
1782738965268 0.0009228447260102257 36
1782738965269 0.0009270022126293043 37
1782738965270 0.000975144033000106 38
1782738965271 0.0009124676365172491 39
1782738965272 0.0008645505709864665 40
1782738965273 0.0008448738219158259 41
1782738965274 0.0008348874391958816 42
1782738965275 0.000825221012273687 43
1782738965277 0.0008196784048777773 44
1782738965278 0.0008130150266515557 45
1782738965279 0.0007961658196290955 46
1782738965280 0.0007891956617822871 47
1782738965281 0.0007845738970354432 48
1782738965282 0.0007812302640377311 49
1782738965283 0.0007765118408133276 50
1782738965284 0.0007738253509160132 51
1782738965285 0.0007702241167862667 52
1782738965286 0.0007616031105135335 53
1782738965287 0.0007574638171354308 54
