1780314134129 0.18272690445184708 1
1780314134131 0.1605605147778988 2
1780314134133 0.14015636570751666 3
1780314134135 0.12209933519363403 4
1780314134137 0.10657951794564724 5
1780314134139 0.09378919050097466 6
1780314134141 0.08306863136589528 7
1780314134144 0.07400508638471365 8
1780314134146 0.06613884568214416 9
1780314134148 0.059383339509367944 10
1780314134150 0.0534170962870121 11
1780314134152 0.048187743574380874 12
1780314134154 0.043607429154217246 13
1780314134156 0.0395706382766366 14
1780314134158 0.03601462502032518 15
1780314134161 0.03288778517395258 16
1780314134163 0.030088947061449288 17
1780314134165 0.027586353160440922 18
1780314134167 0.025362314227968454 19
1780314134169 0.023390642646700145 20
1780314134171 0.021632610727101563 21
1780314134173 0.020017373962327837 22
1780314134175 0.018548414213582873 23
1780314134177 0.01722113572061062 24
1780314134180 0.016027268152683974 25
1780314134182 0.014939983412623405 26
1780314134184 0.01398620049469173 27
1780314134186 0.013098322311416269 28
1780314134188 0.012272459836676717 29
1780314134190 0.011526194531470538 30
1780314134192 0.010835085893049837 31
1780314134194 0.010200562411919236 32
1780314134197 0.009629178461618721 33
1780314134199 0.009094319664873183 34
1780314134201 0.008610189850442112 35
1780314134204 0.008161389911547303 36
1780314134206 0.007735484871082008 37
1780314134208 0.007355059301480651 38
1780314134211 0.00702619391027838 39
1780314134213 0.006685179504565895 40
1780314134215 0.006381421103142202 41
1780314134218 0.006087067658081651 42
1780314134220 0.005831276848912239 43
1780314134222 0.00558662106981501 44
1780314134224 0.005353299321141094 45
1780314134227 0.00513176245149225 46
1780314134229 0.004919377798214555 47
1780314134231 0.004735847851261497 48
1780314134233 0.0045813134917989376 49
1780314134235 0.004413869930431247 50
1780314134237 0.00429092982551083 51
1780314134239 0.00411862523527816 52
1780314134241 0.0039710266538895665 53
1780314134243 0.0038385802414268254 54
1780314134246 0.0037092842906713487 55
1780314134248 0.0036034512449987233 56
1780314134250 0.0035121393832378087 57
1780314134252 0.003429416755679995 58
1780314134254 0.003374230032786727 59
1780314134256 0.0033285783068276943 60
1780314134258 0.003169785877689719 61
1780314134260 0.003078075972152874 62
1780314134262 0.002978800820419565 63
1780314134264 0.0029044168582186103 64
1780314134267 0.0028246406652033327 65
1780314134269 0.002764340437715873 66
1780314134271 0.0027044861379545183 67
1780314134273 0.0026488589949440213 68
1780314134275 0.0025927677552681416 69
1780314134277 0.002536943474551663 70
1780314134279 0.0024991250166203826 71
1780314134281 0.0024821477581281216 72
1780314134284 0.002455519260838628 73
1780314134286 0.0023966792144346984 74
1780314134288 0.0023379496787674725 75
1780314134290 0.0022853784158360212 76
1780314134292 0.002243762327125296 77
1780314134294 0.002205215379362926 78
1780314134296 0.002179836210561916 79
1780314134298 0.002145194209879264 80
1780314134301 0.0021168714232044296 81
1780314134303 0.002088278462761082 82
1780314134305 0.0020651146245654673 83
1780314134307 0.0020385997142875565 84
1780314134309 0.002006760335061699 85
1780314134311 0.0019896687130676583 86
1780314134313 0.0019640417455229907 87
1780314134315 0.0019678184151416646 88
1780314134317 0.001940566535340622 89
1780314134319 0.0019263841054635122 90
1780314134322 0.001890116849099286 91
1780314134324 0.0018701195495668798 92
1780314134326 0.001851888077799231 93
1780314134328 0.001831456534564495 94
1780314134330 0.0018175353191327303 95
1780314134332 0.0018170147313503549 96
1780314134334 0.001786714176996611 97
1780314134336 0.001774571057758294 98
1780314134339 0.0017666156979976222 99
1780314134341 0.001726786985527724 100
1780314134343 0.0017017859980114735 101
1780314134345 0.0016906275902874768 102
1780314134347 0.0016793900172342546 103
1780314134349 0.0016660343066905625 104
1780314134351 0.0016588326008059083 105
1780314134354 0.0016447360828169622 106
1780314134356 0.0016355789962108247 107
1780314134358 0.0016322286037029699 108
1780314134360 0.0016714187769684941 109
1780314134362 0.001667993874871172 110
1780314134364 0.0016788260309840552 111
1780314134366 0.0016400563393835909 112
1780314134368 0.0016020032265805638 113
1780314134370 0.0015772858515265397 114
1780314134372 0.0015633558458648623 115
1780314134374 0.001549367008556146 116
1780314134377 0.00153881810430903 117
1780314134379 0.0015305379510391504 118
1780314134381 0.0015237678587436676 119
1780314134383 0.0015207336022285745 120
1780314134385 0.0015169211517786607 121
1780314134387 0.0015157107301638462 122
1780314134389 0.0015132324493606574 123
1780314134391 0.0015161663488834165 124
1780314134393 0.0015088166802888737 125
1780314134395 0.0014901979791466147 126
1780314134397 0.0014933806157205254 127
1780314134400 0.0014758897613501177 128
1780314134402 0.0014634741775807925 129
1780314134404 0.0014450394091545605 130
1780314134406 0.0014247079577762633 131
1780314134408 0.0014165498525835574 132
1780314134412 0.0014111422692076304 133
1780314134414 0.0014070585844456218 134
1780314134417 0.0014037928616744467 135
1780314134419 0.0014002706072642468 136
1780314134421 0.001396895278157899 137
1780314134423 0.0013934837059059646 138
1780314134425 0.0013872047371114604 139
1780314134427 0.0013845930059324019 140
