1782737560633 0.0 1
1782737560634 0.0 2
1782737560635 0.0 3
1782737560636 0.0 4
1782737560637 0.0 5
1782737560638 0.0 6
1782737560639 0.0 7
1782737560640 0.0 8
1782737560641 0.0 9
1782737560642 0.0 10
1782737560643 0.0 11
1782737560644 0.0 12
1782737560646 0.0 13
1782737560646 0.0 14
1782737560647 0.0 15
1782737560648 0.0 16
1782737560649 0.0 17
1782737560651 0.0 18
1782737560651 0.0 19
1782737560652 0.0 20
1782737560653 0.0 21
1782737560654 0.0 22
1782737560655 0.0 23
1782737560656 0.0 24
1782737560657 0.0 25
1782737560658 0.0 26
1782737560659 0.0 27
1782737560660 0.0 28
1782737560661 0.0 29
1782737560661 0.0 30
1782737560662 0.0 31
1782737560663 0.0 32
1782737560664 0.0 33
1782737560665 0.0 34
1782737560666 0.0 35
1782737560667 0.0 36
1782737560668 0.0 37
1782737560669 0.0 38
1782737560670 0.0 39
1782737560671 0.0 40
1782737560672 0.0 41
1782737560673 0.0 42
1782737560674 0.0 43
1782737560675 0.0 44
1782737560676 0.0 45
1782737560677 0.0 46
1782737560678 0.0 47
1782737560679 0.0 48
1782737560680 0.0 49
1782737560681 0.0 50
1782737560682 0.0 51
1782737560683 0.0 52
1782737560684 0.0 53
