1782737560575 0.0 1
1782737560576 0.0 2
1782737560577 0.0 3
1782737560578 0.0 4
1782737560579 0.0 5
1782737560580 0.0 6
1782737560582 0.0 7
1782737560583 0.0 8
1782737560584 0.0 9
1782737560585 0.0 10
1782737560586 0.0 11
1782737560587 0.0 12
1782737560588 0.0 13
1782737560589 0.0 14
1782737560590 0.0 15
1782737560591 0.0 16
1782737560592 0.0 17
1782737560594 0.0 18
1782737560595 0.0 19
1782737560596 0.0 20
1782737560597 0.0 21
1782737560598 0.0 22
1782737560599 0.0 23
1782737560600 0.0 24
1782737560601 0.0 25
1782737560602 0.0 26
1782737560603 0.0 27
1782737560604 0.0 28
1782737560605 0.0 29
1782737560607 0.0 30
1782737560608 0.0 31
1782737560609 0.0 32
1782737560610 0.0 33
1782737560611 0.0 34
1782737560612 0.0 35
1782737560613 0.0 36
1782737560614 0.0 37
1782737560615 0.0 38
1782737560616 0.0 39
1782737560617 0.0 40
1782737560618 0.0 41
1782737560620 0.0 42
1782737560621 0.0 43
1782737560622 0.0 44
1782737560623 0.0 45
1782737560624 0.0 46
1782737560625 0.0 47
1782737560626 0.0 48
1782737560627 0.0 49
1782737560628 0.0 50
1782737560629 0.0 51
1782737560630 0.0 52
1782737560631 0.0 53
