1782198909555 0.0 1
1782198909556 0.0 2
1782198909558 0.0 3
1782198909559 0.0 4
1782198909560 0.0 5
1782198909561 0.0 6
1782198909562 0.0 7
1782198909564 0.0 8
1782198909565 0.0 9
1782198909566 0.0 10
1782198909567 0.0 11
1782198909568 0.0 12
1782198909569 0.0 13
1782198909571 0.0 14
1782198909572 0.0 15
1782198909573 0.0 16
1782198909574 0.0 17
1782198909575 0.0 18
1782198909577 0.0 19
1782198909578 0.0 20
1782198909579 0.0 21
1782198909580 0.0 22
1782198909581 0.0 23
1782198909582 0.0 24
1782198909584 0.0 25
1782198909585 0.0 26
1782198909586 0.0 27
1782198909587 0.0 28
1782198909588 0.0 29
1782198909589 0.0 30
1782198909591 0.0 31
1782198909592 0.0 32
1782198909593 0.0 33
1782198909594 0.0 34
1782198909595 0.0 35
1782198909596 0.0 36
1782198909598 0.0 37
1782198909599 0.0 38
1782198909600 0.0 39
1782198909601 0.0 40
1782198909602 0.0 41
1782198909603 0.0 42
1782198909605 0.0 43
1782198909606 0.0 44
1782198909607 0.0 45
1782198909608 0.0 46
1782198909609 0.0 47
1782198909611 0.0 48
1782198909612 0.0 49
1782198909613 0.0 50
1782198909614 0.0 51
1782198909615 0.0 52
1782198909616 0.0 53
1782198909618 0.0 54
1782198909619 0.0 55
1782198909620 0.0 56
1782198909621 0.0 57
1782198909622 0.0 58
1782198909624 0.0 59
1782198909625 0.0 60
1782198909626 0.0 61
1782198909627 0.0 62
1782198909628 0.0 63
1782198909629 0.0 64
1782198909631 0.0 65
1782198909632 0.0 66
1782198909633 0.0 67
1782198909634 0.0 68
1782198909635 0.0 69
1782198909637 0.0 70
1782198909638 0.0 71
1782198909639 0.0 72
1782198909640 0.0 73
