1782198909641 0.0 1
1782198909642 0.0 2
1782198909644 0.0 3
1782198909645 0.0 4
1782198909646 0.0 5
1782198909647 0.0 6
1782198909648 0.0 7
1782198909649 0.0 8
1782198909651 0.0 9
1782198909652 0.0 10
1782198909653 0.0 11
1782198909654 0.0 12
1782198909655 0.0 13
1782198909656 0.0 14
1782198909658 0.0 15
1782198909659 0.0 16
1782198909660 0.0 17
1782198909661 0.0 18
1782198909662 0.0 19
1782198909664 0.0 20
1782198909665 0.0 21
1782198909666 0.0 22
1782198909667 0.0 23
1782198909668 0.0 24
1782198909670 0.0 25
1782198909671 0.0 26
1782198909672 0.0 27
1782198909673 0.0 28
1782198909674 0.0 29
1782198909675 0.0 30
1782198909677 0.0 31
1782198909678 0.0 32
1782198909679 0.0 33
1782198909680 0.0 34
1782198909681 0.0 35
1782198909683 0.0 36
1782198909684 0.0 37
1782198909685 0.0 38
1782198909686 0.0 39
1782198909687 0.0 40
1782198909688 0.0 41
1782198909690 0.0 42
1782198909690 0.0 43
1782198909691 0.0 44
1782198909692 0.0 45
1782198909693 0.0 46
1782198909694 0.0 47
1782198909695 0.0 48
1782198909697 0.0 49
1782198909698 0.0 50
1782198909699 0.0 51
1782198909700 0.0 52
1782198909701 0.0 53
1782198909702 0.0 54
1782198909703 0.0 55
1782198909704 0.0 56
1782198909705 0.0 57
1782198909706 0.0 58
1782198909707 0.0 59
1782198909708 0.0 60
1782198909709 0.0 61
1782198909710 0.0 62
1782198909711 0.0 63
1782198909712 0.0 64
1782198909713 0.0 65
1782198909714 0.0 66
1782198909715 0.0 67
1782198909716 0.0 68
1782198909717 0.0 69
1782198909718 0.0 70
1782198909719 0.0 71
1782198909720 0.0 72
1782198909721 0.0 73
