1782198909382 0.15995309535413982 1
1782198909383 0.05249850317835808 2
1782198909385 0.024352687988430263 3
1782198909386 0.01477004747837782 4
1782198909387 0.010204293297138066 5
1782198909388 0.007560904023703188 6
1782198909389 0.006019596068654209 7
1782198909391 0.0048949318320956085 8
1782198909392 0.004219835191033781 9
1782198909393 0.0036805015394929795 10
1782198909394 0.0033083228312898428 11
1782198909395 0.0030080881010508165 12
1782198909397 0.0027843909495277332 13
1782198909398 0.0025476420909399168 14
1782198909399 0.002381263606948778 15
1782198909400 0.0022234511538408697 16
1782198909401 0.002180451023159549 17
1782198909403 0.0021042195495101623 18
1782198909404 0.0021188702783547344 19
1782198909405 0.0019546717253979295 20
1782198909406 0.001988914423272945 21
1782198909407 0.0018804655855637975 22
1782198909409 0.0018746219025342725 23
1782198909410 0.0018549949620501138 24
1782198909411 0.001796972030424513 25
1782198909412 0.0017552359521505424 26
1782198909413 0.0016974050489079672 27
1782198909414 0.001725092386477627 28
1782198909416 0.001633101264887955 29
1782198909417 0.001582068501447793 30
1782198909418 0.0015913549264951143 31
1782198909419 0.0016047584373154677 32
1782198909420 0.0015587929853063543 33
1782198909422 0.0015178574726451188 34
1782198909423 0.0015831032730056905 35
1782198909424 0.0016851617286738473 36
1782198909425 0.0014996544568566606 37
1782198909426 0.001382204755282146 38
1782198909428 0.0013428311438474338 39
1782198909429 0.0013282845504727447 40
1782198909430 0.001318901199119864 41
1782198909431 0.0013250138765579322 42
1782198909432 0.001317605656804517 43
1782198909434 0.0012921796971932054 44
1782198909435 0.0013027548415993806 45
1782198909436 0.0012917700129037256 46
1782198909437 0.0012804727414186346 47
1782198909438 0.0012727186100528344 48
1782198909439 0.0012646386995038483 49
1782198909441 0.0012599819578463212 50
1782198909442 0.0012263702822383493 51
1782198909443 0.0011871875297219958 52
1782198909444 0.0011766729664668674 53
1782198909445 0.0011698999928921694 54
1782198909447 0.001162933373489068 55
1782198909448 0.001160686444636667 56
1782198909449 0.0011593289596930844 57
1782198909450 0.0011394382472644793 58
1782198909451 0.0011320885612076381 59
1782198909452 0.001128196651043254 60
1782198909454 0.0011256004312599544 61
1782198909455 0.001121058193166391 62
1782198909456 0.0011178540680703009 63
1782198909457 0.0011157455157808727 64
1782198909458 0.0011068051690381253 65
1782198909460 0.001102932151625282 66
1782198909461 0.0011010289496334736 67
1782198909462 0.001099900436020107 68
1782198909463 0.0010976699918683152 69
1782198909464 0.0010962412482331274 70
1782198909465 0.0010941322434518952 71
1782198909467 0.0010892274922662181 72
1782198909468 0.0010881638911814661 73
