1780314177961 0.2348488735407591 1
1780314177964 0.13978355202823878 2
1780314177966 0.049817225858569146 3
1780314177968 0.022969218143261968 4
1780314177971 0.014044157420285046 5
1780314177973 0.010088462585117667 6
1780314177975 0.007691058239433914 7
1780314177978 0.00612617630045861 8
1780314177980 0.005158894920023158 9
1780314177982 0.0044722541782539335 10
1780314177985 0.003923087252769619 11
1780314177987 0.0036027642816770823 12
1780314177989 0.0033280595927499233 13
1780314177991 0.0030998798488872125 14
1780314177994 0.002822225107811391 15
1780314177996 0.0026763929851585998 16
1780314177998 0.0024940650101052597 17
1780314178001 0.0023724965841392985 18
1780314178003 0.002227941811433993 19
1780314178005 0.0021555663479375653 20
1780314178008 0.0021718814101768656 21
1780314178010 0.0022331998404115437 22
1780314178012 0.0019978476004325783 23
1780314178014 0.0019545111700426786 24
1780314178017 0.0019181566764018497 25
1780314178019 0.0018604308072826825 26
1780314178022 0.0019314893281261903 27
1780314178024 0.0017947809645556844 28
1780314178026 0.0017608025629306213 29
1780314178028 0.0017586918908637018 30
1780314178031 0.0017203982123464813 31
1780314178033 0.0016269394119444768 32
1780314178035 0.0016198443758185022 33
1780314178038 0.0016308826976455747 34
1780314178040 0.0017174208391224966 35
1780314178042 0.0016176345829444472 36
1780314178044 0.001607855964684859 37
1780314178047 0.0015431448849267326 38
1780314178049 0.001510312721511582 39
1780314178051 0.0014921193926420529 40
1780314178054 0.0015419303625822068 41
1780314178056 0.001480287851882167 42
1780314178058 0.0014464187640987802 43
1780314178060 0.0014466320298379288 44
1780314178063 0.001465393799226149 45
1780314178065 0.0015152863970433828 46
1780314178067 0.0014492504228837788 47
1780314178070 0.0014964361101738176 48
1780314178072 0.0014245482976548373 49
1780314178074 0.0013641524859122 50
1780314178076 0.0013854399869160261 51
1780314178079 0.0013702004501828923 52
1780314178081 0.001368740153411636 53
1780314178083 0.0013675415643228917 54
1780314178086 0.0013116519393224736 55
1780314178088 0.001304877454531379 56
1780314178090 0.0013528668085200479 57
1780314178093 0.0013408252943918342 58
1780314178096 0.0013470984689774924 59
1780314178098 0.0013063052553479793 60
1780314178100 0.001256872211524751 61
1780314178103 0.0012453992105292855 62
1780314178105 0.0012453092620125972 63
1780314178107 0.001248408192768693 64
1780314178109 0.001307479348470224 65
1780314178112 0.0012973984410928096 66
1780314178114 0.0012917230621678755 67
1780314178116 0.001235155520553235 68
1780314178119 0.0012041872990084812 69
1780314178121 0.0012363703596929554 70
1780314178123 0.0012596701220900287 71
1780314178126 0.0013030038322904148 72
1780314178128 0.001318175410342519 73
1780314178130 0.001202003532234812 74
1780314178132 0.0011625212309445488 75
1780314178135 0.0011486772369971733 76
1780314178137 0.0011600375224952587 77
1780314178139 0.0011439637593139195 78
1780314178142 0.0010916677385102958 79
1780314178144 0.0010577748739160598 80
1780314178146 0.001048111440613866 81
1780314178148 0.001040852701116819 82
1780314178151 0.0010256302460038569 83
1780314178153 0.0010335185548319714 84
1780314178155 0.001040252473030705 85
1780314178157 0.001030969948042184 86
1780314178160 0.0010252159512310754 87
1780314178162 0.0010334836872061715 88
1780314178164 0.0010195298593316693 89
1780314178167 0.0009944279778574129 90
1780314178169 0.0009834076388506219 91
1780314178171 0.0009814748532517114 92
1780314178174 0.0009813927565846825 93
1780314178176 0.0009731585616100346 94
1780314178178 0.0009789156865008409 95
1780314178180 0.0009747592990606791 96
1780314178183 0.0009711688233073801 97
1780314178185 0.0009728138060745551 98
1780314178187 0.000966895396632026 99
1780314178190 0.0009528322719415883 100
1780314178192 0.0009561023154674331 101
1780314178194 0.0009512380393425701 102
1780314178196 0.0009498957332107239 103
1780314178199 0.0009419374161370797 104
1780314178201 0.000948098959561321 105
1780314178203 0.0009475619051954709 106
1780314178206 0.0009437708160112379 107
1780314178208 0.000943723232994671 108
1780314178210 0.0009418384868331486 109
1780314178212 0.0009331876285432372 110
1780314178215 0.0009329185057868017 111
1780314178217 0.0009353789620217867 112
1780314178219 0.0009360968765395228 113
