1785068466246 0.34765520439939046 1
1785068468023 0.41498802036537885 2
1785068469698 0.4848304585501351 3
1785068471349 0.6144614147434646 4
1785068473013 0.7191269841269842 8
1785068474707 0.8214831605388969 12
1785068476533 0.8355041085170211 16
1785068478193 0.8350780237250826 20
1785068479859 0.8674858741655396 28
1785068481534 0.9206448382398469 40
1785068483328 0.936179503111467 60
1785068484994 1.0 88
1785068486846 0.9904761904761905 120
1785068488497 1.0 160
1785068490153 1.0 200
1785068491824 1.0 240
