1780314195689 0.2505443661659956 1
1780314195691 0.18129933021962644 2
1780314195694 0.12453246127814055 3
1780314195696 0.0969597440212965 4
1780314195699 0.042275837725028395 5
1780314195701 0.017240849155932665 6
1780314195703 0.010777833384927361 7
1780314195706 0.008029556043911725 8
1780314195708 0.006562147184740752 9
1780314195711 0.005573264417471364 10
1780314195713 0.004920142577029765 11
1780314195715 0.004338135278085247 12
1780314195718 0.003973215037840419 13
1780314195720 0.003777880641282536 14
1780314195722 0.0033848530094837768 15
1780314195725 0.003191842346568592 16
1780314195727 0.0029779641691129654 17
1780314195730 0.0028272470820229502 18
1780314195732 0.0027041597990319134 19
1780314195734 0.0027023572265170515 20
1780314195737 0.0025546848148223942 21
1780314195739 0.0024381896990234965 22
1780314195742 0.002385590608173516 23
1780314195744 0.0023280405518016777 24
1780314195746 0.0022892110730754213 25
1780314195749 0.0022174760809866713 26
1780314195751 0.00216107133688638 27
1780314195753 0.00222264339128742 28
1780314195756 0.002109138837258797 29
1780314195758 0.0020702220479142854 30
1780314195761 0.002096564386738464 31
1780314195763 0.002090690179611556 32
1780314195765 0.002026561254315311 33
1780314195768 0.001959480078949127 34
1780314195770 0.0019489544691168703 35
1780314195772 0.0019041573088907171 36
1780314195775 0.0019204566316329873 37
1780314195777 0.0019232470396673307 38
1780314195779 0.0019287635390355718 39
1780314195782 0.0018612903416214976 40
1780314195784 0.0018769629344751592 41
1780314195787 0.00185264349609497 42
1780314195789 0.0018370879502617754 43
1780314195791 0.001814557623292785 44
1780314195794 0.0017952776358288248 45
1780314195796 0.0018514186894753948 46
1780314195799 0.0017754907856578938 47
1780314195801 0.0017817641964938957 48
1780314195803 0.0017543103672505822 49
1780314195806 0.0017397371676634065 50
1780314195808 0.001747694025398232 51
1780314195811 0.001760512519540498 52
1780314195813 0.0017649511076160706 53
1780314195815 0.0017642565607093276 54
1780314195818 0.001716584282403346 55
1780314195820 0.0017520634723769035 56
1780314195823 0.0017272721225890563 57
1780314195825 0.0016942101204767822 58
1780314195827 0.0016798575878783596 59
1780314195830 0.001687179437431041 60
1780314195832 0.001674983148695901 61
1780314195835 0.0016779002819384914 62
1780314195837 0.0016286935680545867 63
1780314195839 0.0016359643350006082 64
1780314195842 0.0016389570491446648 65
1780314195844 0.0016732090755249374 66
1780314195846 0.0016724533069645987 67
1780314195849 0.0016846369305858388 68
1780314195851 0.0016957571505918168 69
1780314195853 0.0016221311209665145 70
1780314195856 0.0015995260210183914 71
1780314195858 0.0015912105250754393 72
1780314195861 0.0015916243589890655 73
1780314195863 0.001588408943498507 74
1780314195866 0.0015837485437805298 75
1780314195868 0.001571290911961114 76
1780314195870 0.0015795559663092718 77
1780314195873 0.001516219953628024 78
1780314195875 0.0014788620345643723 79
1780314195877 0.0014628720239852554 80
1780314195880 0.0014489204519486521 81
1780314195882 0.001440906258940231 82
1780314195884 0.001440319709799951 83
1780314195887 0.001434007132484112 84
1780314195889 0.0014335261680389522 85
1780314195902 0.0014312189764314098 86
1780314195904 0.001442721786297625 87
1780314195907 0.001407584750559181 88
1780314195909 0.0013887710932613117 89
1780314195912 0.0013737101030710619 90
1780314195914 0.0013767776465101634 91
1780314195916 0.0013716439651034306 92
1780314195919 0.0013707215937029105 93
1780314195921 0.0013718690491077723 94
1780314195924 0.0013649156862084056 95
1780314195926 0.001356719016766874 96
1780314195928 0.0013526877034018981 97
1780314195931 0.0013384662629687227 98
1780314195933 0.0013326624604815152 99
1780314195935 0.0013319540886732285 100
1780314195938 0.0013317964689485962 101
1780314195940 0.0013272904750192538 102
1780314195943 0.0013254528419929556 103
1780314195945 0.0013261567471636226 104
1780314195947 0.0013249031859595562 105
1780314195950 0.001320339240337489 106
1780314195952 0.0013203875037288526 107
1780314195955 0.0013160304766643093 108
1780314195957 0.0013124751292343717 109
1780314195959 0.0013092602183314738 110
1780314195962 0.0013074968839646317 111
1780314195964 0.0013091453432571142 112
